T	rep_1	rep_2	rep_3	rep_4	rep_5	rep_6	rep_7	rep_8	rep_9	rep_10
5	0.000000	0.000000	0.000000	0.000000	0.000000	0.000000	0.000000	0.000000	0.000000	0.000000	
10	0.000000	0.000000	0.000000	0.000000	0.000000	0.000000	0.000000	0.000000	0.000000	0.000000	
15	0.000000	0.000000	0.000000	0.000000	0.000000	0.000000	0.000000	0.000000	0.000000	0.000000	
20	0.000000	0.000000	0.000000	0.000000	0.000000	0.000000	0.000000	0.000000	0.000000	0.000000	
25	0.000000	0.000000	0.000000	0.000000	0.000000	0.000000	0.000000	0.000000	0.000000	0.000000	
30	0.000000	0.000000	0.000000	0.000000	0.000000	0.000000	0.000000	0.000000	0.000000	0.000000	
35	0.000000	0.000000	0.000000	0.000000	0.000000	0.000000	0.000000	0.000000	0.000000	0.000000	
40	0.000000	0.000000	0.000000	0.000000	0.000000	0.000000	0.000000	0.000000	0.000000	0.000000	
45	0.000000	0.000000	0.000000	0.000000	0.000000	0.000000	0.000000	0.000000	0.000000	0.000000	
50	0.000000	0.000000	0.000000	0.000000	0.000000	0.000000	0.000000	0.000000	0.000000	0.000000	
55	0.000000	0.000000	0.000000	0.000000	0.000000	0.000000	0.000000	0.000000	0.000000	0.000000	
60	0.000000	0.000000	0.000000	0.000000	0.000000	0.000000	0.000000	0.000000	0.000000	0.000000	
65	0.000000	0.000000	0.000000	0.000000	0.000000	0.000000	0.000000	0.000000	0.000000	0.000000	
70	0.000000	0.000000	0.000000	0.000000	0.000000	0.000000	0.000000	0.000000	0.000000	0.000000	
75	0.000000	0.000000	0.000000	0.000000	0.000000	0.000000	0.000000	0.000000	0.000000	0.000000	
80	0.000000	0.000000	0.000000	0.000000	0.000000	0.000000	0.000000	0.000000	0.000000	0.000000	
85	0.000000	0.000000	0.000000	0.000000	0.000000	0.000000	0.000000	0.000000	0.000000	0.000000	
90	0.000000	0.000000	0.000000	0.000000	0.000000	0.000000	0.000000	0.000000	0.000000	0.000000	
95	0.000000	0.000000	0.000000	0.000000	0.000000	0.000000	0.000000	0.000000	0.000000	0.000000	
100	0.000000	0.000000	0.000000	0.000000	0.000000	0.000000	0.000000	0.000000	0.000000	0.000000	
105	0.001440	0.002158	0.001777	0.002080	0.001584	0.001884	0.001715	0.001151	0.001306	0.001954	
110	0.004571	0.008413	0.004393	0.005651	0.004693	0.005933	0.005678	0.004694	0.005492	0.006189	
115	0.011143	0.015346	0.009517	0.009867	0.010671	0.010812	0.009896	0.008946	0.012005	0.013786	
120	0.019502	0.025012	0.016923	0.018012	0.015506	0.021616	0.021465	0.014648	0.020683	0.022137	
125	0.031812	0.035200	0.029939	0.037847	0.029280	0.036083	0.037398	0.025603	0.035058	0.034537	
130	0.045561	0.040093	0.044173	0.056799	0.041332	0.047051	0.051259	0.035931	0.051761	0.048131	
135	0.056526	0.049084	0.064994	0.071070	0.052109	0.059510	0.073441	0.045192	0.065672	0.064522	
140	0.070009	0.057939	0.080651	0.084834	0.063833	0.067276	0.088764	0.057254	0.074321	0.076581	
145	0.077999	0.062298	0.095525	0.100144	0.075563	0.070806	0.104529	0.063935	0.084427	0.090256	
150	0.081516	0.067406	0.107966	0.109897	0.082118	0.076877	0.111432	0.069512	0.087232	0.099552	
155	0.085077	0.074966	0.111792	0.119906	0.088773	0.078467	0.117920	0.079112	0.089714	0.110733	
160	0.085338	0.087198	0.112537	0.130865	0.091926	0.080953	0.119751	0.086190	0.093579	0.118429	
165	0.087340	0.098813	0.116514	0.140238	0.090097	0.083571	0.124680	0.092961	0.100220	0.121845	
170	0.091579	0.107594	0.119020	0.148086	0.092584	0.086786	0.128427	0.100150	0.109466	0.123126	
175	0.098031	0.121565	0.123156	0.155403	0.094803	0.086534	0.129127	0.105357	0.114494	0.127993	
180	0.102045	0.135750	0.124848	0.160899	0.097411	0.089732	0.140392	0.109890	0.121946	0.130797	
185	0.108681	0.155239	0.129428	0.165475	0.099492	0.091783	0.149975	0.115750	0.126440	0.133950	
190	0.118447	0.164547	0.130932	0.168333	0.102370	0.093925	0.159273	0.117835	0.127285	0.133230	
195	0.122368	0.175137	0.135636	0.169482	0.103510	0.097249	0.164844	0.118954	0.134624	0.133926	
200	0.127359	0.192670	0.138023	0.167403	0.105283	0.099622	0.168558	0.121536	0.139685	0.136549	
205	0.127226	0.204240	0.140031	0.167221	0.108550	0.103300	0.171657	0.123163	0.148511	0.137841	
210	0.130812	0.215574	0.143689	0.169193	0.112022	0.105888	0.174267	0.125670	0.152601	0.138191	
215	0.132915	0.221937	0.144899	0.171050	0.117461	0.111551	0.177976	0.127053	0.155827	0.140533	
220	0.142451	0.231001	0.147318	0.172783	0.121906	0.121863	0.177606	0.130545	0.161372	0.140313	
225	0.153489	0.238217	0.148415	0.174692	0.129718	0.127062	0.186981	0.130627	0.165553	0.142561	
230	0.161101	0.236606	0.145438	0.169945	0.137006	0.134766	0.191176	0.134549	0.170555	0.143728	
235	0.170265	0.231542	0.147119	0.173206	0.141153	0.140480	0.193659	0.136135	0.171664	0.144534	
240	0.175824	0.220282	0.150788	0.178915	0.147388	0.144097	0.193259	0.140853	0.172545	0.142872	
245	0.181795	0.205619	0.154649	0.183387	0.153743	0.149961	0.198482	0.147669	0.176856	0.145837	
250	0.194838	0.195091	0.157582	0.185632	0.160361	0.159749	0.196448	0.153229	0.176635	0.149262	
255	0.208634	0.185184	0.161121	0.188846	0.165278	0.162793	0.195338	0.158569	0.173792	0.150287	
260	0.219363	0.176036	0.165916	0.191017	0.169214	0.166342	0.198095	0.165758	0.178997	0.150050	
265	0.233130	0.170268	0.165248	0.196778	0.171455	0.169141	0.203479	0.174441	0.180144	0.149992	
270	0.235565	0.162521	0.166441	0.197202	0.170132	0.170937	0.206161	0.171943	0.182116	0.152288	
275	0.243076	0.156080	0.167389	0.201081	0.168653	0.169880	0.204469	0.172386	0.185635	0.154934	
280	0.234315	0.148411	0.166734	0.201830	0.166284	0.172150	0.197662	0.177050	0.188718	0.155820	
285	0.227683	0.138072	0.168905	0.202296	0.160391	0.165626	0.196507	0.172314	0.188280	0.158417	
290	0.218952	0.128069	0.172218	0.197135	0.161920	0.161198	0.195174	0.170516	0.187069	0.159969	
295	0.203551	0.118938	0.170820	0.192807	0.162956	0.159118	0.196986	0.168552	0.186037	0.159127	
300	0.189192	0.117294	0.171368	0.187203	0.159723	0.160723	0.189380	0.159317	0.191016	0.155057	
305	0.169709	0.117214	0.166614	0.177604	0.163313	0.158716	0.182322	0.160522	0.190121	0.153427	
310	0.157978	0.119138	0.167581	0.175459	0.159879	0.154142	0.173347	0.157916	0.190501	0.152841	
315	0.144645	0.118583	0.165229	0.173103	0.161387	0.149618	0.171321	0.159733	0.186777	0.152594	
320	0.130015	0.115302	0.161071	0.170284	0.163565	0.143409	0.165084	0.154620	0.188539	0.150346	
325	0.123264	0.116135	0.164620	0.169579	0.157105	0.140151	0.161552	0.153401	0.184433	0.149101	
330	0.121683	0.118044	0.161910	0.167230	0.153920	0.135763	0.159852	0.150182	0.181446	0.148476	
335	0.119455	0.115653	0.157200	0.161968	0.154729	0.135386	0.156338	0.148640	0.181344	0.144531	
340	0.117062	0.113582	0.160768	0.162178	0.152204	0.136159	0.156490	0.147965	0.176978	0.144600	
345	0.119314	0.111277	0.157668	0.160401	0.150171	0.139302	0.154195	0.148626	0.173344	0.144423	
350	0.120107	0.109859	0.157650	0.159509	0.151434	0.137423	0.153813	0.147688	0.171225	0.141376	
355	0.116497	0.112056	0.156754	0.155400	0.149602	0.137127	0.151174	0.146326	0.168344	0.139785	
360	0.114107	0.116132	0.156961	0.154406	0.143529	0.136398	0.148352	0.151276	0.164147	0.137393	
365	0.114104	0.117329	0.152613	0.151347	0.139958	0.134519	0.142357	0.151769	0.166157	0.135789	
370	0.113340	0.119549	0.150112	0.154310	0.139652	0.136153	0.143284	0.150557	0.163452	0.136779	
375	0.119056	0.116780	0.153415	0.154731	0.137721	0.138949	0.142561	0.151653	0.166273	0.135854	
380	0.119829	0.116326	0.155982	0.154977	0.130774	0.138094	0.143228	0.152802	0.165382	0.136948	
385	0.120113	0.118536	0.148828	0.148602	0.131445	0.135392	0.142312	0.152116	0.164798	0.134870	
390	0.120724	0.117892	0.149505	0.148437	0.134411	0.135734	0.145617	0.153931	0.163016	0.135884	
395	0.119080	0.115764	0.146664	0.148903	0.133920	0.135692	0.142939	0.154303	0.163279	0.132267	
400	0.120336	0.116800	0.148160	0.153086	0.136188	0.130843	0.140089	0.155660	0.160605	0.131774	
405	0.123158	0.116094	0.143289	0.148415	0.134170	0.126280	0.141336	0.152186	0.160071	0.133390	
410	0.124834	0.117253	0.142724	0.149309	0.136172	0.125048	0.140732	0.154829	0.160300	0.135496	
415	0.128922	0.115822	0.142526	0.147651	0.135861	0.122654	0.140393	0.153456	0.155486	0.134846	
420	0.131911	0.115782	0.142610	0.146219	0.134415	0.124707	0.139302	0.154510	0.153217	0.132197	
425	0.132476	0.119198	0.140321	0.145327	0.134811	0.122136	0.135737	0.155051	0.150921	0.130838	
430	0.132269	0.120068	0.136281	0.144587	0.134094	0.120349	0.135948	0.153315	0.151256	0.130179	
435	0.135262	0.119478	0.136375	0.147161	0.140338	0.122040	0.134903	0.155780	0.149735	0.128393	
440	0.137161	0.118960	0.134375	0.145506	0.138590	0.125282	0.133847	0.153661	0.147415	0.131125	
445	0.135248	0.115395	0.134567	0.149224	0.139516	0.126342	0.132584	0.154198	0.148023	0.129738	
450	0.134582	0.119526	0.136986	0.148841	0.141387	0.123500	0.133525	0.152002	0.149379	0.134234	
455	0.133467	0.120606	0.135560	0.150380	0.139897	0.128086	0.134189	0.154190	0.149385	0.137248	
460	0.133184	0.120622	0.136805	0.149424	0.141846	0.125485	0.133672	0.156595	0.149089	0.138374	
465	0.135662	0.123339	0.138579	0.150604	0.142593	0.128055	0.133848	0.154772	0.147591	0.140628	
470	0.136064	0.126127	0.144191	0.147846	0.141938	0.130686	0.134990	0.157083	0.144010	0.138833	
475	0.133709	0.128660	0.142775	0.144554	0.144181	0.130403	0.135903	0.155909	0.141512	0.143506	
480	0.135062	0.131031	0.142025	0.144563	0.146868	0.128531	0.134117	0.153153	0.141996	0.146565	
485	0.134402	0.128846	0.141529	0.147494	0.146343	0.133731	0.135749	0.152053	0.144714	0.147322	
490	0.136275	0.129282	0.140269	0.149712	0.149541	0.134922	0.137170	0.149401	0.148712	0.149496	
495	0.135645	0.126282	0.138600	0.147141	0.150663	0.134049	0.136371	0.150868	0.146941	0.148784	
500	0.133689	0.127508	0.134219	0.143827	0.150079	0.135257	0.138200	0.151301	0.151690	0.148095	
505	0.130472	0.128901	0.134510	0.141911	0.151827	0.133726	0.141026	0.149061	0.149051	0.153274	
510	0.131891	0.129423	0.137188	0.140290	0.151765	0.135586	0.142010	0.150234	0.150042	0.155202	
515	0.131658	0.130696	0.138797	0.140745	0.152424	0.134888	0.142007	0.150038	0.149172	0.156967	
520	0.130835	0.132496	0.140266	0.142686	0.156568	0.137687	0.141929	0.150418	0.148861	0.157596	
525	0.131139	0.134012	0.139150	0.144323	0.158573	0.139953	0.143246	0.148308	0.149184	0.159802	
530	0.137716	0.134226	0.139900	0.146484	0.157397	0.138659	0.140469	0.150028	0.146287	0.158526	
535	0.138107	0.135543	0.141973	0.148127	0.156438	0.143296	0.142976	0.146004	0.148713	0.156168	
540	0.141718	0.133771	0.141706	0.149905	0.150260	0.141622	0.141991	0.145036	0.149060	0.154979	
545	0.142831	0.132801	0.142148	0.148519	0.147804	0.142668	0.141336	0.147613	0.150897	0.157792	
550	0.137724	0.136337	0.140994	0.147473	0.152383	0.138727	0.139484	0.146704	0.150619	0.152419	
555	0.141116	0.137126	0.140413	0.147881	0.150736	0.138197	0.137039	0.149550	0.148872	0.152073	
560	0.141461	0.138283	0.138544	0.147924	0.151397	0.139434	0.136419	0.151776	0.149530	0.154171	
565	0.142599	0.136505	0.137618	0.147577	0.149899	0.144519	0.133606	0.151951	0.149777	0.155140	
570	0.141422	0.137263	0.138438	0.144897	0.152477	0.141387	0.137027	0.151897	0.148573	0.152955	
575	0.145367	0.139599	0.142521	0.146502	0.150657	0.142657	0.140747	0.153204	0.150328	0.147626	
580	0.142710	0.139971	0.144670	0.144618	0.152213	0.144662	0.144570	0.153165	0.152455	0.145922	
585	0.140121	0.142892	0.142531	0.142439	0.153912	0.144740	0.145490	0.150602	0.153838	0.144880	
590	0.139647	0.141972	0.144163	0.141254	0.155726	0.147933	0.147010	0.150799	0.151504	0.142546	
595	0.143207	0.139112	0.144911	0.142024	0.156138	0.147414	0.147141	0.152910	0.152020	0.142685	
600	0.143622	0.138349	0.145025	0.141603	0.155416	0.148073	0.148929	0.154924	0.152828	0.142362	
605	0.142562	0.138904	0.142820	0.142508	0.153699	0.147284	0.148006	0.154563	0.153862	0.142016	
610	0.142860	0.137816	0.141825	0.143136	0.151944	0.149261	0.146445	0.155516	0.151945	0.139060	
615	0.142070	0.137420	0.144116	0.140106	0.151146	0.150953	0.146377	0.154914	0.151454	0.134745	
620	0.143763	0.137485	0.147035	0.140668	0.152707	0.152377	0.140480	0.154778	0.153973	0.130977	
625	0.143322	0.139617	0.147540	0.141449	0.159107	0.152279	0.139389	0.152293	0.156017	0.133089	
630	0.145616	0.140723	0.145203	0.138054	0.161466	0.154652	0.138423	0.151273	0.156217	0.134385	
635	0.149146	0.140510	0.145108	0.140878	0.159837	0.157470	0.140169	0.146534	0.152889	0.138548	
640	0.150064	0.138735	0.147060	0.135423	0.162252	0.155427	0.139371	0.146168	0.151121	0.136114	
645	0.151506	0.135551	0.145240	0.138286	0.164629	0.155059	0.142378	0.146565	0.150690	0.136964	
650	0.151295	0.137441	0.146365	0.136255	0.168589	0.155205	0.141318	0.146081	0.150765	0.138172	
655	0.147111	0.137833	0.146534	0.142307	0.169793	0.156670	0.138800	0.144230	0.147835	0.138217	
660	0.148018	0.138206	0.147511	0.142018	0.168913	0.156807	0.138762	0.146888	0.152886	0.139325	
665	0.146944	0.139123	0.150842	0.144446	0.167625	0.156243	0.140131	0.145122	0.152622	0.142173	
670	0.148626	0.138678	0.149864	0.143939	0.166106	0.157654	0.137673	0.146853	0.150325	0.139095	
675	0.146211	0.137739	0.156438	0.145859	0.166166	0.157745	0.136277	0.146364	0.151075	0.142731	
680	0.146297	0.139322	0.154958	0.144605	0.166841	0.159688	0.139706	0.150047	0.151423	0.147101	
685	0.145782	0.139218	0.158050	0.141569	0.163419	0.159399	0.140587	0.152257	0.151888	0.145158	
690	0.146846	0.143731	0.154735	0.145784	0.161672	0.159641	0.142395	0.151238	0.151477	0.149910	
695	0.146291	0.146815	0.154438	0.143195	0.162937	0.160758	0.142025	0.151109	0.152266	0.152219	
700	0.145749	0.144907	0.154312	0.145076	0.165216	0.159078	0.143860	0.152287	0.152195	0.154150	
705	0.144352	0.144253	0.152321	0.143460	0.167364	0.163647	0.144369	0.152628	0.156348	0.155438	
710	0.142459	0.143873	0.154060	0.141064	0.169032	0.164375	0.142344	0.150928	0.153891	0.158718	
715	0.141733	0.140588	0.155978	0.140850	0.167834	0.163097	0.139851	0.151465	0.149600	0.154607	
720	0.141346	0.139970	0.157936	0.142602	0.169773	0.163265	0.137878	0.152989	0.152034	0.154478	
725	0.145748	0.138353	0.161199	0.147353	0.168671	0.159427	0.140468	0.153402	0.150423	0.150884	
730	0.146357	0.140571	0.160743	0.146350	0.170097	0.159771	0.133476	0.152777	0.155218	0.148436	
735	0.142650	0.139651	0.159322	0.147907	0.169411	0.158001	0.132778	0.155147	0.154004	0.149947	
740	0.142501	0.139930	0.157180	0.144573	0.164688	0.159699	0.131705	0.156870	0.153432	0.152634	
745	0.142320	0.139956	0.158279	0.144659	0.166175	0.159644	0.127365	0.153577	0.152401	0.155153	
750	0.141679	0.139777	0.158923	0.141268	0.167668	0.158211	0.128430	0.151633	0.150958	0.153135	
755	0.145233	0.141784	0.158058	0.139576	0.170741	0.160822	0.129686	0.147444	0.151199	0.152642	
760	0.148058	0.138833	0.161197	0.146452	0.167562	0.157828	0.129676	0.147791	0.154175	0.152517	
765	0.146696	0.143172	0.161213	0.144264	0.168068	0.155979	0.131476	0.148023	0.154436	0.154230	
770	0.145493	0.141099	0.160352	0.144956	0.167669	0.158444	0.133163	0.144593	0.156157	0.154438	
775	0.145221	0.142895	0.157873	0.145736	0.165802	0.158194	0.136187	0.146588	0.157675	0.152839	
780	0.144019	0.143362	0.157709	0.147333	0.165676	0.156304	0.137487	0.146248	0.159239	0.152342	
785	0.147758	0.142386	0.158891	0.143850	0.165650	0.155860	0.136861	0.147094	0.162660	0.150940	
790	0.149900	0.142370	0.158268	0.144011	0.164300	0.153825	0.134362	0.144805	0.157895	0.151441	
795	0.150436	0.141592	0.158264	0.143900	0.161215	0.155298	0.138867	0.139062	0.158704	0.154288	
800	0.150232	0.144537	0.155511	0.140097	0.159482	0.152522	0.138495	0.137935	0.157264	0.155375	
805	0.151283	0.142513	0.155002	0.143473	0.159241	0.151603	0.139138	0.138196	0.153337	0.155011	
810	0.149834	0.146826	0.157886	0.141938	0.159017	0.151891	0.140627	0.140414	0.150447	0.154992	
815	0.151336	0.145504	0.156664	0.141724	0.156197	0.150305	0.141419	0.144215	0.146538	0.151990	
820	0.156348	0.144871	0.155764	0.141321	0.157565	0.147390	0.137797	0.144997	0.145768	0.150495	
825	0.152579	0.145659	0.156929	0.140641	0.154414	0.146633	0.137926	0.143428	0.147272	0.149554	
830	0.154003	0.143797	0.157304	0.141744	0.156678	0.145717	0.137627	0.142845	0.145287	0.154652	
835	0.149663	0.144514	0.156598	0.139926	0.155721	0.147853	0.139449	0.143045	0.147556	0.151650	
840	0.146852	0.142170	0.154383	0.142375	0.158049	0.145910	0.139880	0.140007	0.150828	0.151702	
845	0.144132	0.141296	0.152934	0.140783	0.158282	0.140610	0.139934	0.139507	0.153375	0.150374	
850	0.145642	0.141184	0.152078	0.140454	0.160300	0.138338	0.140708	0.138461	0.151747	0.149062	
855	0.140672	0.139526	0.152085	0.138645	0.155110	0.138946	0.139440	0.135593	0.155318	0.151382	
860	0.139849	0.140000	0.148533	0.141182	0.151707	0.141847	0.144442	0.137376	0.154016	0.144692	
865	0.137080	0.142108	0.152263	0.140997	0.149442	0.141889	0.146983	0.136128	0.151535	0.148974	
870	0.140833	0.144182	0.149967	0.142219	0.151025	0.142340	0.145849	0.137694	0.152265	0.149283	
875	0.140083	0.146157	0.152394	0.143957	0.150521	0.142387	0.149021	0.135476	0.151458	0.150161	
880	0.140510	0.148772	0.153019	0.142653	0.151465	0.141489	0.149985	0.137009	0.151601	0.149465	
885	0.141591	0.145533	0.153896	0.143706	0.152388	0.140657	0.148949	0.136456	0.148280	0.150639	
890	0.143634	0.143704	0.153521	0.147381	0.154610	0.137892	0.147505	0.137557	0.149168	0.153956	
895	0.142302	0.144519	0.155092	0.149422	0.149811	0.139011	0.150275	0.140373	0.148118	0.156250	
900	0.140017	0.143270	0.152144	0.147398	0.149942	0.135596	0.152353	0.142080	0.150170	0.153179	
905	0.139298	0.143478	0.156923	0.147270	0.152805	0.136598	0.152625	0.142181	0.148267	0.150391	
910	0.136736	0.143578	0.155296	0.148121	0.157716	0.136326	0.152912	0.136838	0.150366	0.152386	
915	0.137154	0.144770	0.156506	0.148366	0.155272	0.135849	0.154110	0.139083	0.154326	0.155923	
920	0.135994	0.143841	0.159207	0.146947	0.156976	0.138827	0.157399	0.137477	0.156866	0.157766	
925	0.135838	0.143835	0.158903	0.151188	0.157020	0.140584	0.157482	0.137110	0.156391	0.158095	
930	0.134990	0.147561	0.158225	0.150742	0.152320	0.136535	0.155206	0.136421	0.154709	0.156423	
935	0.138216	0.148754	0.153080	0.149129	0.150915	0.140185	0.156953	0.136744	0.153377	0.152057	
940	0.133043	0.149349	0.154555	0.150383	0.153201	0.141624	0.156577	0.135253	0.153945	0.151692	
945	0.134534	0.152552	0.154322	0.151343	0.153689	0.138019	0.154537	0.133279	0.153461	0.154555	
950	0.134641	0.153385	0.152278	0.149629	0.152976	0.138817	0.158174	0.129789	0.153849	0.153982	
955	0.134910	0.150757	0.153330	0.148700	0.149420	0.141487	0.160286	0.129316	0.155039	0.153490	
960	0.132008	0.150279	0.152372	0.148626	0.151112	0.142597	0.161038	0.130570	0.154434	0.150809	
965	0.132947	0.150857	0.152477	0.147230	0.153791	0.140944	0.162825	0.130666	0.153216	0.149457	
970	0.135043	0.152332	0.150121	0.148909	0.154204	0.136971	0.162567	0.134072	0.150711	0.149117	
975	0.133712	0.154405	0.155635	0.148724	0.154943	0.138287	0.160508	0.136080	0.153661	0.149640	
980	0.134185	0.153470	0.156600	0.149239	0.155625	0.140993	0.158906	0.139201	0.154207	0.147091	
985	0.130670	0.155085	0.155176	0.150541	0.156353	0.141386	0.158935	0.143993	0.152419	0.150444	
990	0.132115	0.157118	0.155251	0.148742	0.158020	0.138865	0.159767	0.144410	0.151522	0.150994	
995	0.134864	0.158983	0.154130	0.149271	0.157567	0.135674	0.158189	0.144902	0.148100	0.150274	
1000	0.137832	0.156388	0.157415	0.152667	0.159424	0.134869	0.161593	0.144249	0.147203	0.149923	
1005	0.140687	0.157958	0.156576	0.151919	0.160079	0.135135	0.159401	0.145818	0.142242	0.150914	
1010	0.143554	0.157683	0.155260	0.149843	0.161665	0.134507	0.159298	0.142687	0.147217	0.150917	
1015	0.142223	0.158605	0.154126	0.149944	0.157947	0.135238	0.159342	0.141453	0.149162	0.149462	
1020	0.143638	0.158383	0.154622	0.148895	0.160611	0.135264	0.157167	0.143035	0.146313	0.147976	
1025	0.140744	0.158667	0.151525	0.146314	0.163960	0.131828	0.157517	0.139212	0.144129	0.144275	
1030	0.137888	0.157237	0.149230	0.148075	0.165776	0.131851	0.159774	0.140567	0.143805	0.142235	
1035	0.140795	0.157786	0.144777	0.148404	0.168473	0.133342	0.159991	0.142264	0.142444	0.139339	
1040	0.144442	0.158816	0.150185	0.149116	0.163184	0.134396	0.160971	0.142660	0.138420	0.139488	
1045	0.143727	0.157000	0.150537	0.149159	0.163981	0.132136	0.164696	0.143211	0.137076	0.139586	
1050	0.141842	0.156100	0.149436	0.150258	0.162964	0.134171	0.165509	0.144776	0.138583	0.137569	
1055	0.140782	0.154751	0.149461	0.151968	0.162896	0.135593	0.164938	0.145450	0.137668	0.134521	
1060	0.137105	0.152705	0.146960	0.152370	0.159518	0.134110	0.161179	0.150021	0.139593	0.134741	
1065	0.137439	0.150095	0.148325	0.151604	0.159467	0.135617	0.161588	0.150039	0.141358	0.135493	
1070	0.138629	0.151229	0.148079	0.150366	0.161712	0.134883	0.159697	0.149268	0.146602	0.133205	
1075	0.142975	0.150554	0.147265	0.150739	0.161150	0.132085	0.160447	0.149753	0.148430	0.134973	
1080	0.141519	0.150480	0.145516	0.154577	0.159850	0.131817	0.159027	0.143690	0.150227	0.136415	
1085	0.138170	0.147250	0.143969	0.151209	0.158608	0.131752	0.156505	0.144093	0.148938	0.134801	
1090	0.140053	0.145894	0.144677	0.153340	0.158217	0.132526	0.158767	0.145596	0.150450	0.137691	
1095	0.141527	0.148316	0.147149	0.159129	0.160123	0.133550	0.157668	0.146911	0.149972	0.135883	
1100	0.143906	0.147426	0.146871	0.159067	0.161530	0.134935	0.159384	0.146551	0.149813	0.135035	
1105	0.145295	0.148724	0.146901	0.156266	0.160400	0.135166	0.160153	0.145389	0.148337	0.136129	
1110	0.142725	0.150595	0.150465	0.157000	0.160526	0.135027	0.161163	0.144549	0.150814	0.134227	
1115	0.142819	0.151742	0.150728	0.157990	0.159483	0.134355	0.162638	0.146774	0.144802	0.137058	
1120	0.144367	0.152303	0.145715	0.154179	0.161449	0.137957	0.162039	0.146310	0.143048	0.137954	
1125	0.146184	0.153669	0.150163	0.151769	0.159363	0.137713	0.162321	0.150743	0.141467	0.136033	
1130	0.148136	0.155204	0.147796	0.152063	0.158663	0.135151	0.160250	0.152670	0.142579	0.137938	
1135	0.148277	0.157407	0.149289	0.151538	0.158396	0.134322	0.158301	0.152826	0.142701	0.140008	
1140	0.148751	0.155745	0.153046	0.149395	0.161897	0.135091	0.157843	0.153964	0.146118	0.137916	
1145	0.147074	0.151400	0.153911	0.147896	0.157167	0.134397	0.158069	0.154077	0.146653	0.139950	
1150	0.143923	0.155886	0.153344	0.145749	0.158570	0.134607	0.162482	0.151754	0.148956	0.140861	
1155	0.147004	0.150429	0.156040	0.147723	0.157554	0.131333	0.162576	0.153915	0.145894	0.140960	
1160	0.145944	0.153275	0.157304	0.148005	0.154519	0.133260	0.160999	0.153636	0.143905	0.139046	
1165	0.144524	0.157239	0.157074	0.149087	0.156940	0.132788	0.162074	0.152455	0.143249	0.138455	
1170	0.144856	0.161143	0.153860	0.146830	0.158947	0.131856	0.165404	0.155999	0.140908	0.134605	
1175	0.146235	0.160255	0.157256	0.145890	0.157584	0.130409	0.165557	0.156071	0.143004	0.135299	
1180	0.149399	0.155805	0.156801	0.144767	0.153740	0.129226	0.170693	0.157194	0.144508	0.135960	
1185	0.153225	0.156766	0.152985	0.148573	0.151044	0.130427	0.169874	0.158924	0.145295	0.138008	
1190	0.153073	0.155023	0.152124	0.146368	0.151972	0.131848	0.171071	0.158162	0.147183	0.137239	
1195	0.157743	0.152750	0.152175	0.148987	0.153226	0.128563	0.171313	0.156341	0.148117	0.133741	
1200	0.157268	0.152124	0.149292	0.146932	0.154385	0.127534	0.172210	0.150983	0.146131	0.132679	
1205	0.155324	0.155162	0.147045	0.146042	0.154931	0.129722	0.177203	0.148743	0.143605	0.131742	
1210	0.158018	0.156808	0.150304	0.146437	0.150894	0.131342	0.176285	0.144255	0.146306	0.132241	
1215	0.153989	0.161168	0.148672	0.145971	0.154218	0.135849	0.175778	0.144498	0.144458	0.128553	
1220	0.149975	0.160247	0.147695	0.143847	0.158373	0.136028	0.175206	0.140675	0.147919	0.128830	
1225	0.152598	0.157475	0.148643	0.143809	0.158166	0.138604	0.172399	0.141331	0.147616	0.131006	
1230	0.152525	0.161517	0.149370	0.143742	0.155339	0.140828	0.173857	0.142964	0.148286	0.130362	
1235	0.152055	0.162396	0.147159	0.142040	0.154399	0.142849	0.172100	0.144531	0.147565	0.129183	
1240	0.151080	0.162989	0.146218	0.141541	0.154771	0.142958	0.170210	0.145570	0.152842	0.130406	
1245	0.149894	0.160986	0.145565	0.139272	0.153351	0.141715	0.173192	0.144397	0.151622	0.130866	
1250	0.151760	0.161190	0.147301	0.139781	0.153216	0.138668	0.173546	0.146331	0.151247	0.132786	
1255	0.150337	0.161351	0.148687	0.139543	0.154319	0.136965	0.174454	0.147475	0.151975	0.134567	
1260	0.151986	0.161161	0.147368	0.139471	0.154165	0.140203	0.177973	0.147656	0.151183	0.134987	
1265	0.151591	0.159904	0.146830	0.142563	0.155120	0.139537	0.176590	0.145309	0.150256	0.135837	
1270	0.154340	0.159350	0.148322	0.142189	0.151341	0.142402	0.176456	0.146195	0.149828	0.132371	
1275	0.153686	0.159625	0.148320	0.141890	0.152827	0.141896	0.177798	0.141333	0.144834	0.131598	
1280	0.154523	0.160966	0.147188	0.141120	0.151489	0.139069	0.173921	0.140748	0.142741	0.130020	
1285	0.156797	0.161379	0.147151	0.141631	0.148819	0.140697	0.171594	0.142616	0.142143	0.129493	
1290	0.157591	0.158397	0.147304	0.142599	0.148205	0.142858	0.171925	0.146720	0.146567	0.131676	
1295	0.157279	0.154639	0.146799	0.142684	0.148022	0.139080	0.173355	0.144543	0.147027	0.129918	
1300	0.158394	0.150745	0.146461	0.144720	0.149145	0.137813	0.173357	0.150536	0.145041	0.129673	
1305	0.155583	0.152669	0.146331	0.148540	0.150433	0.136696	0.178137	0.150497	0.145706	0.129997	
1310	0.154630	0.152335	0.144221	0.151778	0.148377	0.137911	0.173547	0.151526	0.143535	0.130945	
1315	0.152685	0.153834	0.144659	0.149556	0.148737	0.138973	0.171656	0.152925	0.145341	0.129325	
1320	0.149406	0.158358	0.143441	0.146666	0.149839	0.140009	0.173578	0.149839	0.147517	0.127624	
1325	0.149225	0.154812	0.145915	0.146548	0.146048	0.140086	0.171036	0.147931	0.150540	0.129619	
1330	0.145576	0.154952	0.144767	0.151296	0.144794	0.140836	0.169841	0.148130	0.149995	0.127418	
1335	0.148266	0.157036	0.145608	0.154118	0.143044	0.140454	0.172014	0.151727	0.151490	0.130088	
1340	0.148867	0.153408	0.147626	0.154609	0.140798	0.138699	0.171638	0.147416	0.148640	0.134025	
1345	0.151380	0.153115	0.149697	0.157786	0.142012	0.134965	0.168469	0.147186	0.151657	0.135464	
1350	0.152346	0.153929	0.150876	0.155117	0.140893	0.137084	0.169983	0.147405	0.149809	0.131609	
1355	0.152288	0.152972	0.153455	0.150815	0.141816	0.134603	0.169966	0.149454	0.150727	0.132642	
1360	0.152766	0.151469	0.151665	0.153255	0.139626	0.137191	0.169330	0.149992	0.149470	0.131780	
1365	0.154514	0.149584	0.150344	0.151327	0.139292	0.142330	0.170371	0.150053	0.147358	0.133475	
1370	0.151708	0.148055	0.151829	0.151069	0.139571	0.141654	0.169434	0.150044	0.148614	0.135465	
1375	0.150414	0.147858	0.152213	0.155315	0.138010	0.143891	0.167231	0.150835	0.149345	0.137019	
1380	0.150947	0.148381	0.152772	0.153812	0.136660	0.139585	0.167598	0.149887	0.150738	0.138240	
1385	0.152109	0.149163	0.150335	0.153992	0.141117	0.140783	0.168001	0.144998	0.152137	0.140212	
1390	0.152540	0.150490	0.152173	0.151873	0.140271	0.143867	0.169206	0.144615	0.150454	0.142222	
1395	0.151932	0.153737	0.151455	0.152208	0.140291	0.146480	0.169093	0.141693	0.153663	0.143497	
1400	0.151811	0.153840	0.151129	0.151828	0.141391	0.145443	0.169640	0.146618	0.156633	0.145042	
1405	0.153463	0.147415	0.152663	0.155409	0.142808	0.146727	0.165754	0.145768	0.160825	0.144602	
1410	0.151746	0.148165	0.152686	0.157024	0.141828	0.144713	0.168726	0.144293	0.157356	0.142541	
1415	0.151037	0.147122	0.155395	0.155477	0.139282	0.146060	0.168785	0.148781	0.157370	0.143343	
1420	0.151445	0.145741	0.153820	0.154325	0.138357	0.146662	0.164002	0.149554	0.157583	0.141555	
1425	0.151172	0.147824	0.151174	0.156977	0.135566	0.146814	0.162809	0.148219	0.157648	0.142969	
1430	0.147947	0.148085	0.151964	0.157688	0.132803	0.149048	0.157013	0.146190	0.157855	0.142171	
1435	0.150918	0.150111	0.150452	0.157880	0.132478	0.146433	0.156593	0.145940	0.156041	0.141140	
1440	0.152733	0.150310	0.154248	0.156371	0.131193	0.147777	0.158689	0.146538	0.154499	0.139686	
1445	0.153430	0.147752	0.155386	0.154498	0.131884	0.143634	0.154283	0.142369	0.154740	0.140512	
1450	0.154557	0.147511	0.155699	0.154511	0.133477	0.148406	0.152715	0.142008	0.153153	0.140999	
1455	0.154541	0.146671	0.153666	0.156344	0.134303	0.149616	0.154507	0.143402	0.150241	0.140471	
1460	0.153223	0.149407	0.155101	0.160152	0.134068	0.152383	0.155063	0.142024	0.149476	0.138389	
1465	0.148287	0.145407	0.151889	0.157588	0.131638	0.151003	0.157889	0.140699	0.147957	0.137151	
1470	0.147631	0.146551	0.155608	0.159978	0.130573	0.150508	0.160141	0.142363	0.147900	0.138707	
1475	0.147849	0.147222	0.153040	0.160529	0.132776	0.149008	0.157770	0.144540	0.141649	0.141161	
1480	0.150914	0.147290	0.153763	0.159061	0.135407	0.148459	0.157831	0.144016	0.142802	0.140098	
1485	0.150672	0.145035	0.149803	0.159710	0.137685	0.146896	0.160619	0.144696	0.144114	0.138848	
1490	0.148270	0.144713	0.152246	0.161660	0.136888	0.146085	0.159024	0.142161	0.143871	0.140873	
1495	0.148398	0.146395	0.150664	0.160630	0.135231	0.146038	0.157141	0.142399	0.145616	0.139443	
1500	0.151214	0.151368	0.152537	0.161989	0.131846	0.145364	0.158113	0.144075	0.142063	0.139758	
1505	0.150797	0.150015	0.154465	0.162319	0.130088	0.147605	0.155542	0.143629	0.140847	0.142661	
1510	0.150707	0.146254	0.154823	0.163192	0.127353	0.149284	0.152774	0.141139	0.140774	0.139307	
1515	0.152574	0.146070	0.155466	0.160261	0.128382	0.150463	0.150219	0.138962	0.139678	0.140431	
1520	0.152259	0.144177	0.153227	0.159973	0.126827	0.152529	0.149568	0.136618	0.138517	0.140874	
1525	0.152767	0.141392	0.152678	0.161546	0.128043	0.153586	0.151318	0.138517	0.139861	0.141951	
1530	0.153251	0.140452	0.150486	0.160693	0.125112	0.151398	0.149464	0.137465	0.140844	0.139959	
1535	0.152484	0.139859	0.151862	0.160095	0.125864	0.147222	0.148587	0.135458	0.143532	0.142026	
1540	0.155739	0.143215	0.152010	0.161803	0.124894	0.146693	0.144839	0.134231	0.143539	0.141241	
1545	0.156836	0.142892	0.149981	0.160396	0.124723	0.150671	0.148136	0.134288	0.141434	0.140780	
1550	0.159961	0.140076	0.149280	0.157505	0.127685	0.153391	0.147742	0.131387	0.142396	0.144405	
1555	0.160313	0.140722	0.151384	0.155652	0.126345	0.156428	0.147233	0.130009	0.142737	0.142883	
1560	0.161568	0.138800	0.153349	0.155593	0.125217	0.156102	0.146385	0.131805	0.147350	0.142350	
1565	0.163574	0.140641	0.156489	0.156558	0.125713	0.158876	0.147392	0.133846	0.148431	0.142461	
1570	0.161962	0.141120	0.157532	0.156394	0.123689	0.158951	0.150237	0.133467	0.147756	0.142371	
1575	0.164702	0.141000	0.159076	0.157302	0.125505	0.162912	0.149956	0.131115	0.149918	0.138931	
1580	0.163467	0.141671	0.159895	0.157390	0.125211	0.158579	0.150849	0.133180	0.151116	0.137841	
1585	0.165014	0.141637	0.163274	0.154957	0.123815	0.156180	0.151861	0.131724	0.150093	0.141438	
1590	0.163952	0.143290	0.163289	0.153954	0.123371	0.154838	0.156291	0.133276	0.149527	0.142073	
1595	0.166313	0.145756	0.165358	0.157759	0.125923	0.154009	0.158762	0.132457	0.148409	0.142026	
1600	0.162272	0.145867	0.166693	0.155760	0.128193	0.150444	0.154835	0.130799	0.150050	0.139636	
1605	0.161928	0.149615	0.167620	0.155046	0.127961	0.148281	0.156879	0.135804	0.152841	0.139930	
1610	0.159582	0.149186	0.166535	0.153257	0.126054	0.147718	0.154422	0.138044	0.148560	0.139365	
1615	0.159597	0.154591	0.164984	0.152550	0.125817	0.147526	0.151001	0.138575	0.148137	0.138301	
1620	0.157042	0.151816	0.162475	0.154359	0.127909	0.145171	0.153608	0.137681	0.149226	0.139744	
1625	0.154051	0.154772	0.164290	0.151459	0.126801	0.144476	0.153725	0.135611	0.151772	0.143305	
1630	0.154371	0.159223	0.165094	0.151750	0.129060	0.146261	0.156214	0.133883	0.152030	0.141529	
1635	0.150661	0.156115	0.166199	0.152319	0.130329	0.146416	0.161120	0.134574	0.154791	0.146034	
1640	0.149020	0.154585	0.164570	0.151948	0.132794	0.146857	0.161047	0.133299	0.157153	0.143921	
1645	0.152909	0.154222	0.163700	0.152401	0.131601	0.147449	0.164722	0.134751	0.163423	0.141604	
1650	0.151385	0.154515	0.164563	0.152796	0.131862	0.148792	0.165862	0.132883	0.161669	0.142180	
1655	0.151543	0.154846	0.161337	0.152010	0.128883	0.151112	0.170138	0.128783	0.157855	0.144038	
1660	0.150767	0.156213	0.163462	0.152815	0.129856	0.150891	0.169471	0.131322	0.156266	0.142420	
1665	0.151264	0.153285	0.164706	0.152302	0.131993	0.147897	0.167605	0.136675	0.157196	0.140076	
1670	0.151173	0.156375	0.162164	0.153223	0.131512	0.144046	0.166937	0.133646	0.156322	0.140333	
1675	0.150518	0.156244	0.163673	0.150364	0.132901	0.139906	0.164786	0.132787	0.159004	0.142040	
1680	0.150024	0.156452	0.162946	0.152093	0.134598	0.143650	0.164255	0.132057	0.155152	0.145572	
1685	0.147865	0.159753	0.160008	0.153370	0.136274	0.145347	0.162249	0.134456	0.152868	0.143806	
1690	0.148065	0.155453	0.161475	0.154020	0.137457	0.148131	0.167033	0.131591	0.151738	0.143008	
1695	0.146092	0.156805	0.163024	0.155551	0.139358	0.147741	0.161738	0.132006	0.149496	0.142271	
1700	0.146283	0.157877	0.163226	0.159475	0.141281	0.145796	0.162102	0.129584	0.149323	0.144469	
1705	0.146380	0.159312	0.164075	0.157397	0.142301	0.144545	0.165590	0.127946	0.144322	0.144995	
1710	0.145940	0.157433	0.164719	0.157032	0.143623	0.145337	0.165639	0.127305	0.144939	0.147892	
1715	0.148435	0.160502	0.163407	0.156472	0.143174	0.147120	0.157240	0.124078	0.143807	0.145543	
1720	0.147895	0.158641	0.165175	0.157797	0.146388	0.149251	0.156168	0.126559	0.145110	0.147521	
1725	0.146865	0.159823	0.166069	0.157338	0.146009	0.150705	0.154300	0.124738	0.148575	0.148690	
1730	0.144124	0.158832	0.163949	0.160135	0.142939	0.150014	0.150626	0.124980	0.146357	0.147423	
1735	0.145911	0.161604	0.162571	0.156416	0.140315	0.151122	0.150341	0.125574	0.145556	0.148400	
1740	0.149913	0.163677	0.168248	0.159305	0.138617	0.146292	0.149072	0.128304	0.145200	0.144773	
1745	0.149639	0.164388	0.168392	0.159311	0.137942	0.146984	0.150469	0.128438	0.145474	0.140573	
1750	0.149800	0.163225	0.166492	0.154567	0.135091	0.150234	0.148453	0.127606	0.144027	0.141537	
1755	0.152945	0.165634	0.167501	0.156906	0.138042	0.150115	0.149831	0.130400	0.143144	0.139465	
1760	0.157120	0.163437	0.163851	0.159980	0.137346	0.148802	0.146362	0.127893	0.144015	0.137682	
1765	0.155728	0.164472	0.163297	0.157421	0.133312	0.151210	0.146102	0.123846	0.146749	0.141945	
1770	0.152563	0.164100	0.160164	0.156187	0.136510	0.150817	0.147476	0.125079	0.144540	0.141183	
1775	0.154337	0.159364	0.158847	0.156695	0.136949	0.149373	0.147591	0.128996	0.149022	0.139357	
1780	0.154618	0.158996	0.157837	0.156288	0.142613	0.151255	0.144814	0.127251	0.151446	0.138379	
1785	0.157929	0.159407	0.154697	0.159476	0.144620	0.153789	0.143968	0.128749	0.151676	0.140042	
1790	0.159386	0.158305	0.155755	0.154772	0.145692	0.150028	0.143373	0.130052	0.153048	0.141413	
1795	0.160594	0.157411	0.155665	0.155721	0.148020	0.152798	0.143130	0.134962	0.151608	0.140747	
1800	0.161202	0.157574	0.157859	0.154679	0.145271	0.152494	0.143264	0.135217	0.151564	0.140118	
1805	0.163455	0.157443	0.156837	0.152250	0.142259	0.151930	0.140255	0.137071	0.150048	0.140850	
1810	0.163448	0.158584	0.157254	0.152786	0.142899	0.147838	0.137703	0.139029	0.147132	0.138105	
1815	0.164417	0.155536	0.154810	0.152232	0.142073	0.144352	0.135904	0.140152	0.151129	0.136723	
1820	0.164892	0.155881	0.157827	0.149343	0.141077	0.144146	0.136950	0.140923	0.153089	0.141321	
1825	0.166397	0.156635	0.160734	0.148938	0.143682	0.143984	0.135310	0.144776	0.153159	0.137915	
1830	0.167005	0.153254	0.157654	0.150897	0.146513	0.144325	0.135890	0.143111	0.152744	0.139172	
1835	0.164541	0.151041	0.155542	0.153359	0.145335	0.146926	0.134245	0.141800	0.150558	0.140171	
1840	0.166776	0.153591	0.154883	0.153556	0.146880	0.143294	0.132285	0.143653	0.151780	0.139732	
1845	0.167825	0.148926	0.152178	0.155512	0.143257	0.144463	0.132280	0.139165	0.151473	0.139342	
1850	0.168391	0.150314	0.148004	0.154333	0.143414	0.142580	0.137087	0.140821	0.148302	0.138716	
1855	0.169200	0.147325	0.149585	0.156251	0.144918	0.144954	0.135073	0.138660	0.152389	0.140264	
1860	0.167822	0.148615	0.145683	0.159539	0.149287	0.146357	0.138071	0.141487	0.153014	0.137927	
1865	0.166877	0.146014	0.145189	0.159366	0.148381	0.146444	0.137767	0.139174	0.151706	0.136623	
1870	0.161942	0.146416	0.147198	0.161336	0.148192	0.146666	0.141090	0.139736	0.147778	0.136153	
1875	0.160772	0.147722	0.143704	0.162325	0.149372	0.150660	0.145402	0.140002	0.148693	0.139325	
1880	0.160533	0.147703	0.145248	0.158021	0.147446	0.148477	0.143754	0.140026	0.148405	0.138033	
1885	0.163092	0.147654	0.144874	0.161729	0.147145	0.151344	0.145449	0.140228	0.148319	0.137676	
1890	0.164148	0.147353	0.144637	0.161767	0.147959	0.145272	0.142118	0.140195	0.147776	0.137369	
1895	0.165783	0.145584	0.147968	0.158627	0.145999	0.145658	0.138162	0.137073	0.144640	0.134830	
1900	0.163185	0.147450	0.146602	0.159692	0.141972	0.148529	0.138368	0.136908	0.144144	0.137472	
1905	0.161588	0.146355	0.145952	0.160174	0.138050	0.146574	0.136166	0.140078	0.148031	0.140192	
1910	0.162804	0.146404	0.141502	0.164242	0.136241	0.150150	0.135114	0.140970	0.143643	0.138519	
1915	0.160751	0.144554	0.143543	0.161992	0.134278	0.154429	0.135310	0.137874	0.147035	0.138433	
1920	0.160049	0.143325	0.144617	0.164881	0.134232	0.156808	0.135786	0.137271	0.146265	0.138657	
1925	0.158937	0.144433	0.145080	0.165744	0.135512	0.155588	0.131330	0.137222	0.143071	0.142404	
1930	0.161611	0.147859	0.147149	0.162740	0.137751	0.161182	0.133225	0.138300	0.142215	0.142075	
1935	0.158576	0.148794	0.148621	0.163024	0.142074	0.158842	0.131440	0.135843	0.142093	0.145544	
1940	0.158683	0.149994	0.149124	0.162115	0.141335	0.155474	0.132346	0.134806	0.139184	0.144190	
1945	0.158406	0.149102	0.149789	0.160252	0.143025	0.152769	0.132574	0.134374	0.140600	0.145105	
1950	0.154781	0.150958	0.152079	0.161346	0.143175	0.151669	0.130495	0.139245	0.143697	0.140725	
1955	0.155976	0.147365	0.153138	0.160543	0.141133	0.152151	0.129569	0.140487	0.145762	0.143087	
1960	0.157962	0.147970	0.152539	0.159448	0.139473	0.152933	0.128561	0.138370	0.147034	0.141299	
1965	0.154493	0.148409	0.152423	0.160753	0.141135	0.152192	0.125405	0.142108	0.144601	0.138793	
1970	0.155869	0.144662	0.150856	0.156337	0.141006	0.153929	0.127507	0.146641	0.144681	0.139250	
1975	0.155606	0.143262	0.152600	0.151744	0.143811	0.153200	0.127980	0.146396	0.144858	0.141027	
1980	0.154672	0.143086	0.152520	0.151701	0.144949	0.148266	0.129838	0.146654	0.147546	0.141173	
1985	0.156318	0.143137	0.152459	0.147496	0.148008	0.147905	0.131495	0.144370	0.148080	0.139167	
1990	0.155549	0.139608	0.150410	0.148786	0.147225	0.150232	0.135899	0.143164	0.145053	0.142357	
1995	0.156343	0.138179	0.150159	0.146168	0.146375	0.150642	0.137424	0.142493	0.143057	0.139066	
2000	0.157804	0.136900	0.151992	0.142736	0.145591	0.145078	0.136386	0.143006	0.138985	0.136692	
2005	0.158878	0.135013	0.147187	0.142475	0.145595	0.143786	0.133957	0.143537	0.139892	0.138952	
2010	0.156328	0.136899	0.142820	0.143699	0.144535	0.143935	0.132133	0.142602	0.136957	0.138034	
2015	0.154844	0.138174	0.141036	0.146972	0.143147	0.145972	0.133470	0.142685	0.134753	0.136556	
2020	0.155812	0.139105	0.141155	0.148061	0.146382	0.144358	0.132668	0.141767	0.134317	0.137879	
2025	0.155517	0.139175	0.144754	0.152379	0.148060	0.149383	0.130103	0.139934	0.134797	0.139077	
2030	0.154734	0.136444	0.146295	0.151531	0.149313	0.149685	0.130884	0.141134	0.135642	0.143661	
2035	0.154357	0.135771	0.145280	0.154660	0.147342	0.147574	0.128828	0.139067	0.135891	0.143632	
2040	0.155323	0.137245	0.146673	0.156110	0.147593	0.146982	0.129320	0.142021	0.132898	0.145724	
2045	0.154950	0.142524	0.147822	0.161843	0.145309	0.150015	0.130129	0.144191	0.132841	0.143838	
2050	0.158590	0.142242	0.149612	0.161422	0.145544	0.155332	0.130837	0.143627	0.133487	0.140053	
2055	0.158711	0.144144	0.147289	0.161800	0.144926	0.156095	0.132879	0.142146	0.139296	0.143663	
2060	0.154950	0.141622	0.149525	0.161538	0.144759	0.156672	0.133687	0.139308	0.138321	0.142633	
2065	0.151394	0.141641	0.147687	0.161051	0.147934	0.157116	0.132233	0.139143	0.137113	0.145702	
2070	0.150089	0.139500	0.149986	0.160174	0.147858	0.160810	0.131047	0.140322	0.138981	0.146271	
2075	0.150699	0.137776	0.149538	0.157657	0.148675	0.165955	0.134792	0.140649	0.138919	0.146775	
2080	0.148707	0.137016	0.153572	0.156952	0.147210	0.165295	0.132092	0.141227	0.140618	0.147981	
2085	0.147598	0.138164	0.155599	0.152616	0.148387	0.167077	0.132707	0.140173	0.137915	0.143808	
2090	0.150245	0.139723	0.153868	0.152325	0.152380	0.165953	0.131424	0.141868	0.137886	0.143886	
2095	0.147784	0.139218	0.151327	0.152862	0.152803	0.164502	0.130743	0.137395	0.142665	0.142810	
2100	0.150984	0.141829	0.154616	0.151789	0.153087	0.163518	0.132297	0.139458	0.140138	0.144198	
2105	0.146769	0.142925	0.151758	0.156631	0.148753	0.164850	0.129742	0.136580	0.136956	0.143878	
2110	0.147963	0.139848	0.155091	0.155849	0.151803	0.164935	0.130935	0.136738	0.137323	0.144088	
2115	0.147996	0.135701	0.150529	0.156422	0.152882	0.163736	0.134663	0.134958	0.136881	0.142966	
2120	0.147776	0.137916	0.151997	0.156621	0.151957	0.164295	0.135279	0.134433	0.138137	0.145030	
2125	0.148370	0.138186	0.153128	0.154699	0.151722	0.163965	0.132570	0.135575	0.139133	0.142192	
2130	0.145489	0.136478	0.148603	0.149808	0.151287	0.163825	0.135688	0.137614	0.140347	0.142381	
2135	0.142979	0.137074	0.148989	0.150369	0.154869	0.162647	0.137294	0.139280	0.137021	0.142939	
2140	0.141939	0.138158	0.152498	0.148119	0.157800	0.162774	0.137692	0.138141	0.135359	0.142548	
2145	0.143046	0.137691	0.153705	0.146718	0.158005	0.160770	0.134212	0.137854	0.137315	0.138918	
2150	0.143546	0.139838	0.149632	0.145111	0.157529	0.160247	0.137146	0.142089	0.134664	0.141633	
2155	0.142720	0.142355	0.149338	0.144120	0.159207	0.160196	0.137773	0.139074	0.136885	0.142219	
2160	0.144904	0.141245	0.151760	0.144202	0.161370	0.157229	0.136537	0.138504	0.136639	0.142129	
2165	0.140102	0.139078	0.149447	0.144931	0.161178	0.158309	0.134047	0.139186	0.138849	0.143089	
2170	0.142022	0.141974	0.150656	0.142725	0.160865	0.158612	0.132747	0.141196	0.141560	0.143392	
2175	0.140360	0.141123	0.152601	0.142191	0.164446	0.161147	0.133015	0.140867	0.142928	0.143991	
2180	0.138288	0.143802	0.153207	0.144355	0.164731	0.159474	0.135590	0.142944	0.145018	0.143182	
2185	0.137912	0.142373	0.152498	0.142314	0.165691	0.158191	0.135406	0.143601	0.145582	0.143262	
2190	0.139275	0.147010	0.151346	0.142855	0.165794	0.160242	0.135356	0.143935	0.144628	0.141912	
2195	0.140739	0.143819	0.149650	0.139910	0.164829	0.158316	0.134546	0.144179	0.146152	0.139902	
2200	0.141486	0.145602	0.152556	0.138823	0.162467	0.159550	0.135182	0.144030	0.147876	0.139648	
2205	0.143103	0.149947	0.156405	0.141170	0.163461	0.158924	0.136700	0.146703	0.147663	0.144297	
2210	0.143424	0.151965	0.153768	0.139621	0.165335	0.159371	0.137125	0.147016	0.149246	0.143756	
2215	0.141954	0.149896	0.154672	0.140623	0.165243	0.159101	0.139658	0.147744	0.145640	0.140388	
2220	0.141096	0.152428	0.156032	0.141451	0.163601	0.156901	0.142684	0.148339	0.144227	0.141244	
2225	0.147637	0.152638	0.158260	0.142151	0.165582	0.160576	0.140321	0.146834	0.142182	0.143668	
2230	0.147405	0.152798	0.158178	0.138645	0.166903	0.158919	0.140866	0.148497	0.143283	0.137260	
2235	0.151173	0.151338	0.151521	0.139176	0.166638	0.159270	0.139534	0.148727	0.144965	0.135462	
2240	0.154860	0.150966	0.153323	0.137746	0.162643	0.158168	0.138819	0.150692	0.146092	0.133525	
2245	0.155487	0.153429	0.150955	0.138844	0.165826	0.160975	0.134685	0.150607	0.149023	0.132342	
2250	0.157588	0.152353	0.153474	0.136545	0.167068	0.162492	0.135534	0.148338	0.146744	0.129022	
2255	0.157642	0.155334	0.154324	0.137584	0.166018	0.162815	0.135644	0.149402	0.145567	0.131898	
2260	0.155115	0.153665	0.150140	0.137458	0.166851	0.165721	0.136075	0.150424	0.145519	0.132794	
2265	0.151727	0.153465	0.149187	0.140213	0.164274	0.171742	0.140746	0.149546	0.146594	0.133133	
2270	0.155910	0.154615	0.147470	0.142101	0.164035	0.172619	0.139234	0.149869	0.145804	0.135891	
2275	0.157898	0.151631	0.144619	0.143857	0.166983	0.173429	0.135418	0.151315	0.149206	0.132981	
2280	0.158436	0.154763	0.141525	0.141521	0.164293	0.172508	0.136939	0.153480	0.147694	0.131145	
2285	0.160058	0.153009	0.142132	0.140762	0.164346	0.170301	0.137825	0.154459	0.151849	0.131017	
2290	0.159063	0.152226	0.145955	0.139617	0.163974	0.170905	0.138238	0.154924	0.154493	0.133696	
2295	0.157910	0.152562	0.143454	0.140944	0.165068	0.170142	0.133209	0.156198	0.149267	0.134718	
2300	0.157695	0.150727	0.143630	0.143674	0.162858	0.171855	0.133105	0.154922	0.146671	0.135349	
2305	0.158902	0.149459	0.142855	0.144310	0.161925	0.172512	0.133193	0.155315	0.147181	0.138333	
2310	0.158561	0.148119	0.141556	0.148501	0.156046	0.169723	0.137308	0.156969	0.149334	0.136957	
2315	0.160903	0.150939	0.144174	0.148829	0.158671	0.169380	0.140140	0.156722	0.150489	0.140530	
2320	0.160336	0.148362	0.146274	0.151768	0.157234	0.167743	0.140960	0.159503	0.151429	0.145018	
2325	0.161791	0.148352	0.142158	0.155213	0.158401	0.169216	0.141241	0.161934	0.150423	0.145933	
2330	0.165028	0.144326	0.141198	0.153625	0.155367	0.169822	0.140815	0.158944	0.153659	0.142505	
2335	0.163878	0.143283	0.140053	0.156560	0.155661	0.165395	0.136283	0.156744	0.157265	0.144535	
2340	0.162140	0.145399	0.138033	0.154855	0.158929	0.165631	0.131773	0.158827	0.160629	0.141790	
2345	0.163925	0.147845	0.136660	0.157643	0.157122	0.166615	0.133677	0.157703	0.158192	0.142897	
2350	0.165184	0.147272	0.135352	0.157890	0.156259	0.163836	0.133787	0.156311	0.155312	0.142332	
2355	0.167425	0.148762	0.132085	0.158838	0.155047	0.164221	0.136134	0.156301	0.156282	0.142078	
2360	0.164490	0.148159	0.133316	0.156046	0.154710	0.166889	0.142942	0.153015	0.151654	0.140800	
2365	0.164273	0.148755	0.134201	0.156863	0.154987	0.166042	0.140525	0.154472	0.151601	0.144828	
2370	0.165423	0.146244	0.137225	0.158610	0.149021	0.167412	0.137543	0.157276	0.153074	0.141347	
2375	0.166793	0.146971	0.136880	0.158137	0.150731	0.169975	0.139341	0.154162	0.154178	0.143292	
2380	0.167240	0.148511	0.137191	0.160314	0.152399	0.169837	0.140086	0.154687	0.154953	0.145685	
2385	0.164186	0.150429	0.136506	0.160153	0.152993	0.171140	0.136116	0.154473	0.156590	0.148093	
2390	0.160674	0.149102	0.136707	0.157455	0.153093	0.170962	0.134272	0.154440	0.157034	0.148046	
2395	0.160181	0.150716	0.139938	0.159151	0.152408	0.168654	0.135306	0.156997	0.157267	0.147567	
2400	0.161877	0.144190	0.136987	0.159855	0.153263	0.171578	0.138806	0.156529	0.160974	0.148081	
2405	0.161613	0.144405	0.135205	0.161645	0.155385	0.166076	0.140896	0.157798	0.164438	0.147947	
2410	0.161299	0.145505	0.134568	0.166165	0.153119	0.164791	0.140335	0.157163	0.163738	0.149235	
2415	0.163402	0.145924	0.135932	0.166877	0.153706	0.165440	0.142530	0.156839	0.165744	0.146696	
2420	0.162108	0.143391	0.133162	0.167454	0.154090	0.163240	0.142661	0.159704	0.162977	0.142942	
2425	0.160575	0.145841	0.132209	0.165165	0.156979	0.161972	0.140269	0.161334	0.162824	0.144436	
2430	0.160046	0.144920	0.132385	0.166474	0.154464	0.162342	0.141453	0.162363	0.162563	0.142551	
2435	0.156571	0.145486	0.134387	0.162297	0.154292	0.161408	0.141388	0.164652	0.165037	0.141900	
2440	0.156801	0.144885	0.132295	0.162548	0.153883	0.160593	0.143080	0.162452	0.161591	0.140992	
2445	0.152077	0.146341	0.133343	0.163236	0.152464	0.162656	0.142343	0.161384	0.159514	0.142504	
2450	0.152554	0.147847	0.130455	0.166859	0.151376	0.167500	0.143534	0.162730	0.159461	0.140980	
2455	0.154671	0.146035	0.130974	0.166576	0.151791	0.166870	0.141483	0.163988	0.156763	0.140775	
2460	0.151283	0.149718	0.132073	0.163339	0.151857	0.164009	0.139987	0.161072	0.159554	0.139396	
2465	0.150310	0.152405	0.135037	0.161823	0.153140	0.167705	0.137898	0.163278	0.157073	0.133958	
2470	0.150310	0.152651	0.136437	0.158692	0.151350	0.170909	0.132930	0.162370	0.156838	0.134563	
2475	0.146703	0.151140	0.139679	0.158088	0.149196	0.172454	0.135857	0.161142	0.154459	0.136886	
2480	0.143481	0.151977	0.139085	0.156152	0.147138	0.172068	0.131702	0.158044	0.155632	0.134494	
2485	0.144006	0.153150	0.137407	0.155846	0.148410	0.172157	0.133311	0.154825	0.154000	0.132818	
2490	0.144912	0.154910	0.134646	0.154065	0.151561	0.172566	0.134192	0.153467	0.152869	0.132700	
2495	0.143052	0.154598	0.133868	0.154123	0.155662	0.170142	0.134738	0.154981	0.151756	0.133320	
2500	0.142165	0.153483	0.134771	0.152570	0.154913	0.167223	0.135140	0.156982	0.148240	0.134971	
2505	0.137793	0.148681	0.136253	0.153270	0.157725	0.167876	0.138134	0.157496	0.150337	0.137981	
2510	0.138636	0.146660	0.136437	0.153122	0.159679	0.166537	0.137817	0.160059	0.150950	0.136766	
2515	0.142790	0.144371	0.138579	0.155501	0.153854	0.165125	0.137202	0.162101	0.149103	0.135278	
2520	0.141618	0.143908	0.140948	0.157599	0.153005	0.166203	0.135371	0.158270	0.147211	0.137788	
2525	0.137885	0.141768	0.140600	0.152304	0.151461	0.165014	0.137730	0.161780	0.150086	0.136505	
2530	0.141515	0.140118	0.141584	0.154738	0.150420	0.162618	0.139163	0.161033	0.152632	0.138579	
2535	0.142739	0.140085	0.140471	0.157421	0.150385	0.163910	0.138883	0.162720	0.151006	0.138548	
2540	0.144422	0.138245	0.135816	0.153222	0.150115	0.165770	0.141141	0.163798	0.152639	0.136778	
2545	0.144788	0.138444	0.136490	0.149347	0.147572	0.166886	0.142427	0.162749	0.149229	0.134282	
2550	0.144069	0.139996	0.133895	0.143399	0.147127	0.166978	0.143266	0.166539	0.144832	0.132797	
2555	0.146729	0.135411	0.133751	0.139810	0.147316	0.163303	0.144037	0.165163	0.144654	0.133730	
2560	0.144194	0.136599	0.131893	0.138307	0.147184	0.159728	0.147496	0.161356	0.140243	0.131936	
2565	0.141977	0.137547	0.130536	0.137418	0.144500	0.156961	0.146255	0.163864	0.142382	0.130765	
2570	0.141570	0.139978	0.132297	0.135929	0.146725	0.156182	0.148144	0.162830	0.139469	0.131653	
2575	0.137342	0.139980	0.135502	0.133915	0.145596	0.158387	0.150454	0.164136	0.141741	0.131733	
2580	0.138063	0.139685	0.138808	0.134134	0.145137	0.156787	0.149543	0.164951	0.144209	0.128951	
2585	0.141719	0.141866	0.137921	0.130270	0.145039	0.155735	0.143805	0.163538	0.143015	0.128665	
2590	0.139536	0.139335	0.134242	0.130319	0.145946	0.157519	0.142565	0.164280	0.144594	0.126350	
2595	0.137279	0.135193	0.134474	0.128198	0.147290	0.159633	0.141423	0.159984	0.144273	0.126114	
2600	0.138443	0.134400	0.135308	0.129128	0.143540	0.161422	0.138745	0.159266	0.141903	0.125135	
2605	0.138579	0.134890	0.131441	0.129395	0.140532	0.159891	0.134862	0.158556	0.142829	0.124528	
2610	0.144642	0.136866	0.130276	0.130192	0.141826	0.160647	0.136956	0.155969	0.143322	0.124512	
2615	0.143207	0.139443	0.132062	0.133114	0.142482	0.158508	0.138985	0.154335	0.145678	0.125476	
2620	0.143928	0.138354	0.132618	0.134673	0.138905	0.157285	0.136443	0.155197	0.147072	0.124032	
2625	0.144071	0.133946	0.130084	0.136983	0.135866	0.158241	0.134482	0.157786	0.147861	0.125735	
2630	0.141964	0.134592	0.129907	0.136310	0.134785	0.158641	0.131934	0.159359	0.149948	0.128393	
2635	0.138706	0.136442	0.129582	0.133805	0.133843	0.156916	0.135613	0.157282	0.148971	0.127942	
2640	0.139464	0.136795	0.128236	0.137764	0.130989	0.153361	0.136908	0.160082	0.148246	0.129189	
2645	0.139745	0.136936	0.127940	0.138044	0.131457	0.156402	0.136883	0.159557	0.149986	0.127782	
2650	0.137517	0.136443	0.126658	0.138930	0.131622	0.151444	0.136537	0.161083	0.154622	0.127303	
2655	0.139117	0.133867	0.129647	0.137562	0.131715	0.153932	0.137396	0.160998	0.155756	0.131180	
2660	0.139720	0.131847	0.132257	0.138542	0.135610	0.152903	0.135784	0.162479	0.155943	0.129932	
2665	0.140428	0.128341	0.131224	0.137801	0.134277	0.151997	0.138028	0.158836	0.156541	0.130361	
2670	0.137729	0.127946	0.130925	0.140829	0.130237	0.152691	0.137599	0.160904	0.158405	0.127549	
2675	0.138152	0.125884	0.129286	0.139108	0.127901	0.153696	0.137303	0.161884	0.158547	0.127470	
2680	0.139366	0.129883	0.130653	0.140418	0.126219	0.155024	0.140754	0.163672	0.158093	0.128241	
2685	0.138988	0.131398	0.128453	0.139045	0.127513	0.155235	0.140989	0.161955	0.159138	0.126862	
2690	0.139167	0.132496	0.127309	0.139987	0.129011	0.159867	0.142693	0.163241	0.158447	0.127691	
2695	0.140384	0.133461	0.129273	0.138026	0.129782	0.160451	0.143311	0.163444	0.157775	0.125552	
2700	0.144336	0.134975	0.129789	0.139645	0.128219	0.162415	0.145282	0.161613	0.159824	0.127824	
2705	0.140359	0.138784	0.131272	0.141486	0.125095	0.162690	0.142991	0.163920	0.157516	0.128420	
2710	0.135239	0.138196	0.130135	0.139320	0.126347	0.165324	0.142275	0.164857	0.160650	0.131055	
2715	0.134933	0.137346	0.132521	0.138204	0.127145	0.165919	0.140313	0.162031	0.159436	0.129518	
2720	0.137408	0.139418	0.131562	0.140021	0.127425	0.163711	0.143144	0.161507	0.159567	0.129553	
2725	0.137492	0.139227	0.130905	0.136941	0.127807	0.165462	0.143314	0.165319	0.156018	0.128825	
2730	0.138294	0.136570	0.131074	0.136690	0.128091	0.164598	0.143492	0.165107	0.154259	0.133303	
2735	0.141898	0.136903	0.127964	0.138788	0.129400	0.165349	0.140943	0.164686	0.147172	0.137721	
2740	0.140656	0.137697	0.129654	0.140433	0.127504	0.160421	0.141083	0.164262	0.145455	0.134439	
2745	0.142794	0.137379	0.130641	0.139530	0.129573	0.164657	0.143975	0.160730	0.146652	0.138858	
2750	0.142080	0.136619	0.133247	0.141566	0.128188	0.163092	0.141297	0.162813	0.144346	0.139266	
2755	0.139612	0.137703	0.132718	0.143409	0.125588	0.165866	0.141044	0.162052	0.149369	0.139148	
2760	0.140255	0.136270	0.138368	0.144950	0.126564	0.164532	0.142952	0.164857	0.149283	0.144254	
2765	0.143718	0.136053	0.138779	0.147428	0.127289	0.164351	0.141731	0.160312	0.146022	0.142913	
2770	0.144346	0.134746	0.139155	0.145115	0.129584	0.166294	0.143754	0.161044	0.147265	0.139162	
2775	0.149166	0.133762	0.138472	0.146140	0.130324	0.164541	0.146792	0.162299	0.144326	0.139390	
2780	0.148226	0.135226	0.140680	0.148937	0.127443	0.163667	0.143587	0.161227	0.143843	0.140006	
2785	0.152990	0.133339	0.137450	0.148224	0.128271	0.165786	0.146138	0.163051	0.138617	0.143269	
2790	0.151258	0.133646	0.137049	0.149308	0.131258	0.164568	0.145682	0.160812	0.134783	0.145041	
2795	0.145398	0.134701	0.137257	0.147601	0.129553	0.164646	0.143421	0.161737	0.136704	0.144012	
2800	0.144743	0.133193	0.139169	0.148501	0.128235	0.164688	0.148961	0.159827	0.136572	0.142086	
2805	0.144446	0.133426	0.140788	0.150086	0.132603	0.161019	0.145953	0.161146	0.132577	0.141807	
2810	0.145115	0.135989	0.140618	0.151346	0.140183	0.159498	0.151872	0.161953	0.131912	0.142435	
2815	0.146519	0.138476	0.138166	0.152847	0.140891	0.159023	0.153450	0.158942	0.131439	0.141131	
2820	0.145277	0.138573	0.136530	0.151205	0.140858	0.157427	0.156159	0.157754	0.133211	0.143211	
2825	0.143890	0.138655	0.135720	0.149286	0.139407	0.160501	0.152988	0.155938	0.133824	0.140877	
2830	0.143033	0.138935	0.137474	0.148734	0.138643	0.160956	0.149847	0.155847	0.134646	0.139329	
2835	0.140569	0.137967	0.137556	0.152508	0.139748	0.161499	0.150903	0.156004	0.135822	0.140811	
2840	0.143575	0.137264	0.138921	0.152410	0.139285	0.160901	0.148876	0.151281	0.137455	0.141680	
2845	0.146047	0.136258	0.135956	0.154494	0.136996	0.159306	0.146218	0.153537	0.138559	0.138803	
2850	0.151598	0.135059	0.139012	0.152438	0.136223	0.161606	0.143514	0.152957	0.139661	0.139984	
2855	0.152946	0.135064	0.137729	0.151660	0.139137	0.159934	0.137351	0.151532	0.141740	0.140421	
2860	0.154558	0.132256	0.139654	0.150824	0.142075	0.161700	0.136059	0.151504	0.140224	0.136140	
2865	0.151588	0.138183	0.137075	0.147595	0.146407	0.163513	0.135108	0.154940	0.143092	0.133478	
2870	0.153211	0.141827	0.137904	0.148443	0.148612	0.168386	0.139625	0.154859	0.144496	0.130720	
2875	0.156260	0.143678	0.134041	0.148218	0.150577	0.167289	0.139090	0.156615	0.144343	0.131793	
2880	0.152160	0.147252	0.138320	0.148407	0.153439	0.167887	0.140546	0.156719	0.145157	0.127955	
2885	0.148737	0.145432	0.140548	0.150504	0.151795	0.167668	0.141239	0.154806	0.145133	0.124392	
2890	0.149747	0.145807	0.138384	0.150894	0.153872	0.171650	0.142905	0.157448	0.144926	0.125119	
2895	0.150656	0.145627	0.138512	0.150206	0.153098	0.170275	0.141062	0.159141	0.146203	0.122942	
2900	0.151824	0.145895	0.139938	0.148110	0.153956	0.167823	0.139620	0.159495	0.148522	0.123909	
2905	0.151279	0.144013	0.141296	0.149428	0.154384	0.168620	0.141850	0.157649	0.143959	0.123047	
2910	0.151310	0.145185	0.144974	0.149622	0.153784	0.167429	0.138557	0.158423	0.149291	0.124814	
2915	0.147584	0.148425	0.144168	0.146155	0.154334	0.167324	0.136502	0.158740	0.149689	0.124685	
2920	0.147943	0.146282	0.142217	0.147182	0.150587	0.167308	0.138201	0.158635	0.149662	0.128942	
2925	0.150895	0.145774	0.140730	0.147564	0.150356	0.162614	0.139601	0.161767	0.149284	0.129582	
2930	0.151633	0.141203	0.134068	0.146022	0.151536	0.159721	0.140295	0.165786	0.152496	0.132429	
2935	0.156648	0.138632	0.133572	0.146343	0.147386	0.155901	0.140639	0.166208	0.150289	0.131754	
2940	0.154882	0.139272	0.134296	0.147899	0.148223	0.155047	0.137940	0.165652	0.152276	0.133322	
2945	0.153656	0.138495	0.138920	0.147072	0.150214	0.156525	0.137887	0.161500	0.154732	0.132227	
2950	0.151492	0.134921	0.136604	0.148064	0.151712	0.157749	0.142151	0.160411	0.155542	0.131692	
2955	0.147634	0.136514	0.139723	0.146422	0.153127	0.156873	0.144628	0.157886	0.153221	0.131803	
2960	0.146807	0.136974	0.138214	0.147328	0.154614	0.156181	0.146161	0.156246	0.151784	0.132107	
2965	0.148055	0.135140	0.139681	0.145386	0.153296	0.149776	0.146143	0.155029	0.148184	0.130915	
2970	0.146059	0.135637	0.141962	0.146169	0.151617	0.149548	0.146257	0.158001	0.147090	0.131167	
2975	0.144524	0.138772	0.141757	0.148522	0.151968	0.151106	0.147798	0.159139	0.145652	0.135582	
2980	0.148269	0.137541	0.140375	0.146268	0.148039	0.148868	0.145498	0.160258	0.144457	0.132749	
2985	0.149052	0.137035	0.139508	0.147274	0.150170	0.151431	0.151420	0.160062	0.146870	0.131257	
2990	0.149339	0.136780	0.138164	0.150142	0.150963	0.155852	0.151156	0.157352	0.145851	0.131909	
2995	0.148144	0.136874	0.137896	0.150500	0.150461	0.154283	0.149916	0.159244	0.151215	0.129111	
3000	0.151336	0.139364	0.137549	0.152308	0.150242	0.152201	0.146425	0.158515	0.150214	0.131431	
