T	rep_1	rep_2	rep_3	rep_4	rep_5	rep_6	rep_7	rep_8	rep_9	rep_10
5	0.000000	0.000000	0.000000	0.000000	0.000000	0.000000	0.000000	0.000000	0.000000	0.000000	
10	0.000000	0.000000	0.000000	0.000000	0.000000	0.000000	0.000000	0.000000	0.000000	0.000000	
15	0.000000	0.000000	0.000000	0.000000	0.000000	0.000000	0.000000	0.000000	0.000000	0.000000	
20	0.000000	0.000000	0.000000	0.000000	0.000000	0.000000	0.000000	0.000000	0.000000	0.000000	
25	0.000000	0.000000	0.000000	0.000000	0.000000	0.000000	0.000000	0.000000	0.000000	0.000000	
30	0.000000	0.000000	0.000000	0.000000	0.000000	0.000000	0.000000	0.000000	0.000000	0.000000	
35	0.000000	0.000000	0.000000	0.000000	0.000000	0.000000	0.000000	0.000000	0.000000	0.000000	
40	0.000000	0.000000	0.000000	0.000000	0.000000	0.000000	0.000000	0.000000	0.000000	0.000000	
45	0.000000	0.000000	0.000000	0.000000	0.000000	0.000000	0.000000	0.000000	0.000000	0.000000	
50	0.000000	0.000000	0.000000	0.000000	0.000000	0.000000	0.000000	0.000000	0.000000	0.000000	
55	0.000000	0.000000	0.000000	0.000000	0.000000	0.000000	0.000000	0.000000	0.000000	0.000000	
60	0.000000	0.000000	0.000000	0.000000	0.000000	0.000000	0.000000	0.000000	0.000000	0.000000	
65	0.000000	0.000000	0.000000	0.000000	0.000000	0.000000	0.000000	0.000000	0.000000	0.000000	
70	0.000000	0.000000	0.000000	0.000000	0.000000	0.000000	0.000000	0.000000	0.000000	0.000000	
75	0.000000	0.000000	0.000000	0.000000	0.000000	0.000000	0.000000	0.000000	0.000000	0.000000	
80	0.000000	0.000000	0.000000	0.000000	0.000000	0.000000	0.000000	0.000000	0.000000	0.000000	
85	0.000000	0.000000	0.000000	0.000000	0.000000	0.000000	0.000000	0.000000	0.000000	0.000000	
90	0.000000	0.000000	0.000000	0.000000	0.000000	0.000000	0.000000	0.000000	0.000000	0.000000	
95	0.000000	0.000000	0.000000	0.000000	0.000000	0.000000	0.000000	0.000000	0.000000	0.000000	
100	0.000000	0.000000	0.000000	0.000000	0.000000	0.000000	0.000000	0.000000	0.000000	0.000000	
105	0.001496	0.002107	0.002170	0.001623	0.001883	0.002252	0.002715	0.002088	0.001561	0.001901	
110	0.005744	0.005897	0.005489	0.005725	0.005840	0.007133	0.006780	0.007221	0.004017	0.005715	
115	0.011590	0.010251	0.015139	0.012479	0.013655	0.011176	0.011133	0.011157	0.009574	0.009865	
120	0.022389	0.019577	0.022669	0.021237	0.020100	0.019529	0.021402	0.019139	0.016967	0.018348	
125	0.037492	0.034111	0.031582	0.033309	0.031678	0.032235	0.033946	0.032833	0.025715	0.027083	
130	0.053959	0.048180	0.049134	0.046232	0.043849	0.047110	0.050694	0.050348	0.041639	0.035890	
135	0.064075	0.060965	0.068835	0.057118	0.059367	0.063393	0.061774	0.059848	0.055098	0.043416	
140	0.077351	0.073869	0.083312	0.061615	0.072273	0.081958	0.067209	0.067937	0.067171	0.053184	
145	0.083813	0.081846	0.095496	0.067702	0.087526	0.101949	0.070754	0.079416	0.076784	0.058433	
150	0.090948	0.089826	0.103883	0.071010	0.103245	0.117347	0.074100	0.087256	0.080375	0.065160	
155	0.097669	0.094866	0.104723	0.072573	0.115278	0.136320	0.080235	0.101265	0.084183	0.073554	
160	0.104121	0.099990	0.107575	0.072532	0.123742	0.146428	0.085979	0.108881	0.086764	0.083670	
165	0.108405	0.102761	0.111193	0.075053	0.133959	0.160654	0.090444	0.118313	0.089071	0.095525	
170	0.111602	0.104952	0.112053	0.078604	0.137613	0.168433	0.091728	0.126933	0.092231	0.106735	
175	0.116045	0.110053	0.113239	0.082161	0.142749	0.174908	0.097951	0.132301	0.092750	0.117215	
180	0.118779	0.112126	0.116000	0.090433	0.141626	0.179743	0.101269	0.137787	0.094524	0.125504	
185	0.121607	0.114482	0.122593	0.099726	0.142182	0.185990	0.105407	0.145171	0.097832	0.134665	
190	0.121760	0.121577	0.125527	0.108281	0.145118	0.191991	0.108879	0.148611	0.101695	0.138484	
195	0.128967	0.132776	0.132593	0.120862	0.146053	0.199904	0.110231	0.150340	0.109795	0.144375	
200	0.136162	0.145052	0.142048	0.132045	0.147901	0.205513	0.115237	0.151484	0.111083	0.147132	
205	0.142596	0.161859	0.147686	0.144441	0.152509	0.212190	0.122617	0.154240	0.114359	0.153190	
210	0.143788	0.181318	0.152092	0.152190	0.156709	0.215972	0.129910	0.156291	0.118576	0.160674	
215	0.150541	0.198796	0.154442	0.153987	0.158187	0.218694	0.136502	0.158808	0.124542	0.165323	
220	0.157046	0.211906	0.154033	0.157568	0.160218	0.224305	0.139276	0.166837	0.131202	0.167812	
225	0.155429	0.221967	0.160154	0.166131	0.163702	0.224289	0.143691	0.170329	0.131714	0.170375	
230	0.159820	0.223676	0.166643	0.170782	0.165928	0.223617	0.142466	0.169798	0.132799	0.173433	
235	0.166429	0.220187	0.168567	0.178477	0.169545	0.224895	0.147236	0.171866	0.139296	0.174056	
240	0.174243	0.214588	0.169152	0.184010	0.175941	0.229232	0.151619	0.176217	0.148181	0.175346	
245	0.176108	0.208563	0.169710	0.187454	0.179368	0.226291	0.156189	0.184991	0.149033	0.181227	
250	0.181268	0.207579	0.174547	0.194455	0.184077	0.228084	0.162543	0.187945	0.152645	0.182192	
255	0.187304	0.195273	0.173479	0.196471	0.186813	0.229109	0.168042	0.195846	0.154477	0.184700	
260	0.195118	0.185018	0.173774	0.205036	0.197855	0.228828	0.172350	0.197556	0.158774	0.187473	
265	0.199116	0.179302	0.177879	0.203022	0.203983	0.227219	0.176000	0.199118	0.161357	0.188867	
270	0.203012	0.168959	0.181596	0.205676	0.203403	0.222965	0.181194	0.196999	0.165659	0.185147	
275	0.208258	0.160021	0.184148	0.211614	0.201033	0.216533	0.189042	0.196534	0.164984	0.184889	
280	0.207683	0.155332	0.181740	0.212097	0.202445	0.210498	0.190719	0.196576	0.167348	0.178303	
285	0.208883	0.151974	0.187210	0.210380	0.204979	0.205688	0.192282	0.200067	0.168804	0.176558	
290	0.208721	0.151691	0.188022	0.202098	0.207465	0.200475	0.193602	0.198784	0.169939	0.174684	
295	0.203437	0.147760	0.188300	0.196891	0.205322	0.195785	0.195642	0.196357	0.170906	0.177478	
300	0.195880	0.146913	0.191215	0.191612	0.204259	0.192642	0.195325	0.191057	0.170581	0.177220	
305	0.192047	0.152431	0.189195	0.181352	0.201814	0.186367	0.192813	0.183894	0.172334	0.180252	
310	0.187188	0.151203	0.189306	0.180798	0.198327	0.179092	0.186426	0.178579	0.172531	0.179985	
315	0.182608	0.150790	0.189167	0.170326	0.196845	0.174227	0.182332	0.174417	0.174803	0.176514	
320	0.176054	0.146792	0.189315	0.165866	0.189539	0.175365	0.176878	0.168714	0.168631	0.174234	
325	0.171378	0.148982	0.189863	0.167324	0.187495	0.172804	0.169174	0.169065	0.169717	0.180228	
330	0.170166	0.149718	0.180258	0.164330	0.181152	0.167820	0.166921	0.168567	0.168849	0.175686	
335	0.169569	0.149972	0.179618	0.158467	0.178471	0.168787	0.158763	0.165735	0.170646	0.166210	
340	0.166016	0.149170	0.177887	0.155212	0.171066	0.169211	0.154866	0.159640	0.173520	0.166771	
345	0.165962	0.149265	0.177567	0.152813	0.170606	0.170449	0.157092	0.159587	0.172534	0.168567	
350	0.161003	0.148919	0.173403	0.153768	0.167086	0.171661	0.153526	0.160412	0.175092	0.166411	
355	0.159760	0.148814	0.175937	0.155896	0.161803	0.173813	0.150489	0.162002	0.172365	0.165839	
360	0.156576	0.150111	0.177821	0.151257	0.156441	0.172702	0.148242	0.165487	0.170371	0.164307	
365	0.159674	0.151057	0.174582	0.151575	0.153058	0.174215	0.147332	0.169309	0.164718	0.163283	
370	0.159377	0.153466	0.169063	0.149532	0.154537	0.175920	0.146452	0.163828	0.163371	0.162242	
375	0.158549	0.149321	0.166625	0.149822	0.152173	0.178616	0.149555	0.167731	0.160938	0.162276	
380	0.159661	0.143436	0.164531	0.147258	0.153818	0.178334	0.148887	0.165064	0.155274	0.160091	
385	0.160266	0.139607	0.165034	0.141398	0.149181	0.178142	0.149028	0.160294	0.155734	0.154279	
390	0.159832	0.137139	0.163327	0.143280	0.150958	0.177338	0.151502	0.156132	0.156201	0.153311	
395	0.162915	0.135558	0.160485	0.143399	0.151240	0.183692	0.151356	0.154728	0.153368	0.154499	
400	0.156619	0.135406	0.164555	0.140978	0.150433	0.185001	0.149610	0.153013	0.153189	0.152137	
405	0.158358	0.136851	0.160882	0.144141	0.151201	0.183360	0.146114	0.158744	0.151319	0.152502	
410	0.154815	0.134613	0.157046	0.136464	0.153477	0.179835	0.144698	0.156723	0.153084	0.151303	
415	0.154571	0.139145	0.158636	0.132798	0.153589	0.175524	0.145156	0.156532	0.152588	0.150408	
420	0.153507	0.138831	0.157775	0.130298	0.150219	0.173636	0.140845	0.152632	0.153842	0.149666	
425	0.155303	0.142373	0.155754	0.131082	0.149961	0.171928	0.141684	0.151850	0.148133	0.149820	
430	0.153617	0.141898	0.156933	0.129948	0.148153	0.170335	0.142289	0.148768	0.143699	0.152643	
435	0.155432	0.139672	0.157607	0.131005	0.148788	0.175752	0.140019	0.147251	0.140946	0.153246	
440	0.156396	0.140901	0.155677	0.128166	0.145105	0.176880	0.139291	0.143357	0.141731	0.148864	
445	0.158662	0.141726	0.154407	0.130461	0.142838	0.174008	0.142780	0.147281	0.140930	0.148423	
450	0.156971	0.139879	0.152590	0.130732	0.141617	0.176079	0.144102	0.148453	0.139534	0.148951	
455	0.153892	0.140644	0.151807	0.130090	0.140463	0.174177	0.145310	0.148966	0.140499	0.149161	
460	0.154190	0.138539	0.152247	0.130675	0.138089	0.173424	0.148706	0.149047	0.145082	0.150399	
465	0.152110	0.138769	0.149027	0.131724	0.136318	0.169587	0.151455	0.145259	0.143531	0.148989	
470	0.151584	0.135130	0.151000	0.133116	0.133835	0.169404	0.154050	0.146304	0.142551	0.147701	
475	0.152499	0.135535	0.147732	0.130402	0.134235	0.167413	0.150611	0.146297	0.139960	0.145371	
480	0.153115	0.137202	0.149715	0.130754	0.134753	0.166297	0.150184	0.144262	0.140559	0.147401	
485	0.149354	0.138354	0.149093	0.132598	0.136186	0.166405	0.149369	0.142064	0.140231	0.147297	
490	0.148445	0.139147	0.146775	0.136507	0.135927	0.164116	0.149479	0.141474	0.137574	0.145742	
495	0.149129	0.138849	0.151812	0.140480	0.135341	0.161871	0.149343	0.145254	0.132859	0.144416	
500	0.148062	0.143422	0.155974	0.141891	0.138193	0.160612	0.152285	0.149521	0.131619	0.144676	
505	0.151057	0.144414	0.159246	0.140658	0.136942	0.161703	0.154438	0.146300	0.133113	0.142809	
510	0.149646	0.145769	0.155460	0.142371	0.137449	0.159064	0.158445	0.147997	0.134772	0.144142	
515	0.150564	0.144602	0.160051	0.142007	0.135976	0.152898	0.155150	0.146601	0.136953	0.142946	
520	0.153276	0.145036	0.164063	0.139857	0.136133	0.154999	0.159582	0.145870	0.138609	0.141810	
525	0.154518	0.145006	0.165287	0.141671	0.136557	0.153467	0.158484	0.147374	0.138785	0.140145	
530	0.151904	0.144514	0.161189	0.140821	0.139967	0.151225	0.155129	0.150388	0.134581	0.144672	
535	0.152874	0.147906	0.159320	0.142399	0.140427	0.151027	0.155032	0.149024	0.129889	0.146158	
540	0.153445	0.149019	0.155295	0.144078	0.142806	0.150437	0.153429	0.144138	0.126644	0.149034	
545	0.156383	0.151290	0.151549	0.141912	0.139995	0.149907	0.153136	0.147211	0.124726	0.148045	
550	0.160564	0.148892	0.151946	0.144178	0.138314	0.149861	0.153372	0.147718	0.123149	0.147984	
555	0.163385	0.148557	0.152136	0.144850	0.139989	0.149319	0.151405	0.147332	0.124051	0.145214	
560	0.160561	0.148103	0.149885	0.146263	0.141108	0.149970	0.149367	0.147916	0.125334	0.149536	
565	0.159954	0.148326	0.150997	0.149564	0.140286	0.152071	0.150064	0.149358	0.125943	0.140673	
570	0.154414	0.150964	0.151301	0.148572	0.137581	0.152059	0.150520	0.146794	0.128436	0.138101	
575	0.152634	0.155567	0.150338	0.148626	0.136955	0.151462	0.152674	0.146378	0.128804	0.135122	
580	0.149050	0.157896	0.150745	0.149391	0.137113	0.152100	0.154177	0.146171	0.128240	0.131989	
585	0.148178	0.158425	0.151655	0.152127	0.135983	0.152365	0.155172	0.148196	0.125319	0.131379	
590	0.149396	0.155383	0.152452	0.154006	0.135307	0.152278	0.152840	0.150098	0.125699	0.128859	
595	0.146558	0.155256	0.149849	0.154538	0.136406	0.154189	0.154398	0.150954	0.124284	0.130214	
600	0.142035	0.156048	0.151593	0.156420	0.136942	0.156738	0.154471	0.147025	0.124473	0.129393	
605	0.142027	0.155609	0.154357	0.156247	0.135471	0.157956	0.152039	0.144597	0.128145	0.130664	
610	0.141979	0.156882	0.154158	0.157177	0.138927	0.159876	0.150215	0.143897	0.130466	0.130488	
615	0.137929	0.159110	0.151572	0.158660	0.142964	0.163880	0.150121	0.142576	0.131665	0.131622	
620	0.136143	0.159890	0.152674	0.155123	0.143303	0.161785	0.150203	0.140915	0.133985	0.138741	
625	0.135199	0.158688	0.149584	0.156821	0.145689	0.162749	0.148627	0.142893	0.133202	0.138576	
630	0.131899	0.160580	0.148952	0.158759	0.145546	0.161672	0.152113	0.142485	0.135287	0.140927	
635	0.131908	0.159597	0.148231	0.162109	0.146570	0.158176	0.152874	0.147309	0.136295	0.140423	
640	0.131518	0.161857	0.149354	0.160733	0.146635	0.159175	0.150777	0.147071	0.136295	0.142816	
645	0.131789	0.163399	0.148858	0.157787	0.147751	0.159065	0.152054	0.148379	0.132359	0.146124	
650	0.133669	0.159202	0.149274	0.158746	0.144386	0.159243	0.153210	0.148098	0.134803	0.145078	
655	0.130990	0.158150	0.145647	0.153618	0.145144	0.160294	0.157611	0.149518	0.136275	0.147031	
660	0.129649	0.157043	0.146271	0.154503	0.142176	0.160071	0.161523	0.147824	0.135173	0.149189	
665	0.132397	0.157463	0.144691	0.153267	0.142603	0.156653	0.158752	0.142876	0.133153	0.148319	
670	0.132405	0.158264	0.142167	0.149378	0.142553	0.155881	0.158014	0.144046	0.136849	0.152332	
675	0.131509	0.153672	0.146095	0.147725	0.144977	0.157490	0.158576	0.144869	0.142622	0.153328	
680	0.132623	0.155782	0.145239	0.146348	0.144899	0.157523	0.155361	0.146318	0.143521	0.156247	
685	0.131374	0.156213	0.146531	0.146335	0.146769	0.155571	0.155698	0.145819	0.144119	0.154995	
690	0.134116	0.156617	0.146057	0.147625	0.148737	0.155153	0.157003	0.144272	0.143147	0.158670	
695	0.135039	0.154253	0.145407	0.144830	0.147330	0.158776	0.160476	0.144155	0.139337	0.160367	
700	0.135388	0.152322	0.145889	0.142265	0.148445	0.159349	0.162331	0.145965	0.137875	0.160914	
705	0.137125	0.152124	0.147258	0.139569	0.151885	0.157634	0.163543	0.144841	0.137340	0.159926	
710	0.137021	0.153082	0.149842	0.139395	0.147795	0.159872	0.160706	0.142262	0.136707	0.157778	
715	0.137991	0.150740	0.151438	0.140206	0.145010	0.162170	0.157894	0.146166	0.131438	0.158248	
720	0.138841	0.152817	0.150126	0.135827	0.144514	0.158962	0.159290	0.146512	0.128635	0.159113	
725	0.140767	0.154789	0.150637	0.136920	0.142206	0.158969	0.160230	0.147144	0.129754	0.156739	
730	0.140145	0.154678	0.150208	0.138575	0.141505	0.160804	0.164201	0.148992	0.128227	0.156957	
735	0.139614	0.155378	0.146703	0.137125	0.140779	0.157616	0.160668	0.149969	0.124129	0.157486	
740	0.137354	0.158038	0.147742	0.135014	0.140681	0.151878	0.159290	0.147577	0.125774	0.158614	
745	0.138806	0.157366	0.143396	0.132196	0.142737	0.150605	0.157500	0.147015	0.125550	0.159007	
750	0.145855	0.157300	0.144647	0.131745	0.142012	0.152084	0.156987	0.142648	0.123994	0.157911	
755	0.144226	0.156697	0.145276	0.132947	0.145241	0.150754	0.154133	0.141675	0.126991	0.158930	
760	0.144477	0.155680	0.143085	0.134416	0.140879	0.148300	0.152120	0.137717	0.129721	0.157434	
765	0.137770	0.156344	0.142925	0.133125	0.142235	0.149433	0.151127	0.138434	0.129976	0.158155	
770	0.139273	0.152884	0.140299	0.135163	0.142370	0.148267	0.153470	0.140147	0.130956	0.158588	
775	0.143011	0.154638	0.138469	0.138005	0.145688	0.146016	0.152631	0.141031	0.131303	0.160201	
780	0.144989	0.154536	0.140428	0.135337	0.144626	0.147872	0.151378	0.140820	0.132708	0.156910	
785	0.145246	0.156779	0.135579	0.135262	0.144102	0.147028	0.150590	0.144810	0.130935	0.157742	
790	0.144570	0.155519	0.135649	0.136594	0.142281	0.144894	0.154809	0.140378	0.130603	0.154304	
795	0.140441	0.153204	0.135514	0.136353	0.141777	0.147361	0.152299	0.138632	0.131099	0.152762	
800	0.138274	0.153727	0.138534	0.138043	0.142927	0.141295	0.156163	0.139017	0.132598	0.149378	
805	0.140555	0.152934	0.138253	0.139104	0.139431	0.137860	0.156172	0.141902	0.133276	0.151323	
810	0.140891	0.150525	0.141606	0.139774	0.142727	0.138671	0.159729	0.143453	0.134016	0.151593	
815	0.140450	0.150030	0.141949	0.140765	0.144193	0.140386	0.162672	0.142788	0.133234	0.147850	
820	0.141759	0.150366	0.143894	0.140167	0.146215	0.140039	0.165270	0.140976	0.136170	0.151023	
825	0.141734	0.149954	0.145025	0.140623	0.148539	0.139884	0.164695	0.141176	0.136386	0.150717	
830	0.144914	0.153046	0.145110	0.139936	0.145183	0.140697	0.165613	0.139119	0.137853	0.151402	
835	0.142851	0.153652	0.145423	0.139400	0.147269	0.141474	0.165023	0.140742	0.134163	0.145770	
840	0.146108	0.152072	0.146013	0.141633	0.147520	0.141156	0.168788	0.141844	0.138998	0.142110	
845	0.148265	0.151872	0.143471	0.143874	0.146853	0.140158	0.169899	0.140101	0.138620	0.145022	
850	0.152562	0.152113	0.145088	0.144174	0.149540	0.140742	0.173930	0.142631	0.133859	0.146689	
855	0.151991	0.153427	0.145443	0.144923	0.149984	0.139645	0.172001	0.140598	0.136710	0.144146	
860	0.149610	0.154237	0.144632	0.142014	0.149482	0.141795	0.171671	0.136956	0.135249	0.144062	
865	0.147694	0.152781	0.143125	0.141352	0.153434	0.141891	0.170408	0.138239	0.133885	0.144670	
870	0.152574	0.154033	0.142191	0.137558	0.150811	0.144237	0.169789	0.141159	0.131705	0.144407	
875	0.150083	0.154454	0.142611	0.138042	0.149490	0.144811	0.169373	0.144414	0.135804	0.147281	
880	0.149414	0.155564	0.142912	0.141712	0.147754	0.145504	0.165519	0.145521	0.133836	0.149446	
885	0.149806	0.152531	0.143658	0.136743	0.144961	0.145810	0.162791	0.144897	0.135181	0.153120	
890	0.148135	0.152276	0.142311	0.138213	0.146076	0.143250	0.160913	0.143302	0.131640	0.152423	
895	0.149219	0.153049	0.146399	0.135071	0.144206	0.145692	0.160964	0.138705	0.128615	0.154743	
900	0.146594	0.154902	0.145419	0.136739	0.145945	0.143236	0.162156	0.137673	0.129716	0.154978	
905	0.146703	0.156610	0.145336	0.137135	0.149833	0.141974	0.161110	0.134896	0.130802	0.153589	
910	0.145737	0.155607	0.143472	0.137277	0.146793	0.138795	0.161416	0.136293	0.126862	0.150662	
915	0.145373	0.151830	0.144964	0.135922	0.146041	0.140103	0.158274	0.133712	0.131240	0.149075	
920	0.147341	0.153758	0.144017	0.136136	0.147067	0.138598	0.156483	0.133099	0.131484	0.148204	
925	0.148391	0.155558	0.144552	0.136770	0.146653	0.140912	0.155899	0.133113	0.133718	0.145933	
930	0.145644	0.156924	0.144315	0.138886	0.149876	0.138512	0.157835	0.134358	0.131244	0.147848	
935	0.148172	0.156195	0.144455	0.139837	0.150322	0.137679	0.158608	0.133565	0.128542	0.147955	
940	0.147098	0.156218	0.144941	0.139440	0.150497	0.138197	0.158729	0.134068	0.126952	0.146561	
945	0.148379	0.151650	0.148226	0.138920	0.150448	0.135069	0.159918	0.133137	0.124882	0.147083	
950	0.149362	0.149337	0.147318	0.142658	0.151013	0.134329	0.158972	0.130159	0.126727	0.146577	
955	0.148834	0.151265	0.145082	0.145138	0.152113	0.133807	0.161595	0.130392	0.125553	0.149163	
960	0.144624	0.151442	0.146475	0.146311	0.152553	0.133541	0.162520	0.129646	0.128439	0.147546	
965	0.146485	0.148107	0.146186	0.151043	0.152771	0.133734	0.162709	0.129259	0.128211	0.148038	
970	0.147295	0.150457	0.144428	0.150550	0.152835	0.133408	0.162076	0.129868	0.131936	0.149255	
975	0.143798	0.151057	0.153956	0.151844	0.153298	0.132422	0.160522	0.131867	0.132819	0.146261	
980	0.144259	0.152810	0.152512	0.149955	0.154339	0.132508	0.161729	0.129920	0.134195	0.145469	
985	0.143089	0.150479	0.153355	0.152493	0.152077	0.132003	0.162084	0.129738	0.138870	0.144760	
990	0.146606	0.148598	0.153662	0.149946	0.154035	0.129580	0.162498	0.129127	0.140391	0.146434	
995	0.148010	0.151289	0.153049	0.147689	0.156401	0.130198	0.162079	0.131414	0.138041	0.147080	
1000	0.148565	0.150737	0.152662	0.146253	0.155005	0.132344	0.162439	0.131992	0.138974	0.144462	
1005	0.148234	0.148250	0.151965	0.146887	0.156480	0.131964	0.164361	0.133253	0.138089	0.143182	
1010	0.148258	0.143174	0.155253	0.148408	0.155598	0.132159	0.166598	0.134010	0.138148	0.145165	
1015	0.143840	0.146663	0.156951	0.149512	0.155060	0.134158	0.164773	0.133617	0.136690	0.147939	
1020	0.145332	0.148063	0.160554	0.152743	0.150206	0.134032	0.162125	0.132244	0.136051	0.147981	
1025	0.141198	0.149402	0.161257	0.149060	0.149337	0.132475	0.161254	0.131742	0.138756	0.148568	
1030	0.139679	0.146832	0.159004	0.153982	0.149700	0.131961	0.161828	0.131790	0.138601	0.149970	
1035	0.139980	0.149571	0.157691	0.153937	0.148570	0.134728	0.163900	0.131893	0.139390	0.148985	
1040	0.145231	0.147291	0.152404	0.153893	0.147955	0.136604	0.161084	0.132962	0.137678	0.151634	
1045	0.143324	0.148505	0.152975	0.157330	0.147420	0.137550	0.162404	0.133352	0.138881	0.151175	
1050	0.144076	0.148934	0.151626	0.159145	0.148780	0.136102	0.159324	0.134568	0.139442	0.149127	
1055	0.146703	0.151401	0.150455	0.156774	0.148212	0.137459	0.159434	0.134748	0.136367	0.146929	
1060	0.148927	0.153898	0.149762	0.157153	0.148346	0.137625	0.157840	0.136017	0.137116	0.147121	
1065	0.144108	0.152471	0.149955	0.154352	0.151207	0.135558	0.158853	0.138137	0.138852	0.142324	
1070	0.145576	0.151457	0.151739	0.150101	0.151246	0.140429	0.159423	0.134823	0.140586	0.141301	
1075	0.141007	0.153073	0.147343	0.145297	0.150275	0.141247	0.160073	0.137467	0.140405	0.141453	
1080	0.137201	0.152602	0.147564	0.144937	0.149654	0.143261	0.160484	0.133262	0.137281	0.140374	
1085	0.135282	0.154803	0.144256	0.143693	0.147929	0.145979	0.162207	0.133993	0.141523	0.141692	
1090	0.132714	0.152979	0.144045	0.142480	0.142701	0.146674	0.160267	0.134880	0.142072	0.142429	
1095	0.131565	0.155218	0.150755	0.144203	0.140906	0.145174	0.159631	0.134426	0.141332	0.142780	
1100	0.131576	0.154869	0.149070	0.144556	0.142457	0.141850	0.156986	0.133493	0.141705	0.139667	
1105	0.134182	0.148904	0.147567	0.144088	0.142478	0.141247	0.158073	0.135447	0.140172	0.138824	
1110	0.131929	0.148173	0.147467	0.141102	0.142841	0.141742	0.156223	0.133683	0.140328	0.136797	
1115	0.129803	0.146480	0.146567	0.141717	0.143153	0.141596	0.155671	0.132884	0.143029	0.136634	
1120	0.131203	0.143789	0.145318	0.144993	0.139742	0.139902	0.159059	0.135620	0.144261	0.135567	
1125	0.134061	0.145925	0.148226	0.147567	0.139568	0.138427	0.157987	0.133933	0.141995	0.134865	
1130	0.131711	0.144420	0.147775	0.149087	0.137530	0.142652	0.157312	0.136079	0.145047	0.134707	
1135	0.130456	0.147454	0.151838	0.146898	0.137823	0.140994	0.155158	0.134026	0.143510	0.135929	
1140	0.132993	0.148238	0.150151	0.146963	0.137364	0.145634	0.153866	0.133887	0.148115	0.134623	
1145	0.134009	0.148676	0.151307	0.146256	0.136455	0.147776	0.150661	0.135828	0.148485	0.136806	
1150	0.137466	0.149400	0.153558	0.148675	0.131486	0.149256	0.153146	0.133964	0.148319	0.132397	
1155	0.137965	0.153901	0.156149	0.148350	0.128038	0.150688	0.151556	0.132441	0.151945	0.133748	
1160	0.135925	0.156118	0.154903	0.148206	0.126451	0.148244	0.146637	0.134861	0.150752	0.134479	
1165	0.138504	0.151984	0.153922	0.145963	0.124330	0.148360	0.147773	0.132999	0.150589	0.137064	
1170	0.138722	0.150328	0.155535	0.144520	0.124531	0.149324	0.147981	0.134791	0.149066	0.135110	
1175	0.142410	0.152769	0.154009	0.143368	0.126114	0.148619	0.146702	0.131770	0.150561	0.135158	
1180	0.144976	0.151150	0.155877	0.140221	0.127249	0.148459	0.142719	0.136297	0.151931	0.135770	
1185	0.143277	0.154944	0.155773	0.140753	0.126452	0.149835	0.146942	0.134029	0.151613	0.136696	
1190	0.149513	0.153821	0.154176	0.138945	0.128130	0.152078	0.145452	0.137333	0.153898	0.136323	
1195	0.150590	0.153521	0.152433	0.139462	0.129680	0.152674	0.145509	0.140096	0.152830	0.133978	
1200	0.150053	0.151919	0.152806	0.140195	0.129693	0.154123	0.146861	0.139639	0.153745	0.132870	
1205	0.149271	0.154897	0.151404	0.137621	0.127264	0.153937	0.146259	0.137739	0.150501	0.132846	
1210	0.151788	0.152903	0.149686	0.136607	0.126310	0.153769	0.145791	0.142510	0.147543	0.133276	
1215	0.147675	0.155460	0.148957	0.135896	0.124071	0.155685	0.145005	0.142986	0.147122	0.131921	
1220	0.148636	0.152092	0.150393	0.137038	0.126683	0.155885	0.144422	0.141240	0.146607	0.132148	
1225	0.147529	0.152731	0.149160	0.136897	0.128272	0.155751	0.149144	0.139433	0.153041	0.133202	
1230	0.151205	0.156046	0.150927	0.136444	0.129568	0.152943	0.146140	0.139930	0.152869	0.136091	
1235	0.152375	0.153853	0.148044	0.137128	0.132158	0.154704	0.144693	0.140006	0.150168	0.140029	
1240	0.151726	0.152895	0.144115	0.136884	0.131725	0.154410	0.147026	0.143321	0.146174	0.139642	
1245	0.149505	0.155609	0.144577	0.136625	0.130937	0.150644	0.149995	0.144346	0.147408	0.137635	
1250	0.150077	0.154074	0.142561	0.139489	0.133978	0.147221	0.150786	0.142664	0.148602	0.139668	
1255	0.151411	0.151317	0.140354	0.138977	0.135759	0.146138	0.149365	0.144246	0.146355	0.140079	
1260	0.154380	0.152527	0.141118	0.140880	0.135423	0.146366	0.143724	0.142507	0.145120	0.138190	
1265	0.154585	0.150242	0.139631	0.137628	0.137866	0.145376	0.147094	0.140954	0.147505	0.140813	
1270	0.153667	0.149782	0.139709	0.136882	0.138032	0.149479	0.148961	0.141902	0.148384	0.139427	
1275	0.152767	0.150723	0.139339	0.134332	0.141841	0.149469	0.147020	0.136827	0.149833	0.136785	
1280	0.156198	0.149098	0.140784	0.135658	0.142921	0.148042	0.149012	0.137918	0.152375	0.132575	
1285	0.156196	0.149330	0.138755	0.135319	0.144854	0.148054	0.148874	0.138669	0.150197	0.135253	
1290	0.155691	0.148663	0.139979	0.139047	0.144749	0.146399	0.150147	0.138021	0.152914	0.135539	
1295	0.154314	0.147693	0.141307	0.139022	0.143513	0.144010	0.147710	0.142501	0.153933	0.137682	
1300	0.152228	0.145530	0.140439	0.139894	0.142392	0.144276	0.149399	0.145371	0.154053	0.142038	
1305	0.153698	0.147930	0.138621	0.140945	0.142229	0.143790	0.151529	0.143303	0.151999	0.143372	
1310	0.152980	0.153941	0.138916	0.140442	0.141111	0.137446	0.149628	0.146170	0.153975	0.141358	
1315	0.155449	0.150892	0.139197	0.140990	0.144561	0.135850	0.151640	0.143691	0.154757	0.140829	
1320	0.156335	0.146806	0.137705	0.141321	0.142785	0.138292	0.151144	0.143018	0.154811	0.139947	
1325	0.155025	0.147076	0.139196	0.138771	0.147481	0.138404	0.152817	0.141905	0.154046	0.139481	
1330	0.156235	0.147390	0.139741	0.143072	0.150421	0.136713	0.151511	0.139359	0.154606	0.136913	
1335	0.156925	0.150504	0.142081	0.142530	0.149867	0.137907	0.146784	0.141323	0.155132	0.135196	
1340	0.154921	0.154586	0.140478	0.142458	0.148090	0.134379	0.150118	0.136515	0.153987	0.133414	
1345	0.153431	0.154193	0.140760	0.145568	0.146339	0.134011	0.150600	0.138598	0.153572	0.131266	
1350	0.153977	0.152798	0.139392	0.147860	0.146929	0.133706	0.150748	0.136013	0.153170	0.128691	
1355	0.152213	0.151390	0.141864	0.148009	0.147556	0.134738	0.150340	0.137782	0.152801	0.128703	
1360	0.154417	0.154477	0.141599	0.147455	0.143682	0.131036	0.150145	0.136128	0.151095	0.126689	
1365	0.155552	0.158074	0.143394	0.144609	0.143758	0.130809	0.146505	0.136643	0.151218	0.124408	
1370	0.154560	0.162303	0.138182	0.148312	0.143446	0.132408	0.147215	0.137407	0.154240	0.125000	
1375	0.153180	0.160544	0.139848	0.155154	0.142212	0.131427	0.144826	0.135706	0.153652	0.123258	
1380	0.151938	0.160909	0.138478	0.151026	0.146861	0.135921	0.147384	0.134890	0.155692	0.122700	
1385	0.151776	0.163286	0.137360	0.152973	0.146286	0.137887	0.147078	0.136903	0.154969	0.120596	
1390	0.153330	0.165272	0.140078	0.149265	0.149176	0.136620	0.145128	0.133924	0.154427	0.122132	
1395	0.153242	0.166804	0.144794	0.151049	0.151110	0.141351	0.143287	0.134890	0.149191	0.122942	
1400	0.154097	0.163938	0.143990	0.151274	0.155368	0.142322	0.144447	0.135307	0.149903	0.123436	
1405	0.156373	0.164964	0.146360	0.151309	0.151128	0.142435	0.147374	0.134232	0.148005	0.122426	
1410	0.152653	0.167931	0.145802	0.152877	0.150603	0.141469	0.147464	0.135670	0.149189	0.121710	
1415	0.152071	0.166786	0.143589	0.154725	0.149817	0.143440	0.145605	0.138178	0.150418	0.120237	
1420	0.148551	0.168579	0.144521	0.152804	0.147958	0.146502	0.142293	0.143236	0.152049	0.121939	
1425	0.149733	0.170218	0.142776	0.153537	0.149675	0.144632	0.146441	0.147228	0.150572	0.124087	
1430	0.149675	0.170235	0.141857	0.152239	0.145749	0.141755	0.146614	0.146720	0.151213	0.123310	
1435	0.149190	0.170549	0.141510	0.152943	0.146514	0.140596	0.145076	0.143837	0.153654	0.124485	
1440	0.150946	0.170243	0.141592	0.156342	0.144965	0.141691	0.146066	0.145447	0.150496	0.123091	
1445	0.150061	0.165582	0.140549	0.153035	0.146198	0.141661	0.141155	0.144384	0.149570	0.123636	
1450	0.153033	0.165427	0.141772	0.155272	0.146765	0.143248	0.143856	0.141531	0.150641	0.125019	
1455	0.154032	0.162112	0.144759	0.157631	0.145286	0.144021	0.144759	0.140599	0.147314	0.127011	
1460	0.157044	0.165144	0.145293	0.159014	0.146576	0.146782	0.143249	0.144194	0.148339	0.127657	
1465	0.155342	0.162001	0.148455	0.155544	0.144557	0.147755	0.143841	0.147474	0.144016	0.125073	
1470	0.158924	0.162279	0.151227	0.154682	0.149091	0.145533	0.144847	0.143977	0.145207	0.127042	
1475	0.156908	0.160714	0.154154	0.156051	0.148361	0.143782	0.147890	0.144416	0.142685	0.125362	
1480	0.158240	0.159203	0.154459	0.156214	0.147309	0.144721	0.146570	0.147504	0.143321	0.123766	
1485	0.155212	0.159021	0.153748	0.157992	0.146099	0.140844	0.144754	0.148349	0.142735	0.124765	
1490	0.155734	0.162035	0.153737	0.160404	0.142889	0.138977	0.145103	0.148175	0.144983	0.124918	
1495	0.155929	0.160913	0.154007	0.155660	0.146300	0.141424	0.143917	0.146813	0.140204	0.125513	
1500	0.154614	0.160492	0.150594	0.154517	0.145090	0.142026	0.146461	0.149301	0.136432	0.126570	
1505	0.155902	0.160564	0.146382	0.151111	0.146928	0.143607	0.149264	0.150598	0.140563	0.123124	
1510	0.156021	0.162081	0.144684	0.151512	0.148931	0.142284	0.147758	0.147002	0.139784	0.122423	
1515	0.152046	0.162321	0.143267	0.151363	0.146959	0.145025	0.147016	0.149175	0.141716	0.124171	
1520	0.149556	0.161027	0.140642	0.153110	0.148387	0.146883	0.148031	0.149045	0.138481	0.126683	
1525	0.153129	0.157681	0.141081	0.151622	0.145247	0.147161	0.148580	0.152512	0.142276	0.129321	
1530	0.154161	0.156499	0.141602	0.152302	0.148885	0.150744	0.145724	0.151237	0.142247	0.129601	
1535	0.152973	0.157627	0.141771	0.149121	0.151266	0.147727	0.146154	0.151573	0.147291	0.127212	
1540	0.157215	0.159273	0.142886	0.151909	0.152860	0.144680	0.144757	0.148987	0.150014	0.129854	
1545	0.152999	0.162521	0.144202	0.150535	0.154623	0.150224	0.144852	0.146232	0.154298	0.131389	
1550	0.154842	0.159248	0.145053	0.151276	0.151560	0.150591	0.143299	0.148912	0.157864	0.133592	
1555	0.153098	0.162500	0.145722	0.150314	0.151199	0.152179	0.140647	0.147389	0.154639	0.133744	
1560	0.156055	0.161197	0.148207	0.150778	0.150536	0.153529	0.140910	0.145017	0.154657	0.130513	
1565	0.155370	0.159820	0.146316	0.151350	0.152862	0.150188	0.141867	0.142251	0.152466	0.132539	
1570	0.155597	0.153505	0.148742	0.150643	0.151268	0.152320	0.141750	0.141365	0.157277	0.134268	
1575	0.156410	0.156286	0.150473	0.148420	0.148904	0.150105	0.143347	0.142379	0.156084	0.132783	
1580	0.154427	0.154217	0.148310	0.147446	0.145743	0.149796	0.146348	0.143007	0.155934	0.135848	
1585	0.152427	0.152427	0.146205	0.146232	0.146867	0.149564	0.147342	0.142857	0.153184	0.137194	
1590	0.152935	0.152950	0.148493	0.148277	0.148205	0.148997	0.147311	0.145959	0.157337	0.139175	
1595	0.152524	0.153752	0.146833	0.153364	0.143991	0.148265	0.144266	0.143571	0.158046	0.145065	
1600	0.148059	0.153272	0.146565	0.152141	0.141511	0.146295	0.142883	0.146765	0.158384	0.144849	
1605	0.145604	0.157139	0.143465	0.151277	0.140439	0.148272	0.140782	0.145670	0.158977	0.146429	
1610	0.142953	0.158714	0.144463	0.150063	0.142504	0.149146	0.142842	0.147192	0.159109	0.145129	
1615	0.145553	0.159415	0.145648	0.150830	0.144416	0.151002	0.141513	0.147904	0.156000	0.146644	
1620	0.146297	0.155133	0.143141	0.150157	0.145645	0.150842	0.139742	0.148795	0.157046	0.145392	
1625	0.145314	0.158867	0.144101	0.151387	0.145890	0.149364	0.138226	0.148444	0.153461	0.147284	
1630	0.147300	0.160817	0.146797	0.150759	0.145920	0.148251	0.140125	0.149878	0.153159	0.146725	
1635	0.147196	0.162481	0.149672	0.146792	0.144459	0.147676	0.142366	0.155583	0.151749	0.146544	
1640	0.150965	0.161099	0.148230	0.144374	0.141262	0.148385	0.140733	0.155456	0.148403	0.146159	
1645	0.150643	0.159247	0.147186	0.142115	0.140902	0.146968	0.139838	0.153256	0.149309	0.154359	
1650	0.152647	0.156769	0.145926	0.144775	0.142118	0.146266	0.141493	0.153412	0.149180	0.156570	
1655	0.150183	0.159765	0.145753	0.142872	0.142585	0.143571	0.143248	0.152437	0.146309	0.160908	
1660	0.149502	0.157989	0.149828	0.142282	0.138920	0.143711	0.143114	0.153248	0.147511	0.158974	
1665	0.150172	0.159707	0.148358	0.142031	0.140973	0.143809	0.142807	0.149763	0.148516	0.158373	
1670	0.149949	0.157497	0.144792	0.145627	0.140724	0.145082	0.141460	0.151234	0.146931	0.155798	
1675	0.147347	0.158594	0.146284	0.143758	0.137798	0.145803	0.142663	0.151874	0.147689	0.154090	
1680	0.143204	0.159556	0.143061	0.143766	0.138162	0.147478	0.141764	0.152328	0.147652	0.157741	
1685	0.140784	0.157259	0.143525	0.141441	0.137563	0.149461	0.145202	0.149143	0.143566	0.156918	
1690	0.141988	0.158801	0.145444	0.140715	0.138964	0.150464	0.145579	0.150617	0.144024	0.156440	
1695	0.143530	0.158503	0.141478	0.142510	0.137546	0.148295	0.144652	0.147674	0.147938	0.157696	
1700	0.146087	0.157247	0.141794	0.143859	0.137500	0.146612	0.147674	0.148248	0.146701	0.155635	
1705	0.143097	0.158016	0.144764	0.146176	0.137260	0.145218	0.152905	0.147676	0.146753	0.157724	
1710	0.143696	0.155334	0.143143	0.143746	0.137312	0.146579	0.154104	0.148571	0.147485	0.155070	
1715	0.143564	0.153541	0.144616	0.144358	0.135910	0.145454	0.151627	0.148542	0.147249	0.153182	
1720	0.144662	0.150326	0.143751	0.146485	0.136352	0.148646	0.152689	0.150996	0.147162	0.153932	
1725	0.142849	0.151395	0.141540	0.144561	0.133585	0.148037	0.149210	0.150625	0.144924	0.156546	
1730	0.146602	0.154974	0.140277	0.142288	0.136090	0.149831	0.150943	0.151978	0.143964	0.157625	
1735	0.146868	0.156600	0.142383	0.140341	0.134857	0.146611	0.147517	0.154460	0.144398	0.157387	
1740	0.146539	0.154685	0.144098	0.141475	0.136526	0.146218	0.150040	0.155329	0.142675	0.154240	
1745	0.144841	0.151776	0.145900	0.136786	0.135797	0.145969	0.148863	0.153344	0.144792	0.152629	
1750	0.147015	0.151909	0.144705	0.138081	0.136376	0.141608	0.148400	0.156255	0.143263	0.154935	
1755	0.144425	0.152374	0.149397	0.137893	0.134179	0.142961	0.147899	0.153417	0.140313	0.152457	
1760	0.145048	0.150461	0.146037	0.138670	0.135194	0.144034	0.151241	0.155070	0.142036	0.150414	
1765	0.143407	0.147743	0.144192	0.136191	0.137191	0.144168	0.151077	0.154642	0.140807	0.147615	
1770	0.140533	0.150145	0.143440	0.132808	0.141586	0.141576	0.151200	0.152209	0.143408	0.147746	
1775	0.140040	0.149562	0.142160	0.134872	0.141841	0.138629	0.148278	0.150141	0.144679	0.150913	
1780	0.140279	0.147025	0.140459	0.136408	0.137725	0.136440	0.148283	0.149636	0.144790	0.150439	
1785	0.141621	0.147083	0.140297	0.136890	0.134688	0.138189	0.148256	0.148903	0.141124	0.148740	
1790	0.139381	0.147059	0.140753	0.139282	0.135208	0.137318	0.148354	0.150337	0.144466	0.145097	
1795	0.139764	0.149143	0.139960	0.143141	0.134647	0.137966	0.147247	0.148920	0.145096	0.144752	
1800	0.139710	0.148897	0.141084	0.141814	0.136198	0.137703	0.147802	0.145845	0.145097	0.144458	
1805	0.141230	0.149428	0.141750	0.138823	0.139174	0.144319	0.148836	0.143813	0.144705	0.143127	
1810	0.137962	0.149201	0.142351	0.137989	0.141610	0.139702	0.146937	0.140826	0.143481	0.143063	
1815	0.138746	0.147160	0.144238	0.137969	0.142475	0.140114	0.148905	0.140670	0.143342	0.144974	
1820	0.138966	0.147644	0.143930	0.141002	0.140525	0.140342	0.148592	0.141877	0.143234	0.144268	
1825	0.141551	0.146730	0.141658	0.137621	0.139374	0.141455	0.144505	0.141561	0.140521	0.147915	
1830	0.140604	0.147253	0.141611	0.143070	0.141465	0.143459	0.145269	0.142840	0.142768	0.144824	
1835	0.144199	0.147159	0.139588	0.143857	0.141773	0.143184	0.147185	0.142338	0.145394	0.142803	
1840	0.144877	0.148953	0.141358	0.145027	0.139347	0.142748	0.147019	0.146242	0.145757	0.140889	
1845	0.143814	0.143907	0.141431	0.143324	0.140200	0.141139	0.145687	0.151403	0.147089	0.139803	
1850	0.143872	0.144186	0.140929	0.142294	0.139576	0.144736	0.143326	0.155545	0.149277	0.136828	
1855	0.148985	0.142375	0.141550	0.139964	0.142902	0.148114	0.140839	0.151591	0.146794	0.136644	
1860	0.146463	0.141181	0.140044	0.140188	0.145009	0.145245	0.139336	0.151484	0.144545	0.138427	
1865	0.148225	0.142320	0.144251	0.140385	0.145651	0.143418	0.139177	0.152099	0.143275	0.137097	
1870	0.151502	0.141826	0.148858	0.140723	0.143255	0.139925	0.139437	0.151481	0.144104	0.141952	
1875	0.155714	0.141889	0.148714	0.143125	0.142153	0.140068	0.138535	0.150815	0.144822	0.142539	
1880	0.155557	0.139984	0.145083	0.139695	0.143944	0.139722	0.140508	0.149579	0.144046	0.141106	
1885	0.158565	0.137009	0.143119	0.143981	0.144059	0.137659	0.137820	0.148859	0.145464	0.141315	
1890	0.160143	0.140525	0.143671	0.142902	0.144634	0.136107	0.138094	0.148954	0.148859	0.139964	
1895	0.159978	0.140007	0.142479	0.145704	0.141995	0.131965	0.137373	0.149345	0.150451	0.142639	
1900	0.159691	0.141397	0.141715	0.141985	0.144503	0.134558	0.138061	0.150928	0.150043	0.146256	
1905	0.161878	0.144309	0.140698	0.141270	0.145552	0.137694	0.138908	0.152366	0.149741	0.147474	
1910	0.162536	0.146034	0.143995	0.143202	0.145903	0.135717	0.140700	0.153793	0.148873	0.144779	
1915	0.162604	0.144166	0.144814	0.142355	0.147621	0.137157	0.139845	0.153740	0.146158	0.145884	
1920	0.163015	0.140554	0.147545	0.143558	0.153022	0.136123	0.140444	0.152599	0.143896	0.148057	
1925	0.166345	0.139522	0.144957	0.143944	0.154424	0.136693	0.140119	0.149036	0.144967	0.148755	
1930	0.162740	0.137046	0.146834	0.144095	0.154628	0.136738	0.142696	0.148345	0.146233	0.148470	
1935	0.161854	0.136742	0.147146	0.146241	0.153678	0.135915	0.141828	0.146271	0.147014	0.150199	
1940	0.163854	0.138218	0.147657	0.148549	0.155838	0.135736	0.142053	0.145957	0.148390	0.148940	
1945	0.162726	0.138968	0.144749	0.152079	0.156048	0.135483	0.140623	0.149593	0.149268	0.147423	
1950	0.161931	0.139108	0.143074	0.153051	0.156961	0.134183	0.139603	0.152455	0.151535	0.147727	
1955	0.165894	0.142735	0.144623	0.156385	0.157389	0.133998	0.140200	0.151064	0.152896	0.149537	
1960	0.164513	0.147825	0.142594	0.153801	0.158590	0.133837	0.139138	0.150437	0.154140	0.150920	
1965	0.159531	0.147570	0.142281	0.155008	0.160121	0.135090	0.138859	0.147711	0.153692	0.150736	
1970	0.160557	0.151418	0.142537	0.155677	0.160107	0.135476	0.136172	0.145672	0.152061	0.155421	
1975	0.163531	0.149610	0.141287	0.155019	0.163329	0.135520	0.134460	0.146827	0.149940	0.154882	
1980	0.166469	0.154772	0.138176	0.154434	0.166500	0.133658	0.129778	0.148734	0.149704	0.152820	
1985	0.165609	0.150890	0.139667	0.153465	0.169780	0.133741	0.129420	0.147850	0.147089	0.152878	
1990	0.165061	0.154479	0.141324	0.156307	0.164871	0.134144	0.131133	0.148492	0.141870	0.154318	
1995	0.164745	0.154235	0.143965	0.158016	0.161546	0.128915	0.131487	0.153616	0.140281	0.154467	
2000	0.166162	0.153624	0.145961	0.156812	0.161714	0.129666	0.132484	0.155450	0.140256	0.153431	
2005	0.171224	0.153420	0.146808	0.155804	0.157781	0.130197	0.133215	0.154711	0.142326	0.155675	
2010	0.169018	0.152950	0.149006	0.152422	0.156337	0.128002	0.133205	0.155108	0.140450	0.154192	
2015	0.168057	0.152081	0.148202	0.149055	0.154730	0.129252	0.133356	0.153514	0.140851	0.153075	
2020	0.165154	0.153691	0.149869	0.149577	0.152062	0.131023	0.134736	0.153996	0.139163	0.153166	
2025	0.164159	0.153268	0.149746	0.148057	0.153054	0.132283	0.135936	0.155195	0.138244	0.154924	
2030	0.163668	0.156780	0.150131	0.148286	0.152070	0.132524	0.136479	0.154997	0.142269	0.153686	
2035	0.160378	0.157249	0.147286	0.149078	0.152212	0.130072	0.142500	0.156284	0.141115	0.157043	
2040	0.159824	0.158801	0.148184	0.149005	0.148257	0.133155	0.144411	0.154291	0.142014	0.159059	
2045	0.157414	0.158000	0.149134	0.150737	0.146688	0.137539	0.145745	0.153905	0.143919	0.159362	
2050	0.158514	0.156524	0.150831	0.149717	0.143971	0.139095	0.145911	0.156913	0.147215	0.158329	
2055	0.160649	0.158643	0.150876	0.150933	0.142590	0.139203	0.147092	0.156713	0.148679	0.160432	
2060	0.161322	0.156791	0.150847	0.149270	0.142591	0.137175	0.146774	0.157455	0.146165	0.159395	
2065	0.163637	0.158210	0.152954	0.147510	0.142633	0.144925	0.145908	0.155885	0.147429	0.157069	
2070	0.163100	0.154901	0.155811	0.148516	0.144557	0.145559	0.142432	0.153626	0.146349	0.161407	
2075	0.165543	0.155410	0.152811	0.151008	0.143570	0.149380	0.140357	0.153680	0.144138	0.160551	
2080	0.167262	0.153441	0.156024	0.149750	0.142436	0.151293	0.140028	0.155719	0.146904	0.162765	
2085	0.165330	0.154743	0.153222	0.149642	0.141276	0.149036	0.138869	0.154212	0.146719	0.164606	
2090	0.162303	0.155475	0.152301	0.150219	0.142638	0.149826	0.140858	0.156221	0.148875	0.165376	
2095	0.162719	0.156923	0.151461	0.150678	0.147358	0.151366	0.142187	0.154399	0.147736	0.165832	
2100	0.163741	0.156441	0.153518	0.149773	0.148743	0.154789	0.139997	0.156266	0.146870	0.167374	
2105	0.163496	0.154301	0.155866	0.145369	0.149201	0.155170	0.137768	0.156422	0.145681	0.162278	
2110	0.161567	0.155234	0.153926	0.146729	0.145548	0.156504	0.139490	0.156492	0.148269	0.162345	
2115	0.158284	0.155129	0.153630	0.147839	0.146051	0.156646	0.138753	0.156132	0.146141	0.161008	
2120	0.155963	0.153136	0.153057	0.149920	0.145717	0.155955	0.143600	0.159449	0.146246	0.161230	
2125	0.155493	0.150222	0.153077	0.149069	0.147013	0.155252	0.145097	0.160846	0.145808	0.158821	
2130	0.157974	0.150648	0.151647	0.148904	0.145450	0.154818	0.143752	0.159537	0.146977	0.159780	
2135	0.159297	0.145239	0.154411	0.147760	0.142839	0.153707	0.140820	0.159408	0.145743	0.159663	
2140	0.158316	0.143930	0.157222	0.149823	0.141011	0.154161	0.139040	0.157350	0.143720	0.158185	
2145	0.158664	0.143377	0.157795	0.147513	0.139769	0.155393	0.140513	0.156715	0.147364	0.160684	
2150	0.158075	0.141976	0.157546	0.149311	0.140218	0.153475	0.140940	0.155488	0.147211	0.159889	
2155	0.158299	0.142001	0.155662	0.147754	0.141474	0.150535	0.144939	0.152814	0.149479	0.157791	
2160	0.157723	0.142280	0.151104	0.150557	0.140307	0.153068	0.144319	0.152949	0.151072	0.156439	
2165	0.156345	0.140624	0.151462	0.151148	0.142306	0.157291	0.144670	0.155232	0.148454	0.158594	
2170	0.156072	0.143508	0.151346	0.151390	0.142657	0.156106	0.143860	0.153762	0.151105	0.158465	
2175	0.154007	0.143457	0.151686	0.148706	0.142590	0.155982	0.144919	0.154647	0.150036	0.160953	
2180	0.151911	0.141723	0.152491	0.148334	0.143477	0.151075	0.143370	0.155174	0.148007	0.161617	
2185	0.150188	0.143766	0.151923	0.144947	0.144965	0.152796	0.143767	0.151968	0.147324	0.159628	
2190	0.151053	0.147259	0.146990	0.149299	0.147799	0.155069	0.142306	0.153235	0.147344	0.161321	
2195	0.154426	0.144090	0.151760	0.146573	0.146988	0.153822	0.142977	0.150759	0.144144	0.159425	
2200	0.150040	0.145734	0.157559	0.142710	0.143627	0.155342	0.144171	0.152757	0.145652	0.162710	
2205	0.149394	0.146114	0.158938	0.141903	0.145785	0.153935	0.147076	0.151623	0.149184	0.163412	
2210	0.146781	0.144790	0.155397	0.141160	0.146021	0.157114	0.145728	0.150699	0.150653	0.164415	
2215	0.142500	0.144247	0.160182	0.141922	0.148122	0.157317	0.143977	0.149597	0.151796	0.163587	
2220	0.143343	0.144906	0.161461	0.142780	0.146106	0.155753	0.142046	0.147308	0.150824	0.162959	
2225	0.145648	0.146512	0.158936	0.141953	0.149618	0.157389	0.142633	0.147365	0.151776	0.159704	
2230	0.145230	0.145767	0.160578	0.143239	0.152260	0.156437	0.145005	0.145882	0.150500	0.161665	
2235	0.145087	0.144748	0.162220	0.141027	0.155640	0.159702	0.146424	0.145974	0.152732	0.157869	
2240	0.146030	0.146928	0.160999	0.143592	0.156607	0.160221	0.146134	0.140433	0.152828	0.156529	
2245	0.143981	0.150194	0.158526	0.144763	0.156411	0.160089	0.148382	0.143613	0.152601	0.157979	
2250	0.147855	0.152484	0.156553	0.143454	0.153719	0.161753	0.148453	0.145842	0.151803	0.159341	
2255	0.149938	0.153514	0.156781	0.138654	0.156034	0.156929	0.149404	0.144848	0.148904	0.159930	
2260	0.148030	0.150528	0.154844	0.142888	0.155951	0.155484	0.147802	0.145516	0.147093	0.160606	
2265	0.144182	0.153284	0.150567	0.141197	0.158583	0.154303	0.149606	0.145410	0.150178	0.156552	
2270	0.146370	0.154027	0.151561	0.139616	0.160013	0.146785	0.143923	0.148003	0.153267	0.157320	
2275	0.149770	0.154422	0.146606	0.141011	0.160745	0.145596	0.137644	0.149173	0.152184	0.154685	
2280	0.151277	0.155842	0.148512	0.140576	0.162260	0.142502	0.136401	0.149962	0.152313	0.156874	
2285	0.150751	0.158634	0.145786	0.141609	0.159380	0.140808	0.137179	0.152736	0.153186	0.153962	
2290	0.149870	0.162032	0.147637	0.139235	0.156668	0.137934	0.139923	0.150707	0.153107	0.150728	
2295	0.150635	0.163395	0.148061	0.141871	0.156358	0.137646	0.138474	0.151622	0.155928	0.153819	
2300	0.149626	0.164024	0.147974	0.144085	0.156187	0.136750	0.138953	0.154585	0.155920	0.156163	
2305	0.149626	0.159751	0.147423	0.143616	0.157554	0.140125	0.134689	0.154320	0.156610	0.158101	
2310	0.150039	0.159308	0.144913	0.142645	0.156060	0.140643	0.132861	0.153666	0.155807	0.152844	
2315	0.155543	0.154511	0.146200	0.142517	0.152910	0.137421	0.131736	0.155316	0.154729	0.156823	
2320	0.155404	0.156244	0.143436	0.141320	0.151754	0.140378	0.132865	0.157152	0.155274	0.157215	
2325	0.157708	0.156260	0.141097	0.136650	0.149402	0.136379	0.132724	0.154179	0.159155	0.153987	
2330	0.155572	0.157696	0.142133	0.136822	0.151111	0.137675	0.132178	0.152309	0.157735	0.152935	
2335	0.154576	0.157785	0.139676	0.136329	0.155462	0.136333	0.130533	0.157301	0.156762	0.152451	
2340	0.158807	0.156525	0.139627	0.136074	0.158813	0.138546	0.133548	0.153633	0.155916	0.152099	
2345	0.160514	0.153739	0.139706	0.134357	0.160797	0.137976	0.135079	0.155510	0.152944	0.153637	
2350	0.155977	0.154405	0.138838	0.133243	0.157624	0.136594	0.137961	0.152924	0.150196	0.157175	
2355	0.153948	0.152936	0.140243	0.136646	0.156861	0.137210	0.135339	0.152797	0.152149	0.156738	
2360	0.152073	0.152945	0.139963	0.134801	0.152955	0.139107	0.137227	0.155541	0.151260	0.158233	
2365	0.153704	0.154202	0.139200	0.137501	0.151963	0.140124	0.135587	0.155692	0.151774	0.159222	
2370	0.155525	0.153718	0.144444	0.139388	0.155892	0.139516	0.137449	0.152004	0.153141	0.158758	
2375	0.157727	0.152658	0.142972	0.139768	0.153870	0.141853	0.141647	0.149126	0.149837	0.159189	
2380	0.154441	0.151826	0.143316	0.139336	0.156707	0.143808	0.142358	0.150625	0.149325	0.160336	
2385	0.152672	0.148508	0.144078	0.138715	0.157384	0.147859	0.144005	0.154012	0.146828	0.161071	
2390	0.154055	0.146423	0.146927	0.136877	0.156179	0.145433	0.143765	0.155506	0.147204	0.160251	
2395	0.153214	0.146043	0.146770	0.137318	0.152414	0.146035	0.144259	0.155884	0.149750	0.162315	
2400	0.153494	0.148824	0.145531	0.135983	0.152554	0.146462	0.148401	0.153204	0.147705	0.164291	
2405	0.154572	0.148040	0.142976	0.137370	0.148851	0.146892	0.148650	0.152472	0.147275	0.164161	
2410	0.154234	0.143244	0.143809	0.137680	0.147305	0.144790	0.151260	0.150166	0.144921	0.165104	
2415	0.150082	0.141190	0.143504	0.138234	0.144056	0.143320	0.149742	0.148727	0.146372	0.163593	
2420	0.150396	0.142883	0.146277	0.136768	0.143726	0.142656	0.151024	0.148452	0.144967	0.162164	
2425	0.154145	0.141133	0.144050	0.138288	0.141580	0.142623	0.149290	0.145705	0.146155	0.158278	
2430	0.153477	0.141355	0.145117	0.140153	0.140461	0.144406	0.150543	0.143917	0.149842	0.152984	
2435	0.154850	0.139578	0.146972	0.140798	0.147921	0.145469	0.147023	0.143527	0.150079	0.150789	
2440	0.154960	0.140068	0.145644	0.142248	0.149806	0.145050	0.149701	0.142148	0.147174	0.148285	
2445	0.153754	0.141178	0.145938	0.137679	0.149514	0.146014	0.147410	0.140720	0.149880	0.148100	
2450	0.152937	0.140980	0.144816	0.134921	0.150205	0.145113	0.145206	0.139055	0.147774	0.149466	
2455	0.152346	0.148028	0.144721	0.137597	0.152505	0.145515	0.143635	0.137837	0.148882	0.150511	
2460	0.155579	0.148799	0.146431	0.137449	0.154812	0.145419	0.143052	0.138220	0.146647	0.152576	
2465	0.157361	0.149084	0.148084	0.136233	0.152721	0.144285	0.144120	0.140482	0.148794	0.153618	
2470	0.157716	0.150726	0.148106	0.135638	0.153095	0.148954	0.141370	0.139726	0.150477	0.153221	
2475	0.153437	0.153344	0.147865	0.136577	0.154091	0.150106	0.138873	0.139808	0.150045	0.153379	
2480	0.153003	0.152070	0.147763	0.132299	0.155679	0.152898	0.136783	0.139636	0.150917	0.154288	
2485	0.151305	0.155104	0.148988	0.135482	0.154541	0.152052	0.139052	0.139041	0.150618	0.155398	
2490	0.148546	0.156396	0.147273	0.135413	0.155123	0.152051	0.141788	0.139282	0.150784	0.153554	
2495	0.150764	0.156035	0.150346	0.132215	0.159365	0.148307	0.139705	0.137085	0.152642	0.153606	
2500	0.149095	0.157854	0.151026	0.130242	0.158754	0.148038	0.139598	0.135481	0.155017	0.155458	
2505	0.148160	0.159133	0.149771	0.132221	0.159035	0.151202	0.138184	0.136605	0.154540	0.155106	
2510	0.144891	0.157791	0.149772	0.131301	0.160411	0.152092	0.139836	0.134645	0.153571	0.155389	
2515	0.142483	0.156853	0.149945	0.133444	0.160568	0.150503	0.139178	0.135086	0.154197	0.158763	
2520	0.141381	0.157328	0.149597	0.132794	0.162423	0.150943	0.142419	0.137891	0.152038	0.161179	
2525	0.142103	0.157013	0.147219	0.134536	0.158832	0.153550	0.143082	0.136723	0.151206	0.159660	
2530	0.141981	0.156289	0.150014	0.131051	0.153172	0.150966	0.141245	0.136192	0.151051	0.157819	
2535	0.144342	0.157545	0.151661	0.130898	0.154153	0.149450	0.143602	0.137891	0.150213	0.156255	
2540	0.144075	0.155823	0.151040	0.131046	0.155126	0.146331	0.142854	0.136339	0.150543	0.153955	
2545	0.143649	0.155264	0.149003	0.134661	0.158206	0.145428	0.144528	0.137322	0.152970	0.150717	
2550	0.140673	0.154563	0.149458	0.132545	0.157488	0.145282	0.145207	0.131023	0.153314	0.149659	
2555	0.142357	0.159041	0.151424	0.134930	0.154355	0.144056	0.145829	0.132819	0.151660	0.151123	
2560	0.144525	0.157633	0.148017	0.134904	0.152048	0.142088	0.145046	0.133586	0.151097	0.151811	
2565	0.145042	0.156826	0.145522	0.136368	0.151030	0.143949	0.143829	0.136868	0.147816	0.150793	
2570	0.145308	0.158142	0.144093	0.134007	0.150138	0.140100	0.142542	0.135446	0.147131	0.151533	
2575	0.145970	0.155489	0.148145	0.133215	0.150406	0.140188	0.145980	0.136063	0.148244	0.153847	
2580	0.146345	0.153130	0.147741	0.132794	0.150429	0.142340	0.149416	0.132813	0.149007	0.153733	
2585	0.140217	0.151909	0.148613	0.131850	0.148251	0.137738	0.147247	0.135529	0.151166	0.151548	
2590	0.138254	0.149718	0.148540	0.130094	0.146662	0.138769	0.147175	0.133944	0.154361	0.152063	
2595	0.138392	0.150961	0.146682	0.129291	0.146164	0.138646	0.146335	0.135636	0.156148	0.155303	
2600	0.136705	0.151705	0.144926	0.129251	0.149033	0.139522	0.150805	0.136993	0.154598	0.153606	
2605	0.136043	0.151820	0.145486	0.131296	0.151577	0.138844	0.147781	0.137095	0.154237	0.151410	
2610	0.133222	0.150613	0.147145	0.132129	0.151489	0.139502	0.148788	0.134996	0.154951	0.152497	
2615	0.133651	0.147815	0.146047	0.132205	0.150825	0.141267	0.150265	0.135473	0.151897	0.151352	
2620	0.130193	0.152115	0.148470	0.134269	0.153056	0.138292	0.146992	0.137073	0.151505	0.149502	
2625	0.127266	0.151090	0.146749	0.132878	0.152518	0.136486	0.144162	0.134811	0.152193	0.149896	
2630	0.129936	0.150951	0.144380	0.130263	0.151990	0.136156	0.144998	0.136265	0.152511	0.151529	
2635	0.127049	0.148876	0.145691	0.131257	0.146155	0.136290	0.148757	0.136813	0.150303	0.148291	
2640	0.127139	0.148894	0.145057	0.132793	0.144846	0.135121	0.145173	0.133455	0.148576	0.151154	
2645	0.127962	0.146049	0.141664	0.136175	0.142648	0.133676	0.144748	0.134149	0.150189	0.148280	
2650	0.129859	0.146625	0.142794	0.141863	0.145897	0.136192	0.142196	0.132713	0.155043	0.147184	
2655	0.131734	0.149215	0.140216	0.142287	0.144093	0.136298	0.138102	0.135227	0.154186	0.145212	
2660	0.135690	0.151784	0.139711	0.142324	0.143437	0.133807	0.140653	0.135152	0.153900	0.146322	
2665	0.138204	0.150826	0.140616	0.142733	0.144291	0.133124	0.140177	0.133779	0.154130	0.144972	
2670	0.136203	0.147656	0.140573	0.143110	0.143976	0.133113	0.137383	0.132189	0.151818	0.143756	
2675	0.138380	0.145859	0.139026	0.144270	0.147043	0.130390	0.138620	0.132960	0.152129	0.143815	
2680	0.138996	0.145668	0.138965	0.146648	0.148157	0.132645	0.135907	0.133384	0.151416	0.142601	
2685	0.141130	0.144248	0.137594	0.146939	0.146646	0.129979	0.137318	0.130559	0.153215	0.144402	
2690	0.141873	0.144292	0.138298	0.143895	0.148367	0.129331	0.137936	0.130990	0.156221	0.145581	
2695	0.140762	0.144172	0.137697	0.144805	0.148058	0.132065	0.136265	0.134033	0.157826	0.147186	
2700	0.138479	0.143148	0.142418	0.140751	0.152282	0.129178	0.136989	0.135046	0.157863	0.144136	
2705	0.139068	0.146269	0.140654	0.136224	0.151467	0.129422	0.139148	0.130115	0.160104	0.145590	
2710	0.138660	0.147313	0.142988	0.135933	0.153113	0.131601	0.139370	0.132213	0.163725	0.149675	
2715	0.142116	0.150997	0.141167	0.134299	0.156915	0.130302	0.139857	0.130568	0.162046	0.151696	
2720	0.144424	0.149724	0.143780	0.135765	0.157221	0.126759	0.140237	0.129549	0.162792	0.152740	
2725	0.145215	0.149912	0.143046	0.135870	0.158421	0.128016	0.142057	0.130149	0.158820	0.148107	
2730	0.144193	0.149534	0.146992	0.139829	0.160755	0.129254	0.148472	0.130839	0.158686	0.146805	
2735	0.144546	0.150536	0.146179	0.139233	0.155863	0.132464	0.146494	0.130605	0.161002	0.147917	
2740	0.138196	0.152586	0.146692	0.141133	0.160342	0.132699	0.146927	0.132083	0.161773	0.149573	
2745	0.138630	0.152646	0.146489	0.140280	0.154627	0.131978	0.147087	0.131139	0.157923	0.148428	
2750	0.139543	0.153558	0.146959	0.141800	0.156703	0.133248	0.150134	0.132815	0.161028	0.145397	
2755	0.140363	0.151555	0.147242	0.144706	0.154008	0.133622	0.145823	0.132744	0.155497	0.143551	
2760	0.141576	0.152316	0.146305	0.142497	0.155573	0.139261	0.143738	0.132647	0.154110	0.142190	
2765	0.142315	0.150421	0.144676	0.142682	0.156442	0.137409	0.144348	0.130721	0.155301	0.141545	
2770	0.143343	0.150560	0.144802	0.139424	0.157389	0.138133	0.143937	0.133537	0.153807	0.141595	
2775	0.141474	0.149952	0.139922	0.138957	0.155057	0.138982	0.142009	0.129434	0.156267	0.144325	
2780	0.142592	0.152698	0.140194	0.139626	0.155353	0.140576	0.144167	0.129933	0.156335	0.144263	
2785	0.144185	0.152163	0.138343	0.137397	0.153884	0.142757	0.140580	0.130469	0.157452	0.145205	
2790	0.146906	0.148749	0.137909	0.141276	0.153214	0.140243	0.143290	0.130892	0.154687	0.144045	
2795	0.150159	0.152831	0.138718	0.138396	0.153022	0.141008	0.142948	0.127162	0.152155	0.139955	
2800	0.149826	0.154360	0.137224	0.137172	0.154461	0.143534	0.143419	0.129804	0.153722	0.140587	
2805	0.151572	0.156813	0.135936	0.136729	0.154606	0.140167	0.141881	0.129386	0.155740	0.141608	
2810	0.152818	0.156105	0.131319	0.135815	0.150057	0.145434	0.141174	0.127040	0.152543	0.145729	
2815	0.155904	0.158988	0.131535	0.136241	0.155736	0.142645	0.140359	0.127035	0.154517	0.148013	
2820	0.155826	0.163900	0.132319	0.135325	0.159320	0.139771	0.141279	0.126071	0.150134	0.148541	
2825	0.157535	0.160870	0.129482	0.136729	0.157418	0.139794	0.141762	0.124529	0.147373	0.149043	
2830	0.159738	0.158261	0.129567	0.136303	0.153517	0.136904	0.142826	0.122657	0.146365	0.147127	
2835	0.158977	0.158438	0.130708	0.137002	0.152152	0.140351	0.141796	0.124392	0.146039	0.147969	
2840	0.159976	0.155593	0.131259	0.134838	0.153980	0.138730	0.141638	0.125798	0.141718	0.151374	
2845	0.157804	0.156254	0.132782	0.134927	0.156084	0.139437	0.146029	0.129975	0.144609	0.149689	
2850	0.159411	0.153239	0.133559	0.135921	0.154668	0.141444	0.144145	0.132761	0.148206	0.150334	
2855	0.160382	0.151415	0.130293	0.135768	0.154660	0.141783	0.143512	0.135614	0.148082	0.151421	
2860	0.157317	0.151789	0.129631	0.133457	0.151568	0.142613	0.143055	0.134926	0.143019	0.150247	
2865	0.159622	0.151124	0.131241	0.132254	0.154981	0.142296	0.142987	0.134896	0.143386	0.144551	
2870	0.155142	0.152376	0.130842	0.131161	0.154169	0.143664	0.141948	0.138130	0.145389	0.141045	
2875	0.153094	0.151079	0.130541	0.132172	0.155330	0.146706	0.143942	0.134858	0.146320	0.137069	
2880	0.153934	0.152122	0.132385	0.132813	0.155476	0.145277	0.142079	0.132793	0.144411	0.135035	
2885	0.152938	0.154476	0.131428	0.134549	0.159351	0.146412	0.141388	0.132368	0.145877	0.137483	
2890	0.153868	0.153538	0.132377	0.134639	0.159984	0.146837	0.141089	0.132496	0.143902	0.137028	
2895	0.154582	0.153895	0.130444	0.131784	0.157703	0.147178	0.141694	0.133498	0.140403	0.138493	
2900	0.152665	0.152917	0.130551	0.133607	0.153180	0.149563	0.142258	0.135060	0.139526	0.140424	
2905	0.151740	0.154070	0.132092	0.134009	0.153038	0.147287	0.142594	0.135739	0.142691	0.141586	
2910	0.155109	0.157478	0.133022	0.133723	0.154620	0.147501	0.141158	0.137166	0.141632	0.144146	
2915	0.153414	0.156301	0.131554	0.133760	0.153400	0.146232	0.141985	0.136284	0.143065	0.146611	
2920	0.152634	0.154960	0.133099	0.135894	0.154501	0.147125	0.139970	0.138139	0.143953	0.144045	
2925	0.152842	0.156332	0.133387	0.138318	0.153311	0.148470	0.140750	0.137200	0.142207	0.143557	
2930	0.150814	0.160105	0.137030	0.141243	0.162126	0.148635	0.142386	0.134385	0.138243	0.143111	
2935	0.149943	0.161481	0.134858	0.140688	0.163932	0.149731	0.144164	0.133605	0.137977	0.142919	
2940	0.147650	0.161179	0.134827	0.141314	0.165520	0.150555	0.144824	0.132360	0.137236	0.143769	
2945	0.147504	0.163187	0.136705	0.142692	0.165968	0.151524	0.147979	0.133620	0.137461	0.144359	
2950	0.145431	0.160489	0.132692	0.146532	0.168195	0.151243	0.146976	0.132310	0.137790	0.145012	
2955	0.142052	0.158163	0.133671	0.141641	0.166132	0.151622	0.146576	0.129836	0.137810	0.145120	
2960	0.143214	0.158835	0.133695	0.142255	0.165811	0.152903	0.147186	0.130624	0.135873	0.144720	
2965	0.141865	0.154621	0.138235	0.136726	0.168453	0.150317	0.146618	0.134017	0.138486	0.146018	
2970	0.142157	0.156862	0.140703	0.139847	0.164875	0.147189	0.142657	0.132641	0.136238	0.145560	
2975	0.140864	0.156817	0.141593	0.141658	0.161778	0.146365	0.142506	0.130564	0.136315	0.147107	
2980	0.143150	0.158300	0.142472	0.140007	0.157079	0.147603	0.144437	0.132437	0.135602	0.147482	
2985	0.143792	0.156232	0.143127	0.137275	0.156212	0.146563	0.145485	0.135972	0.133137	0.145964	
2990	0.144644	0.157646	0.142215	0.135918	0.149896	0.141856	0.147003	0.135565	0.135312	0.147067	
2995	0.143434	0.153785	0.139843	0.139390	0.152260	0.145230	0.151639	0.134534	0.136481	0.148431	
3000	0.142850	0.154782	0.142250	0.141308	0.149299	0.144330	0.152988	0.134538	0.135294	0.146558	
