T	rep_1	rep_2	rep_3	rep_4	rep_5	rep_6	rep_7	rep_8	rep_9	rep_10
5	0.003176	0.003000	0.006366	0.002883	0.001831	0.005721	0.005213	0.009774	0.005403	0.002458	
10	0.057532	0.056772	0.087940	0.055030	0.056782	0.068578	0.068570	0.111007	0.080438	0.051939	
15	0.126746	0.188608	0.138464	0.135209	0.132622	0.098880	0.122009	0.175987	0.151113	0.131303	
20	0.186587	0.265829	0.202755	0.168474	0.165728	0.137721	0.165079	0.220957	0.186135	0.151964	
25	0.238624	0.293168	0.262649	0.204798	0.191671	0.183379	0.203345	0.245112	0.210473	0.174466	
30	0.255768	0.303726	0.286447	0.237255	0.222639	0.229583	0.235355	0.257523	0.234738	0.213739	
35	0.262455	0.314955	0.296022	0.254279	0.252781	0.259121	0.266415	0.273728	0.245940	0.268768	
40	0.270988	0.330386	0.303649	0.275745	0.274761	0.281718	0.285590	0.290912	0.266432	0.328523	
45	0.282621	0.343849	0.312945	0.288193	0.295632	0.296418	0.302748	0.307279	0.277679	0.358117	
50	0.295152	0.347333	0.321849	0.305701	0.317635	0.317776	0.317540	0.325057	0.286138	0.384714	
55	0.306239	0.357459	0.333191	0.323324	0.334720	0.328664	0.338641	0.354306	0.299665	0.393048	
60	0.322234	0.366410	0.344554	0.343776	0.347698	0.342452	0.347716	0.374157	0.311078	0.407059	
65	0.334047	0.371967	0.355316	0.361402	0.356734	0.362795	0.357636	0.384530	0.326300	0.422107	
70	0.343879	0.373748	0.364484	0.366394	0.357389	0.370605	0.368104	0.403279	0.339652	0.427565	
75	0.360901	0.379869	0.378189	0.377544	0.366100	0.384970	0.388843	0.406497	0.349597	0.432851	
80	0.380066	0.391810	0.390225	0.382450	0.384172	0.393149	0.396230	0.419061	0.366898	0.432440	
85	0.381309	0.400724	0.398434	0.401667	0.395546	0.402080	0.415976	0.424535	0.366295	0.432997	
90	0.400793	0.408854	0.409175	0.403796	0.397712	0.410418	0.424042	0.431496	0.371546	0.439311	
95	0.412388	0.412823	0.413521	0.406293	0.404309	0.418961	0.418483	0.431469	0.380316	0.437374	
100	0.422587	0.409514	0.424372	0.412129	0.413080	0.432429	0.426192	0.430178	0.396764	0.444416	
105	0.434567	0.415543	0.424868	0.419040	0.412319	0.435545	0.432265	0.437682	0.412666	0.447504	
110	0.439938	0.423854	0.432412	0.426216	0.420405	0.442431	0.433212	0.440091	0.424534	0.449959	
115	0.447495	0.439067	0.431215	0.430362	0.424425	0.445549	0.438143	0.436892	0.432863	0.453719	
120	0.450632	0.442059	0.436210	0.431907	0.432157	0.443359	0.444506	0.442328	0.439869	0.461850	
125	0.455305	0.440826	0.435592	0.435939	0.429659	0.449918	0.445818	0.459495	0.437542	0.469384	
130	0.449648	0.443014	0.439411	0.437843	0.427838	0.452468	0.445926	0.467433	0.442646	0.467685	
135	0.449231	0.444902	0.436680	0.438753	0.424359	0.453198	0.442806	0.459002	0.449754	0.472077	
140	0.449404	0.446909	0.431342	0.435379	0.422248	0.452077	0.443476	0.455882	0.436971	0.471260	
145	0.455867	0.449092	0.424631	0.440043	0.424470	0.457059	0.445430	0.450869	0.435248	0.461541	
150	0.462491	0.445751	0.425149	0.438862	0.427060	0.445140	0.443851	0.441071	0.439387	0.464947	
155	0.461733	0.440543	0.415603	0.433194	0.422834	0.440867	0.446302	0.446443	0.447277	0.464552	
160	0.458879	0.441853	0.418573	0.430476	0.414890	0.439163	0.443243	0.443946	0.450917	0.469027	
165	0.461291	0.433514	0.422234	0.436650	0.425095	0.435923	0.442969	0.441106	0.449592	0.477938	
170	0.457049	0.431810	0.421899	0.431928	0.421362	0.432466	0.442575	0.439892	0.447252	0.476230	
175	0.459253	0.423326	0.421003	0.433766	0.418268	0.433692	0.434768	0.436326	0.444556	0.471100	
180	0.454685	0.418236	0.424762	0.424107	0.414639	0.432061	0.434640	0.429790	0.438663	0.462449	
185	0.448273	0.415898	0.427061	0.426169	0.404743	0.430837	0.430613	0.431044	0.441154	0.458187	
190	0.455623	0.413743	0.429258	0.421163	0.398939	0.427836	0.430569	0.424030	0.442977	0.446629	
195	0.448810	0.413005	0.426032	0.424641	0.392600	0.429623	0.429915	0.423501	0.439676	0.446831	
200	0.450150	0.412929	0.429390	0.421172	0.390289	0.417074	0.428805	0.423074	0.443839	0.447671	
205	0.456428	0.409687	0.433061	0.415546	0.388054	0.409976	0.426763	0.417548	0.433306	0.445362	
210	0.454665	0.410360	0.433188	0.408061	0.391081	0.415290	0.422832	0.414799	0.433456	0.443047	
215	0.453383	0.407910	0.436837	0.402423	0.383764	0.413716	0.425630	0.417688	0.430470	0.439381	
220	0.451425	0.405075	0.434790	0.397229	0.385985	0.414368	0.420829	0.410201	0.432967	0.432134	
225	0.455904	0.403474	0.429969	0.395301	0.388927	0.414493	0.428612	0.407966	0.433389	0.432683	
230	0.450532	0.407029	0.426504	0.393966	0.388543	0.410949	0.430228	0.404446	0.432531	0.436815	
235	0.440043	0.404351	0.426860	0.397908	0.385027	0.412240	0.425939	0.395002	0.434408	0.437809	
240	0.441187	0.407142	0.426984	0.400793	0.378162	0.418397	0.416528	0.396788	0.443580	0.433796	
245	0.441328	0.406768	0.424292	0.400307	0.382097	0.421314	0.421888	0.397293	0.432497	0.438538	
250	0.428618	0.402638	0.417026	0.393562	0.378338	0.420691	0.416075	0.404094	0.433326	0.432359	
255	0.422541	0.399989	0.416870	0.390664	0.378308	0.416949	0.411158	0.407646	0.429323	0.427320	
260	0.422323	0.400363	0.418988	0.379106	0.374695	0.417637	0.417965	0.404769	0.427358	0.425651	
265	0.418751	0.392644	0.426514	0.377535	0.375563	0.420607	0.407699	0.406165	0.426017	0.419468	
270	0.409243	0.395284	0.432428	0.380710	0.384572	0.421209	0.411309	0.406882	0.419102	0.418987	
275	0.410027	0.401434	0.426437	0.376447	0.378541	0.420373	0.411200	0.413123	0.420513	0.409069	
280	0.414401	0.408239	0.419641	0.377127	0.380853	0.423026	0.412361	0.413539	0.426772	0.408689	
285	0.410917	0.411407	0.418665	0.377792	0.384292	0.421807	0.406741	0.410723	0.432245	0.407048	
290	0.412998	0.416663	0.415784	0.378863	0.385736	0.420472	0.403861	0.412381	0.431348	0.406286	
295	0.411590	0.408865	0.414951	0.377217	0.383637	0.422920	0.410308	0.413543	0.425811	0.401221	
300	0.406417	0.403205	0.411516	0.375663	0.385761	0.419971	0.402845	0.412665	0.420546	0.403505	
305	0.406438	0.415794	0.415093	0.370971	0.381145	0.415071	0.398120	0.405114	0.422082	0.409671	
310	0.406989	0.414241	0.416105	0.371624	0.384815	0.407799	0.394044	0.410060	0.421998	0.404270	
315	0.410795	0.411331	0.414548	0.378170	0.390135	0.406443	0.397188	0.405803	0.425949	0.406525	
320	0.411414	0.410686	0.415335	0.377231	0.389991	0.407013	0.402118	0.404635	0.423189	0.407143	
325	0.408943	0.405580	0.416268	0.379381	0.387719	0.411213	0.404176	0.399012	0.420003	0.404837	
330	0.409592	0.404011	0.414510	0.381052	0.389015	0.414318	0.405581	0.397095	0.417615	0.402017	
335	0.414454	0.401556	0.417847	0.381771	0.388655	0.414333	0.397153	0.394700	0.421253	0.402530	
340	0.418771	0.405205	0.412172	0.379173	0.390776	0.414106	0.395978	0.395807	0.414821	0.402912	
345	0.413371	0.407324	0.410699	0.382631	0.393328	0.411916	0.396387	0.404175	0.408072	0.401641	
350	0.414003	0.400859	0.415903	0.380192	0.390383	0.407020	0.394825	0.404325	0.403858	0.399222	
355	0.416143	0.399484	0.412292	0.377402	0.389357	0.402221	0.392218	0.402615	0.402749	0.400516	
360	0.416459	0.397444	0.407651	0.378732	0.384875	0.400210	0.397097	0.397896	0.397299	0.402255	
365	0.404898	0.398336	0.407946	0.379255	0.385953	0.396805	0.393357	0.399505	0.398475	0.403113	
370	0.399895	0.394354	0.408806	0.380420	0.384347	0.400290	0.395913	0.395314	0.400581	0.397642	
375	0.408166	0.397675	0.410181	0.377625	0.385557	0.400732	0.395082	0.392802	0.394612	0.393037	
380	0.407889	0.398829	0.412054	0.377695	0.382526	0.403230	0.400826	0.395093	0.394838	0.392968	
385	0.408760	0.398255	0.403422	0.377662	0.380170	0.401826	0.394107	0.394707	0.391379	0.388661	
390	0.408658	0.394497	0.397461	0.383775	0.385297	0.402759	0.396508	0.389423	0.396258	0.385640	
395	0.400610	0.398008	0.397027	0.376732	0.382224	0.406164	0.393178	0.386655	0.396023	0.386517	
400	0.401337	0.396469	0.401807	0.380279	0.381655	0.406266	0.396150	0.392880	0.398623	0.392196	
405	0.395367	0.390329	0.407385	0.380739	0.377029	0.401454	0.392472	0.395840	0.400330	0.392825	
410	0.395276	0.392494	0.409076	0.382205	0.376173	0.403762	0.392675	0.396604	0.395406	0.397260	
415	0.400447	0.391783	0.411090	0.370530	0.371930	0.400251	0.390065	0.395432	0.393580	0.400550	
420	0.402882	0.389547	0.411179	0.368706	0.372529	0.398886	0.394584	0.398791	0.393119	0.398272	
425	0.399909	0.387996	0.407747	0.369271	0.369967	0.391066	0.397256	0.395365	0.389194	0.389871	
430	0.395360	0.386374	0.409291	0.370401	0.372471	0.392624	0.400507	0.393843	0.390296	0.392735	
435	0.400058	0.381204	0.414017	0.367327	0.366003	0.393152	0.396828	0.394890	0.388396	0.392460	
440	0.397032	0.385179	0.413102	0.361191	0.362701	0.392324	0.396010	0.396097	0.386803	0.387883	
445	0.392731	0.380176	0.414038	0.358633	0.360537	0.383869	0.398302	0.399017	0.384308	0.390551	
450	0.392687	0.375246	0.416333	0.359689	0.362749	0.391747	0.400281	0.402955	0.383749	0.387984	
455	0.388768	0.370555	0.416921	0.366190	0.365105	0.388303	0.392293	0.403408	0.384341	0.384924	
460	0.390557	0.373390	0.411149	0.363905	0.360142	0.389127	0.389210	0.404112	0.378927	0.388144	
465	0.395517	0.375234	0.407580	0.367741	0.359718	0.387550	0.389062	0.404519	0.384770	0.384603	
470	0.399545	0.364540	0.412452	0.371792	0.360316	0.381911	0.388725	0.402109	0.382590	0.384601	
475	0.403212	0.364233	0.410679	0.373734	0.358619	0.380364	0.387947	0.399664	0.384155	0.383953	
480	0.409771	0.368315	0.414338	0.376840	0.357847	0.381589	0.384522	0.397268	0.381863	0.385672	
485	0.409663	0.372056	0.412995	0.375237	0.356379	0.379479	0.380880	0.396596	0.385472	0.379974	
490	0.408531	0.376090	0.419752	0.381918	0.355057	0.385031	0.381348	0.395995	0.382094	0.378214	
495	0.403625	0.376570	0.421447	0.379176	0.361223	0.388803	0.380518	0.386890	0.383283	0.384749	
500	0.407381	0.374653	0.420119	0.382542	0.364171	0.382935	0.384683	0.385589	0.380841	0.389210	
505	0.404640	0.374434	0.421668	0.385086	0.366621	0.384412	0.382563	0.385485	0.381914	0.384217	
510	0.402834	0.371170	0.423650	0.383160	0.365416	0.383113	0.380403	0.390510	0.386734	0.387174	
515	0.402489	0.369631	0.431327	0.386129	0.369501	0.388753	0.381730	0.395495	0.378182	0.388982	
520	0.399578	0.371220	0.437056	0.386791	0.368714	0.382735	0.384911	0.398793	0.383801	0.397350	
525	0.395435	0.372598	0.433181	0.384201	0.374730	0.385315	0.386099	0.397094	0.387139	0.391207	
530	0.390259	0.372682	0.429932	0.387125	0.383944	0.388687	0.384293	0.403123	0.388697	0.394105	
535	0.392154	0.377818	0.426881	0.388963	0.379960	0.385591	0.382002	0.407472	0.387162	0.396864	
540	0.387837	0.382872	0.426215	0.396341	0.380244	0.384563	0.375448	0.406193	0.392285	0.397008	
545	0.388103	0.381361	0.420307	0.394198	0.378700	0.382566	0.372916	0.405338	0.387313	0.400772	
550	0.388898	0.382804	0.419092	0.390788	0.386097	0.383401	0.374044	0.404898	0.387244	0.404478	
555	0.385578	0.385487	0.418073	0.394605	0.383789	0.382201	0.377778	0.398034	0.389799	0.406354	
560	0.387277	0.390626	0.415205	0.387273	0.384638	0.383615	0.385065	0.400118	0.391603	0.405383	
565	0.387376	0.392569	0.415330	0.387897	0.377748	0.388186	0.384777	0.394486	0.397701	0.405626	
570	0.385840	0.395121	0.419016	0.386420	0.375946	0.386953	0.385820	0.395593	0.404597	0.406249	
575	0.383927	0.398666	0.419018	0.391983	0.372697	0.388439	0.389594	0.401244	0.404815	0.404544	
580	0.382079	0.390527	0.415087	0.385349	0.363531	0.391627	0.386914	0.401593	0.399334	0.409328	
585	0.387020	0.391343	0.416255	0.386437	0.356212	0.393543	0.385522	0.404621	0.401117	0.412600	
590	0.385881	0.384401	0.422026	0.390236	0.365631	0.389387	0.388722	0.406452	0.399770	0.417832	
595	0.389356	0.386407	0.422310	0.388845	0.363940	0.393773	0.388066	0.403126	0.399978	0.412638	
600	0.387482	0.389166	0.424663	0.385273	0.366580	0.395154	0.390122	0.406824	0.399226	0.408628	
605	0.387908	0.390248	0.427228	0.382017	0.374165	0.394751	0.386694	0.411958	0.401030	0.406813	
610	0.386932	0.390718	0.433474	0.383654	0.376430	0.391526	0.382746	0.412379	0.404094	0.407717	
615	0.387216	0.383495	0.434323	0.375468	0.374154	0.394658	0.385543	0.405467	0.400386	0.403061	
620	0.386934	0.383268	0.432918	0.369021	0.376696	0.393993	0.390552	0.404240	0.392376	0.402103	
625	0.387054	0.387998	0.431741	0.369115	0.371612	0.393896	0.383223	0.406701	0.392030	0.400569	
630	0.384503	0.391742	0.425438	0.369746	0.369409	0.387901	0.378323	0.406603	0.389847	0.400669	
635	0.387782	0.381074	0.427615	0.373137	0.363274	0.386456	0.383886	0.408156	0.388851	0.400097	
640	0.387880	0.378098	0.429253	0.375547	0.366699	0.384121	0.387167	0.407447	0.395218	0.395213	
645	0.388791	0.384100	0.428461	0.375093	0.370305	0.392338	0.385063	0.408510	0.397831	0.393627	
650	0.396427	0.385125	0.429902	0.376245	0.366713	0.394578	0.384480	0.410587	0.390468	0.385086	
655	0.394436	0.378876	0.423880	0.375393	0.360429	0.395092	0.385896	0.410315	0.389140	0.392863	
660	0.399109	0.379890	0.423389	0.372263	0.362524	0.400064	0.392741	0.409263	0.390560	0.390011	
665	0.403161	0.380569	0.427687	0.371515	0.359949	0.398173	0.394768	0.412615	0.392378	0.385708	
670	0.406479	0.382350	0.434946	0.368835	0.366020	0.396761	0.392906	0.408176	0.389395	0.388126	
675	0.401577	0.379514	0.438483	0.374691	0.365906	0.404196	0.388621	0.406887	0.389228	0.393644	
680	0.404778	0.385898	0.432379	0.374430	0.361244	0.408924	0.393292	0.407868	0.392992	0.400243	
685	0.403935	0.388573	0.435910	0.381543	0.368295	0.402443	0.393120	0.406225	0.394017	0.399451	
690	0.403346	0.384774	0.431150	0.378520	0.374854	0.396696	0.390616	0.404709	0.391968	0.401949	
695	0.401263	0.383125	0.436306	0.375691	0.367465	0.396700	0.397185	0.404054	0.385942	0.391980	
700	0.400278	0.382535	0.433299	0.380167	0.370901	0.397693	0.397046	0.401501	0.389088	0.392290	
705	0.403057	0.382686	0.431560	0.380359	0.373200	0.396926	0.398126	0.396619	0.394263	0.390496	
710	0.405767	0.387386	0.431804	0.379091	0.379105	0.399907	0.394194	0.402209	0.395393	0.390106	
715	0.407199	0.387225	0.428327	0.381884	0.374462	0.398938	0.389955	0.402148	0.394408	0.389913	
720	0.405333	0.385427	0.423647	0.381054	0.375254	0.400258	0.390193	0.405794	0.395981	0.388192	
725	0.398046	0.379554	0.421211	0.377764	0.374430	0.410010	0.390401	0.407748	0.398766	0.391077	
730	0.400754	0.377939	0.419104	0.381140	0.374471	0.404510	0.384418	0.406494	0.398936	0.394290	
735	0.396933	0.376512	0.418489	0.381678	0.371905	0.407542	0.377519	0.407217	0.399809	0.383027	
740	0.396273	0.376812	0.420407	0.382794	0.374669	0.405787	0.377282	0.412833	0.399584	0.384634	
745	0.398108	0.376630	0.418443	0.392843	0.375325	0.403185	0.377028	0.411525	0.397630	0.387816	
750	0.404998	0.372999	0.418459	0.384606	0.381601	0.397606	0.373585	0.414063	0.394161	0.381568	
755	0.396840	0.377644	0.413798	0.382509	0.378554	0.394444	0.371323	0.412763	0.391139	0.376080	
760	0.402069	0.376071	0.412867	0.378050	0.380855	0.397893	0.371788	0.415458	0.385222	0.375522	
765	0.404757	0.374554	0.416336	0.374675	0.384820	0.401384	0.369389	0.416971	0.383161	0.374353	
770	0.402324	0.367867	0.419173	0.371720	0.388267	0.401000	0.362938	0.418703	0.380318	0.376229	
775	0.400614	0.369176	0.419221	0.369920	0.388279	0.402683	0.370656	0.418877	0.378571	0.378437	
780	0.399972	0.373696	0.417425	0.369658	0.389277	0.405309	0.375777	0.416918	0.375765	0.378543	
785	0.400567	0.374568	0.413673	0.371674	0.382901	0.405144	0.369369	0.415140	0.375303	0.384243	
790	0.403906	0.371328	0.417803	0.374741	0.380733	0.403976	0.375815	0.417322	0.377711	0.390057	
795	0.407285	0.369655	0.415626	0.380023	0.380366	0.398790	0.376209	0.422997	0.378980	0.398797	
800	0.411612	0.372971	0.411961	0.383164	0.375454	0.396538	0.374444	0.412218	0.377773	0.406654	
805	0.409548	0.378135	0.418685	0.378786	0.378534	0.395297	0.376036	0.414851	0.375812	0.400639	
810	0.401135	0.378467	0.417553	0.382480	0.380812	0.397913	0.375295	0.413873	0.374762	0.402441	
815	0.396058	0.379046	0.420104	0.387093	0.380714	0.390170	0.367767	0.421088	0.379721	0.408123	
820	0.394042	0.372951	0.419704	0.380530	0.379135	0.388875	0.363915	0.421638	0.383560	0.412678	
825	0.390729	0.378225	0.417357	0.379752	0.378537	0.388058	0.359548	0.418113	0.380439	0.408477	
830	0.391856	0.372861	0.418774	0.382912	0.376648	0.388900	0.362127	0.419456	0.379226	0.404526	
835	0.384637	0.375958	0.418586	0.382363	0.382145	0.386007	0.363433	0.420927	0.379037	0.397211	
840	0.390551	0.371857	0.423425	0.380192	0.380806	0.387609	0.361285	0.415762	0.380098	0.403251	
845	0.401481	0.371909	0.413302	0.375743	0.382685	0.395317	0.365228	0.414983	0.376613	0.402637	
850	0.405900	0.374246	0.416168	0.373218	0.379510	0.397538	0.364286	0.413709	0.382242	0.404117	
855	0.399561	0.375520	0.419476	0.377542	0.387424	0.398200	0.369335	0.417665	0.378315	0.397363	
860	0.405014	0.377707	0.419004	0.378232	0.387244	0.407954	0.372371	0.414682	0.374538	0.396813	
865	0.402114	0.375473	0.419749	0.384423	0.385060	0.408677	0.373462	0.410593	0.373545	0.397033	
870	0.407702	0.376699	0.414436	0.384754	0.377451	0.407963	0.373801	0.409882	0.382972	0.391748	
875	0.400355	0.373952	0.414038	0.382982	0.373266	0.404877	0.377025	0.408438	0.374786	0.387678	
880	0.400502	0.375590	0.421768	0.378072	0.372701	0.399730	0.378587	0.408280	0.379884	0.393292	
885	0.399103	0.374173	0.433296	0.376344	0.377402	0.402634	0.384211	0.414590	0.383665	0.390265	
890	0.394625	0.369011	0.432734	0.377184	0.379829	0.402335	0.376487	0.413805	0.386715	0.394105	
895	0.395321	0.371049	0.426025	0.377645	0.378034	0.399609	0.375367	0.410068	0.383735	0.389148	
900	0.400227	0.371193	0.428993	0.373910	0.379143	0.394441	0.376676	0.405845	0.383192	0.397278	
905	0.408449	0.365062	0.426817	0.371205	0.384160	0.389459	0.381367	0.409565	0.381361	0.400977	
910	0.404738	0.375598	0.430445	0.369210	0.381708	0.392160	0.384059	0.410514	0.380609	0.397511	
915	0.406431	0.374906	0.432938	0.370430	0.382715	0.392632	0.380102	0.411157	0.374641	0.393242	
920	0.402233	0.376637	0.426398	0.370577	0.383752	0.390715	0.385972	0.409231	0.378915	0.389127	
925	0.403065	0.381115	0.426430	0.374516	0.380887	0.389913	0.387185	0.413103	0.380360	0.389587	
930	0.402647	0.374833	0.418508	0.372652	0.376722	0.395643	0.388969	0.413449	0.384879	0.393493	
935	0.404867	0.373530	0.417254	0.370944	0.373550	0.396507	0.381173	0.413730	0.384160	0.395124	
940	0.407865	0.378915	0.416731	0.374980	0.376897	0.395852	0.380185	0.408502	0.379998	0.395173	
945	0.406664	0.381190	0.413156	0.378644	0.375340	0.397424	0.383227	0.411215	0.377804	0.395966	
950	0.411676	0.380925	0.417518	0.377053	0.376674	0.399066	0.384065	0.406923	0.381798	0.402704	
955	0.414613	0.376698	0.411577	0.383524	0.378203	0.399674	0.385804	0.403061	0.384519	0.403600	
960	0.409606	0.376263	0.412710	0.382032	0.376780	0.388720	0.383942	0.394886	0.382343	0.399827	
965	0.411921	0.378921	0.406990	0.381806	0.380948	0.389236	0.379429	0.394821	0.377767	0.399957	
970	0.404057	0.379883	0.406465	0.378547	0.382747	0.396296	0.377781	0.395317	0.375382	0.404840	
975	0.399521	0.385068	0.410820	0.377902	0.383655	0.396633	0.376254	0.392330	0.378945	0.403424	
980	0.392587	0.388868	0.407099	0.380502	0.386537	0.399535	0.375358	0.393055	0.379486	0.405113	
985	0.394803	0.386840	0.397149	0.374523	0.388129	0.402610	0.374468	0.391945	0.378322	0.403672	
990	0.392942	0.384307	0.395540	0.371518	0.388449	0.402596	0.373795	0.399633	0.375527	0.409072	
995	0.389897	0.385904	0.390434	0.375303	0.388037	0.400781	0.378754	0.402757	0.375599	0.402542	
1000	0.392989	0.388539	0.393205	0.376519	0.384617	0.400016	0.376247	0.400126	0.374104	0.405961	
1005	0.393431	0.396258	0.395633	0.379784	0.385169	0.404926	0.377756	0.397423	0.375864	0.404333	
1010	0.393874	0.396907	0.394786	0.383538	0.378974	0.409705	0.384418	0.396663	0.382195	0.399590	
1015	0.390107	0.389192	0.394051	0.380911	0.377156	0.410307	0.386635	0.398790	0.385347	0.399421	
1020	0.394270	0.383338	0.391714	0.379474	0.376776	0.407323	0.383374	0.402242	0.390181	0.394565	
1025	0.396340	0.381868	0.392009	0.382022	0.370052	0.411500	0.389633	0.397083	0.389837	0.396613	
1030	0.393105	0.376416	0.387373	0.377768	0.367806	0.409108	0.396021	0.392276	0.395820	0.392394	
1035	0.394987	0.377069	0.392307	0.379880	0.373469	0.405004	0.396538	0.397244	0.387293	0.391287	
1040	0.393917	0.386822	0.386475	0.374305	0.374612	0.405597	0.388326	0.394923	0.381500	0.385088	
1045	0.395121	0.396707	0.386280	0.375113	0.376170	0.403207	0.388529	0.397449	0.388381	0.381165	
1050	0.394672	0.386355	0.385417	0.377496	0.372860	0.400428	0.387662	0.398259	0.386090	0.386259	
1055	0.398187	0.391422	0.389374	0.374013	0.372915	0.398744	0.385544	0.396048	0.386704	0.387638	
1060	0.398898	0.388879	0.398465	0.379724	0.371025	0.404024	0.380641	0.397754	0.387279	0.385686	
1065	0.397672	0.393334	0.405304	0.385810	0.377289	0.400266	0.384494	0.392131	0.385550	0.383867	
1070	0.401036	0.394829	0.402937	0.381748	0.375146	0.397875	0.385759	0.390382	0.381409	0.378867	
1075	0.402116	0.397155	0.404084	0.380658	0.373696	0.398956	0.388872	0.389542	0.376162	0.384896	
1080	0.401936	0.392467	0.398343	0.380610	0.375560	0.399378	0.385328	0.393654	0.373802	0.387886	
1085	0.401006	0.392326	0.400872	0.384064	0.374388	0.402629	0.389143	0.391948	0.378067	0.389937	
1090	0.398240	0.388932	0.402750	0.385050	0.368088	0.412503	0.392428	0.395181	0.386653	0.388264	
1095	0.392762	0.396558	0.399797	0.389646	0.362446	0.412081	0.388159	0.396329	0.388834	0.394543	
1100	0.389701	0.390138	0.404294	0.385454	0.371374	0.415130	0.384704	0.393342	0.389888	0.396126	
1105	0.387340	0.392957	0.399256	0.388665	0.378537	0.419245	0.380240	0.387807	0.393740	0.389232	
1110	0.385491	0.396742	0.401250	0.388770	0.378348	0.415007	0.376708	0.387751	0.397904	0.387059	
1115	0.382548	0.395327	0.397631	0.384907	0.380110	0.415888	0.372538	0.389150	0.398062	0.391495	
1120	0.384304	0.397947	0.394428	0.385343	0.380853	0.417390	0.373816	0.392811	0.402770	0.398452	
1125	0.380217	0.394221	0.395219	0.384530	0.378433	0.417366	0.372804	0.390352	0.398147	0.396928	
1130	0.380040	0.391646	0.398724	0.387380	0.378218	0.424238	0.371230	0.396245	0.406585	0.395474	
1135	0.385577	0.387274	0.394535	0.383211	0.379732	0.424399	0.370455	0.396369	0.412431	0.395251	
1140	0.385978	0.385623	0.394284	0.383537	0.382355	0.420270	0.370812	0.401547	0.410491	0.398507	
1145	0.383239	0.385641	0.395240	0.379667	0.383383	0.418115	0.375119	0.399508	0.406726	0.398182	
1150	0.378094	0.379747	0.398440	0.390324	0.379304	0.412571	0.375393	0.397629	0.401923	0.398759	
1155	0.378254	0.378989	0.401722	0.384475	0.382893	0.413931	0.376731	0.405883	0.405515	0.391258	
1160	0.378921	0.376839	0.413360	0.380609	0.385552	0.406110	0.377749	0.403130	0.404141	0.390324	
1165	0.377106	0.382527	0.412779	0.377970	0.384992	0.400673	0.379341	0.399014	0.403428	0.388933	
1170	0.381968	0.380966	0.411120	0.379409	0.388987	0.406335	0.373545	0.401983	0.402300	0.391528	
1175	0.381509	0.384809	0.416561	0.379687	0.391118	0.408489	0.373869	0.405893	0.401411	0.386485	
1180	0.380624	0.390889	0.412566	0.381031	0.388893	0.406271	0.371513	0.408154	0.398270	0.382093	
1185	0.383979	0.391850	0.415491	0.381827	0.396360	0.415820	0.375680	0.406135	0.407528	0.382075	
1190	0.383016	0.389596	0.424823	0.389309	0.397978	0.420276	0.376152	0.411895	0.402551	0.374604	
1195	0.386775	0.390359	0.418055	0.385556	0.404718	0.416345	0.383551	0.407086	0.394696	0.370120	
1200	0.389018	0.383192	0.414959	0.379368	0.407245	0.415606	0.379351	0.404338	0.401569	0.371632	
1205	0.393880	0.382837	0.411976	0.376004	0.407488	0.414804	0.377326	0.405247	0.400776	0.372747	
1210	0.401929	0.389760	0.408733	0.375453	0.397239	0.418546	0.373479	0.408512	0.406645	0.372214	
1215	0.399698	0.393335	0.414375	0.372403	0.397259	0.416517	0.369363	0.412787	0.407452	0.369831	
1220	0.393125	0.395483	0.411664	0.375136	0.395191	0.414557	0.371499	0.412699	0.403689	0.372093	
1225	0.395922	0.390421	0.407880	0.374299	0.403970	0.414296	0.371056	0.411326	0.396123	0.376597	
1230	0.399208	0.387723	0.405652	0.376651	0.412666	0.414162	0.367925	0.410542	0.395698	0.376680	
1235	0.403938	0.391837	0.402465	0.381136	0.414154	0.410133	0.369728	0.408152	0.396854	0.377232	
1240	0.400792	0.387182	0.403164	0.382149	0.407279	0.410489	0.368282	0.407840	0.399256	0.377458	
1245	0.397457	0.391203	0.410940	0.376925	0.408135	0.410487	0.363397	0.406985	0.390958	0.377396	
1250	0.392336	0.387368	0.410486	0.374467	0.406605	0.407793	0.367306	0.408428	0.393244	0.373462	
1255	0.393239	0.389302	0.414806	0.379773	0.402283	0.407234	0.375104	0.412690	0.392326	0.373515	
1260	0.390713	0.392267	0.415065	0.381907	0.400553	0.408274	0.375649	0.417810	0.387375	0.376628	
1265	0.397747	0.392808	0.414025	0.382540	0.398666	0.400680	0.375963	0.417957	0.394048	0.379850	
1270	0.397301	0.395678	0.414477	0.387508	0.397947	0.400423	0.374452	0.414578	0.389821	0.380322	
1275	0.398305	0.399723	0.412271	0.383468	0.395297	0.399290	0.378301	0.416066	0.394389	0.379701	
1280	0.396211	0.399038	0.413604	0.391101	0.394195	0.392587	0.382453	0.413234	0.397580	0.386998	
1285	0.398217	0.400048	0.416207	0.387185	0.392924	0.394426	0.384035	0.418941	0.398461	0.391315	
1290	0.399527	0.394821	0.412591	0.387146	0.394511	0.391519	0.383504	0.418950	0.399738	0.389607	
1295	0.396068	0.395045	0.407856	0.383524	0.399980	0.397230	0.386990	0.417802	0.404919	0.379800	
1300	0.394403	0.398565	0.407874	0.385284	0.399787	0.396010	0.389865	0.419027	0.405683	0.377615	
1305	0.391567	0.397867	0.405836	0.386020	0.399991	0.396098	0.389953	0.418338	0.401344	0.377575	
1310	0.389593	0.393549	0.405738	0.387143	0.398319	0.392978	0.387288	0.418512	0.403527	0.378104	
1315	0.390784	0.397769	0.409326	0.391344	0.395979	0.387848	0.398560	0.420011	0.398751	0.377093	
1320	0.387089	0.395038	0.406478	0.396015	0.395512	0.385327	0.397359	0.422464	0.395532	0.381479	
1325	0.383402	0.395640	0.405938	0.389189	0.394397	0.388094	0.394589	0.422268	0.391373	0.376806	
1330	0.385796	0.399409	0.408372	0.391251	0.391771	0.386281	0.393711	0.416975	0.393721	0.372571	
1335	0.381888	0.400979	0.415738	0.393464	0.391970	0.386060	0.394880	0.417270	0.395318	0.370176	
1340	0.384201	0.406011	0.409594	0.393086	0.396914	0.387377	0.399419	0.416723	0.388267	0.370233	
1345	0.385055	0.415108	0.410607	0.392488	0.394646	0.381805	0.400210	0.418310	0.381161	0.372046	
1350	0.383139	0.419923	0.408730	0.384942	0.394332	0.384983	0.404152	0.419423	0.388133	0.371047	
1355	0.383084	0.420394	0.406480	0.383700	0.395546	0.381871	0.396767	0.421519	0.380673	0.369087	
1360	0.382862	0.423671	0.406137	0.382525	0.402680	0.383551	0.394837	0.425584	0.385199	0.373514	
1365	0.383652	0.426612	0.401465	0.377418	0.398189	0.384147	0.391633	0.420022	0.390771	0.374854	
1370	0.382989	0.424324	0.403605	0.378285	0.398562	0.385309	0.393161	0.415700	0.391909	0.377496	
1375	0.382220	0.424725	0.400436	0.376519	0.395842	0.388786	0.389317	0.411904	0.390577	0.383022	
1380	0.381139	0.427301	0.399773	0.371914	0.393568	0.390603	0.385708	0.412930	0.400607	0.377847	
1385	0.382386	0.420526	0.399081	0.367694	0.393254	0.396789	0.388736	0.408079	0.398829	0.375172	
1390	0.382147	0.420466	0.403542	0.356935	0.391083	0.394706	0.387041	0.409445	0.396207	0.373941	
1395	0.379770	0.413919	0.407463	0.366412	0.393752	0.396320	0.383185	0.408106	0.402421	0.377699	
1400	0.382404	0.417708	0.399394	0.374533	0.396109	0.399821	0.383066	0.411126	0.399292	0.378154	
1405	0.379728	0.415734	0.395985	0.373500	0.393735	0.396027	0.384629	0.418609	0.402731	0.383117	
1410	0.378969	0.410011	0.393607	0.372184	0.395269	0.395445	0.382283	0.424344	0.397216	0.386093	
1415	0.372315	0.420801	0.398265	0.371134	0.397167	0.387751	0.383770	0.419844	0.392132	0.388765	
1420	0.379290	0.424143	0.390468	0.365386	0.396812	0.385790	0.385413	0.418748	0.390196	0.385714	
1425	0.374995	0.424194	0.391701	0.366708	0.400736	0.387908	0.381492	0.416391	0.388348	0.389145	
1430	0.378450	0.417244	0.393605	0.375080	0.404862	0.389678	0.382008	0.406550	0.385677	0.388342	
1435	0.378829	0.413877	0.391917	0.382190	0.409941	0.395183	0.379941	0.412773	0.385182	0.388540	
1440	0.375572	0.410562	0.392476	0.382650	0.400524	0.389532	0.387688	0.407302	0.386973	0.386597	
1445	0.376696	0.411612	0.399170	0.380938	0.396042	0.385638	0.384696	0.410874	0.388583	0.383998	
1450	0.379405	0.406256	0.397042	0.388944	0.393498	0.384477	0.383398	0.412088	0.387517	0.380518	
1455	0.380373	0.404776	0.403721	0.380087	0.387903	0.392623	0.377449	0.406247	0.388061	0.379931	
1460	0.380967	0.403848	0.405144	0.384004	0.384240	0.392869	0.384694	0.400119	0.391686	0.374048	
1465	0.383059	0.405931	0.398650	0.384012	0.386649	0.392664	0.386503	0.406258	0.394069	0.374000	
1470	0.387994	0.402215	0.401398	0.391658	0.393495	0.385448	0.383663	0.403974	0.398935	0.371099	
1475	0.384177	0.409151	0.402182	0.392732	0.388103	0.385932	0.387478	0.393176	0.397275	0.368916	
1480	0.387907	0.411411	0.395750	0.397230	0.385723	0.385437	0.388632	0.388925	0.395355	0.367755	
1485	0.387991	0.410859	0.398570	0.400425	0.379018	0.387542	0.393419	0.394507	0.389880	0.366509	
1490	0.389908	0.412572	0.398829	0.401547	0.374031	0.382695	0.388048	0.394990	0.383561	0.367055	
1495	0.386999	0.407564	0.404512	0.398201	0.372159	0.381536	0.387196	0.396856	0.382536	0.368515	
1500	0.385980	0.401966	0.406147	0.405236	0.382793	0.377359	0.382530	0.397112	0.390714	0.370740	
1505	0.383116	0.395025	0.403190	0.403413	0.385766	0.378890	0.376533	0.400070	0.390408	0.368422	
1510	0.384758	0.397081	0.407082	0.406216	0.391937	0.380007	0.376320	0.398520	0.391132	0.371462	
1515	0.384086	0.405038	0.406987	0.403950	0.391071	0.378889	0.372850	0.397687	0.388107	0.373159	
1520	0.385284	0.403698	0.403454	0.402784	0.393410	0.375549	0.376985	0.404080	0.389395	0.376266	
1525	0.386649	0.397232	0.398684	0.405210	0.392378	0.377313	0.380334	0.403877	0.393980	0.373413	
1530	0.382390	0.396860	0.395967	0.404638	0.388841	0.380226	0.378490	0.404762	0.391306	0.373818	
1535	0.379639	0.394263	0.395983	0.398621	0.387426	0.378575	0.382627	0.409002	0.391027	0.370319	
1540	0.377870	0.400355	0.397451	0.400583	0.389433	0.382213	0.385095	0.398615	0.394873	0.367718	
1545	0.377658	0.390501	0.405549	0.395521	0.386987	0.387374	0.384731	0.396862	0.394399	0.370347	
1550	0.382432	0.388506	0.408810	0.396957	0.384534	0.388351	0.393341	0.400547	0.395580	0.376976	
1555	0.379755	0.382382	0.417325	0.391620	0.392192	0.390698	0.389115	0.400602	0.396620	0.373739	
1560	0.382338	0.383557	0.423021	0.386411	0.398856	0.391008	0.394659	0.392009	0.392528	0.374890	
1565	0.385036	0.384372	0.424957	0.389094	0.402258	0.393370	0.387489	0.397709	0.391777	0.371244	
1570	0.389257	0.381544	0.416729	0.390234	0.401853	0.390469	0.383414	0.395227	0.392038	0.379564	
1575	0.393018	0.381502	0.414423	0.380396	0.402809	0.401945	0.383937	0.391782	0.395790	0.377944	
1580	0.392687	0.382274	0.411066	0.382661	0.409465	0.397533	0.389527	0.387013	0.401436	0.383809	
1585	0.393520	0.379859	0.408780	0.380680	0.410609	0.398608	0.384897	0.393844	0.403636	0.384584	
1590	0.395867	0.379564	0.413882	0.388438	0.416867	0.400529	0.382979	0.393645	0.413497	0.386692	
1595	0.396929	0.383238	0.413242	0.392356	0.418514	0.405525	0.374971	0.388918	0.409649	0.386024	
1600	0.389167	0.380280	0.415912	0.388596	0.421647	0.399770	0.374249	0.391268	0.405903	0.383765	
1605	0.393136	0.386134	0.411910	0.386792	0.417942	0.392382	0.374999	0.394852	0.402037	0.382405	
1610	0.402028	0.386408	0.407745	0.383342	0.420655	0.393599	0.375269	0.389769	0.403667	0.384014	
1615	0.405937	0.386662	0.407884	0.380404	0.410661	0.383862	0.380725	0.390717	0.402893	0.380444	
1620	0.408785	0.392671	0.411631	0.376892	0.413260	0.379360	0.375965	0.388057	0.406566	0.382661	
1625	0.404318	0.390915	0.415009	0.376550	0.417651	0.376188	0.373163	0.389609	0.406928	0.382926	
1630	0.398747	0.389621	0.411100	0.374726	0.413640	0.379518	0.369282	0.389815	0.398732	0.382500	
1635	0.405047	0.385595	0.409912	0.375935	0.411872	0.381184	0.369350	0.388244	0.393431	0.386391	
1640	0.400211	0.388111	0.402918	0.380094	0.417493	0.380853	0.372812	0.395951	0.396824	0.388194	
1645	0.403940	0.386594	0.405326	0.387805	0.421270	0.383699	0.373836	0.393711	0.394483	0.389109	
1650	0.403737	0.385512	0.398546	0.392575	0.423885	0.385532	0.374665	0.395196	0.399914	0.391683	
1655	0.403977	0.391490	0.404857	0.392995	0.423320	0.379395	0.378257	0.398682	0.394249	0.390866	
1660	0.400455	0.393683	0.409518	0.404867	0.420875	0.375884	0.378326	0.397822	0.399841	0.389010	
1665	0.398354	0.392123	0.411531	0.407737	0.420481	0.379403	0.375344	0.398587	0.401031	0.390485	
1670	0.406500	0.386372	0.410230	0.407762	0.420096	0.380563	0.378163	0.388668	0.399897	0.391742	
1675	0.401735	0.386062	0.412818	0.396417	0.419459	0.381163	0.375305	0.395073	0.401376	0.392254	
1680	0.406841	0.384811	0.411650	0.388138	0.422101	0.374284	0.379551	0.392099	0.391491	0.393167	
1685	0.406282	0.388251	0.407773	0.394487	0.419393	0.369446	0.375683	0.390937	0.390006	0.394457	
1690	0.406312	0.388362	0.412594	0.400325	0.422418	0.372253	0.377475	0.390162	0.396896	0.392121	
1695	0.414566	0.391983	0.409641	0.396829	0.423174	0.371079	0.383931	0.391511	0.398650	0.390877	
1700	0.409440	0.395520	0.406028	0.402789	0.423562	0.378015	0.387606	0.391847	0.399951	0.389598	
1705	0.404394	0.390054	0.403408	0.401531	0.411748	0.378183	0.387600	0.393334	0.400523	0.391059	
1710	0.404858	0.388785	0.402806	0.400887	0.404766	0.379191	0.388316	0.391513	0.399486	0.396004	
1715	0.404543	0.398127	0.405549	0.401746	0.408559	0.377968	0.385027	0.388128	0.404537	0.393250	
1720	0.406433	0.398565	0.406391	0.395479	0.405994	0.376140	0.383522	0.384468	0.407755	0.397388	
1725	0.402710	0.392723	0.408146	0.393968	0.404020	0.375879	0.384179	0.385761	0.405808	0.394913	
1730	0.403576	0.393807	0.405337	0.396594	0.404125	0.373580	0.384993	0.388878	0.409037	0.397567	
1735	0.407990	0.395374	0.405028	0.395311	0.403134	0.376480	0.380600	0.387334	0.411123	0.396454	
1740	0.400851	0.385005	0.401886	0.399795	0.397944	0.377512	0.382521	0.382145	0.412056	0.389674	
1745	0.398742	0.385999	0.395584	0.402807	0.399143	0.377777	0.385650	0.383285	0.404967	0.394058	
1750	0.394624	0.383169	0.396266	0.398492	0.400203	0.370312	0.385934	0.390920	0.414196	0.390531	
1755	0.399162	0.381180	0.394927	0.399743	0.404387	0.365414	0.386545	0.386988	0.412386	0.393551	
1760	0.393574	0.381558	0.400055	0.395923	0.403150	0.361826	0.386597	0.377396	0.414981	0.390594	
1765	0.391731	0.381307	0.388477	0.396142	0.402312	0.369369	0.387003	0.376089	0.416380	0.389638	
1770	0.386994	0.374065	0.389482	0.400074	0.405570	0.372067	0.382989	0.376382	0.415865	0.386800	
1775	0.386429	0.373812	0.390498	0.403152	0.407817	0.372125	0.383805	0.379773	0.410608	0.391632	
1780	0.384388	0.382860	0.394681	0.397683	0.412218	0.370587	0.386669	0.378237	0.413638	0.393945	
1785	0.380608	0.388636	0.399843	0.400682	0.412609	0.369014	0.379433	0.374831	0.411132	0.401663	
1790	0.383002	0.386160	0.396033	0.398776	0.407588	0.367446	0.385182	0.379448	0.416732	0.400950	
1795	0.385062	0.383194	0.401783	0.400540	0.408921	0.376115	0.381678	0.381111	0.417464	0.401334	
1800	0.382854	0.383640	0.401186	0.398817	0.411410	0.372946	0.386901	0.383480	0.409866	0.408094	
1805	0.383650	0.379802	0.406608	0.391226	0.408131	0.369441	0.388145	0.382304	0.409474	0.407449	
1810	0.387799	0.373530	0.407368	0.388734	0.411148	0.366973	0.384326	0.389245	0.412234	0.406251	
1815	0.381347	0.374334	0.403700	0.390867	0.407970	0.356094	0.395920	0.390158	0.407911	0.401240	
1820	0.381445	0.381377	0.401713	0.392604	0.406617	0.362474	0.399703	0.389885	0.405920	0.396168	
1825	0.381640	0.382429	0.398852	0.385895	0.406729	0.367403	0.394805	0.393787	0.398460	0.401895	
1830	0.383710	0.384069	0.397071	0.384671	0.406991	0.370187	0.394550	0.393640	0.397746	0.399333	
1835	0.381312	0.392820	0.395779	0.384432	0.405565	0.363906	0.393059	0.391147	0.398210	0.401992	
1840	0.383073	0.393954	0.397609	0.383029	0.408144	0.363272	0.395823	0.395047	0.397332	0.396899	
1845	0.384980	0.397656	0.397289	0.391382	0.408963	0.363787	0.396850	0.398106	0.395556	0.394316	
1850	0.384048	0.402321	0.397715	0.390692	0.405623	0.359992	0.399373	0.397782	0.397834	0.399477	
1855	0.390434	0.398832	0.392607	0.389885	0.416808	0.362838	0.396065	0.394570	0.398334	0.396675	
1860	0.386838	0.400376	0.391608	0.391340	0.418016	0.362552	0.391274	0.397076	0.406070	0.403331	
1865	0.384901	0.400092	0.397647	0.391675	0.416578	0.364531	0.384078	0.393994	0.403526	0.399890	
1870	0.381234	0.409874	0.397319	0.386471	0.419532	0.374217	0.379990	0.395088	0.405184	0.396385	
1875	0.384769	0.414460	0.394278	0.390770	0.419566	0.372090	0.385993	0.395261	0.401480	0.393133	
1880	0.384450	0.413260	0.393382	0.387984	0.415449	0.371942	0.386982	0.395539	0.393322	0.391170	
1885	0.382045	0.411344	0.394645	0.388206	0.414036	0.373929	0.382944	0.392832	0.389492	0.393958	
1890	0.379687	0.417085	0.396017	0.391268	0.416693	0.375831	0.382640	0.396949	0.393095	0.389175	
1895	0.380857	0.421141	0.392530	0.391562	0.419245	0.376803	0.381554	0.401049	0.388845	0.387995	
1900	0.384987	0.420018	0.383008	0.392501	0.416832	0.376954	0.381128	0.399986	0.392060	0.390980	
1905	0.381639	0.421567	0.383308	0.393582	0.417500	0.376210	0.384123	0.399490	0.391244	0.393437	
1910	0.382658	0.417891	0.387022	0.397245	0.412926	0.371271	0.391753	0.397002	0.394011	0.392221	
1915	0.387994	0.417064	0.392995	0.394773	0.412598	0.377399	0.397577	0.404543	0.402458	0.388505	
1920	0.387037	0.420421	0.388535	0.399281	0.411251	0.380123	0.396252	0.404277	0.406125	0.393821	
1925	0.380030	0.419785	0.392688	0.399764	0.406151	0.376668	0.398990	0.400814	0.400700	0.395556	
1930	0.377443	0.422927	0.391667	0.397235	0.408139	0.379181	0.398782	0.404964	0.392280	0.396458	
1935	0.378274	0.417669	0.396721	0.393048	0.411359	0.372822	0.394847	0.399702	0.395017	0.386970	
1940	0.380872	0.419472	0.396917	0.397771	0.412562	0.374980	0.387684	0.396266	0.389922	0.388963	
1945	0.378907	0.418819	0.394930	0.402794	0.409225	0.370274	0.388732	0.403157	0.393788	0.392637	
1950	0.375562	0.416970	0.393984	0.400224	0.412240	0.368846	0.385081	0.399453	0.405514	0.389513	
1955	0.378312	0.412371	0.399888	0.400555	0.412975	0.370428	0.383612	0.397615	0.404487	0.391132	
1960	0.376785	0.410601	0.396274	0.406015	0.413213	0.369937	0.382832	0.400230	0.407280	0.396796	
1965	0.371867	0.412390	0.401186	0.400758	0.411181	0.369238	0.384069	0.397575	0.410211	0.394894	
1970	0.372136	0.405766	0.398091	0.406227	0.414611	0.367335	0.387102	0.398317	0.404866	0.389894	
1975	0.373120	0.404044	0.395190	0.406061	0.415185	0.371187	0.384712	0.400103	0.407149	0.390373	
1980	0.377447	0.406727	0.394412	0.404324	0.414789	0.371667	0.380887	0.397656	0.404071	0.393160	
1985	0.374126	0.408892	0.393350	0.404671	0.412928	0.379240	0.376423	0.400580	0.403324	0.390652	
1990	0.372509	0.409890	0.398225	0.397909	0.414670	0.377915	0.378150	0.401318	0.404646	0.384614	
1995	0.376545	0.414395	0.396448	0.393917	0.408460	0.377256	0.383220	0.404220	0.400849	0.383668	
2000	0.374871	0.412978	0.400396	0.394113	0.411514	0.378708	0.383737	0.402136	0.400216	0.380143	
2005	0.375100	0.419019	0.404676	0.390445	0.410120	0.380447	0.377948	0.407531	0.395120	0.379920	
2010	0.376561	0.412936	0.405241	0.393671	0.407285	0.389678	0.370097	0.408581	0.392047	0.392085	
2015	0.372512	0.409687	0.407637	0.402362	0.413160	0.396224	0.363842	0.404623	0.389294	0.390214	
2020	0.377640	0.410033	0.403037	0.402633	0.409258	0.389600	0.360041	0.410010	0.397370	0.396683	
2025	0.376256	0.412874	0.399283	0.400130	0.412879	0.386658	0.359309	0.409834	0.403458	0.396154	
2030	0.384987	0.417496	0.397078	0.400640	0.419153	0.393101	0.363240	0.411190	0.401880	0.394880	
2035	0.388379	0.418180	0.401714	0.396274	0.410175	0.395258	0.367746	0.411591	0.395276	0.397901	
2040	0.391862	0.410980	0.405504	0.398730	0.415604	0.394316	0.368269	0.406998	0.392980	0.398734	
2045	0.397601	0.408065	0.406078	0.400059	0.419800	0.388114	0.370546	0.405073	0.391690	0.399275	
2050	0.390533	0.407911	0.408036	0.395269	0.424347	0.389056	0.374859	0.402018	0.397729	0.401926	
2055	0.386156	0.402977	0.402056	0.392403	0.424634	0.386975	0.374014	0.403891	0.400906	0.403122	
2060	0.394215	0.403829	0.400343	0.391892	0.419546	0.383658	0.376575	0.405743	0.391366	0.403387	
2065	0.401085	0.403307	0.399933	0.388646	0.416685	0.379199	0.373247	0.405350	0.389055	0.409161	
2070	0.403544	0.399818	0.396306	0.398776	0.408629	0.375615	0.369933	0.405375	0.390938	0.411352	
2075	0.405347	0.405906	0.396315	0.394419	0.400886	0.374306	0.369769	0.411095	0.387204	0.415710	
2080	0.406737	0.409488	0.392122	0.394703	0.409093	0.379614	0.365405	0.410583	0.388527	0.417979	
2085	0.399134	0.411590	0.398127	0.402767	0.412334	0.376225	0.368615	0.407197	0.387715	0.418248	
2090	0.388729	0.412120	0.399547	0.403717	0.415571	0.377584	0.371203	0.403578	0.386441	0.420402	
2095	0.388638	0.411666	0.398012	0.402009	0.421718	0.378022	0.373201	0.399392	0.387485	0.419711	
2100	0.386615	0.405297	0.389354	0.401863	0.416002	0.380493	0.374727	0.404195	0.389671	0.419101	
2105	0.391336	0.402845	0.387112	0.392915	0.411012	0.379020	0.377928	0.403518	0.383002	0.414216	
2110	0.401808	0.403154	0.388756	0.396902	0.410786	0.380365	0.382468	0.404878	0.383011	0.419931	
2115	0.393267	0.400850	0.390970	0.393803	0.417373	0.373990	0.375828	0.401278	0.378559	0.416562	
2120	0.389876	0.408476	0.389747	0.393430	0.422118	0.376041	0.378711	0.399290	0.376058	0.409365	
2125	0.391942	0.408119	0.391355	0.393455	0.421198	0.383428	0.381129	0.401478	0.379826	0.409445	
2130	0.395212	0.412510	0.388666	0.396693	0.416711	0.386124	0.383161	0.401922	0.378293	0.404337	
2135	0.391974	0.415498	0.389829	0.397028	0.412072	0.382510	0.391945	0.404797	0.379335	0.405510	
2140	0.388323	0.414739	0.380727	0.392813	0.411958	0.377611	0.391158	0.402615	0.374369	0.401175	
2145	0.388330	0.411894	0.380067	0.392873	0.417873	0.376350	0.389459	0.403689	0.377069	0.398281	
2150	0.388110	0.409518	0.376729	0.391818	0.423558	0.377730	0.394845	0.408449	0.374925	0.401578	
2155	0.386878	0.410480	0.386442	0.387459	0.421141	0.374584	0.398248	0.407657	0.373308	0.400977	
2160	0.376757	0.406380	0.382972	0.389885	0.422881	0.370213	0.397222	0.402369	0.368637	0.401995	
2165	0.367348	0.405688	0.378974	0.393405	0.420466	0.367528	0.394774	0.393221	0.368829	0.402882	
2170	0.366338	0.409295	0.385218	0.398878	0.421766	0.371953	0.392933	0.397180	0.362686	0.398486	
2175	0.367072	0.411733	0.384146	0.399742	0.417951	0.367120	0.393825	0.396545	0.361672	0.397953	
2180	0.365639	0.410559	0.384561	0.399109	0.420657	0.372022	0.392577	0.393649	0.358705	0.395848	
2185	0.366060	0.408495	0.377825	0.396914	0.420231	0.372353	0.392466	0.395008	0.362491	0.396679	
2190	0.370087	0.412943	0.374471	0.397458	0.422215	0.378332	0.395071	0.395590	0.366014	0.394632	
2195	0.362576	0.412324	0.366024	0.396113	0.418636	0.379543	0.397246	0.393573	0.366272	0.396077	
2200	0.365898	0.407873	0.369371	0.393646	0.413143	0.388005	0.400125	0.394528	0.363052	0.391235	
2205	0.363928	0.404043	0.364611	0.391737	0.415350	0.383799	0.398460	0.395547	0.365079	0.394677	
2210	0.362804	0.406126	0.365248	0.390653	0.416234	0.382960	0.402318	0.391717	0.367921	0.394935	
2215	0.362710	0.412292	0.357728	0.392092	0.419780	0.384591	0.396518	0.389395	0.368459	0.391431	
2220	0.365225	0.409502	0.359578	0.387105	0.418830	0.385838	0.398890	0.388478	0.366676	0.391852	
2225	0.368232	0.403689	0.359504	0.381297	0.412794	0.390327	0.405159	0.382850	0.366166	0.391852	
2230	0.368741	0.406486	0.360422	0.380488	0.414235	0.387019	0.400527	0.385709	0.364225	0.390473	
2235	0.366793	0.414574	0.358831	0.377746	0.417298	0.377901	0.405433	0.375393	0.362233	0.394308	
2240	0.369326	0.411719	0.355998	0.382497	0.413328	0.380540	0.407377	0.380667	0.365707	0.390448	
2245	0.371759	0.410887	0.359037	0.381951	0.412961	0.378967	0.410255	0.380199	0.362315	0.386917	
2250	0.371144	0.409411	0.353986	0.379529	0.413630	0.376157	0.409107	0.376687	0.371111	0.385958	
2255	0.371307	0.409326	0.351661	0.384614	0.413482	0.379397	0.414180	0.376960	0.373714	0.384255	
2260	0.368431	0.407837	0.355247	0.390091	0.408753	0.382453	0.409662	0.374948	0.377635	0.382070	
2265	0.365633	0.404510	0.361726	0.390323	0.408151	0.381684	0.403965	0.379045	0.373314	0.385499	
2270	0.365754	0.405867	0.361431	0.391936	0.412582	0.372083	0.403761	0.376162	0.370552	0.390588	
2275	0.367590	0.403748	0.364191	0.392780	0.408887	0.368753	0.405321	0.376206	0.375360	0.396474	
2280	0.369740	0.404604	0.357180	0.392886	0.404163	0.367810	0.404788	0.374296	0.372251	0.397934	
2285	0.367830	0.403964	0.360926	0.389751	0.400329	0.367603	0.403423	0.377080	0.371920	0.394595	
2290	0.368550	0.401621	0.364411	0.389662	0.400301	0.370650	0.404196	0.380744	0.371444	0.395557	
2295	0.362029	0.396832	0.360873	0.389211	0.400097	0.366988	0.406094	0.374061	0.372505	0.397443	
2300	0.360335	0.396445	0.368781	0.394672	0.400699	0.367201	0.405821	0.374917	0.370057	0.392908	
2305	0.362603	0.394860	0.367848	0.393082	0.402005	0.369458	0.412575	0.370532	0.370036	0.393604	
2310	0.363501	0.393798	0.375845	0.392242	0.398774	0.366878	0.407540	0.371489	0.364815	0.393109	
2315	0.361040	0.397562	0.374834	0.398973	0.397169	0.367936	0.404605	0.376373	0.367384	0.400233	
2320	0.363725	0.398498	0.372192	0.394218	0.400929	0.368221	0.400431	0.375194	0.363914	0.397456	
2325	0.356458	0.398144	0.371607	0.394859	0.401840	0.363975	0.404829	0.374048	0.359546	0.391481	
2330	0.354464	0.395875	0.373198	0.401691	0.396453	0.370259	0.407293	0.375382	0.355361	0.383960	
2335	0.356098	0.392679	0.368439	0.399914	0.396343	0.368511	0.407129	0.378082	0.360467	0.383599	
2340	0.360842	0.393911	0.364149	0.406904	0.390549	0.368125	0.409431	0.375508	0.355370	0.380266	
2345	0.366493	0.391596	0.366088	0.410847	0.390266	0.372792	0.407024	0.373634	0.355142	0.382903	
2350	0.363932	0.391723	0.363507	0.406438	0.385980	0.371546	0.411274	0.372145	0.358773	0.380582	
2355	0.363351	0.393130	0.362747	0.394902	0.389294	0.373621	0.404471	0.372823	0.357523	0.385485	
2360	0.360773	0.394378	0.365288	0.395161	0.392197	0.370913	0.401776	0.374224	0.357251	0.390237	
2365	0.366702	0.385525	0.364635	0.400426	0.385463	0.370615	0.406244	0.373084	0.356902	0.389769	
2370	0.367054	0.379733	0.365173	0.393631	0.384672	0.373485	0.406621	0.378304	0.363975	0.387658	
2375	0.371367	0.377070	0.363363	0.395297	0.389369	0.378108	0.396739	0.373389	0.371823	0.384568	
2380	0.372706	0.370095	0.368024	0.390905	0.390428	0.381725	0.402494	0.374434	0.364616	0.385722	
2385	0.371284	0.369595	0.370974	0.394399	0.393161	0.383722	0.407155	0.372773	0.363545	0.385264	
2390	0.375492	0.375227	0.365217	0.394442	0.395062	0.384674	0.403289	0.374511	0.371835	0.383064	
2395	0.374876	0.377154	0.365162	0.392998	0.397341	0.384615	0.400462	0.375016	0.368180	0.384902	
2400	0.376975	0.379743	0.364688	0.393898	0.395337	0.380425	0.403092	0.372474	0.367218	0.382366	
2405	0.377631	0.375331	0.364355	0.393967	0.394344	0.376872	0.395537	0.368770	0.370694	0.382189	
2410	0.375973	0.375350	0.360852	0.393600	0.394635	0.375600	0.394498	0.365676	0.369069	0.388806	
2415	0.383346	0.374995	0.365545	0.392966	0.397824	0.372628	0.400349	0.366030	0.364638	0.391063	
2420	0.383578	0.376593	0.369424	0.391833	0.401907	0.374420	0.407839	0.366960	0.366247	0.390482	
2425	0.383622	0.378655	0.371473	0.402231	0.401688	0.373646	0.401349	0.374184	0.368448	0.383608	
2430	0.380656	0.372232	0.375698	0.403009	0.397848	0.376274	0.402106	0.369015	0.368629	0.383529	
2435	0.384243	0.373802	0.377122	0.406179	0.400356	0.378255	0.400707	0.365391	0.368710	0.382646	
2440	0.388554	0.363524	0.374365	0.399720	0.397683	0.378583	0.405933	0.367073	0.368519	0.386307	
2445	0.392935	0.362777	0.372127	0.398641	0.395022	0.380257	0.409910	0.365083	0.368982	0.385352	
2450	0.392804	0.366888	0.373917	0.389836	0.391312	0.388009	0.407605	0.364759	0.372140	0.385222	
2455	0.385215	0.374200	0.373704	0.397603	0.387691	0.385200	0.407852	0.363335	0.373235	0.382499	
2460	0.390032	0.375862	0.374180	0.400546	0.389715	0.383760	0.403457	0.360317	0.375184	0.378570	
2465	0.392246	0.371094	0.372954	0.399889	0.392828	0.385209	0.403162	0.364671	0.376527	0.381499	
2470	0.393394	0.373826	0.373827	0.401837	0.397594	0.386886	0.398299	0.364274	0.384159	0.387930	
2475	0.391163	0.376713	0.371191	0.403721	0.397124	0.384134	0.394879	0.365791	0.387774	0.384455	
2480	0.391337	0.375020	0.372990	0.406382	0.401985	0.380823	0.395290	0.368310	0.390812	0.387400	
2485	0.388370	0.381102	0.375064	0.405566	0.396568	0.375873	0.396084	0.377297	0.400648	0.389151	
2490	0.389437	0.384610	0.372914	0.403135	0.399408	0.375074	0.401383	0.374955	0.396845	0.390275	
2495	0.388850	0.382252	0.373684	0.404476	0.399091	0.380818	0.395600	0.370594	0.391558	0.391063	
2500	0.388990	0.389142	0.370685	0.405009	0.398370	0.382781	0.394317	0.363017	0.384842	0.394855	
2505	0.384385	0.387745	0.368919	0.404218	0.396615	0.379763	0.391953	0.364465	0.382025	0.392168	
2510	0.390556	0.387151	0.366320	0.403424	0.401710	0.374153	0.392868	0.358009	0.385828	0.391568	
2515	0.386827	0.389874	0.370528	0.403488	0.400109	0.377998	0.398691	0.360832	0.389704	0.391934	
2520	0.390366	0.391747	0.372405	0.401005	0.399553	0.377038	0.398089	0.362210	0.393367	0.384916	
2525	0.388370	0.396354	0.377237	0.404190	0.398376	0.373455	0.398722	0.360067	0.395689	0.380905	
2530	0.387547	0.393223	0.375984	0.400340	0.398842	0.372982	0.404790	0.365910	0.391784	0.375222	
2535	0.388640	0.394893	0.373417	0.403579	0.391494	0.369758	0.399123	0.369866	0.391183	0.370817	
2540	0.385703	0.397344	0.371645	0.404567	0.390501	0.367581	0.396316	0.370242	0.394672	0.377676	
2545	0.384386	0.394617	0.374532	0.399668	0.389354	0.364357	0.402577	0.376195	0.396346	0.374621	
2550	0.383640	0.396525	0.376287	0.404615	0.386044	0.370755	0.406576	0.369399	0.392044	0.376856	
2555	0.385381	0.388582	0.376439	0.398247	0.389960	0.375786	0.399448	0.369318	0.389148	0.383977	
2560	0.383130	0.387515	0.377605	0.399569	0.390855	0.377388	0.398994	0.367432	0.395413	0.380485	
2565	0.380959	0.388980	0.378564	0.406146	0.392676	0.372791	0.394894	0.366936	0.386852	0.376659	
2570	0.386207	0.384899	0.375376	0.405616	0.394159	0.377777	0.396757	0.372926	0.387100	0.373662	
2575	0.388457	0.388676	0.375750	0.404599	0.395981	0.377728	0.397729	0.376959	0.388948	0.371127	
2580	0.389479	0.380864	0.374870	0.409110	0.394700	0.376886	0.396586	0.379221	0.391717	0.374544	
2585	0.387638	0.383304	0.374715	0.405017	0.392328	0.381791	0.395711	0.371203	0.390381	0.369765	
2590	0.385438	0.386179	0.371738	0.404525	0.389494	0.385810	0.395624	0.368828	0.393041	0.371393	
2595	0.386417	0.399558	0.372716	0.397684	0.386730	0.380948	0.391185	0.371679	0.393109	0.369577	
2600	0.386752	0.396524	0.366616	0.394614	0.387578	0.384419	0.388029	0.367760	0.394424	0.362846	
2605	0.388299	0.381930	0.372103	0.398019	0.390408	0.385179	0.394475	0.368715	0.401382	0.368556	
2610	0.388432	0.381139	0.371972	0.399195	0.389983	0.386490	0.393010	0.365652	0.401774	0.368763	
2615	0.384887	0.381604	0.379670	0.400988	0.386236	0.387208	0.397146	0.366801	0.402123	0.371545	
2620	0.386082	0.384113	0.375668	0.389788	0.384026	0.386926	0.397859	0.368601	0.399192	0.379108	
2625	0.382109	0.385046	0.369672	0.389507	0.382330	0.382274	0.397960	0.368720	0.401199	0.382288	
2630	0.383853	0.384324	0.368990	0.396621	0.382613	0.381669	0.401391	0.375080	0.399344	0.379752	
2635	0.380463	0.385156	0.371937	0.392731	0.383213	0.386659	0.402808	0.377397	0.399256	0.382304	
2640	0.381298	0.387605	0.383959	0.388537	0.381504	0.383822	0.405627	0.375542	0.401413	0.379408	
2645	0.391760	0.388587	0.380814	0.389004	0.380344	0.387428	0.406721	0.374336	0.400296	0.385579	
2650	0.395122	0.393147	0.383220	0.391257	0.382324	0.383479	0.400381	0.376454	0.404110	0.388694	
2655	0.389191	0.396332	0.390864	0.389760	0.392440	0.379972	0.391791	0.376926	0.405386	0.384780	
2660	0.377262	0.398696	0.394420	0.394956	0.391284	0.373401	0.396494	0.379209	0.401269	0.381738	
2665	0.378627	0.387710	0.394918	0.390312	0.392476	0.372576	0.397348	0.380300	0.397152	0.382768	
2670	0.383205	0.387207	0.399041	0.388523	0.395618	0.368370	0.398598	0.387086	0.397391	0.377515	
2675	0.386318	0.391704	0.399154	0.389953	0.396657	0.369295	0.400089	0.382410	0.395161	0.375200	
2680	0.390985	0.388663	0.406084	0.388253	0.399628	0.370937	0.400792	0.376137	0.398278	0.381848	
2685	0.395758	0.382056	0.407991	0.389821	0.398211	0.371176	0.400435	0.369818	0.398824	0.384520	
2690	0.390443	0.383518	0.402247	0.389557	0.389891	0.366257	0.399733	0.371792	0.399649	0.387477	
2695	0.385154	0.385729	0.403618	0.384372	0.387211	0.369883	0.406190	0.369799	0.399186	0.392039	
2700	0.381275	0.383605	0.399526	0.393780	0.397942	0.374559	0.409727	0.368724	0.396005	0.396463	
2705	0.382071	0.381853	0.386958	0.387249	0.392111	0.374260	0.411706	0.366360	0.392528	0.401635	
2710	0.382455	0.389094	0.384942	0.386524	0.390328	0.371284	0.405296	0.363889	0.389295	0.395393	
2715	0.380579	0.389891	0.383465	0.388555	0.389448	0.374559	0.404724	0.362314	0.386285	0.395524	
2720	0.387319	0.394989	0.389722	0.388485	0.391504	0.375835	0.406506	0.365998	0.390453	0.396731	
2725	0.382027	0.395899	0.391459	0.389302	0.392770	0.372064	0.409298	0.366819	0.392024	0.400215	
2730	0.382594	0.395670	0.395122	0.384354	0.397785	0.369524	0.411091	0.366815	0.382699	0.395250	
2735	0.383655	0.390670	0.397941	0.381776	0.395366	0.373407	0.407090	0.367099	0.383090	0.393920	
2740	0.386065	0.395219	0.394927	0.382936	0.391717	0.370631	0.406043	0.365799	0.384097	0.395175	
2745	0.382835	0.391006	0.397408	0.382591	0.393275	0.375472	0.408171	0.364925	0.386818	0.400477	
2750	0.380346	0.387599	0.396188	0.386841	0.394854	0.372316	0.406175	0.360595	0.383205	0.399012	
2755	0.376416	0.389930	0.400743	0.385645	0.396138	0.372878	0.405556	0.364972	0.387500	0.398886	
2760	0.376240	0.387808	0.399693	0.383716	0.394861	0.378823	0.396295	0.362491	0.387498	0.398616	
2765	0.375059	0.385500	0.400156	0.381811	0.398578	0.378260	0.396674	0.365137	0.392049	0.407061	
2770	0.373390	0.379983	0.398467	0.388216	0.397814	0.387138	0.391932	0.367741	0.392315	0.408542	
2775	0.378410	0.380205	0.396851	0.394503	0.393194	0.393416	0.394361	0.366662	0.392624	0.408203	
2780	0.378616	0.380140	0.400010	0.394230	0.389465	0.394436	0.395765	0.368716	0.388316	0.405862	
2785	0.378371	0.378449	0.402763	0.400345	0.384371	0.399133	0.394584	0.369637	0.391614	0.408045	
2790	0.381592	0.375092	0.403315	0.398657	0.382945	0.397962	0.395947	0.370918	0.384443	0.406614	
2795	0.377829	0.374091	0.405885	0.399628	0.389766	0.398016	0.394557	0.372925	0.384578	0.404347	
2800	0.374041	0.377068	0.405974	0.396735	0.390360	0.398300	0.391811	0.374067	0.384694	0.392118	
2805	0.378104	0.384518	0.405292	0.396662	0.388558	0.398124	0.392554	0.371115	0.385508	0.385236	
2810	0.380260	0.377905	0.405313	0.397461	0.388397	0.397414	0.387097	0.364856	0.385484	0.378100	
2815	0.377491	0.373379	0.399060	0.393579	0.389993	0.405222	0.385698	0.367792	0.385554	0.380744	
2820	0.376141	0.371528	0.400349	0.393414	0.384945	0.398945	0.382816	0.367247	0.387357	0.384048	
2825	0.378491	0.374829	0.400761	0.388975	0.388489	0.400281	0.380341	0.372023	0.389313	0.385598	
2830	0.378420	0.374237	0.403558	0.391643	0.388617	0.400660	0.380823	0.377587	0.396718	0.387027	
2835	0.377017	0.380766	0.407135	0.394654	0.394106	0.404141	0.378098	0.381137	0.391789	0.379995	
2840	0.380973	0.378433	0.399024	0.389649	0.391860	0.403499	0.377755	0.377595	0.395477	0.382701	
2845	0.375994	0.372040	0.402214	0.386075	0.397172	0.399633	0.381089	0.377143	0.398387	0.385985	
2850	0.373372	0.374925	0.396808	0.383278	0.396082	0.395969	0.383607	0.381198	0.397450	0.389847	
2855	0.371336	0.370251	0.402863	0.384401	0.398331	0.396958	0.379662	0.383088	0.400256	0.386858	
2860	0.376518	0.370309	0.401131	0.387753	0.394518	0.397952	0.374089	0.381276	0.397731	0.386450	
2865	0.369812	0.368496	0.404894	0.389501	0.395523	0.397904	0.374428	0.383368	0.397660	0.386654	
2870	0.362598	0.378302	0.398816	0.383970	0.391533	0.398830	0.374583	0.385252	0.398491	0.389874	
2875	0.362912	0.375543	0.407340	0.379952	0.397435	0.400306	0.370961	0.387841	0.403098	0.396126	
2880	0.365463	0.370074	0.405852	0.379212	0.395801	0.398701	0.375139	0.389961	0.403368	0.396508	
2885	0.369126	0.377141	0.407200	0.378822	0.395040	0.396173	0.375777	0.388841	0.402708	0.403479	
2890	0.363078	0.376290	0.403544	0.384848	0.395884	0.396573	0.383367	0.382904	0.400619	0.404398	
2895	0.359573	0.377650	0.396636	0.386751	0.400843	0.396497	0.383497	0.387834	0.400040	0.402123	
2900	0.360737	0.379605	0.393536	0.390149	0.405945	0.401085	0.383931	0.385876	0.404478	0.399854	
2905	0.356243	0.382405	0.396843	0.385261	0.406543	0.395912	0.383134	0.390811	0.403868	0.399275	
2910	0.356876	0.376289	0.391968	0.385054	0.409344	0.398817	0.389502	0.384972	0.407747	0.398205	
2915	0.359713	0.373568	0.390455	0.380366	0.409856	0.400099	0.387136	0.388217	0.403685	0.396200	
2920	0.360449	0.376765	0.392813	0.384069	0.413389	0.399606	0.393492	0.387081	0.401832	0.399795	
2925	0.360350	0.381125	0.395242	0.386622	0.411698	0.401092	0.390538	0.386110	0.400279	0.395988	
2930	0.359941	0.379935	0.393291	0.379646	0.409932	0.399663	0.391923	0.383104	0.396597	0.395956	
2935	0.363912	0.376676	0.391933	0.378357	0.409610	0.400702	0.388876	0.386807	0.396136	0.396831	
2940	0.366973	0.373581	0.400379	0.381767	0.411981	0.399105	0.393374	0.387558	0.392563	0.392366	
2945	0.364951	0.379399	0.394451	0.378536	0.420348	0.398547	0.389555	0.385919	0.387770	0.393238	
2950	0.369803	0.382585	0.395289	0.381370	0.424406	0.399679	0.390427	0.390861	0.388138	0.392428	
2955	0.368954	0.381585	0.399154	0.382435	0.424222	0.401545	0.381371	0.389998	0.389914	0.386063	
2960	0.366682	0.381113	0.392500	0.379255	0.421113	0.393287	0.381129	0.392785	0.387799	0.388161	
2965	0.369160	0.381409	0.395784	0.382966	0.418063	0.388795	0.377223	0.387621	0.392404	0.391546	
2970	0.365972	0.377028	0.398007	0.384366	0.414467	0.386006	0.373029	0.385027	0.392402	0.392980	
2975	0.370842	0.376174	0.401193	0.390386	0.410686	0.386632	0.376862	0.384894	0.399237	0.398022	
2980	0.372099	0.374493	0.405182	0.392812	0.401895	0.398635	0.381735	0.378807	0.395163	0.392699	
2985	0.370668	0.378481	0.399880	0.392584	0.402571	0.392664	0.380652	0.377085	0.395550	0.394439	
2990	0.370430	0.375434	0.397331	0.391058	0.397759	0.395281	0.382374	0.377321	0.397728	0.394838	
2995	0.374297	0.382546	0.397119	0.390230	0.394706	0.391379	0.384377	0.379836	0.400340	0.393262	
3000	0.377560	0.384804	0.402215	0.387189	0.403207	0.384194	0.382553	0.383265	0.402915	0.388286	
