T	rep_1	rep_2	rep_3	rep_4	rep_5	rep_6	rep_7	rep_8	rep_9	rep_10
5	0.000000	0.000000	0.000000	0.000000	0.000000	0.000000	0.000000	0.000000	0.000000	0.000000	
10	0.000000	0.000000	0.000000	0.000000	0.000000	0.000000	0.000000	0.000000	0.000000	0.000000	
15	0.000000	0.000000	0.000000	0.000000	0.000000	0.000000	0.000000	0.000000	0.000000	0.000000	
20	0.000000	0.000000	0.000000	0.000000	0.000000	0.000000	0.000000	0.000000	0.000000	0.000000	
25	0.000000	0.000000	0.000000	0.000000	0.000000	0.000000	0.000000	0.000000	0.000000	0.000000	
30	0.000000	0.000000	0.000000	0.000000	0.000000	0.000000	0.000000	0.000000	0.000000	0.000000	
35	0.000000	0.000000	0.000000	0.000000	0.000000	0.000000	0.000000	0.000000	0.000000	0.000000	
40	0.000000	0.000000	0.000000	0.000000	0.000000	0.000000	0.000000	0.000000	0.000000	0.000000	
45	0.000000	0.000000	0.000000	0.000000	0.000000	0.000000	0.000000	0.000000	0.000000	0.000000	
50	0.000000	0.000000	0.000000	0.000000	0.000000	0.000000	0.000000	0.000000	0.000000	0.000000	
55	0.000000	0.000000	0.000000	0.000000	0.000000	0.000000	0.000000	0.000000	0.000000	0.000000	
60	0.000000	0.000000	0.000000	0.000000	0.000000	0.000000	0.000000	0.000000	0.000000	0.000000	
65	0.000000	0.000000	0.000000	0.000000	0.000000	0.000000	0.000000	0.000000	0.000000	0.000000	
70	0.000000	0.000000	0.000000	0.000000	0.000000	0.000000	0.000000	0.000000	0.000000	0.000000	
75	0.000000	0.000000	0.000000	0.000000	0.000000	0.000000	0.000000	0.000000	0.000000	0.000000	
80	0.000000	0.000000	0.000000	0.000000	0.000000	0.000000	0.000000	0.000000	0.000000	0.000000	
85	0.000000	0.000000	0.000000	0.000000	0.000000	0.000000	0.000000	0.000000	0.000000	0.000000	
90	0.000000	0.000000	0.000000	0.000000	0.000000	0.000000	0.000000	0.000000	0.000000	0.000000	
95	0.000000	0.000000	0.000000	0.000000	0.000000	0.000000	0.000000	0.000000	0.000000	0.000000	
100	0.000000	0.000000	0.000000	0.000000	0.000000	0.000000	0.000000	0.000000	0.000000	0.000000	
105	0.000000	0.000000	0.000000	0.000000	0.000000	0.000000	0.000000	0.000000	0.000000	0.000000	
110	0.000000	0.000000	0.000000	0.000000	0.000000	0.000000	0.000000	0.000000	0.000000	0.000000	
115	0.000000	0.000000	0.000000	0.000000	0.000000	0.000000	0.000000	0.000000	0.000000	0.000000	
120	0.000000	0.000000	0.000000	0.000000	0.000000	0.000000	0.000000	0.000000	0.000000	0.000000	
125	0.000000	0.000000	0.000000	0.000000	0.000000	0.000000	0.000000	0.000000	0.000000	0.000000	
130	0.000000	0.000000	0.000000	0.000000	0.000000	0.000000	0.000000	0.000000	0.000000	0.000000	
135	0.000000	0.000000	0.000000	0.000000	0.000000	0.000000	0.000000	0.000000	0.000000	0.000000	
140	0.000000	0.000000	0.000000	0.000000	0.000000	0.000000	0.000000	0.000000	0.000000	0.000000	
145	0.000000	0.000000	0.000000	0.000000	0.000000	0.000000	0.000000	0.000000	0.000000	0.000000	
150	0.000000	0.000000	0.000000	0.000000	0.000000	0.000000	0.000000	0.000000	0.000000	0.000000	
155	0.000000	0.000000	0.000000	0.000000	0.000000	0.000000	0.000000	0.000000	0.000000	0.000000	
160	0.000000	0.000000	0.000000	0.000000	0.000000	0.000000	0.000000	0.000000	0.000000	0.000000	
165	0.000000	0.000000	0.000000	0.000000	0.000000	0.000000	0.000000	0.000000	0.000000	0.000000	
170	0.000000	0.000000	0.000000	0.000000	0.000000	0.000000	0.000000	0.000000	0.000000	0.000000	
175	0.000000	0.000000	0.000000	0.000000	0.000000	0.000000	0.000000	0.000000	0.000000	0.000000	
180	0.000000	0.000000	0.000000	0.000000	0.000000	0.000000	0.000000	0.000000	0.000000	0.000000	
185	0.000000	0.000000	0.000000	0.000000	0.000000	0.000000	0.000000	0.000000	0.000000	0.000000	
190	0.000000	0.000000	0.000000	0.000000	0.000000	0.000000	0.000000	0.000000	0.000000	0.000000	
195	0.000000	0.000000	0.000000	0.000000	0.000000	0.000000	0.000000	0.000000	0.000000	0.000000	
200	0.000000	0.000000	0.000000	0.000000	0.000000	0.000000	0.000000	0.000000	0.000000	0.000000	
205	0.001188	0.001671	0.001229	0.001384	0.001384	0.001436	0.000879	0.001566	0.001041	0.001363	
210	0.002303	0.002086	0.002368	0.002572	0.002053	0.002850	0.002344	0.002559	0.002432	0.001939	
215	0.002672	0.002341	0.003125	0.002809	0.002126	0.003531	0.003392	0.003275	0.003475	0.002844	
220	0.003877	0.003576	0.003348	0.002654	0.002899	0.003782	0.003365	0.004283	0.003153	0.002525	
225	0.003891	0.004898	0.003767	0.002986	0.002734	0.004149	0.003544	0.003977	0.003160	0.002525	
230	0.003828	0.004769	0.004974	0.003924	0.003157	0.004670	0.004559	0.003795	0.004225	0.002954	
235	0.005002	0.004789	0.004837	0.004540	0.003058	0.005089	0.003654	0.005267	0.004810	0.004072	
240	0.004051	0.004175	0.005000	0.005176	0.005303	0.004949	0.003665	0.004914	0.005508	0.004740	
245	0.004704	0.004312	0.003906	0.004876	0.005091	0.004804	0.003662	0.004768	0.004601	0.004958	
250	0.005519	0.005000	0.005965	0.006042	0.004970	0.004466	0.004686	0.005340	0.003739	0.004609	
255	0.005651	0.005360	0.004693	0.005551	0.005285	0.004237	0.004717	0.006150	0.004748	0.005564	
260	0.004759	0.004320	0.004845	0.004758	0.004437	0.004572	0.004370	0.005803	0.005911	0.006310	
265	0.004851	0.004734	0.004245	0.004977	0.005016	0.005782	0.004603	0.005520	0.005076	0.006826	
270	0.005223	0.004990	0.005151	0.005358	0.005745	0.005982	0.004650	0.007228	0.005048	0.007397	
275	0.007773	0.005303	0.006200	0.005196	0.006311	0.006413	0.003978	0.006922	0.005717	0.007646	
280	0.007636	0.006086	0.007447	0.006816	0.006299	0.005640	0.004816	0.006377	0.006914	0.008805	
285	0.006459	0.005931	0.007095	0.005628	0.005714	0.005832	0.005110	0.006372	0.007021	0.009968	
290	0.005332	0.006309	0.006972	0.006312	0.006009	0.006690	0.006239	0.005214	0.006528	0.009900	
295	0.006849	0.006329	0.006723	0.006958	0.006228	0.005392	0.006034	0.005233	0.007191	0.008991	
300	0.005925	0.007654	0.007722	0.007658	0.006676	0.006663	0.006488	0.006318	0.008343	0.009435	
305	0.006565	0.007643	0.007815	0.007371	0.005925	0.007316	0.006083	0.007307	0.007740	0.009631	
310	0.006610	0.006878	0.007544	0.006315	0.005534	0.008871	0.005794	0.007486	0.008440	0.007168	
315	0.005731	0.007012	0.006064	0.006238	0.006601	0.008307	0.007018	0.008210	0.008867	0.006803	
320	0.007879	0.007408	0.007124	0.005858	0.006989	0.007871	0.007030	0.008362	0.008814	0.006903	
325	0.009928	0.008059	0.007090	0.006445	0.006250	0.007334	0.006633	0.009278	0.007548	0.008377	
330	0.008348	0.006986	0.007231	0.008076	0.007555	0.006774	0.008345	0.010218	0.007418	0.007420	
335	0.008573	0.007234	0.008215	0.008327	0.008080	0.006573	0.007956	0.009523	0.006623	0.008004	
340	0.006354	0.007456	0.007466	0.007181	0.008352	0.007368	0.006818	0.007149	0.006884	0.007815	
345	0.006656	0.007129	0.007431	0.006926	0.009628	0.008168	0.007570	0.007005	0.008097	0.008276	
350	0.007362	0.006855	0.007972	0.006211	0.007311	0.008377	0.007331	0.007073	0.008948	0.008703	
355	0.007799	0.006213	0.008763	0.005944	0.007184	0.009342	0.008607	0.008348	0.008916	0.007830	
360	0.007723	0.005648	0.009590	0.006790	0.007100	0.011069	0.009227	0.008340	0.009257	0.009933	
365	0.008510	0.006684	0.010039	0.007824	0.008230	0.012472	0.009442	0.009815	0.008899	0.009177	
370	0.008081	0.006682	0.011060	0.007909	0.007711	0.011066	0.008689	0.008676	0.008223	0.007751	
375	0.007842	0.007961	0.009589	0.008054	0.008254	0.010149	0.007402	0.008137	0.007211	0.008324	
380	0.007234	0.007855	0.008446	0.008177	0.009467	0.009425	0.007601	0.007716	0.008177	0.009365	
385	0.008213	0.008732	0.008939	0.007094	0.010461	0.009436	0.009836	0.007889	0.007289	0.009464	
390	0.009457	0.008902	0.009925	0.008786	0.010847	0.008384	0.009632	0.008611	0.007117	0.010332	
395	0.010094	0.009683	0.011161	0.010046	0.011010	0.009148	0.010879	0.007802	0.008025	0.009322	
400	0.007869	0.010092	0.011434	0.011164	0.011786	0.008481	0.010265	0.008470	0.007983	0.009500	
405	0.008754	0.010196	0.009496	0.011983	0.011287	0.009042	0.009885	0.008164	0.008404	0.009550	
410	0.008321	0.009281	0.008932	0.012602	0.010151	0.010081	0.010041	0.008206	0.009409	0.008929	
415	0.007833	0.009946	0.010847	0.012432	0.008821	0.011226	0.010868	0.008804	0.009381	0.008857	
420	0.008529	0.008621	0.011622	0.012130	0.009725	0.011877	0.008889	0.008884	0.009583	0.009686	
425	0.009540	0.007753	0.012860	0.011633	0.010037	0.010916	0.009945	0.008828	0.007701	0.010021	
430	0.009233	0.008697	0.012862	0.011472	0.011443	0.010250	0.009980	0.008625	0.007146	0.009881	
435	0.008741	0.007825	0.013690	0.011829	0.010261	0.010698	0.011354	0.007647	0.007725	0.008639	
440	0.010022	0.008847	0.012982	0.011707	0.011101	0.012966	0.011608	0.009085	0.007814	0.007718	
445	0.009995	0.009077	0.012152	0.013314	0.011867	0.011749	0.012634	0.010403	0.008175	0.006780	
450	0.009262	0.008623	0.012585	0.013115	0.010851	0.011826	0.011353	0.012492	0.009122	0.007364	
455	0.009690	0.008949	0.014290	0.011842	0.010931	0.010035	0.010248	0.011630	0.008471	0.007173	
460	0.009543	0.008524	0.015242	0.010447	0.010426	0.010026	0.009094	0.013042	0.008312	0.007705	
465	0.009696	0.009566	0.015750	0.009868	0.011004	0.011742	0.009636	0.012518	0.009361	0.008691	
470	0.011664	0.011242	0.014108	0.009691	0.012263	0.009454	0.009346	0.011063	0.008688	0.010302	
475	0.011222	0.012958	0.014439	0.010650	0.011462	0.010991	0.009241	0.012033	0.008794	0.012981	
480	0.012924	0.012817	0.013632	0.012183	0.010290	0.010516	0.008722	0.012358	0.010481	0.012288	
485	0.012604	0.012843	0.013574	0.011253	0.010684	0.010904	0.009409	0.009806	0.012681	0.012950	
490	0.012425	0.013066	0.013917	0.011867	0.009865	0.012470	0.008310	0.009363	0.011737	0.012032	
495	0.013499	0.013340	0.015475	0.011783	0.009357	0.011677	0.009480	0.010704	0.013170	0.011578	
500	0.013416	0.013518	0.016355	0.012959	0.010108	0.013872	0.011515	0.011511	0.015088	0.012070	
505	0.012737	0.013658	0.015090	0.012932	0.012074	0.011589	0.010207	0.012263	0.014912	0.012918	
510	0.013668	0.012604	0.016450	0.013459	0.011692	0.011145	0.010118	0.012306	0.016364	0.015530	
515	0.011408	0.012509	0.016641	0.013811	0.010908	0.011330	0.011700	0.011093	0.012871	0.015407	
520	0.011465	0.011463	0.016279	0.011298	0.011566	0.012454	0.010934	0.007954	0.013169	0.013795	
525	0.010590	0.013011	0.014367	0.010664	0.009562	0.012726	0.011854	0.007162	0.016476	0.015562	
530	0.011984	0.014733	0.013462	0.011498	0.009768	0.012010	0.011902	0.007522	0.016174	0.015219	
535	0.013107	0.016700	0.013125	0.011118	0.008827	0.011869	0.012975	0.007777	0.015065	0.015267	
540	0.012401	0.014978	0.014142	0.010333	0.007200	0.009190	0.013634	0.009216	0.014486	0.015204	
545	0.011479	0.012397	0.013258	0.009658	0.007389	0.009326	0.016674	0.009448	0.016380	0.013467	
550	0.011975	0.012988	0.013945	0.010325	0.006786	0.008970	0.015184	0.009643	0.017496	0.012642	
555	0.011778	0.012037	0.014683	0.010611	0.007933	0.008713	0.013821	0.012456	0.019340	0.012800	
560	0.013011	0.012038	0.014819	0.011223	0.008491	0.009628	0.013042	0.011406	0.021641	0.015588	
565	0.012180	0.012449	0.014677	0.011761	0.009689	0.011252	0.014837	0.013690	0.020070	0.014888	
570	0.011975	0.012621	0.014791	0.010739	0.010069	0.012743	0.015558	0.014325	0.018298	0.013442	
575	0.012466	0.013056	0.014713	0.011433	0.009569	0.014096	0.015510	0.012566	0.019971	0.012960	
580	0.012297	0.012584	0.014839	0.011398	0.010255	0.014761	0.016529	0.013013	0.018035	0.012461	
585	0.013400	0.012075	0.015903	0.011201	0.010794	0.016637	0.017055	0.013765	0.018636	0.011720	
590	0.014469	0.011382	0.017033	0.012115	0.013994	0.015066	0.019031	0.013117	0.018675	0.012255	
595	0.014092	0.011376	0.015940	0.012782	0.012372	0.014540	0.016950	0.012215	0.016882	0.012942	
600	0.015159	0.010910	0.016217	0.012385	0.012522	0.015804	0.017765	0.013944	0.015919	0.011676	
605	0.016077	0.011560	0.016824	0.013583	0.012056	0.013894	0.017065	0.014158	0.015576	0.012196	
610	0.016234	0.010629	0.016214	0.014018	0.012852	0.014372	0.014997	0.015548	0.014874	0.013928	
615	0.015113	0.011240	0.015851	0.012741	0.013183	0.014206	0.014782	0.015400	0.016352	0.014361	
620	0.015072	0.011489	0.015718	0.012389	0.014074	0.015822	0.015033	0.015184	0.015724	0.015898	
625	0.016178	0.012809	0.015482	0.011606	0.014123	0.014856	0.014615	0.016196	0.016595	0.015016	
630	0.015573	0.014541	0.015860	0.010423	0.015173	0.013855	0.014122	0.015038	0.017155	0.017218	
635	0.015850	0.013797	0.015628	0.011629	0.015799	0.015710	0.013915	0.016538	0.016609	0.019190	
640	0.014611	0.012961	0.016009	0.013043	0.014345	0.016206	0.015689	0.015382	0.016131	0.018452	
645	0.015017	0.012834	0.018306	0.012911	0.015474	0.014732	0.017608	0.015093	0.015749	0.015405	
650	0.017807	0.013519	0.017846	0.012147	0.016032	0.014842	0.017739	0.015698	0.016910	0.015310	
655	0.017254	0.013123	0.017257	0.012717	0.015784	0.016216	0.018133	0.015642	0.015685	0.015073	
660	0.016839	0.013876	0.017527	0.011112	0.014742	0.017995	0.019886	0.016816	0.014958	0.015996	
665	0.016484	0.013102	0.017516	0.011788	0.014361	0.017101	0.021448	0.016883	0.015893	0.015849	
670	0.017507	0.014258	0.018135	0.011595	0.015604	0.017382	0.021704	0.016832	0.016333	0.016244	
675	0.019818	0.013455	0.017545	0.012763	0.015867	0.017685	0.021971	0.018735	0.018011	0.014772	
680	0.018262	0.014370	0.017979	0.011279	0.016435	0.016283	0.021562	0.017138	0.016743	0.015508	
685	0.019034	0.016319	0.018339	0.011318	0.015959	0.015549	0.021106	0.016253	0.015838	0.015295	
690	0.019868	0.016421	0.017434	0.011921	0.014968	0.016189	0.021275	0.015084	0.017245	0.015655	
695	0.019674	0.016701	0.017351	0.012827	0.015610	0.018432	0.018675	0.014875	0.016071	0.014868	
700	0.019536	0.017917	0.018099	0.014157	0.016925	0.018032	0.018980	0.016919	0.017971	0.014603	
705	0.019385	0.018800	0.017111	0.013986	0.017440	0.018162	0.018974	0.017937	0.016865	0.014894	
710	0.021937	0.019032	0.016044	0.014528	0.018075	0.019540	0.017991	0.018597	0.018229	0.016477	
715	0.019981	0.020135	0.014924	0.015851	0.017605	0.021276	0.018633	0.018897	0.017526	0.016121	
720	0.018295	0.020156	0.014482	0.017682	0.017186	0.021682	0.016008	0.019034	0.018609	0.016317	
725	0.017562	0.021286	0.013270	0.017415	0.017450	0.021954	0.017011	0.018396	0.019539	0.017711	
730	0.015700	0.023474	0.016101	0.016642	0.017091	0.019971	0.018568	0.018462	0.019061	0.017749	
735	0.017016	0.022157	0.015375	0.016589	0.016013	0.020062	0.018325	0.018797	0.016608	0.018722	
740	0.018900	0.021146	0.016070	0.016277	0.017381	0.018343	0.017490	0.020579	0.016073	0.019588	
745	0.018123	0.020506	0.018248	0.015570	0.017339	0.017833	0.017532	0.021905	0.017501	0.018623	
750	0.018101	0.019218	0.017939	0.016211	0.020170	0.017233	0.016458	0.021996	0.018913	0.018421	
755	0.018350	0.019940	0.017844	0.016871	0.021784	0.017145	0.015387	0.022371	0.018404	0.020022	
760	0.018203	0.019592	0.019591	0.016604	0.020794	0.019292	0.015055	0.023458	0.017106	0.020963	
765	0.017475	0.022249	0.019891	0.017568	0.021932	0.018743	0.014951	0.026775	0.017952	0.022133	
770	0.016299	0.021212	0.023175	0.018110	0.018664	0.018900	0.015165	0.024801	0.018742	0.020988	
775	0.017247	0.020075	0.019600	0.021043	0.016659	0.020506	0.014347	0.027249	0.019541	0.021096	
780	0.018054	0.020489	0.022168	0.021274	0.018194	0.021596	0.015841	0.028058	0.019533	0.022824	
785	0.018830	0.019940	0.021316	0.020326	0.017975	0.020095	0.016103	0.026886	0.020321	0.020732	
790	0.015973	0.021873	0.022139	0.022468	0.017625	0.021767	0.017157	0.026223	0.020575	0.020129	
795	0.017492	0.024450	0.022887	0.022681	0.017320	0.023265	0.019228	0.026484	0.021325	0.020888	
800	0.017497	0.026043	0.025022	0.022586	0.017995	0.024318	0.019888	0.024224	0.020905	0.021567	
805	0.017336	0.024218	0.027899	0.021140	0.017503	0.023365	0.021099	0.022971	0.021603	0.021522	
810	0.020351	0.023147	0.027059	0.022030	0.014560	0.026172	0.021583	0.024124	0.021354	0.022797	
815	0.021016	0.023530	0.026615	0.021477	0.015792	0.024263	0.021314	0.024755	0.021564	0.024880	
820	0.020228	0.025115	0.022527	0.020547	0.017255	0.022568	0.020622	0.025397	0.021626	0.025797	
825	0.020006	0.025872	0.021470	0.022705	0.018213	0.021740	0.022008	0.027569	0.022035	0.025454	
830	0.020658	0.024941	0.021385	0.020808	0.017491	0.023250	0.020496	0.028484	0.023252	0.026392	
835	0.019249	0.025086	0.020347	0.021336	0.017705	0.023455	0.020005	0.028744	0.022199	0.028422	
840	0.019429	0.023346	0.021554	0.019636	0.018994	0.023247	0.020317	0.027726	0.021678	0.026883	
845	0.019032	0.022551	0.019400	0.021778	0.019661	0.022905	0.020330	0.027181	0.022405	0.026534	
850	0.017523	0.022138	0.020046	0.021401	0.018140	0.023234	0.020985	0.026705	0.021306	0.024976	
855	0.020030	0.022032	0.021945	0.020385	0.015759	0.020602	0.020371	0.025359	0.021689	0.023940	
860	0.020618	0.023553	0.021875	0.019410	0.014754	0.019984	0.020403	0.024819	0.021100	0.022257	
865	0.021535	0.023933	0.022354	0.019391	0.014867	0.020831	0.022076	0.024236	0.020663	0.020876	
870	0.024059	0.021977	0.021356	0.020720	0.016085	0.020809	0.024634	0.024464	0.020422	0.021685	
875	0.024501	0.021877	0.019237	0.021266	0.017810	0.021780	0.023091	0.023066	0.018624	0.024746	
880	0.022657	0.022362	0.020537	0.021679	0.018135	0.022477	0.022825	0.023046	0.020093	0.023984	
885	0.022975	0.022235	0.019384	0.023688	0.017779	0.025127	0.021792	0.025289	0.021246	0.021905	
890	0.023753	0.021968	0.019826	0.022646	0.020180	0.025672	0.023603	0.027158	0.022570	0.025256	
895	0.021884	0.021598	0.020483	0.023523	0.020264	0.025735	0.024571	0.026013	0.022359	0.023746	
900	0.022666	0.022319	0.021038	0.023327	0.019243	0.025186	0.024518	0.025284	0.022017	0.026550	
905	0.022264	0.020951	0.022614	0.023735	0.018634	0.026518	0.025446	0.027179	0.023237	0.027958	
910	0.020360	0.023326	0.022810	0.022065	0.017045	0.025290	0.026394	0.027353	0.022963	0.027841	
915	0.024579	0.023797	0.022173	0.022745	0.016493	0.025190	0.024203	0.029905	0.025776	0.029224	
920	0.025736	0.025476	0.021122	0.022368	0.016316	0.026396	0.024629	0.027209	0.026778	0.027572	
925	0.025481	0.026395	0.021512	0.021349	0.017427	0.029241	0.025275	0.027817	0.026799	0.028249	
930	0.023784	0.024804	0.022789	0.022055	0.018103	0.031045	0.025206	0.027698	0.023613	0.029578	
935	0.023595	0.024928	0.023302	0.021985	0.018271	0.026677	0.023332	0.030846	0.023728	0.025370	
940	0.022988	0.025669	0.023679	0.021439	0.017931	0.024301	0.023179	0.031482	0.022294	0.024465	
945	0.023500	0.024104	0.022113	0.023266	0.017881	0.023318	0.025139	0.030694	0.023057	0.023636	
950	0.022123	0.023927	0.023278	0.023266	0.017259	0.024959	0.024551	0.030028	0.024804	0.024486	
955	0.022275	0.020688	0.023143	0.022349	0.018270	0.023257	0.024151	0.028707	0.025816	0.023835	
960	0.020952	0.021214	0.024091	0.021127	0.017156	0.023057	0.026594	0.029431	0.023088	0.024870	
965	0.021662	0.021324	0.024791	0.020218	0.016030	0.022797	0.026508	0.030167	0.024249	0.025836	
970	0.021297	0.022965	0.024213	0.021389	0.015665	0.023098	0.023793	0.029920	0.022667	0.024129	
975	0.021741	0.023808	0.024875	0.022249	0.015105	0.022259	0.023198	0.031145	0.021039	0.023312	
980	0.021253	0.021542	0.025964	0.023206	0.016554	0.021654	0.023148	0.031496	0.020509	0.021214	
985	0.021649	0.020534	0.025845	0.022206	0.017246	0.019826	0.023142	0.033011	0.021039	0.022217	
990	0.020371	0.023974	0.024826	0.021094	0.018069	0.019987	0.022254	0.033259	0.020604	0.023327	
995	0.020130	0.025532	0.025046	0.020406	0.019679	0.021433	0.021719	0.030691	0.022841	0.022030	
1000	0.020518	0.026346	0.024480	0.021705	0.017527	0.020540	0.022730	0.030011	0.022816	0.021289	
1005	0.018464	0.026789	0.024892	0.020004	0.016237	0.021728	0.022966	0.028163	0.023571	0.022360	
1010	0.017903	0.026200	0.024606	0.020641	0.015315	0.021953	0.020652	0.027231	0.023463	0.020279	
1015	0.017425	0.024490	0.026390	0.020437	0.015209	0.022534	0.019476	0.024837	0.023114	0.020074	
1020	0.017917	0.022557	0.025347	0.019655	0.015966	0.024729	0.018239	0.024925	0.020062	0.019618	
1025	0.017527	0.024272	0.022369	0.019538	0.016591	0.024111	0.018901	0.025273	0.019790	0.019965	
1030	0.018337	0.026005	0.024843	0.020409	0.017465	0.023858	0.019754	0.025630	0.019650	0.018414	
1035	0.018817	0.027402	0.024238	0.019488	0.016626	0.023693	0.020351	0.026637	0.020294	0.019218	
1040	0.019164	0.025685	0.025441	0.020683	0.018158	0.024339	0.020277	0.025016	0.020697	0.020076	
1045	0.020605	0.027146	0.025671	0.020524	0.020288	0.024494	0.020435	0.025333	0.020801	0.022186	
1050	0.020185	0.027244	0.023902	0.020527	0.020143	0.024469	0.018253	0.026852	0.020235	0.021333	
1055	0.018115	0.029584	0.023493	0.020137	0.019402	0.023544	0.016610	0.027537	0.020379	0.020219	
1060	0.017251	0.028398	0.021588	0.019813	0.019024	0.026122	0.016701	0.026106	0.019894	0.021542	
1065	0.019545	0.026982	0.022183	0.018331	0.019988	0.025111	0.017933	0.024925	0.020565	0.020438	
1070	0.020665	0.025793	0.022253	0.018138	0.020140	0.026648	0.017547	0.023659	0.020944	0.019125	
1075	0.023662	0.024959	0.021670	0.019673	0.022227	0.028418	0.019101	0.022832	0.020990	0.018449	
1080	0.023456	0.027069	0.021378	0.022707	0.020049	0.029805	0.018175	0.021644	0.019501	0.017762	
1085	0.022084	0.025917	0.022414	0.020851	0.019848	0.029308	0.018338	0.021950	0.018756	0.018521	
1090	0.024671	0.023972	0.023350	0.019826	0.019419	0.028126	0.018393	0.021954	0.017595	0.019942	
1095	0.026819	0.024343	0.022124	0.019771	0.018749	0.027712	0.020630	0.019465	0.017031	0.019629	
1100	0.025505	0.025792	0.020677	0.019610	0.018651	0.028750	0.018680	0.019778	0.016864	0.020627	
1105	0.023824	0.023815	0.020510	0.020391	0.018837	0.029528	0.019962	0.019810	0.017420	0.020729	
1110	0.023152	0.025082	0.020516	0.022827	0.019416	0.028892	0.019296	0.020081	0.015765	0.018914	
1115	0.023897	0.025333	0.020187	0.022669	0.020400	0.030015	0.018865	0.019291	0.016361	0.018512	
1120	0.022131	0.024925	0.021371	0.023213	0.021464	0.030104	0.019909	0.018531	0.018670	0.018462	
1125	0.021296	0.024346	0.019861	0.022687	0.022721	0.030674	0.020256	0.020523	0.018426	0.019699	
1130	0.021528	0.023607	0.021398	0.024960	0.022088	0.030542	0.020794	0.020791	0.021235	0.020238	
1135	0.023277	0.023809	0.021697	0.023078	0.022465	0.031654	0.020003	0.020262	0.019852	0.020452	
1140	0.024683	0.023568	0.020441	0.022792	0.022682	0.030372	0.021001	0.018107	0.022186	0.019927	
1145	0.024905	0.025486	0.019952	0.022766	0.022560	0.030010	0.020364	0.018020	0.021325	0.018917	
1150	0.024134	0.024454	0.021070	0.021986	0.022040	0.028447	0.021221	0.016290	0.019807	0.018452	
1155	0.023639	0.025282	0.022014	0.022068	0.021981	0.028158	0.021260	0.015578	0.022344	0.019274	
1160	0.023148	0.026113	0.024139	0.021319	0.021645	0.028062	0.020537	0.014323	0.022232	0.018988	
1165	0.024547	0.026369	0.023985	0.021668	0.022673	0.026149	0.020044	0.016425	0.022953	0.019367	
1170	0.024271	0.026815	0.023192	0.024229	0.022451	0.024008	0.019931	0.016089	0.024764	0.019266	
1175	0.022710	0.026319	0.022649	0.022990	0.020882	0.024169	0.022694	0.015902	0.023942	0.018240	
1180	0.022910	0.025391	0.020841	0.024191	0.020976	0.023416	0.023756	0.016680	0.023057	0.020711	
1185	0.023800	0.027209	0.020406	0.024967	0.019019	0.022769	0.023467	0.017611	0.022055	0.020974	
1190	0.023467	0.029293	0.021360	0.025407	0.020432	0.023467	0.023147	0.018653	0.021714	0.022399	
1195	0.024540	0.026845	0.021947	0.024338	0.020997	0.022937	0.022089	0.017705	0.021533	0.022999	
1200	0.022978	0.025403	0.020322	0.024109	0.019627	0.022288	0.022237	0.017612	0.019863	0.021752	
1205	0.022359	0.025210	0.021394	0.024449	0.021010	0.024356	0.021645	0.017450	0.019252	0.021398	
1210	0.023006	0.024072	0.019057	0.024165	0.021242	0.024841	0.022419	0.015353	0.021701	0.021282	
1215	0.022195	0.022857	0.019097	0.025307	0.021727	0.024793	0.023360	0.017421	0.022729	0.021556	
1220	0.022147	0.024344	0.021027	0.023424	0.020461	0.025551	0.023109	0.016560	0.020033	0.021934	
1225	0.024504	0.024678	0.019395	0.021802	0.021499	0.024736	0.023476	0.015756	0.018804	0.021116	
1230	0.024900	0.022574	0.020532	0.021792	0.022629	0.022588	0.023237	0.014528	0.017491	0.021445	
1235	0.026002	0.023725	0.022742	0.022546	0.023180	0.021469	0.023746	0.013634	0.017650	0.022001	
1240	0.024531	0.026023	0.019609	0.020487	0.023231	0.021629	0.024619	0.014797	0.019268	0.022758	
1245	0.024595	0.024914	0.018335	0.021513	0.022575	0.022063	0.024909	0.017012	0.017718	0.023373	
1250	0.023533	0.024914	0.018083	0.021424	0.022799	0.023672	0.024327	0.016728	0.015924	0.025255	
1255	0.023561	0.022666	0.021824	0.020413	0.022124	0.022802	0.025319	0.018672	0.016018	0.026206	
1260	0.023413	0.022714	0.025536	0.020639	0.022031	0.022941	0.025563	0.018243	0.018542	0.023115	
1265	0.020989	0.023722	0.023579	0.019678	0.022225	0.024273	0.026300	0.020129	0.017745	0.023757	
1270	0.020718	0.022275	0.023919	0.019162	0.022058	0.022435	0.028101	0.023554	0.019707	0.025367	
1275	0.019540	0.022238	0.025183	0.018835	0.022376	0.022823	0.027857	0.023023	0.021321	0.026760	
1280	0.020908	0.021665	0.024326	0.019633	0.021264	0.021994	0.027080	0.024183	0.019636	0.026666	
1285	0.020974	0.020190	0.022315	0.021404	0.022966	0.025271	0.027136	0.022329	0.018704	0.024917	
1290	0.020126	0.021338	0.023701	0.024359	0.023259	0.023309	0.028270	0.022902	0.019929	0.024975	
1295	0.020878	0.023182	0.022364	0.025150	0.023191	0.024940	0.028267	0.021012	0.020627	0.025130	
1300	0.018062	0.024269	0.021188	0.026268	0.023467	0.024125	0.027935	0.021000	0.020304	0.024336	
1305	0.020800	0.023913	0.024111	0.024686	0.024971	0.024516	0.026170	0.019976	0.021031	0.024298	
1310	0.018294	0.026108	0.025265	0.024195	0.024949	0.022796	0.027467	0.022727	0.021765	0.025986	
1315	0.020395	0.025660	0.025354	0.024967	0.023651	0.021177	0.027107	0.023977	0.021862	0.025855	
1320	0.019909	0.024825	0.027175	0.024667	0.022635	0.022506	0.028632	0.023375	0.023390	0.025782	
1325	0.020615	0.024014	0.027454	0.023670	0.020657	0.023205	0.026832	0.022462	0.022345	0.026614	
1330	0.020457	0.025641	0.025916	0.023918	0.021301	0.024370	0.028287	0.024534	0.024222	0.027628	
1335	0.022865	0.025097	0.027646	0.024742	0.020926	0.022175	0.028631	0.023949	0.021414	0.026235	
1340	0.024027	0.023293	0.029719	0.026558	0.021241	0.022878	0.026735	0.023864	0.022202	0.025167	
1345	0.023515	0.023060	0.029224	0.026116	0.022039	0.022419	0.026179	0.022467	0.023023	0.025403	
1350	0.022950	0.022774	0.030692	0.023513	0.025039	0.019903	0.026295	0.020202	0.023668	0.024201	
1355	0.023678	0.020974	0.029596	0.022601	0.025795	0.020977	0.027531	0.019511	0.022226	0.025428	
1360	0.024254	0.020248	0.026279	0.022758	0.026399	0.021299	0.025833	0.017957	0.025525	0.025240	
1365	0.023924	0.020667	0.025506	0.021370	0.025572	0.021471	0.026948	0.018000	0.026385	0.025054	
1370	0.025197	0.021998	0.025780	0.020535	0.026047	0.021398	0.027161	0.020512	0.029631	0.023964	
1375	0.023820	0.022147	0.027342	0.020635	0.025589	0.020595	0.027269	0.020314	0.029229	0.026510	
1380	0.022360	0.021170	0.025215	0.019660	0.023307	0.022291	0.026624	0.021968	0.028023	0.026771	
1385	0.023164	0.022201	0.026820	0.022189	0.024530	0.023835	0.026769	0.022869	0.029281	0.025268	
1390	0.024071	0.022682	0.026249	0.023219	0.025099	0.024450	0.028104	0.024701	0.027019	0.025570	
1395	0.025254	0.024739	0.023607	0.022179	0.025161	0.025077	0.027904	0.022314	0.024267	0.026628	
1400	0.025097	0.023524	0.023051	0.021196	0.023711	0.024248	0.027734	0.023115	0.023558	0.025192	
1405	0.023186	0.024488	0.021208	0.022290	0.025108	0.023014	0.027957	0.024290	0.021393	0.025236	
1410	0.022307	0.025955	0.021596	0.021625	0.021361	0.024596	0.026643	0.023587	0.020884	0.024908	
1415	0.022261	0.024536	0.023292	0.020472	0.022548	0.023721	0.026444	0.023151	0.021275	0.025711	
1420	0.022251	0.025471	0.020286	0.020778	0.024853	0.025358	0.027101	0.024219	0.019112	0.025924	
1425	0.024218	0.027823	0.021614	0.020026	0.025058	0.024243	0.025926	0.022570	0.020551	0.026849	
1430	0.024413	0.027246	0.020887	0.020855	0.025903	0.024827	0.024097	0.020611	0.019779	0.027429	
1435	0.024577	0.024510	0.020707	0.021498	0.024447	0.024098	0.026766	0.021510	0.021491	0.027300	
1440	0.026335	0.024914	0.020701	0.023277	0.023376	0.023681	0.026549	0.022245	0.021112	0.026398	
1445	0.027507	0.024271	0.022324	0.022399	0.023507	0.024776	0.027375	0.021820	0.020437	0.026860	
1450	0.027336	0.023840	0.022483	0.024083	0.024292	0.024645	0.028017	0.021670	0.020850	0.026408	
1455	0.028813	0.024756	0.024605	0.022280	0.024504	0.023176	0.029075	0.022323	0.023307	0.026205	
1460	0.027760	0.024610	0.022416	0.023928	0.026181	0.024251	0.028619	0.022653	0.026392	0.024557	
1465	0.026229	0.025250	0.023731	0.023412	0.026216	0.022828	0.029293	0.023077	0.025136	0.024440	
1470	0.026386	0.023870	0.021654	0.023424	0.026531	0.023099	0.027516	0.021326	0.024193	0.023218	
1475	0.024757	0.023760	0.020888	0.022931	0.025211	0.025389	0.027233	0.022608	0.024583	0.026137	
1480	0.026186	0.025522	0.020702	0.023496	0.025006	0.023903	0.027891	0.021896	0.025081	0.027011	
1485	0.024781	0.024976	0.019027	0.024214	0.027770	0.022173	0.027411	0.021242	0.025846	0.025006	
1490	0.021553	0.024804	0.018724	0.025187	0.027111	0.024469	0.028587	0.021875	0.025901	0.025582	
1495	0.019777	0.025093	0.019371	0.023327	0.026929	0.024275	0.028880	0.022035	0.027986	0.023586	
1500	0.019855	0.023755	0.018825	0.022828	0.027751	0.024046	0.028937	0.023383	0.028539	0.024740	
1505	0.021958	0.021888	0.018608	0.025726	0.029570	0.023823	0.028287	0.022722	0.026985	0.024591	
1510	0.024449	0.021908	0.017816	0.027067	0.030653	0.021735	0.029768	0.021364	0.028472	0.023647	
1515	0.021654	0.020396	0.018771	0.027705	0.029789	0.021261	0.029668	0.021496	0.027476	0.024979	
1520	0.021808	0.018614	0.018677	0.027969	0.030543	0.020235	0.029844	0.021680	0.027216	0.023325	
1525	0.020655	0.021109	0.019262	0.027040	0.029647	0.020166	0.029827	0.023447	0.030102	0.022139	
1530	0.022910	0.019860	0.019413	0.026900	0.027560	0.019173	0.030478	0.025286	0.028844	0.022063	
1535	0.022556	0.020210	0.021219	0.025804	0.029310	0.020099	0.027957	0.023775	0.028089	0.020616	
1540	0.021250	0.022962	0.020817	0.025348	0.030291	0.021604	0.029683	0.021315	0.028292	0.018017	
1545	0.019128	0.021256	0.021664	0.024496	0.027467	0.021780	0.032743	0.022720	0.028814	0.020758	
1550	0.019461	0.021184	0.021576	0.024121	0.026048	0.022671	0.031221	0.025501	0.027725	0.022044	
1555	0.020428	0.020521	0.020749	0.023866	0.026507	0.023952	0.031701	0.024072	0.027245	0.020562	
1560	0.021678	0.022041	0.023684	0.024495	0.028032	0.022726	0.033247	0.025423	0.025248	0.019882	
1565	0.021765	0.023851	0.024958	0.024805	0.028740	0.023813	0.030729	0.026695	0.027660	0.020531	
1570	0.020147	0.022990	0.026687	0.026769	0.028378	0.023513	0.031291	0.027636	0.029461	0.020377	
1575	0.017681	0.022280	0.025582	0.027004	0.029438	0.025405	0.029882	0.027270	0.030979	0.019231	
1580	0.019645	0.023453	0.024717	0.028421	0.029234	0.028124	0.028530	0.027449	0.029365	0.020315	
1585	0.019337	0.023533	0.023815	0.027636	0.030966	0.028388	0.029327	0.024837	0.028380	0.022782	
1590	0.018929	0.022357	0.024760	0.029410	0.029436	0.028687	0.027252	0.026979	0.029721	0.023210	
1595	0.018778	0.022463	0.025565	0.028061	0.030361	0.026888	0.027122	0.026265	0.028723	0.022236	
1600	0.020477	0.021983	0.026798	0.027990	0.028463	0.026993	0.025925	0.026718	0.027820	0.022041	
1605	0.020450	0.023527	0.030077	0.029897	0.027361	0.024951	0.027970	0.027848	0.029263	0.025096	
1610	0.020745	0.025821	0.026940	0.028343	0.028722	0.023829	0.027642	0.026069	0.028851	0.025970	
1615	0.018172	0.024251	0.028798	0.027909	0.028696	0.025934	0.027045	0.025593	0.027819	0.024063	
1620	0.019101	0.024123	0.029725	0.027983	0.027187	0.025413	0.026295	0.025599	0.026731	0.021672	
1625	0.016636	0.022699	0.032543	0.027730	0.028938	0.024204	0.026912	0.025890	0.027641	0.021558	
1630	0.020092	0.020353	0.032574	0.026459	0.029830	0.022383	0.026585	0.025638	0.027944	0.018672	
1635	0.020158	0.022592	0.030117	0.026598	0.031624	0.021358	0.027691	0.025445	0.029848	0.019673	
1640	0.020697	0.023685	0.029492	0.026221	0.032179	0.026763	0.029168	0.026833	0.029701	0.020205	
1645	0.020833	0.023639	0.026738	0.025897	0.032462	0.027635	0.025936	0.026699	0.030871	0.021568	
1650	0.020989	0.025251	0.027307	0.023606	0.028759	0.028182	0.027404	0.026248	0.030840	0.020826	
1655	0.021110	0.024484	0.028815	0.023931	0.027623	0.028068	0.026496	0.027438	0.029302	0.021259	
1660	0.019400	0.026428	0.031335	0.024117	0.027801	0.026676	0.025065	0.026199	0.027587	0.021580	
1665	0.020110	0.026940	0.031519	0.024411	0.027459	0.024406	0.024869	0.024856	0.025263	0.022951	
1670	0.019510	0.026263	0.031258	0.025340	0.027593	0.025565	0.024926	0.025081	0.023458	0.020807	
1675	0.019153	0.026993	0.031450	0.025541	0.026933	0.025294	0.023650	0.023722	0.025311	0.020573	
1680	0.018032	0.027280	0.031433	0.024200	0.027580	0.024725	0.027748	0.025496	0.026295	0.020647	
1685	0.017280	0.028107	0.031133	0.024709	0.027144	0.025242	0.024522	0.024701	0.026225	0.021454	
1690	0.017052	0.027465	0.029658	0.024339	0.024836	0.024123	0.023304	0.024359	0.026924	0.020688	
1695	0.019731	0.026228	0.029620	0.025159	0.023026	0.024075	0.025582	0.025467	0.024725	0.018629	
1700	0.021013	0.024721	0.028468	0.026380	0.023734	0.024652	0.025011	0.024141	0.023974	0.019292	
1705	0.020369	0.027148	0.029909	0.024218	0.024567	0.026725	0.024305	0.023634	0.024574	0.019125	
1710	0.021072	0.024952	0.029268	0.023258	0.022565	0.025564	0.024299	0.025199	0.025162	0.018151	
1715	0.021395	0.025531	0.028540	0.022302	0.024349	0.027531	0.025438	0.025744	0.025164	0.017499	
1720	0.024682	0.026790	0.028132	0.021540	0.023008	0.025908	0.026860	0.025260	0.022587	0.018444	
1725	0.023819	0.027712	0.027404	0.022024	0.021262	0.024488	0.028455	0.025277	0.020898	0.020131	
1730	0.022893	0.025897	0.026742	0.022541	0.021545	0.025183	0.029466	0.027561	0.021702	0.020161	
1735	0.021799	0.025685	0.026930	0.023832	0.021677	0.026358	0.028275	0.027383	0.019928	0.020598	
1740	0.020872	0.022571	0.025116	0.024190	0.022167	0.024384	0.028865	0.028671	0.019758	0.019998	
1745	0.019061	0.022690	0.024017	0.024246	0.022155	0.024737	0.027236	0.029208	0.020913	0.020504	
1750	0.019300	0.024687	0.023126	0.023387	0.024678	0.025355	0.027750	0.030664	0.021819	0.022121	
1755	0.020873	0.026077	0.022476	0.024283	0.025511	0.025820	0.028197	0.029440	0.022242	0.021298	
1760	0.021159	0.025344	0.021872	0.023557	0.025591	0.025154	0.028716	0.027714	0.023815	0.022736	
1765	0.017617	0.024767	0.022999	0.022873	0.026226	0.026390	0.030035	0.027127	0.023184	0.021724	
1770	0.016349	0.025880	0.020756	0.021022	0.024581	0.024527	0.029520	0.026628	0.021782	0.022393	
1775	0.021176	0.025635	0.019988	0.019191	0.024917	0.023420	0.028434	0.025479	0.024829	0.020997	
1780	0.019764	0.025615	0.020221	0.019895	0.025374	0.022614	0.026833	0.025432	0.023624	0.021400	
1785	0.017002	0.026498	0.021326	0.019508	0.023133	0.025105	0.027545	0.026452	0.025214	0.022665	
1790	0.016151	0.024406	0.023145	0.018570	0.023303	0.025327	0.027121	0.027211	0.024784	0.023188	
1795	0.018275	0.022475	0.024217	0.019748	0.024252	0.025479	0.029153	0.026056	0.023212	0.023122	
1800	0.019050	0.022580	0.022462	0.017598	0.022299	0.026010	0.031710	0.025707	0.021258	0.023869	
1805	0.018503	0.021615	0.022753	0.018073	0.023406	0.025604	0.029114	0.026198	0.024591	0.023900	
1810	0.018191	0.021971	0.022427	0.017529	0.023528	0.028256	0.031495	0.026183	0.024877	0.025268	
1815	0.020300	0.022633	0.022406	0.017286	0.025557	0.030097	0.030755	0.027716	0.024813	0.026664	
1820	0.021095	0.023147	0.021263	0.017638	0.026417	0.028302	0.027870	0.025556	0.026646	0.026792	
1825	0.020200	0.022926	0.020260	0.016520	0.028129	0.025190	0.027176	0.026277	0.023384	0.026534	
1830	0.021820	0.024406	0.020788	0.018785	0.027499	0.024968	0.025280	0.026221	0.021708	0.026346	
1835	0.021754	0.024207	0.019762	0.019808	0.024595	0.025522	0.025686	0.027200	0.020782	0.023669	
1840	0.021468	0.024609	0.022052	0.020006	0.024240	0.026204	0.025342	0.028406	0.018894	0.024569	
1845	0.021156	0.024889	0.023191	0.021502	0.024129	0.028332	0.023603	0.027406	0.019904	0.025422	
1850	0.021770	0.022254	0.022514	0.022104	0.027326	0.025451	0.023669	0.027327	0.020499	0.025264	
1855	0.023845	0.023376	0.021598	0.020783	0.026868	0.024978	0.022854	0.028113	0.020703	0.024000	
1860	0.022782	0.020520	0.019029	0.021909	0.025762	0.024873	0.023283	0.027329	0.021739	0.021129	
1865	0.023513	0.019943	0.019661	0.020227	0.027424	0.023474	0.021043	0.026891	0.021218	0.020000	
1870	0.024600	0.019049	0.020682	0.018619	0.028534	0.024014	0.021161	0.028940	0.022306	0.019189	
1875	0.025364	0.020893	0.021148	0.019632	0.027799	0.023926	0.022364	0.026899	0.022546	0.020931	
1880	0.025360	0.019456	0.021179	0.021389	0.026969	0.026844	0.022219	0.027818	0.023378	0.022675	
1885	0.024826	0.019061	0.021439	0.023762	0.027816	0.024745	0.022940	0.026386	0.021408	0.023025	
1890	0.022879	0.019638	0.021226	0.023957	0.029930	0.023815	0.021716	0.029753	0.022399	0.022624	
1895	0.024287	0.019680	0.021507	0.023179	0.030199	0.022799	0.020813	0.028853	0.022957	0.024476	
1900	0.023243	0.018355	0.021402	0.023270	0.029256	0.024060	0.022231	0.027816	0.023011	0.022316	
1905	0.024131	0.018452	0.022606	0.024497	0.030021	0.023184	0.022961	0.029790	0.023171	0.022780	
1910	0.024551	0.019801	0.021740	0.026918	0.028628	0.023293	0.022211	0.030152	0.023506	0.022375	
1915	0.026179	0.020957	0.022715	0.026690	0.028087	0.022368	0.022702	0.029008	0.022739	0.021327	
1920	0.025372	0.021168	0.023600	0.025383	0.026779	0.022934	0.022811	0.029115	0.022821	0.020361	
1925	0.021909	0.023385	0.022124	0.023476	0.026771	0.023239	0.022992	0.030729	0.023675	0.020300	
1930	0.021344	0.025251	0.023801	0.023210	0.025776	0.023225	0.023315	0.033168	0.025327	0.021317	
1935	0.022376	0.023519	0.026470	0.022670	0.026154	0.022078	0.022599	0.032046	0.028783	0.021523	
1940	0.022600	0.024168	0.026472	0.023498	0.026165	0.023447	0.022167	0.032682	0.025213	0.023399	
1945	0.023269	0.025527	0.025384	0.023517	0.026452	0.022460	0.021852	0.031867	0.025168	0.023699	
1950	0.024331	0.025308	0.024833	0.025311	0.025259	0.023388	0.021844	0.031338	0.022450	0.024807	
1955	0.022923	0.025276	0.024102	0.024647	0.023063	0.024110	0.022610	0.029637	0.021914	0.023832	
1960	0.022840	0.027888	0.024918	0.027177	0.022809	0.025254	0.020834	0.030798	0.021839	0.023087	
1965	0.023518	0.026578	0.025782	0.028057	0.023965	0.026830	0.020595	0.030974	0.021678	0.022870	
1970	0.020775	0.025471	0.027982	0.029131	0.024228	0.027499	0.020421	0.032132	0.020709	0.025132	
1975	0.021853	0.023493	0.027988	0.028678	0.022774	0.026534	0.019574	0.029937	0.021084	0.028058	
1980	0.023204	0.023058	0.029090	0.028153	0.024069	0.026351	0.019430	0.029119	0.019132	0.028442	
1985	0.021230	0.023535	0.027154	0.027993	0.024406	0.026340	0.019749	0.029331	0.018412	0.028770	
1990	0.020539	0.023789	0.026919	0.028857	0.024715	0.025244	0.020361	0.029177	0.020319	0.031171	
1995	0.020181	0.025398	0.026444	0.028237	0.025113	0.024873	0.018341	0.030729	0.020383	0.029392	
2000	0.020836	0.026963	0.026663	0.025840	0.025577	0.025331	0.019196	0.029725	0.020796	0.027973	
2005	0.021682	0.026186	0.028288	0.024782	0.024696	0.026750	0.018722	0.028387	0.019496	0.028452	
2010	0.022544	0.024569	0.027449	0.025659	0.024687	0.026131	0.016870	0.029330	0.019863	0.026953	
2015	0.022678	0.023600	0.027825	0.024827	0.023364	0.024818	0.017103	0.029088	0.021793	0.027208	
2020	0.023131	0.023702	0.026090	0.026289	0.024581	0.023152	0.018685	0.030092	0.022140	0.027779	
2025	0.021666	0.021393	0.023968	0.026401	0.025140	0.023991	0.019611	0.028507	0.022515	0.028936	
2030	0.019831	0.019547	0.024151	0.027750	0.026367	0.024105	0.017997	0.028695	0.024288	0.029228	
2035	0.019861	0.017917	0.023648	0.030423	0.024673	0.023901	0.018787	0.028850	0.027316	0.028583	
2040	0.020761	0.016323	0.023900	0.028600	0.021356	0.024318	0.018290	0.027463	0.027172	0.028775	
2045	0.021485	0.019094	0.023461	0.023671	0.021713	0.026810	0.018176	0.026200	0.026608	0.029870	
2050	0.020807	0.017979	0.022534	0.024953	0.021285	0.027156	0.017430	0.027524	0.026155	0.029994	
2055	0.022115	0.017581	0.021798	0.027261	0.022029	0.027215	0.017346	0.027089	0.025804	0.030788	
2060	0.021345	0.018577	0.020976	0.023065	0.020776	0.029039	0.016046	0.025254	0.025225	0.031609	
2065	0.023372	0.018088	0.022502	0.023083	0.020145	0.030535	0.017355	0.022950	0.022240	0.029948	
2070	0.020345	0.018210	0.022077	0.023524	0.021362	0.030854	0.017928	0.022417	0.021343	0.030067	
2075	0.022488	0.017093	0.022505	0.024891	0.020540	0.029766	0.016739	0.023396	0.021230	0.032240	
2080	0.020435	0.019029	0.023371	0.025002	0.022011	0.030178	0.017234	0.024187	0.021953	0.031266	
2085	0.022139	0.019268	0.023959	0.025043	0.022746	0.030118	0.021006	0.023972	0.022489	0.032732	
2090	0.022335	0.019452	0.022790	0.025096	0.022017	0.032014	0.019696	0.026114	0.022876	0.031414	
2095	0.023156	0.020065	0.024491	0.027645	0.020908	0.029774	0.022027	0.026851	0.022971	0.029157	
2100	0.025161	0.019450	0.026146	0.026810	0.021370	0.028924	0.023959	0.028317	0.023120	0.029949	
2105	0.025692	0.019434	0.025508	0.024923	0.021913	0.028169	0.024447	0.029568	0.023363	0.028686	
2110	0.024838	0.020295	0.024667	0.024512	0.021605	0.029044	0.024901	0.030866	0.022991	0.027961	
2115	0.025545	0.020833	0.025518	0.025477	0.023104	0.028899	0.027357	0.029589	0.023266	0.027329	
2120	0.025649	0.023364	0.025028	0.023567	0.024005	0.031243	0.027335	0.030799	0.023621	0.027846	
2125	0.025378	0.023789	0.023469	0.024211	0.022523	0.028368	0.026877	0.030269	0.023127	0.028948	
2130	0.025105	0.026566	0.022120	0.023247	0.023695	0.024614	0.026064	0.026438	0.022198	0.028006	
2135	0.026231	0.026796	0.021100	0.025167	0.023852	0.024332	0.025349	0.026893	0.024592	0.027706	
2140	0.027187	0.028262	0.021005	0.023273	0.025248	0.026614	0.025350	0.025469	0.026005	0.025942	
2145	0.024195	0.029738	0.020226	0.025138	0.026402	0.026830	0.024277	0.023858	0.025182	0.024768	
2150	0.023154	0.029737	0.021095	0.025328	0.027907	0.027651	0.025943	0.021850	0.024898	0.024301	
2155	0.022635	0.030157	0.022408	0.023747	0.028092	0.027183	0.023097	0.023241	0.023273	0.024038	
2160	0.022714	0.030876	0.021880	0.023841	0.025629	0.026163	0.024357	0.025246	0.021276	0.024078	
2165	0.021411	0.030231	0.022492	0.025362	0.027387	0.027085	0.023873	0.026483	0.020140	0.024546	
2170	0.023719	0.028952	0.024452	0.027922	0.027182	0.025275	0.025004	0.027120	0.022353	0.024092	
2175	0.023712	0.027864	0.023306	0.028063	0.027549	0.024728	0.025006	0.025320	0.022514	0.025052	
2180	0.025564	0.027205	0.025214	0.028925	0.028091	0.027884	0.024412	0.026644	0.020304	0.024809	
2185	0.026782	0.027432	0.024894	0.031552	0.026782	0.027714	0.023282	0.025592	0.020526	0.024243	
2190	0.024128	0.028048	0.024733	0.027849	0.024997	0.027480	0.021283	0.025178	0.020909	0.023617	
2195	0.024230	0.027185	0.023875	0.026614	0.024455	0.027819	0.021899	0.026501	0.022206	0.022458	
2200	0.024283	0.027388	0.023882	0.026591	0.023715	0.027345	0.021732	0.025676	0.023485	0.021835	
2205	0.023879	0.026334	0.023921	0.027599	0.025226	0.025442	0.020888	0.026703	0.025273	0.021658	
2210	0.024141	0.024631	0.025936	0.027371	0.024106	0.023999	0.020033	0.026990	0.024174	0.022256	
2215	0.025128	0.025309	0.027199	0.027323	0.021271	0.024014	0.018769	0.025085	0.020858	0.021295	
2220	0.025512	0.025700	0.025300	0.025067	0.021072	0.023980	0.021332	0.024848	0.019776	0.021462	
2225	0.025870	0.023906	0.025913	0.025050	0.021038	0.024780	0.021459	0.025013	0.020309	0.022522	
2230	0.023697	0.022855	0.027825	0.026087	0.021494	0.025656	0.022004	0.025408	0.018211	0.022006	
2235	0.022592	0.024311	0.027710	0.025778	0.023778	0.023451	0.023432	0.025774	0.020010	0.023818	
2240	0.022129	0.023590	0.028831	0.026557	0.020685	0.024825	0.022504	0.026431	0.021458	0.022463	
2245	0.022798	0.023424	0.028327	0.027638	0.020605	0.024058	0.020318	0.027629	0.021024	0.023694	
2250	0.020347	0.021350	0.030871	0.024690	0.020620	0.023157	0.019855	0.027270	0.021879	0.023162	
2255	0.020872	0.021647	0.027017	0.025261	0.020999	0.022931	0.021685	0.029654	0.021294	0.022134	
2260	0.022295	0.021310	0.026762	0.023310	0.021541	0.022958	0.021291	0.029608	0.023653	0.025377	
2265	0.022224	0.021568	0.027852	0.022223	0.021146	0.023363	0.019939	0.027848	0.023396	0.026376	
2270	0.021659	0.021150	0.030231	0.023553	0.021066	0.021114	0.018499	0.029337	0.021944	0.026705	
2275	0.021377	0.020582	0.029095	0.022575	0.020868	0.021042	0.017659	0.029205	0.025161	0.026569	
2280	0.021861	0.022765	0.027377	0.022746	0.020694	0.021200	0.020297	0.029404	0.023836	0.024245	
2285	0.024277	0.022002	0.025734	0.025189	0.021673	0.020808	0.019294	0.030418	0.023337	0.024319	
2290	0.023327	0.023292	0.025316	0.024983	0.021049	0.020286	0.019750	0.030636	0.022386	0.023208	
2295	0.024451	0.024741	0.024911	0.023363	0.021084	0.019671	0.018498	0.032325	0.024303	0.022984	
2300	0.024741	0.024146	0.026696	0.024449	0.022965	0.020245	0.021440	0.029584	0.024691	0.023315	
2305	0.023569	0.025951	0.024205	0.022869	0.024565	0.019056	0.021115	0.028385	0.022757	0.023685	
2310	0.024862	0.024614	0.025037	0.022424	0.023284	0.020140	0.019463	0.026994	0.021901	0.022367	
2315	0.026291	0.023069	0.024967	0.023756	0.023190	0.020595	0.020645	0.026865	0.021842	0.022988	
2320	0.026432	0.023112	0.024060	0.024404	0.023441	0.020706	0.020649	0.027394	0.022197	0.024399	
2325	0.026648	0.023858	0.022724	0.025239	0.024561	0.020859	0.021416	0.029434	0.021457	0.023638	
2330	0.025539	0.024752	0.022000	0.023402	0.024014	0.021768	0.022733	0.029558	0.022245	0.024986	
2335	0.026905	0.026206	0.021288	0.023779	0.025510	0.022794	0.023584	0.030557	0.022543	0.026039	
2340	0.026340	0.027516	0.020383	0.022552	0.026209	0.022847	0.023840	0.030143	0.022444	0.025276	
2345	0.026870	0.028230	0.020898	0.020712	0.025492	0.024172	0.023429	0.027794	0.021106	0.025753	
2350	0.028212	0.026189	0.021733	0.021718	0.023050	0.027029	0.022926	0.027989	0.024282	0.025610	
2355	0.028138	0.025384	0.021333	0.021852	0.023209	0.026531	0.021759	0.027359	0.024019	0.025052	
2360	0.028005	0.026805	0.021442	0.021514	0.024520	0.026779	0.023144	0.025559	0.023767	0.026598	
2365	0.029367	0.026420	0.023729	0.020902	0.023735	0.026870	0.025430	0.024734	0.025297	0.025996	
2370	0.029196	0.026804	0.023941	0.021598	0.024181	0.026530	0.025667	0.023594	0.024689	0.023498	
2375	0.027345	0.027681	0.024577	0.021769	0.026000	0.027907	0.024635	0.024217	0.024292	0.022505	
2380	0.026852	0.028254	0.022584	0.022993	0.023631	0.027834	0.023691	0.024290	0.025629	0.021625	
2385	0.028584	0.026722	0.022549	0.021756	0.025603	0.028832	0.022945	0.027202	0.024863	0.019621	
2390	0.028533	0.025239	0.022461	0.022277	0.026336	0.027437	0.021802	0.026671	0.026512	0.019211	
2395	0.026869	0.024875	0.021504	0.021512	0.026268	0.029515	0.022432	0.027959	0.024184	0.020302	
2400	0.026601	0.024168	0.021471	0.022127	0.028470	0.029504	0.024496	0.029487	0.024551	0.020231	
2405	0.029343	0.023357	0.022219	0.023387	0.029425	0.029410	0.024131	0.030208	0.023855	0.021554	
2410	0.029031	0.022690	0.022881	0.023083	0.027107	0.031463	0.024155	0.029511	0.024177	0.017832	
2415	0.027965	0.022694	0.022115	0.023138	0.026382	0.031479	0.023044	0.028886	0.024878	0.017763	
2420	0.027461	0.022059	0.024283	0.025511	0.027312	0.031594	0.021527	0.027903	0.025391	0.017668	
2425	0.030528	0.020753	0.024507	0.023960	0.026128	0.031446	0.018511	0.026801	0.022375	0.020322	
2430	0.027630	0.020219	0.024645	0.022696	0.024713	0.028054	0.019538	0.027609	0.022694	0.021656	
2435	0.026916	0.021131	0.025353	0.021764	0.025608	0.027458	0.022359	0.026627	0.024700	0.020847	
2440	0.028376	0.022489	0.025577	0.022111	0.024995	0.026243	0.021704	0.025513	0.024604	0.021986	
2445	0.027992	0.021536	0.025858	0.023215	0.025292	0.027625	0.021088	0.024461	0.025056	0.020697	
2450	0.025230	0.022792	0.025981	0.023426	0.027041	0.027647	0.020528	0.025096	0.024982	0.020869	
2455	0.025649	0.023281	0.024543	0.022706	0.028366	0.030338	0.020849	0.027201	0.025667	0.020358	
2460	0.023472	0.025009	0.024103	0.022507	0.027713	0.029477	0.020934	0.027684	0.023288	0.022189	
2465	0.023830	0.025561	0.024373	0.022658	0.028994	0.027195	0.018837	0.027283	0.023318	0.022176	
2470	0.023296	0.026897	0.022332	0.024554	0.027878	0.024043	0.020696	0.026854	0.024740	0.021262	
2475	0.023371	0.026729	0.022838	0.025263	0.028704	0.023961	0.020255	0.026508	0.025067	0.021662	
2480	0.022409	0.026424	0.020615	0.026902	0.025396	0.025312	0.021605	0.025390	0.024685	0.021344	
2485	0.020212	0.025648	0.019343	0.028397	0.028477	0.026505	0.021370	0.026042	0.025393	0.019078	
2490	0.018992	0.026157	0.018420	0.027272	0.028219	0.025831	0.020616	0.024960	0.025960	0.020836	
2495	0.018508	0.028411	0.017201	0.026887	0.026413	0.024845	0.020340	0.026409	0.026959	0.020756	
2500	0.021819	0.027012	0.018433	0.027404	0.027212	0.024139	0.022508	0.026525	0.025746	0.022094	
2505	0.020854	0.029508	0.018262	0.025364	0.027496	0.025827	0.023215	0.026383	0.026109	0.023144	
2510	0.023226	0.028752	0.018125	0.025389	0.026665	0.026614	0.021141	0.023295	0.025368	0.023989	
2515	0.021942	0.028920	0.020435	0.026352	0.027922	0.026988	0.023352	0.025361	0.024643	0.022662	
2520	0.019655	0.028844	0.019253	0.026695	0.028620	0.027564	0.025364	0.024460	0.023275	0.020433	
2525	0.020863	0.027149	0.019003	0.024639	0.027047	0.030250	0.025235	0.025056	0.023280	0.020126	
2530	0.020202	0.026731	0.021458	0.025475	0.024574	0.028938	0.025329	0.022232	0.024086	0.019790	
2535	0.022461	0.024731	0.020234	0.027418	0.023635	0.029639	0.025296	0.021806	0.022884	0.021304	
2540	0.021168	0.024404	0.017711	0.028042	0.023872	0.030298	0.026997	0.022398	0.022865	0.024959	
2545	0.020815	0.026707	0.019973	0.027666	0.026227	0.030192	0.025990	0.022417	0.022903	0.023713	
2550	0.020718	0.026605	0.018688	0.027253	0.025415	0.030640	0.024330	0.020780	0.022429	0.025543	
2555	0.021070	0.026626	0.018713	0.024772	0.027227	0.030850	0.022536	0.020931	0.024434	0.024217	
2560	0.022240	0.027519	0.019628	0.024306	0.025725	0.028142	0.023681	0.023033	0.022811	0.021650	
2565	0.023548	0.026416	0.019852	0.025437	0.024207	0.027312	0.024713	0.021227	0.021459	0.023280	
2570	0.023589	0.026919	0.019432	0.027902	0.023798	0.025932	0.024556	0.021867	0.022998	0.023480	
2575	0.024491	0.026936	0.019707	0.030126	0.023191	0.024444	0.025070	0.022490	0.023564	0.024354	
2580	0.024769	0.025680	0.021446	0.030272	0.025080	0.025249	0.022692	0.022058	0.022084	0.022791	
2585	0.022515	0.024856	0.021822	0.028107	0.024674	0.026340	0.022162	0.025050	0.020494	0.023394	
2590	0.021944	0.026766	0.021300	0.025833	0.025925	0.027372	0.021150	0.023042	0.018247	0.024486	
2595	0.023871	0.028303	0.021655	0.027204	0.026889	0.027243	0.021766	0.023425	0.019771	0.023024	
2600	0.025046	0.029404	0.022656	0.027867	0.025549	0.027441	0.022164	0.024544	0.020820	0.023235	
2605	0.028578	0.026019	0.022317	0.028093	0.025742	0.027449	0.022128	0.022118	0.020610	0.022110	
2610	0.028366	0.026270	0.022566	0.028106	0.025659	0.026789	0.022218	0.022114	0.019295	0.022398	
2615	0.029893	0.027427	0.024535	0.028448	0.022421	0.026959	0.022553	0.022486	0.019403	0.022226	
2620	0.028789	0.027261	0.023026	0.028172	0.022059	0.027797	0.022163	0.021847	0.019348	0.023030	
2625	0.027643	0.026968	0.023890	0.028782	0.020431	0.026331	0.021651	0.021667	0.017059	0.021974	
2630	0.028441	0.026033	0.022936	0.028548	0.020883	0.028647	0.021890	0.024649	0.017085	0.023038	
2635	0.025589	0.023717	0.021742	0.029580	0.020481	0.029174	0.021873	0.025188	0.017535	0.023178	
2640	0.026769	0.025666	0.021400	0.026791	0.021929	0.027891	0.022747	0.024665	0.018804	0.021036	
2645	0.026992	0.024521	0.022158	0.024641	0.021987	0.029712	0.023990	0.025005	0.019888	0.021756	
2650	0.028492	0.026126	0.019549	0.026659	0.022873	0.032441	0.024108	0.024101	0.020219	0.020726	
2655	0.027761	0.025096	0.020116	0.026123	0.023554	0.030110	0.025205	0.025336	0.020103	0.021221	
2660	0.027921	0.025170	0.021027	0.025715	0.024380	0.032189	0.027693	0.025339	0.020261	0.020964	
2665	0.028245	0.023777	0.021692	0.026785	0.023075	0.031760	0.028473	0.025915	0.020297	0.020508	
2670	0.027176	0.021610	0.019922	0.027042	0.024068	0.030313	0.029555	0.026392	0.018546	0.021441	
2675	0.029085	0.021458	0.020174	0.027350	0.023941	0.030303	0.029689	0.026387	0.015932	0.021476	
2680	0.028481	0.021838	0.020457	0.027816	0.024011	0.031394	0.029582	0.026312	0.016357	0.022457	
2685	0.028560	0.021315	0.020381	0.027867	0.023411	0.033080	0.028172	0.024644	0.018481	0.022134	
2690	0.028322	0.021493	0.020614	0.028908	0.024480	0.031764	0.027643	0.025459	0.018608	0.023778	
2695	0.029278	0.022827	0.018951	0.027797	0.024618	0.028813	0.026667	0.026089	0.018266	0.023715	
2700	0.029624	0.024599	0.019828	0.027131	0.025302	0.029585	0.026869	0.025836	0.017508	0.022853	
2705	0.027956	0.022468	0.020527	0.029925	0.026265	0.026428	0.027592	0.026870	0.017941	0.025627	
2710	0.029470	0.021211	0.021026	0.030859	0.027725	0.026196	0.029066	0.027340	0.017847	0.025973	
2715	0.029140	0.022199	0.021886	0.032235	0.027781	0.028323	0.028785	0.028087	0.019054	0.025053	
2720	0.028894	0.023365	0.022929	0.030911	0.029292	0.027820	0.027666	0.027738	0.018614	0.024299	
2725	0.027252	0.023735	0.021624	0.031833	0.029904	0.026615	0.029134	0.027143	0.019253	0.024168	
2730	0.028451	0.023761	0.020513	0.030225	0.027868	0.024414	0.029094	0.030192	0.020007	0.024355	
2735	0.029214	0.022240	0.021550	0.032348	0.025399	0.022771	0.029387	0.030792	0.021010	0.025523	
2740	0.028831	0.021578	0.022229	0.031475	0.027446	0.020779	0.030444	0.029879	0.022180	0.023266	
2745	0.026385	0.023219	0.020971	0.032552	0.028295	0.020120	0.028566	0.028349	0.022210	0.024384	
2750	0.027549	0.022284	0.019046	0.031592	0.027884	0.022041	0.029046	0.028754	0.022596	0.024081	
2755	0.029323	0.022202	0.019143	0.032128	0.028037	0.023566	0.031026	0.026563	0.023130	0.023950	
2760	0.025315	0.022308	0.018376	0.032188	0.027096	0.025080	0.032561	0.026071	0.023471	0.022467	
2765	0.022865	0.021305	0.015947	0.032365	0.026192	0.027139	0.031937	0.028081	0.023725	0.022056	
2770	0.023786	0.019903	0.015502	0.029361	0.026820	0.026442	0.029830	0.027332	0.024418	0.021830	
2775	0.025652	0.019335	0.016787	0.030643	0.025294	0.027140	0.031069	0.024435	0.022090	0.023040	
2780	0.026271	0.017663	0.016698	0.031509	0.026768	0.028518	0.034365	0.025460	0.023161	0.023873	
2785	0.025353	0.019056	0.016479	0.032360	0.026200	0.029624	0.033992	0.028008	0.020519	0.023245	
2790	0.023961	0.018765	0.016954	0.033564	0.027096	0.029414	0.033634	0.028991	0.018901	0.022190	
2795	0.022586	0.018493	0.019937	0.033388	0.029231	0.024387	0.032059	0.026608	0.018323	0.022739	
2800	0.022254	0.019052	0.021764	0.030529	0.027747	0.023968	0.031885	0.024695	0.016943	0.022004	
2805	0.024043	0.021167	0.020213	0.031760	0.026474	0.022895	0.032194	0.023292	0.015629	0.019805	
2810	0.024221	0.019450	0.019909	0.027831	0.024743	0.023847	0.030702	0.025104	0.017490	0.020264	
2815	0.025220	0.019850	0.020162	0.027059	0.024149	0.025313	0.028574	0.024818	0.018166	0.018649	
2820	0.024932	0.021534	0.022682	0.026312	0.025119	0.024670	0.029840	0.026198	0.016042	0.018360	
2825	0.023919	0.021578	0.023978	0.028827	0.026410	0.022959	0.031418	0.026176	0.015152	0.018602	
2830	0.024815	0.021424	0.025908	0.028491	0.025363	0.021857	0.032018	0.026210	0.015851	0.018617	
2835	0.028333	0.021868	0.027579	0.028034	0.026182	0.020129	0.029824	0.025254	0.016528	0.018034	
2840	0.027206	0.019850	0.028728	0.025880	0.026739	0.020551	0.028768	0.025604	0.017523	0.018041	
2845	0.026238	0.021382	0.027113	0.024311	0.026263	0.021013	0.029218	0.025126	0.015522	0.017748	
2850	0.024769	0.020681	0.024217	0.025417	0.025335	0.020631	0.028137	0.024322	0.015750	0.018618	
2855	0.025637	0.019810	0.024029	0.025605	0.025440	0.022926	0.027190	0.025071	0.015083	0.018575	
2860	0.025480	0.020212	0.025960	0.029501	0.026724	0.023322	0.027874	0.023897	0.016512	0.018917	
2865	0.025794	0.019577	0.025141	0.029634	0.028352	0.022912	0.029177	0.023560	0.016636	0.018986	
2870	0.025782	0.022627	0.025680	0.028308	0.029719	0.022704	0.027073	0.024144	0.016270	0.019752	
2875	0.026309	0.022109	0.025752	0.026608	0.029256	0.022668	0.026645	0.024703	0.017279	0.018786	
2880	0.027133	0.019990	0.024326	0.024590	0.029392	0.023974	0.026925	0.023061	0.019330	0.019688	
2885	0.029174	0.018125	0.023776	0.025317	0.031838	0.026314	0.026325	0.023723	0.019157	0.019913	
2890	0.030457	0.018138	0.022267	0.025193	0.031407	0.025334	0.026064	0.022824	0.019082	0.018672	
2895	0.029292	0.017222	0.023271	0.025359	0.030209	0.026586	0.025460	0.024712	0.019915	0.019936	
2900	0.028012	0.020143	0.025365	0.024984	0.030300	0.026445	0.025775	0.024266	0.019747	0.020143	
2905	0.027782	0.021380	0.024916	0.026612	0.031447	0.027193	0.027725	0.025239	0.018434	0.021773	
2910	0.025602	0.021675	0.026484	0.026985	0.030791	0.025992	0.027240	0.027822	0.018344	0.022253	
2915	0.022746	0.022814	0.027615	0.027322	0.030191	0.024870	0.025356	0.025907	0.017321	0.023173	
2920	0.023018	0.023650	0.026554	0.028455	0.029616	0.026211	0.028491	0.026381	0.018118	0.022738	
2925	0.023832	0.023334	0.026762	0.027322	0.031676	0.024933	0.028811	0.028087	0.017392	0.021341	
2930	0.023144	0.022978	0.027007	0.027472	0.032498	0.025651	0.028436	0.027370	0.018942	0.022513	
2935	0.021172	0.024064	0.028414	0.026933	0.033096	0.026863	0.030178	0.025316	0.016149	0.022516	
2940	0.021799	0.025231	0.026162	0.025837	0.031709	0.026258	0.030962	0.024401	0.015601	0.023266	
2945	0.024730	0.022855	0.026127	0.027538	0.031514	0.027392	0.028385	0.024440	0.015822	0.026955	
2950	0.024779	0.024762	0.027960	0.028286	0.028936	0.026008	0.024767	0.026115	0.015860	0.026361	
2955	0.022465	0.025608	0.030337	0.027825	0.030024	0.026389	0.025324	0.026805	0.016965	0.027126	
2960	0.022025	0.024508	0.033449	0.026942	0.029157	0.024938	0.025947	0.024793	0.016546	0.027032	
2965	0.023739	0.024856	0.031232	0.029717	0.026304	0.026174	0.028043	0.025489	0.015190	0.027388	
2970	0.022703	0.026022	0.029217	0.030840	0.028405	0.025340	0.026134	0.026844	0.016064	0.027003	
2975	0.022873	0.025657	0.027312	0.031208	0.029676	0.027052	0.023416	0.027805	0.016552	0.026481	
2980	0.023759	0.024035	0.025069	0.032233	0.031585	0.026474	0.023690	0.026346	0.016278	0.024802	
2985	0.021279	0.023448	0.024733	0.030737	0.029143	0.029487	0.024858	0.024330	0.017960	0.023352	
2990	0.021411	0.024532	0.027209	0.028603	0.029927	0.028396	0.027986	0.024963	0.017823	0.023833	
2995	0.019218	0.025964	0.024337	0.028321	0.028628	0.027601	0.028752	0.022760	0.018631	0.021548	
3000	0.018052	0.025283	0.024925	0.027145	0.029120	0.027583	0.028980	0.023678	0.019772	0.019767	
