T	rep_1	rep_2	rep_3	rep_4	rep_5	rep_6	rep_7	rep_8	rep_9	rep_10
5	0.000000	0.000000	0.000000	0.000000	0.000000	0.000000	0.000000	0.000000	0.000000	0.000000	
10	0.000000	0.000000	0.000000	0.000000	0.000000	0.000000	0.000000	0.000000	0.000000	0.000000	
15	0.000000	0.000000	0.000000	0.000000	0.000000	0.000000	0.000000	0.000000	0.000000	0.000000	
20	0.000000	0.000000	0.000000	0.000000	0.000000	0.000000	0.000000	0.000000	0.000000	0.000000	
25	0.000000	0.000000	0.000000	0.000000	0.000000	0.000000	0.000000	0.000000	0.000000	0.000000	
30	0.000000	0.000000	0.000000	0.000000	0.000000	0.000000	0.000000	0.000000	0.000000	0.000000	
35	0.000000	0.000000	0.000000	0.000000	0.000000	0.000000	0.000000	0.000000	0.000000	0.000000	
40	0.000000	0.000000	0.000000	0.000000	0.000000	0.000000	0.000000	0.000000	0.000000	0.000000	
45	0.000000	0.000000	0.000000	0.000000	0.000000	0.000000	0.000000	0.000000	0.000000	0.000000	
50	0.000000	0.000000	0.000000	0.000000	0.000000	0.000000	0.000000	0.000000	0.000000	0.000000	
55	0.000000	0.000000	0.000000	0.000000	0.000000	0.000000	0.000000	0.000000	0.000000	0.000000	
60	0.000000	0.000000	0.000000	0.000000	0.000000	0.000000	0.000000	0.000000	0.000000	0.000000	
65	0.000000	0.000000	0.000000	0.000000	0.000000	0.000000	0.000000	0.000000	0.000000	0.000000	
70	0.000000	0.000000	0.000000	0.000000	0.000000	0.000000	0.000000	0.000000	0.000000	0.000000	
75	0.000000	0.000000	0.000000	0.000000	0.000000	0.000000	0.000000	0.000000	0.000000	0.000000	
80	0.000000	0.000000	0.000000	0.000000	0.000000	0.000000	0.000000	0.000000	0.000000	0.000000	
85	0.000000	0.000000	0.000000	0.000000	0.000000	0.000000	0.000000	0.000000	0.000000	0.000000	
90	0.000000	0.000000	0.000000	0.000000	0.000000	0.000000	0.000000	0.000000	0.000000	0.000000	
95	0.000000	0.000000	0.000000	0.000000	0.000000	0.000000	0.000000	0.000000	0.000000	0.000000	
100	0.000000	0.000000	0.000000	0.000000	0.000000	0.000000	0.000000	0.000000	0.000000	0.000000	
105	0.000000	0.000000	0.000000	0.000000	0.000000	0.000000	0.000000	0.000000	0.000000	0.000000	
110	0.000000	0.000000	0.000000	0.000000	0.000000	0.000000	0.000000	0.000000	0.000000	0.000000	
115	0.000000	0.000000	0.000000	0.000000	0.000000	0.000000	0.000000	0.000000	0.000000	0.000000	
120	0.000000	0.000000	0.000000	0.000000	0.000000	0.000000	0.000000	0.000000	0.000000	0.000000	
125	0.000000	0.000000	0.000000	0.000000	0.000000	0.000000	0.000000	0.000000	0.000000	0.000000	
130	0.000000	0.000000	0.000000	0.000000	0.000000	0.000000	0.000000	0.000000	0.000000	0.000000	
135	0.000000	0.000000	0.000000	0.000000	0.000000	0.000000	0.000000	0.000000	0.000000	0.000000	
140	0.000000	0.000000	0.000000	0.000000	0.000000	0.000000	0.000000	0.000000	0.000000	0.000000	
145	0.000000	0.000000	0.000000	0.000000	0.000000	0.000000	0.000000	0.000000	0.000000	0.000000	
150	0.000000	0.000000	0.000000	0.000000	0.000000	0.000000	0.000000	0.000000	0.000000	0.000000	
155	0.000000	0.000000	0.000000	0.000000	0.000000	0.000000	0.000000	0.000000	0.000000	0.000000	
160	0.000000	0.000000	0.000000	0.000000	0.000000	0.000000	0.000000	0.000000	0.000000	0.000000	
165	0.000000	0.000000	0.000000	0.000000	0.000000	0.000000	0.000000	0.000000	0.000000	0.000000	
170	0.000000	0.000000	0.000000	0.000000	0.000000	0.000000	0.000000	0.000000	0.000000	0.000000	
175	0.000000	0.000000	0.000000	0.000000	0.000000	0.000000	0.000000	0.000000	0.000000	0.000000	
180	0.000000	0.000000	0.000000	0.000000	0.000000	0.000000	0.000000	0.000000	0.000000	0.000000	
185	0.000000	0.000000	0.000000	0.000000	0.000000	0.000000	0.000000	0.000000	0.000000	0.000000	
190	0.000000	0.000000	0.000000	0.000000	0.000000	0.000000	0.000000	0.000000	0.000000	0.000000	
195	0.000000	0.000000	0.000000	0.000000	0.000000	0.000000	0.000000	0.000000	0.000000	0.000000	
200	0.000000	0.000000	0.000000	0.000000	0.000000	0.000000	0.000000	0.000000	0.000000	0.000000	
205	0.001217	0.001467	0.001782	0.001246	0.001091	0.001170	0.001245	0.001206	0.000925	0.001405	
210	0.002442	0.003446	0.003053	0.001995	0.002508	0.001817	0.002098	0.002018	0.001694	0.002000	
215	0.003010	0.003845	0.002973	0.002477	0.002826	0.002694	0.003039	0.003545	0.003085	0.002178	
220	0.004036	0.005332	0.003899	0.003253	0.003522	0.002909	0.002790	0.003106	0.004206	0.003794	
225	0.004292	0.006668	0.003827	0.004221	0.004253	0.003574	0.003093	0.003656	0.003929	0.004316	
230	0.005163	0.006036	0.005159	0.004700	0.004647	0.004018	0.004774	0.003832	0.004025	0.005553	
235	0.004371	0.005830	0.004956	0.005346	0.005134	0.004643	0.005037	0.003816	0.004440	0.005136	
240	0.003810	0.004824	0.004257	0.005406	0.004296	0.004923	0.004822	0.004205	0.003771	0.005020	
245	0.005224	0.006330	0.006181	0.004813	0.005852	0.004936	0.006035	0.005439	0.005317	0.006203	
250	0.004640	0.007297	0.007866	0.005249	0.006852	0.004865	0.006184	0.006888	0.006483	0.005777	
255	0.005058	0.007370	0.005175	0.005104	0.005329	0.006078	0.006554	0.007687	0.005690	0.005223	
260	0.005811	0.007423	0.004070	0.006668	0.003989	0.005621	0.005457	0.007162	0.005377	0.005461	
265	0.005447	0.006415	0.005381	0.006640	0.004012	0.006189	0.005214	0.008185	0.006480	0.006731	
270	0.005408	0.006779	0.006162	0.006620	0.003438	0.006270	0.004371	0.008392	0.006766	0.006125	
275	0.006510	0.007249	0.005970	0.007665	0.003867	0.007603	0.005145	0.007700	0.006190	0.006508	
280	0.006653	0.007531	0.005802	0.007438	0.003943	0.007625	0.005652	0.006470	0.006613	0.006688	
285	0.006564	0.007512	0.006600	0.008143	0.004728	0.007489	0.005824	0.007324	0.006776	0.007536	
290	0.007520	0.005914	0.007195	0.007446	0.006665	0.007202	0.007287	0.008646	0.007401	0.006683	
295	0.006405	0.005993	0.006904	0.007395	0.006957	0.008066	0.005691	0.009715	0.007944	0.007790	
300	0.007143	0.006254	0.006944	0.006072	0.006408	0.007769	0.005229	0.008917	0.006553	0.007042	
305	0.007484	0.006856	0.006878	0.006604	0.005614	0.006692	0.005348	0.008568	0.006216	0.005524	
310	0.007567	0.006736	0.006798	0.007184	0.005571	0.007984	0.005728	0.008332	0.006245	0.006251	
315	0.007990	0.007298	0.007287	0.007055	0.005928	0.007504	0.007330	0.009905	0.007010	0.005785	
320	0.008354	0.007824	0.008036	0.008366	0.007625	0.007243	0.007838	0.008870	0.007002	0.006454	
325	0.008364	0.007555	0.007550	0.008263	0.007617	0.006486	0.008212	0.009323	0.006407	0.007018	
330	0.009372	0.009048	0.007902	0.008359	0.008425	0.007021	0.008534	0.008975	0.006669	0.006204	
335	0.010210	0.008591	0.010329	0.009159	0.008808	0.006969	0.006605	0.008798	0.008333	0.007074	
340	0.009762	0.009006	0.010845	0.009391	0.007907	0.008535	0.007323	0.008160	0.007371	0.006848	
345	0.007810	0.009354	0.011284	0.008601	0.007844	0.009090	0.006680	0.010187	0.008347	0.006925	
350	0.007058	0.007857	0.012526	0.008908	0.008393	0.010949	0.008502	0.010557	0.008464	0.007575	
355	0.008153	0.009205	0.010914	0.007762	0.007709	0.010956	0.008354	0.008963	0.010850	0.007357	
360	0.007683	0.010066	0.012821	0.006074	0.007957	0.009638	0.008085	0.008790	0.011813	0.008075	
365	0.008180	0.008989	0.011920	0.007536	0.008677	0.009999	0.008121	0.008860	0.010087	0.008032	
370	0.009117	0.011841	0.011880	0.006607	0.008535	0.010261	0.008187	0.009239	0.011162	0.010221	
375	0.007386	0.011436	0.012732	0.007045	0.009943	0.011347	0.008590	0.009792	0.010526	0.010822	
380	0.008330	0.012204	0.011739	0.007812	0.010359	0.010818	0.009108	0.009581	0.010342	0.009291	
385	0.006944	0.012518	0.010912	0.007358	0.013185	0.012855	0.006887	0.008393	0.010785	0.008200	
390	0.006606	0.011449	0.009159	0.007764	0.011178	0.010462	0.006899	0.008583	0.008876	0.009702	
395	0.006074	0.012507	0.010211	0.007987	0.011169	0.010100	0.008341	0.008768	0.009306	0.010601	
400	0.006847	0.014647	0.009479	0.007002	0.012078	0.010822	0.008959	0.009146	0.009758	0.010487	
405	0.006733	0.013155	0.009212	0.006464	0.011323	0.011383	0.009512	0.008575	0.009282	0.009944	
410	0.007985	0.012985	0.008773	0.007173	0.011688	0.010858	0.009899	0.008720	0.009463	0.012554	
415	0.007179	0.012465	0.008010	0.007567	0.010834	0.009254	0.010707	0.008170	0.008670	0.009916	
420	0.007047	0.012155	0.009128	0.006947	0.010858	0.008276	0.009080	0.008849	0.008661	0.008163	
425	0.007172	0.012608	0.007994	0.008581	0.011960	0.008932	0.009770	0.009945	0.008707	0.009019	
430	0.008404	0.013805	0.007474	0.008857	0.011699	0.008352	0.009302	0.009944	0.009638	0.007892	
435	0.008859	0.013994	0.008000	0.007275	0.010912	0.010603	0.009071	0.011429	0.009430	0.009461	
440	0.008764	0.012556	0.008977	0.007636	0.011163	0.010750	0.009929	0.010684	0.011863	0.009287	
445	0.010290	0.012571	0.008693	0.007286	0.011593	0.010328	0.009538	0.010700	0.012600	0.008434	
450	0.010515	0.011809	0.008948	0.008323	0.011141	0.010336	0.009822	0.009059	0.012814	0.007838	
455	0.011324	0.012160	0.009948	0.008180	0.008887	0.010187	0.011127	0.009663	0.012381	0.008344	
460	0.011571	0.011303	0.009747	0.007755	0.010684	0.010419	0.011238	0.010812	0.012152	0.008767	
465	0.010969	0.010607	0.009625	0.009622	0.011295	0.010340	0.010722	0.012562	0.013170	0.010405	
470	0.012168	0.010614	0.009307	0.008849	0.011101	0.011064	0.009568	0.009471	0.012649	0.011327	
475	0.013726	0.011070	0.010536	0.011353	0.011349	0.011595	0.009551	0.010576	0.013882	0.012812	
480	0.012391	0.013083	0.011361	0.008289	0.009653	0.011154	0.011831	0.012500	0.013496	0.011424	
485	0.013063	0.011275	0.012962	0.009296	0.009260	0.010874	0.009954	0.013988	0.012855	0.010369	
490	0.014646	0.011513	0.012187	0.010484	0.010645	0.012633	0.010865	0.014227	0.013029	0.009778	
495	0.014605	0.011247	0.012466	0.011390	0.011956	0.013161	0.010898	0.013431	0.012698	0.009899	
500	0.015195	0.010401	0.012921	0.011958	0.012624	0.012046	0.009939	0.012763	0.013196	0.008699	
505	0.015875	0.011641	0.013692	0.010493	0.013548	0.011482	0.012317	0.011740	0.012490	0.007920	
510	0.014536	0.011058	0.014451	0.010225	0.011593	0.010980	0.011326	0.015676	0.011722	0.008190	
515	0.014667	0.009657	0.014010	0.010521	0.012298	0.011512	0.010649	0.014240	0.013423	0.008987	
520	0.014663	0.011934	0.014005	0.010908	0.013767	0.011332	0.009511	0.014585	0.012910	0.009337	
525	0.015149	0.012094	0.013039	0.011564	0.012409	0.012944	0.009228	0.014110	0.013007	0.009524	
530	0.015830	0.012270	0.013578	0.013013	0.012752	0.012356	0.010564	0.014679	0.013847	0.010398	
535	0.015090	0.011872	0.014126	0.014174	0.012298	0.013530	0.011653	0.014536	0.015380	0.010306	
540	0.016441	0.012539	0.013861	0.013473	0.011028	0.013600	0.012727	0.014767	0.015961	0.009445	
545	0.016656	0.013105	0.015811	0.016866	0.011183	0.012814	0.010876	0.015717	0.017511	0.008814	
550	0.016409	0.013252	0.014846	0.016458	0.011698	0.012836	0.010837	0.014593	0.019656	0.008888	
555	0.015445	0.012024	0.015811	0.016224	0.010980	0.011866	0.008619	0.015636	0.020361	0.008827	
560	0.015825	0.012977	0.017720	0.017807	0.009788	0.011860	0.008532	0.016408	0.020055	0.007749	
565	0.015865	0.015769	0.017141	0.017387	0.009417	0.011650	0.009852	0.017949	0.019567	0.008000	
570	0.014344	0.014978	0.018844	0.016920	0.011344	0.011548	0.011321	0.018947	0.019022	0.008966	
575	0.012753	0.013758	0.019418	0.018260	0.011693	0.011779	0.011093	0.017577	0.019588	0.009175	
580	0.013516	0.013549	0.018341	0.018616	0.013081	0.012264	0.009982	0.017011	0.020006	0.008419	
585	0.013837	0.013568	0.018702	0.017252	0.012186	0.012202	0.011494	0.019391	0.020304	0.009570	
590	0.014902	0.012284	0.016950	0.017575	0.011820	0.011407	0.010437	0.021079	0.017361	0.010627	
595	0.016850	0.012505	0.016310	0.015449	0.010697	0.009380	0.008958	0.021044	0.016941	0.012175	
600	0.016124	0.013659	0.016136	0.017517	0.010223	0.010229	0.010262	0.022504	0.016921	0.012784	
605	0.014112	0.015854	0.015237	0.016882	0.010088	0.009836	0.010135	0.024838	0.016196	0.013398	
610	0.014823	0.015672	0.016896	0.015862	0.012027	0.011028	0.009458	0.024142	0.017362	0.013676	
615	0.014071	0.015733	0.017827	0.016057	0.012614	0.011098	0.009592	0.024357	0.016009	0.014348	
620	0.014233	0.015630	0.017551	0.015441	0.012700	0.010018	0.010686	0.023288	0.016570	0.014024	
625	0.015285	0.014964	0.016938	0.015467	0.013486	0.009645	0.012477	0.023644	0.019857	0.015102	
630	0.014933	0.013739	0.018805	0.017505	0.015197	0.011995	0.011892	0.020871	0.019058	0.013840	
635	0.015314	0.014981	0.018103	0.019723	0.013715	0.013149	0.012212	0.021092	0.018644	0.013156	
640	0.016469	0.016625	0.016814	0.020270	0.014098	0.014812	0.012929	0.021247	0.018216	0.011189	
645	0.016928	0.015790	0.015558	0.021009	0.013009	0.014405	0.012701	0.020214	0.017665	0.011661	
650	0.017192	0.014881	0.017150	0.021927	0.013802	0.014389	0.012604	0.020479	0.018283	0.011177	
655	0.015669	0.015183	0.016160	0.020669	0.014046	0.013746	0.011315	0.021853	0.018705	0.012116	
660	0.017264	0.013032	0.017026	0.021649	0.013666	0.014959	0.011519	0.021707	0.019056	0.011747	
665	0.018287	0.013554	0.015678	0.021195	0.014070	0.014830	0.011263	0.023153	0.019166	0.011896	
670	0.017902	0.016265	0.017230	0.019612	0.014292	0.016671	0.010855	0.020458	0.017781	0.011689	
675	0.018092	0.016605	0.016971	0.020476	0.015122	0.016245	0.010334	0.020228	0.017391	0.010350	
680	0.018329	0.015832	0.016630	0.020629	0.016168	0.017533	0.011631	0.019846	0.017168	0.008662	
685	0.017456	0.017085	0.019290	0.021839	0.015941	0.017497	0.012608	0.020110	0.017863	0.009401	
690	0.018638	0.017845	0.019334	0.018303	0.015315	0.017912	0.012819	0.020540	0.018620	0.011070	
695	0.018255	0.017698	0.018990	0.018909	0.016634	0.019461	0.013636	0.019761	0.019897	0.011360	
700	0.018848	0.017650	0.017387	0.018356	0.018384	0.019841	0.014127	0.017513	0.020671	0.012469	
705	0.018100	0.016425	0.017152	0.019720	0.019351	0.017968	0.013614	0.019514	0.020011	0.012534	
710	0.017687	0.016741	0.018363	0.020979	0.018823	0.016254	0.015999	0.019814	0.020150	0.011434	
715	0.019914	0.017700	0.018291	0.023284	0.018397	0.016202	0.017166	0.016968	0.021001	0.010915	
720	0.019057	0.019769	0.018691	0.021989	0.021178	0.017595	0.015828	0.017079	0.022939	0.012230	
725	0.017838	0.019641	0.018223	0.022775	0.019131	0.017522	0.016626	0.016789	0.023198	0.011128	
730	0.018487	0.017624	0.019462	0.022805	0.019495	0.017562	0.017138	0.016010	0.025115	0.012681	
735	0.019422	0.018804	0.017886	0.022351	0.021259	0.018974	0.016576	0.016487	0.026701	0.013433	
740	0.019846	0.018446	0.017909	0.020059	0.021982	0.020658	0.017109	0.015424	0.025188	0.013904	
745	0.020000	0.016747	0.018538	0.019515	0.021806	0.021958	0.018255	0.018397	0.025450	0.013904	
750	0.020501	0.016034	0.018502	0.020644	0.022056	0.024154	0.018230	0.020729	0.024827	0.014619	
755	0.019218	0.018256	0.020289	0.020663	0.023373	0.022263	0.018792	0.020564	0.022750	0.012510	
760	0.019820	0.019101	0.020990	0.022078	0.024031	0.018660	0.017677	0.020992	0.023344	0.012467	
765	0.019470	0.019069	0.021284	0.022405	0.025999	0.017665	0.017739	0.021112	0.023599	0.013594	
770	0.019004	0.018985	0.020746	0.023178	0.026003	0.018366	0.018473	0.021873	0.023592	0.014910	
775	0.016590	0.020122	0.021480	0.021336	0.026115	0.018321	0.020058	0.021197	0.025496	0.013094	
780	0.018063	0.018054	0.020088	0.020779	0.026586	0.017170	0.021526	0.025719	0.025658	0.014213	
785	0.018279	0.018310	0.020461	0.021644	0.026613	0.017737	0.024020	0.024953	0.025876	0.015521	
790	0.017434	0.018639	0.021643	0.019754	0.025604	0.018015	0.025063	0.026236	0.023600	0.016037	
795	0.017296	0.017109	0.020618	0.018118	0.026621	0.018891	0.025786	0.023377	0.024091	0.016564	
800	0.015209	0.018566	0.018158	0.018395	0.026982	0.017580	0.024305	0.022410	0.024560	0.014840	
805	0.016385	0.020189	0.018624	0.019015	0.026398	0.019456	0.023433	0.021741	0.026888	0.014667	
810	0.016101	0.019103	0.018462	0.019575	0.025210	0.019056	0.024246	0.021757	0.025860	0.014697	
815	0.017987	0.021200	0.019998	0.020242	0.025358	0.017622	0.024949	0.023442	0.027409	0.015924	
820	0.018389	0.021071	0.021230	0.020264	0.025715	0.017708	0.025087	0.023559	0.028487	0.015085	
825	0.020432	0.022120	0.021259	0.019791	0.025065	0.018115	0.026778	0.024764	0.026169	0.014983	
830	0.021360	0.020784	0.022360	0.018282	0.025691	0.016702	0.025847	0.023381	0.025551	0.015995	
835	0.021535	0.019139	0.023339	0.020693	0.026081	0.018525	0.025602	0.019594	0.025756	0.017139	
840	0.021150	0.017972	0.020167	0.021169	0.022262	0.018141	0.025286	0.020676	0.028371	0.016526	
845	0.021232	0.018439	0.020864	0.020657	0.022464	0.017714	0.024613	0.020629	0.027368	0.016125	
850	0.021516	0.016696	0.020074	0.019641	0.022031	0.015980	0.021721	0.022262	0.027941	0.015195	
855	0.021030	0.016101	0.017904	0.020736	0.022005	0.014993	0.021959	0.021997	0.026060	0.016828	
860	0.019568	0.017516	0.017131	0.021386	0.025250	0.016264	0.021152	0.020565	0.025654	0.016149	
865	0.019417	0.017923	0.017938	0.022076	0.025134	0.015833	0.020350	0.020521	0.025832	0.017472	
870	0.018449	0.016823	0.017507	0.022185	0.022331	0.016114	0.021844	0.021364	0.024938	0.019175	
875	0.018641	0.017517	0.017621	0.022232	0.020879	0.016330	0.021929	0.020873	0.024107	0.017850	
880	0.019622	0.018692	0.017629	0.022172	0.021098	0.016107	0.020450	0.022005	0.022705	0.020234	
885	0.019783	0.018857	0.018231	0.020959	0.020499	0.016453	0.019489	0.018877	0.024276	0.018775	
890	0.019802	0.020408	0.017407	0.019256	0.021025	0.016963	0.018718	0.020244	0.025557	0.018226	
895	0.020340	0.020508	0.016961	0.020242	0.021596	0.017851	0.019981	0.021209	0.024823	0.018556	
900	0.023030	0.021171	0.016693	0.020456	0.019859	0.017884	0.017372	0.021694	0.023418	0.018202	
905	0.022962	0.022904	0.017130	0.021967	0.022625	0.017729	0.017095	0.020759	0.024784	0.021318	
910	0.022220	0.025423	0.019607	0.022268	0.021050	0.016898	0.017873	0.019981	0.024345	0.023106	
915	0.023318	0.024118	0.021306	0.021807	0.021563	0.018189	0.017440	0.019567	0.020601	0.023392	
920	0.021380	0.020807	0.020163	0.021779	0.020415	0.019296	0.019415	0.021197	0.020336	0.024060	
925	0.023634	0.019983	0.019554	0.020956	0.023964	0.020930	0.018972	0.021455	0.020244	0.021747	
930	0.026322	0.021927	0.020988	0.019444	0.025420	0.019689	0.020027	0.022609	0.021019	0.020995	
935	0.027817	0.022158	0.019944	0.019960	0.022395	0.020053	0.019188	0.023537	0.021689	0.022416	
940	0.026885	0.020451	0.018548	0.020845	0.021558	0.021253	0.018984	0.025059	0.022520	0.022133	
945	0.026005	0.020146	0.018039	0.023985	0.019729	0.020458	0.019120	0.023472	0.021234	0.019871	
950	0.024737	0.022275	0.019918	0.021915	0.020219	0.020139	0.020044	0.022761	0.025133	0.019453	
955	0.024800	0.023971	0.020733	0.020260	0.019769	0.017304	0.018628	0.023564	0.027268	0.020471	
960	0.023760	0.025399	0.021747	0.017757	0.018825	0.017499	0.017345	0.026429	0.025212	0.019768	
965	0.024354	0.024869	0.022151	0.017522	0.019016	0.020316	0.016571	0.028390	0.024244	0.019064	
970	0.023941	0.023532	0.021869	0.017302	0.017618	0.020130	0.017364	0.027255	0.023231	0.020307	
975	0.024343	0.023337	0.021580	0.017257	0.017468	0.023306	0.018457	0.026303	0.023311	0.020128	
980	0.024699	0.021443	0.020418	0.019438	0.018049	0.024201	0.019108	0.026728	0.022011	0.020904	
985	0.022832	0.023355	0.020602	0.018819	0.017306	0.025573	0.018777	0.026424	0.020386	0.019992	
990	0.020715	0.023899	0.020777	0.018107	0.017994	0.023960	0.018011	0.027650	0.020999	0.021454	
995	0.021072	0.022867	0.020156	0.017729	0.019128	0.024247	0.021780	0.025567	0.020092	0.020971	
1000	0.021736	0.024292	0.021738	0.016806	0.018860	0.023811	0.021455	0.026658	0.022766	0.017872	
1005	0.022739	0.025160	0.021885	0.017206	0.021418	0.023901	0.020035	0.027227	0.022906	0.017459	
1010	0.022944	0.026634	0.022724	0.017694	0.021414	0.023681	0.018451	0.026276	0.022428	0.016001	
1015	0.024341	0.024666	0.022804	0.018420	0.020826	0.023473	0.020333	0.025207	0.024887	0.016937	
1020	0.021570	0.023458	0.020424	0.017794	0.021635	0.023517	0.018666	0.025504	0.024604	0.017641	
1025	0.021643	0.023888	0.021193	0.017362	0.022478	0.024370	0.019816	0.024476	0.023952	0.019365	
1030	0.020264	0.023239	0.021266	0.017501	0.021582	0.025442	0.021253	0.024736	0.025255	0.020929	
1035	0.019869	0.022115	0.023023	0.017131	0.022917	0.025064	0.019815	0.025695	0.024795	0.021952	
1040	0.019324	0.020842	0.023387	0.015798	0.023535	0.026911	0.019821	0.026297	0.024987	0.021792	
1045	0.020241	0.019801	0.024183	0.017692	0.022653	0.022478	0.022116	0.024537	0.023111	0.020486	
1050	0.019990	0.019541	0.023962	0.016318	0.020646	0.021761	0.023029	0.025086	0.021167	0.021647	
1055	0.018688	0.020611	0.023626	0.016460	0.020929	0.019953	0.023134	0.025494	0.022453	0.020281	
1060	0.018045	0.021323	0.023930	0.016141	0.020642	0.020407	0.024034	0.023774	0.022253	0.018407	
1065	0.018099	0.022600	0.023798	0.015912	0.023614	0.021377	0.023399	0.023534	0.020950	0.019531	
1070	0.017702	0.024388	0.025028	0.014094	0.022973	0.021899	0.024136	0.022125	0.019863	0.019671	
1075	0.018044	0.025127	0.029060	0.013023	0.023261	0.021046	0.024003	0.024453	0.020418	0.019890	
1080	0.018861	0.024741	0.027425	0.014274	0.022928	0.021463	0.024452	0.022685	0.020425	0.022606	
1085	0.020534	0.024566	0.029226	0.014965	0.023531	0.019813	0.024436	0.023166	0.020270	0.021223	
1090	0.022063	0.024852	0.029171	0.015666	0.022797	0.020414	0.027457	0.025116	0.019721	0.021710	
1095	0.026671	0.026659	0.028356	0.014647	0.023627	0.021378	0.026986	0.024065	0.016853	0.024301	
1100	0.026522	0.027178	0.027419	0.017890	0.028000	0.022201	0.027811	0.023835	0.019188	0.022449	
1105	0.026622	0.027495	0.025597	0.017163	0.027322	0.022397	0.029188	0.022933	0.021727	0.022272	
1110	0.025623	0.025494	0.025810	0.017097	0.023931	0.021969	0.028709	0.022146	0.021665	0.020076	
1115	0.023964	0.024226	0.026414	0.015625	0.025069	0.023304	0.027330	0.023615	0.023415	0.020370	
1120	0.021365	0.026603	0.027328	0.016018	0.024763	0.022101	0.026662	0.022179	0.021512	0.020404	
1125	0.019639	0.027086	0.025376	0.016319	0.024525	0.020580	0.025212	0.022728	0.023182	0.021310	
1130	0.020949	0.027495	0.025102	0.016104	0.023466	0.022241	0.026852	0.022111	0.021167	0.020059	
1135	0.020828	0.029354	0.027961	0.015726	0.025719	0.022624	0.029005	0.022087	0.022304	0.018317	
1140	0.021856	0.029423	0.027622	0.018418	0.027325	0.020814	0.030265	0.023441	0.023460	0.020595	
1145	0.022622	0.029339	0.029887	0.019746	0.027323	0.021544	0.029851	0.023832	0.020460	0.021754	
1150	0.022389	0.030623	0.028881	0.019371	0.028662	0.020017	0.029878	0.023393	0.019471	0.020317	
1155	0.021875	0.029794	0.027537	0.020084	0.028392	0.017642	0.030710	0.022577	0.019517	0.020536	
1160	0.021335	0.031059	0.026053	0.020922	0.026400	0.018944	0.029253	0.024904	0.019808	0.020895	
1165	0.021029	0.029919	0.024517	0.019645	0.027947	0.019814	0.026548	0.023789	0.019402	0.021096	
1170	0.021107	0.030700	0.024382	0.017343	0.025765	0.020568	0.026699	0.023197	0.020436	0.020930	
1175	0.022523	0.031958	0.022939	0.017366	0.027663	0.021155	0.026412	0.024686	0.019334	0.019581	
1180	0.020849	0.030608	0.022481	0.016689	0.027694	0.021138	0.025381	0.024108	0.021453	0.018982	
1185	0.021998	0.031587	0.021656	0.016919	0.026428	0.023054	0.026801	0.024469	0.021461	0.021170	
1190	0.024601	0.030829	0.020968	0.015531	0.027034	0.020879	0.025618	0.025365	0.022014	0.021042	
1195	0.024426	0.029192	0.021041	0.015753	0.030093	0.021605	0.025047	0.023011	0.021487	0.022374	
1200	0.025206	0.026318	0.021439	0.017611	0.029222	0.020029	0.026353	0.022273	0.023861	0.019520	
1205	0.022772	0.025624	0.021050	0.017236	0.027100	0.019427	0.026797	0.024736	0.022758	0.020790	
1210	0.024329	0.025402	0.020923	0.018466	0.025175	0.019591	0.026096	0.025558	0.022128	0.019329	
1215	0.023751	0.027744	0.021656	0.018179	0.025150	0.020901	0.025776	0.023503	0.022768	0.018466	
1220	0.023710	0.026912	0.023044	0.020723	0.024372	0.022006	0.024811	0.021903	0.023581	0.019004	
1225	0.021245	0.026312	0.022868	0.021721	0.025407	0.022851	0.026508	0.021744	0.025511	0.020200	
1230	0.021118	0.027684	0.022039	0.023489	0.023312	0.023779	0.026534	0.021129	0.024758	0.021510	
1235	0.020787	0.027571	0.021095	0.022362	0.022066	0.024681	0.025685	0.021070	0.023098	0.023810	
1240	0.019541	0.023122	0.022899	0.021904	0.020306	0.022274	0.023964	0.024171	0.024960	0.023244	
1245	0.021247	0.024579	0.021453	0.020153	0.019648	0.022037	0.022731	0.028038	0.025852	0.024703	
1250	0.022343	0.025099	0.020341	0.020782	0.018882	0.020346	0.022179	0.028952	0.023268	0.023681	
1255	0.023820	0.025403	0.018326	0.019988	0.019704	0.022204	0.021484	0.026815	0.022591	0.022884	
1260	0.024430	0.025099	0.018292	0.022378	0.019532	0.021059	0.022212	0.025811	0.025946	0.023516	
1265	0.026052	0.024481	0.019490	0.022417	0.019535	0.020375	0.022446	0.024592	0.025139	0.024547	
1270	0.025711	0.022288	0.021704	0.021220	0.019564	0.019716	0.022556	0.027145	0.023077	0.023890	
1275	0.025150	0.021775	0.020906	0.020309	0.020882	0.020833	0.024287	0.026307	0.024716	0.024829	
1280	0.025359	0.022496	0.022160	0.019694	0.020996	0.018610	0.023780	0.027609	0.023269	0.023260	
1285	0.025247	0.022518	0.020641	0.020750	0.017667	0.019524	0.023859	0.025375	0.022547	0.022802	
1290	0.026143	0.023093	0.020485	0.021441	0.017148	0.017978	0.023558	0.025295	0.023973	0.022844	
1295	0.025126	0.023927	0.021352	0.021814	0.015455	0.018657	0.023111	0.021428	0.022252	0.023015	
1300	0.026422	0.026045	0.019426	0.020819	0.015602	0.020488	0.021806	0.021225	0.022955	0.023020	
1305	0.027937	0.025590	0.018563	0.022417	0.015287	0.020674	0.021723	0.021751	0.024841	0.021392	
1310	0.027052	0.027350	0.017094	0.019729	0.016862	0.021459	0.022169	0.023582	0.024804	0.021433	
1315	0.023853	0.026258	0.017275	0.019607	0.019090	0.024293	0.023174	0.022428	0.024246	0.020491	
1320	0.024984	0.025786	0.017206	0.018200	0.018605	0.025667	0.023001	0.024467	0.024911	0.018932	
1325	0.024781	0.026319	0.017497	0.017666	0.020278	0.028262	0.023691	0.021668	0.024296	0.019058	
1330	0.023979	0.027400	0.018847	0.017616	0.019764	0.026875	0.022159	0.021262	0.024870	0.017873	
1335	0.023680	0.027812	0.018570	0.018479	0.019729	0.025312	0.021984	0.022045	0.023831	0.017965	
1340	0.021421	0.028041	0.019034	0.018224	0.020610	0.025126	0.024747	0.022800	0.025910	0.019344	
1345	0.022996	0.027490	0.017153	0.019249	0.020674	0.026233	0.027180	0.025773	0.025624	0.018644	
1350	0.025588	0.027630	0.016097	0.019546	0.022712	0.027327	0.027310	0.028203	0.024076	0.017521	
1355	0.025704	0.025888	0.016912	0.019856	0.021976	0.027067	0.024765	0.026828	0.022771	0.017413	
1360	0.023969	0.025797	0.016490	0.019980	0.023411	0.026412	0.024645	0.026917	0.023084	0.017029	
1365	0.022789	0.024077	0.015675	0.020703	0.022454	0.029093	0.025605	0.024005	0.023168	0.018583	
1370	0.020656	0.022768	0.015280	0.020182	0.022465	0.028190	0.026287	0.025150	0.022834	0.019211	
1375	0.020543	0.021551	0.015947	0.020875	0.020498	0.029585	0.026853	0.024298	0.024847	0.019034	
1380	0.021006	0.020176	0.015778	0.021061	0.019846	0.030952	0.027807	0.024554	0.025628	0.019546	
1385	0.023117	0.019556	0.016965	0.022277	0.020456	0.031951	0.026645	0.025274	0.024902	0.021154	
1390	0.024169	0.019251	0.015768	0.023177	0.023050	0.029738	0.023960	0.025324	0.024319	0.020120	
1395	0.025024	0.019428	0.017840	0.025359	0.020920	0.028965	0.026049	0.023337	0.022634	0.019403	
1400	0.024659	0.019144	0.017861	0.023520	0.020428	0.026907	0.029411	0.024412	0.022991	0.020093	
1405	0.025563	0.019313	0.018228	0.023969	0.021938	0.027128	0.029580	0.024551	0.021099	0.020414	
1410	0.028811	0.020914	0.018637	0.022572	0.024725	0.026604	0.028880	0.023052	0.023829	0.021944	
1415	0.026000	0.020304	0.019434	0.023712	0.026521	0.027951	0.028094	0.022032	0.024143	0.021541	
1420	0.026229	0.019671	0.020189	0.025876	0.027870	0.027695	0.028444	0.022672	0.024541	0.024021	
1425	0.028151	0.021889	0.020795	0.026629	0.026403	0.027702	0.027094	0.022628	0.025380	0.023588	
1430	0.026417	0.022228	0.018833	0.028895	0.026317	0.025971	0.025371	0.022475	0.024598	0.024207	
1435	0.025170	0.019974	0.017138	0.027975	0.024726	0.025614	0.025900	0.021653	0.023887	0.022498	
1440	0.024069	0.020513	0.018940	0.026869	0.023235	0.026658	0.026036	0.023272	0.023509	0.024789	
1445	0.024877	0.019370	0.018889	0.024458	0.021585	0.028317	0.026960	0.022396	0.022904	0.025496	
1450	0.027281	0.019752	0.016980	0.024086	0.018446	0.028053	0.022050	0.022484	0.024891	0.027220	
1455	0.028613	0.020389	0.017522	0.024515	0.019734	0.029322	0.022855	0.022589	0.024715	0.025303	
1460	0.028348	0.022332	0.017641	0.024173	0.019060	0.028297	0.021796	0.024181	0.026173	0.025458	
1465	0.028571	0.022574	0.016554	0.026480	0.019421	0.026595	0.022619	0.024473	0.024066	0.025465	
1470	0.027737	0.020054	0.016977	0.025553	0.021294	0.026613	0.021997	0.026496	0.022146	0.026071	
1475	0.028697	0.020123	0.017397	0.024655	0.020207	0.025861	0.022229	0.024842	0.020882	0.027429	
1480	0.028601	0.019390	0.018765	0.024073	0.020990	0.024844	0.022757	0.024302	0.022249	0.026077	
1485	0.028311	0.018856	0.018569	0.023072	0.021770	0.024635	0.023906	0.026900	0.024172	0.026246	
1490	0.027149	0.017566	0.017005	0.025239	0.022968	0.024931	0.027363	0.026243	0.026125	0.026371	
1495	0.029112	0.017507	0.018869	0.026860	0.023716	0.023674	0.026630	0.027857	0.025493	0.026051	
1500	0.028236	0.018555	0.017671	0.025469	0.021731	0.023054	0.025398	0.025174	0.027742	0.024624	
1505	0.028733	0.018758	0.018232	0.025151	0.024330	0.023356	0.024278	0.025244	0.028221	0.024256	
1510	0.028668	0.017732	0.017857	0.026194	0.024697	0.025027	0.023579	0.024452	0.026998	0.023044	
1515	0.028088	0.017988	0.016261	0.025192	0.023988	0.021499	0.023258	0.023151	0.028108	0.022633	
1520	0.027257	0.019792	0.016140	0.025621	0.024899	0.022154	0.023834	0.022251	0.029405	0.021930	
1525	0.028361	0.020961	0.016025	0.024369	0.027990	0.023222	0.023362	0.023077	0.028769	0.024698	
1530	0.030034	0.023692	0.016793	0.023336	0.027061	0.022810	0.021388	0.023908	0.029251	0.024746	
1535	0.029555	0.020582	0.018567	0.025250	0.027632	0.023760	0.022047	0.025053	0.027362	0.023940	
1540	0.029946	0.022086	0.016596	0.022401	0.027354	0.023116	0.021797	0.023308	0.027087	0.026255	
1545	0.028900	0.019130	0.016288	0.023037	0.028641	0.022695	0.022235	0.024177	0.025519	0.024624	
1550	0.029518	0.019019	0.017235	0.023197	0.028904	0.021882	0.021627	0.024630	0.026722	0.022648	
1555	0.029262	0.020255	0.018089	0.023315	0.027008	0.024876	0.022436	0.023999	0.027392	0.021395	
1560	0.029391	0.022545	0.018668	0.021774	0.024691	0.027268	0.023354	0.023995	0.026332	0.019836	
1565	0.031222	0.021829	0.018020	0.022378	0.025074	0.026734	0.022489	0.024935	0.026500	0.018836	
1570	0.031312	0.020526	0.017961	0.025425	0.025421	0.026359	0.024508	0.026818	0.025841	0.018949	
1575	0.028994	0.018754	0.018011	0.023225	0.024044	0.025117	0.025218	0.026383	0.023877	0.020945	
1580	0.028628	0.019464	0.019391	0.023172	0.022963	0.022884	0.025075	0.024307	0.021760	0.021525	
1585	0.027189	0.019859	0.017201	0.023647	0.022842	0.025306	0.025398	0.024346	0.023533	0.020953	
1590	0.025881	0.021987	0.018647	0.024305	0.021824	0.025164	0.024975	0.022544	0.021405	0.020761	
1595	0.026496	0.021969	0.017331	0.023631	0.019889	0.026101	0.027194	0.023012	0.022545	0.021509	
1600	0.027833	0.023709	0.017021	0.024805	0.017896	0.024864	0.026107	0.024211	0.023683	0.022922	
1605	0.027410	0.023444	0.017878	0.024085	0.019533	0.024601	0.028584	0.023253	0.024756	0.023732	
1610	0.028523	0.022526	0.018959	0.022387	0.021441	0.023785	0.029902	0.022607	0.024722	0.021058	
1615	0.027147	0.022363	0.018874	0.023167	0.022901	0.025664	0.026981	0.023139	0.022386	0.021336	
1620	0.025864	0.022555	0.018744	0.023510	0.022978	0.027087	0.024680	0.025812	0.021912	0.023172	
1625	0.023945	0.022258	0.020152	0.024011	0.022312	0.023848	0.025064	0.028174	0.022404	0.024958	
1630	0.024124	0.022321	0.020449	0.022699	0.021910	0.022604	0.024197	0.026131	0.024841	0.024149	
1635	0.023755	0.020312	0.021247	0.022085	0.022295	0.020285	0.024345	0.026540	0.025888	0.025179	
1640	0.023982	0.020685	0.023797	0.023103	0.018892	0.021342	0.025181	0.025929	0.023671	0.023563	
1645	0.023131	0.019594	0.021591	0.023674	0.018098	0.020454	0.024766	0.024570	0.023302	0.023128	
1650	0.024003	0.020524	0.021105	0.025728	0.019122	0.022161	0.024959	0.022927	0.024724	0.023934	
1655	0.024129	0.021291	0.023633	0.024726	0.017534	0.022002	0.023298	0.022546	0.026647	0.023087	
1660	0.025252	0.020429	0.023047	0.024757	0.019738	0.023460	0.024141	0.023406	0.025901	0.021523	
1665	0.023153	0.022218	0.024317	0.022854	0.020363	0.022274	0.023924	0.024045	0.024431	0.021436	
1670	0.025945	0.021621	0.023752	0.021397	0.020644	0.020962	0.023952	0.023655	0.023921	0.020841	
1675	0.027990	0.022132	0.022347	0.019977	0.020984	0.021194	0.025220	0.022140	0.022331	0.020402	
1680	0.029016	0.023559	0.022946	0.021018	0.020788	0.021071	0.025061	0.021773	0.023448	0.022658	
1685	0.028334	0.023868	0.021037	0.021790	0.021487	0.019064	0.024738	0.022821	0.023435	0.023482	
1690	0.028874	0.023699	0.019037	0.023328	0.024989	0.019285	0.023444	0.023730	0.025017	0.023930	
1695	0.029213	0.022629	0.019940	0.025375	0.024052	0.022120	0.023450	0.023956	0.024280	0.023549	
1700	0.029299	0.022730	0.019115	0.025878	0.021846	0.022203	0.022436	0.022805	0.024559	0.021623	
1705	0.030109	0.022277	0.020151	0.024512	0.020210	0.026305	0.020724	0.023439	0.024735	0.023412	
1710	0.028344	0.020270	0.020893	0.024724	0.018747	0.026990	0.020984	0.021892	0.026494	0.022789	
1715	0.029349	0.022141	0.022934	0.025956	0.018411	0.026944	0.021187	0.025202	0.025519	0.022961	
1720	0.029889	0.023796	0.023606	0.025334	0.019019	0.025341	0.020850	0.023448	0.024185	0.022977	
1725	0.027473	0.025786	0.023688	0.026528	0.020703	0.024374	0.019818	0.023582	0.025418	0.023454	
1730	0.028409	0.027215	0.024012	0.025594	0.018959	0.022390	0.018251	0.021292	0.025195	0.023743	
1735	0.028342	0.024762	0.024654	0.023005	0.021556	0.024000	0.019139	0.022035	0.026291	0.023993	
1740	0.028381	0.023705	0.022346	0.020959	0.022712	0.024977	0.019761	0.023643	0.026509	0.022048	
1745	0.027421	0.025137	0.020690	0.020638	0.020597	0.021775	0.019859	0.022172	0.028334	0.024703	
1750	0.027881	0.024425	0.020934	0.021240	0.020771	0.022833	0.021302	0.020928	0.026084	0.023508	
1755	0.026809	0.025823	0.019892	0.023942	0.018965	0.022577	0.023858	0.019891	0.024635	0.023159	
1760	0.026644	0.025719	0.021435	0.022084	0.019636	0.022234	0.023343	0.022073	0.027024	0.021486	
1765	0.025380	0.023961	0.021829	0.021868	0.021537	0.024470	0.022458	0.022758	0.026495	0.022603	
1770	0.026674	0.023477	0.020141	0.021926	0.020113	0.022469	0.022910	0.021803	0.023252	0.021771	
1775	0.025908	0.022644	0.019462	0.020477	0.020159	0.021633	0.024774	0.023723	0.025005	0.023652	
1780	0.027856	0.023135	0.019744	0.020121	0.021807	0.022205	0.025053	0.024064	0.024488	0.023733	
1785	0.027749	0.023961	0.019672	0.020518	0.023987	0.020268	0.025546	0.023157	0.024480	0.024063	
1790	0.029644	0.025833	0.019361	0.020441	0.023624	0.019684	0.023266	0.021448	0.023675	0.022788	
1795	0.027444	0.026066	0.017889	0.020188	0.022620	0.019995	0.024506	0.021119	0.022639	0.023009	
1800	0.026834	0.027107	0.018316	0.019704	0.022293	0.019419	0.023042	0.020897	0.023291	0.023024	
1805	0.025972	0.025561	0.019503	0.021218	0.019789	0.021862	0.024157	0.020759	0.024027	0.021199	
1810	0.024828	0.024238	0.018284	0.023509	0.017045	0.021500	0.023515	0.023450	0.021904	0.020520	
1815	0.024257	0.024557	0.019287	0.023095	0.017208	0.024730	0.023244	0.025109	0.024357	0.021737	
1820	0.024464	0.024996	0.020260	0.022894	0.019006	0.024658	0.025569	0.025743	0.021675	0.020867	
1825	0.024433	0.025075	0.021987	0.022692	0.019490	0.022415	0.024314	0.023958	0.022508	0.019781	
1830	0.023041	0.024213	0.021907	0.022021	0.017253	0.022766	0.021907	0.025125	0.022807	0.021767	
1835	0.026160	0.022496	0.020264	0.022304	0.018686	0.020696	0.019820	0.025350	0.025405	0.021510	
1840	0.025424	0.022840	0.023053	0.020325	0.020414	0.020042	0.020588	0.024581	0.024412	0.022188	
1845	0.024174	0.024174	0.025597	0.019126	0.019573	0.018116	0.022154	0.023148	0.023547	0.025855	
1850	0.025835	0.024700	0.025582	0.020496	0.020450	0.019749	0.021362	0.021924	0.021033	0.024912	
1855	0.024979	0.023251	0.027693	0.022368	0.020933	0.019199	0.023063	0.021861	0.020559	0.022172	
1860	0.025538	0.023524	0.026686	0.022183	0.021209	0.018442	0.023349	0.020854	0.020450	0.020554	
1865	0.026483	0.024840	0.025738	0.023021	0.019049	0.017414	0.020844	0.020501	0.022940	0.021214	
1870	0.026277	0.024429	0.027330	0.020867	0.018013	0.019101	0.019988	0.019145	0.024785	0.023546	
1875	0.024777	0.024931	0.026267	0.020501	0.019423	0.019577	0.020446	0.020019	0.026913	0.023141	
1880	0.024837	0.025535	0.027007	0.019955	0.019124	0.023457	0.020548	0.020182	0.027689	0.022066	
1885	0.024758	0.025145	0.026588	0.020423	0.021232	0.023081	0.019728	0.020150	0.025342	0.022209	
1890	0.023958	0.023379	0.027523	0.018581	0.023142	0.024085	0.020700	0.020497	0.023762	0.023686	
1895	0.024579	0.024231	0.025939	0.018849	0.022489	0.023824	0.021984	0.021608	0.024036	0.021885	
1900	0.023289	0.024977	0.025379	0.019861	0.020357	0.021743	0.022868	0.021474	0.023707	0.022593	
1905	0.022288	0.026046	0.024686	0.019999	0.020643	0.018855	0.022755	0.022316	0.024406	0.024521	
1910	0.023866	0.024955	0.025513	0.020365	0.019487	0.017317	0.022131	0.021917	0.024210	0.022550	
1915	0.023894	0.025138	0.024630	0.023186	0.018125	0.017260	0.022335	0.021405	0.022536	0.022084	
1920	0.023409	0.025423	0.025278	0.023218	0.019759	0.020508	0.022233	0.022046	0.023183	0.022061	
1925	0.023399	0.023939	0.024769	0.021518	0.021390	0.021637	0.020467	0.022440	0.023715	0.022097	
1930	0.023991	0.024085	0.026501	0.023065	0.019382	0.022224	0.022536	0.021518	0.022181	0.022084	
1935	0.022685	0.025262	0.025662	0.022670	0.020517	0.021800	0.022893	0.021841	0.022196	0.022996	
1940	0.023248	0.023700	0.026093	0.023577	0.018529	0.019033	0.022662	0.022700	0.021386	0.023941	
1945	0.025239	0.022750	0.024121	0.024607	0.019463	0.019518	0.023071	0.025050	0.023099	0.022802	
1950	0.023604	0.021415	0.022777	0.026034	0.020826	0.019846	0.024674	0.022961	0.022241	0.022328	
1955	0.021588	0.021933	0.022358	0.025666	0.021648	0.021618	0.025842	0.024429	0.022768	0.023048	
1960	0.021439	0.022741	0.023574	0.024760	0.019566	0.021493	0.025151	0.027154	0.022842	0.024221	
1965	0.022612	0.021838	0.022648	0.025664	0.020622	0.020717	0.024667	0.028051	0.023670	0.023118	
1970	0.023845	0.022988	0.022533	0.024554	0.021183	0.020603	0.024634	0.023893	0.025049	0.025813	
1975	0.025217	0.022077	0.020361	0.026201	0.020784	0.022073	0.023339	0.023487	0.021662	0.025658	
1980	0.026486	0.024463	0.022619	0.027718	0.022922	0.022254	0.023405	0.023805	0.022117	0.025866	
1985	0.026272	0.024327	0.023476	0.022686	0.022347	0.023948	0.022111	0.024911	0.022707	0.025195	
1990	0.026285	0.024371	0.021965	0.022478	0.023015	0.023027	0.022311	0.024065	0.022236	0.025860	
1995	0.025238	0.023864	0.022800	0.023856	0.021400	0.021333	0.021680	0.026205	0.022454	0.025027	
2000	0.026118	0.023428	0.023714	0.020393	0.021545	0.022786	0.020516	0.025008	0.022799	0.026668	
2005	0.026129	0.024330	0.023398	0.019776	0.020568	0.022191	0.019432	0.024327	0.022679	0.024597	
2010	0.025540	0.024989	0.022555	0.021566	0.021990	0.020582	0.021133	0.025174	0.023576	0.024036	
2015	0.026892	0.023315	0.020779	0.021647	0.021195	0.021818	0.019558	0.024521	0.022817	0.024842	
2020	0.027702	0.022519	0.021408	0.021000	0.022242	0.020740	0.019307	0.025186	0.022193	0.023239	
2025	0.026838	0.024767	0.022771	0.020739	0.022383	0.019877	0.019714	0.026331	0.022420	0.023731	
2030	0.026544	0.025147	0.024214	0.022943	0.024290	0.018725	0.019735	0.024791	0.022560	0.022831	
2035	0.027439	0.024810	0.024318	0.022909	0.022743	0.019055	0.017854	0.025035	0.021853	0.022468	
2040	0.026288	0.024497	0.023510	0.024805	0.023348	0.020284	0.019001	0.026448	0.022629	0.023598	
2045	0.027202	0.024047	0.024320	0.024751	0.023690	0.020015	0.020577	0.025474	0.024492	0.023701	
2050	0.027432	0.023977	0.023913	0.023359	0.025145	0.020795	0.020648	0.024162	0.026864	0.023874	
2055	0.029352	0.024043	0.023441	0.024207	0.023155	0.020366	0.019515	0.024156	0.027917	0.024380	
2060	0.028488	0.024348	0.022340	0.023511	0.024396	0.017773	0.020028	0.024169	0.027598	0.022682	
2065	0.030892	0.024112	0.023731	0.022931	0.024080	0.018401	0.019811	0.026424	0.024728	0.023450	
2070	0.031744	0.025327	0.022533	0.024187	0.021874	0.019728	0.020330	0.028901	0.025313	0.023740	
2075	0.030896	0.025188	0.022865	0.022455	0.019391	0.018045	0.020032	0.029391	0.024071	0.024291	
2080	0.029151	0.023618	0.023903	0.021750	0.019338	0.018669	0.019820	0.028571	0.023143	0.024391	
2085	0.028581	0.023192	0.024288	0.024642	0.019664	0.017918	0.020857	0.030306	0.024848	0.024656	
2090	0.030456	0.021951	0.024855	0.024259	0.021520	0.020435	0.019491	0.028391	0.024954	0.026465	
2095	0.030335	0.021266	0.024752	0.023681	0.021722	0.021713	0.019314	0.024652	0.025239	0.025952	
2100	0.029395	0.022274	0.025172	0.025110	0.020006	0.022100	0.022185	0.024776	0.026827	0.025358	
2105	0.030203	0.022092	0.027003	0.024888	0.020217	0.020505	0.022437	0.024425	0.025508	0.026479	
2110	0.029405	0.023152	0.025971	0.025040	0.019888	0.019587	0.023731	0.025632	0.023091	0.027502	
2115	0.030742	0.024402	0.025245	0.023736	0.019197	0.018555	0.022953	0.026265	0.021362	0.027179	
2120	0.029930	0.022913	0.024931	0.023755	0.018468	0.017456	0.022415	0.026030	0.021991	0.027098	
2125	0.030940	0.023973	0.025548	0.023398	0.017574	0.018043	0.021855	0.023519	0.022923	0.027453	
2130	0.029927	0.021993	0.023039	0.022400	0.016737	0.021568	0.023648	0.021745	0.021641	0.027366	
2135	0.029150	0.021892	0.022456	0.021558	0.018573	0.021909	0.024660	0.021701	0.023427	0.026438	
2140	0.029443	0.020696	0.021423	0.022043	0.018074	0.020391	0.026987	0.024015	0.021769	0.028318	
2145	0.028564	0.021377	0.023546	0.025146	0.018167	0.019899	0.026034	0.021724	0.021162	0.027602	
2150	0.028051	0.021041	0.022509	0.026501	0.018417	0.019006	0.026020	0.022333	0.022146	0.026291	
2155	0.026768	0.022684	0.020919	0.024548	0.019956	0.017892	0.025316	0.022074	0.022678	0.025584	
2160	0.025889	0.025754	0.022022	0.025723	0.018999	0.018874	0.027177	0.023552	0.022775	0.024974	
2165	0.026679	0.024614	0.023086	0.025545	0.020384	0.018800	0.027164	0.021634	0.022921	0.024533	
2170	0.026066	0.022991	0.023584	0.024287	0.018623	0.019722	0.027565	0.023126	0.024522	0.024076	
2175	0.026257	0.023389	0.020294	0.023298	0.019462	0.020730	0.026506	0.021696	0.025753	0.023827	
2180	0.026335	0.024671	0.018490	0.021659	0.021264	0.021984	0.027244	0.022435	0.026339	0.024548	
2185	0.027855	0.025448	0.019211	0.020941	0.019733	0.021542	0.029173	0.023144	0.026714	0.023957	
2190	0.029556	0.024183	0.019393	0.022205	0.018792	0.022588	0.030626	0.024257	0.025621	0.024952	
2195	0.028117	0.024006	0.021434	0.022909	0.019410	0.023341	0.030815	0.022191	0.024040	0.025191	
2200	0.026261	0.025349	0.023336	0.019070	0.020910	0.020071	0.028319	0.021770	0.023807	0.026218	
2205	0.026708	0.023846	0.022485	0.019845	0.021319	0.020481	0.026357	0.019076	0.026396	0.024088	
2210	0.023795	0.022916	0.022861	0.018437	0.021999	0.018372	0.027314	0.020100	0.027514	0.023012	
2215	0.025561	0.024525	0.024029	0.019087	0.023049	0.019848	0.026589	0.022240	0.027838	0.023683	
2220	0.026612	0.023570	0.022406	0.021700	0.024199	0.020921	0.028583	0.020837	0.027908	0.023133	
2225	0.026339	0.022887	0.024103	0.020475	0.022909	0.021984	0.027316	0.022534	0.027561	0.023157	
2230	0.025810	0.021596	0.023931	0.023588	0.022827	0.023115	0.026259	0.023178	0.028056	0.023333	
2235	0.023108	0.022747	0.024537	0.022030	0.024335	0.021792	0.027365	0.024616	0.028573	0.023131	
2240	0.025472	0.022700	0.025055	0.022346	0.025702	0.020428	0.026241	0.022889	0.030654	0.023612	
2245	0.026205	0.023372	0.024454	0.022371	0.026381	0.022182	0.027490	0.022901	0.029058	0.026505	
2250	0.024514	0.023479	0.024805	0.023254	0.026136	0.021364	0.026720	0.023353	0.029162	0.028331	
2255	0.022632	0.021699	0.023522	0.022560	0.026184	0.020174	0.024991	0.022595	0.031018	0.026513	
2260	0.020965	0.023009	0.024651	0.021300	0.025942	0.020620	0.025235	0.023514	0.032284	0.025804	
2265	0.022148	0.022139	0.026580	0.021810	0.025874	0.020378	0.023062	0.024000	0.032927	0.026668	
2270	0.021749	0.023702	0.025612	0.023834	0.023980	0.020235	0.023757	0.022245	0.032402	0.024789	
2275	0.021351	0.021920	0.026300	0.024378	0.023790	0.021881	0.024949	0.021475	0.030989	0.025372	
2280	0.019107	0.021082	0.025961	0.024318	0.024723	0.020953	0.022684	0.022337	0.031994	0.025883	
2285	0.020084	0.020376	0.025941	0.026002	0.021887	0.022336	0.021538	0.020598	0.033262	0.024589	
2290	0.020412	0.020734	0.023011	0.025051	0.022564	0.021935	0.021302	0.019482	0.032033	0.020984	
2295	0.019476	0.019671	0.021137	0.025650	0.023059	0.021697	0.022558	0.018480	0.030581	0.019879	
2300	0.019103	0.019922	0.021091	0.024873	0.022303	0.022365	0.020227	0.019049	0.029865	0.020653	
2305	0.019443	0.021977	0.020780	0.022582	0.023997	0.021953	0.022353	0.018732	0.027747	0.020986	
2310	0.020652	0.023023	0.019579	0.023303	0.023282	0.021851	0.022876	0.020443	0.028383	0.021111	
2315	0.019390	0.021902	0.019183	0.024357	0.024816	0.023582	0.022022	0.021138	0.028233	0.020822	
2320	0.019563	0.021012	0.020967	0.023597	0.023443	0.024056	0.023512	0.021183	0.028805	0.019622	
2325	0.021173	0.022154	0.020401	0.024789	0.023032	0.027136	0.024626	0.020415	0.028765	0.019410	
2330	0.021337	0.020216	0.021025	0.025080	0.021480	0.026090	0.023142	0.021165	0.028729	0.020552	
2335	0.020561	0.019362	0.019586	0.025207	0.022701	0.025932	0.025303	0.020960	0.026533	0.019661	
2340	0.022552	0.022531	0.022187	0.025460	0.021643	0.027922	0.025875	0.021395	0.025704	0.020118	
2345	0.020814	0.021421	0.023095	0.025679	0.021223	0.029856	0.026745	0.019284	0.024417	0.018237	
2350	0.019118	0.021624	0.023579	0.025168	0.021559	0.029034	0.026006	0.021136	0.024422	0.018236	
2355	0.018423	0.020280	0.024743	0.023869	0.020651	0.029367	0.024341	0.020800	0.024137	0.018795	
2360	0.018131	0.018097	0.025684	0.023615	0.021924	0.025775	0.023997	0.019911	0.024974	0.018702	
2365	0.018341	0.019485	0.028041	0.023192	0.024133	0.025255	0.024468	0.018806	0.025026	0.018427	
2370	0.018646	0.019913	0.028849	0.023185	0.023145	0.027447	0.024867	0.018858	0.025699	0.019626	
2375	0.016806	0.017663	0.027231	0.022873	0.021777	0.024223	0.024597	0.020075	0.026668	0.019998	
2380	0.018360	0.017809	0.026197	0.022840	0.021304	0.024183	0.023254	0.019559	0.026445	0.019854	
2385	0.018465	0.016991	0.027268	0.021214	0.021394	0.025180	0.025132	0.020872	0.025980	0.018937	
2390	0.020154	0.019032	0.027548	0.021070	0.021274	0.026296	0.024353	0.022638	0.027625	0.018844	
2395	0.019932	0.017877	0.025969	0.021901	0.022823	0.025357	0.024895	0.021664	0.026473	0.019466	
2400	0.019402	0.016904	0.026914	0.020862	0.021976	0.024553	0.023425	0.023362	0.026875	0.018288	
2405	0.017564	0.016083	0.028209	0.020925	0.020644	0.023591	0.024155	0.022393	0.027656	0.018058	
2410	0.018087	0.015351	0.024551	0.019865	0.019631	0.023542	0.023388	0.019539	0.027205	0.016089	
2415	0.018592	0.017488	0.024642	0.021727	0.019645	0.022695	0.024816	0.020212	0.025220	0.016109	
2420	0.017886	0.017734	0.023504	0.022279	0.020057	0.023605	0.024986	0.020725	0.023527	0.015431	
2425	0.017860	0.018442	0.023886	0.021556	0.020660	0.024539	0.025135	0.023320	0.023313	0.015220	
2430	0.021158	0.019967	0.025517	0.022646	0.021784	0.023975	0.025436	0.023474	0.023249	0.017718	
2435	0.021783	0.021032	0.027449	0.022711	0.020252	0.025305	0.024605	0.024156	0.022982	0.017625	
2440	0.021238	0.022393	0.028722	0.023725	0.021627	0.025606	0.026181	0.023905	0.024202	0.016001	
2445	0.022361	0.020832	0.027924	0.023279	0.021979	0.024885	0.026975	0.022417	0.024708	0.015201	
2450	0.020432	0.022281	0.027078	0.023498	0.020346	0.026671	0.028136	0.021543	0.024182	0.016200	
2455	0.020384	0.023986	0.028040	0.024294	0.021101	0.026899	0.027247	0.022526	0.026681	0.013894	
2460	0.020178	0.020058	0.026827	0.025489	0.018315	0.025199	0.026967	0.024722	0.029493	0.015213	
2465	0.020048	0.020045	0.026683	0.024467	0.018020	0.025635	0.025681	0.024283	0.027821	0.014856	
2470	0.020187	0.020442	0.026171	0.022692	0.018406	0.027135	0.024174	0.023469	0.025943	0.015142	
2475	0.021123	0.020084	0.028450	0.023124	0.020236	0.025556	0.023787	0.024514	0.026498	0.014084	
2480	0.020060	0.019845	0.027767	0.023529	0.021849	0.026023	0.024521	0.025042	0.025935	0.015681	
2485	0.020725	0.019485	0.026801	0.023514	0.021408	0.026411	0.026349	0.025326	0.024829	0.017203	
2490	0.020481	0.020669	0.026555	0.022505	0.022443	0.027594	0.026887	0.024842	0.025600	0.017079	
2495	0.020371	0.021532	0.026260	0.022666	0.022420	0.028675	0.024624	0.025505	0.025222	0.018162	
2500	0.020793	0.023410	0.024138	0.022449	0.021098	0.029533	0.023763	0.026041	0.023520	0.016737	
2505	0.024763	0.023699	0.024522	0.022298	0.022393	0.031037	0.025072	0.025280	0.023516	0.015713	
2510	0.023943	0.024934	0.021473	0.024025	0.021305	0.030150	0.027047	0.025382	0.023651	0.016733	
2515	0.024145	0.025103	0.021454	0.025701	0.020453	0.029208	0.027335	0.024289	0.024161	0.020954	
2520	0.024361	0.024499	0.022850	0.025714	0.021762	0.027340	0.025600	0.025775	0.024668	0.019965	
2525	0.023609	0.025507	0.022613	0.025059	0.023288	0.025871	0.025466	0.026143	0.026205	0.020429	
2530	0.024630	0.024347	0.024482	0.024004	0.023532	0.024141	0.024073	0.027555	0.027326	0.022162	
2535	0.023248	0.025366	0.021885	0.025607	0.021096	0.024453	0.024178	0.028043	0.028828	0.021487	
2540	0.022464	0.026506	0.021964	0.028098	0.020951	0.024839	0.023477	0.026587	0.028108	0.020598	
2545	0.022605	0.026118	0.024096	0.027066	0.021897	0.024033	0.023621	0.027357	0.028543	0.020307	
2550	0.022449	0.025894	0.026731	0.028412	0.021319	0.023776	0.025534	0.027935	0.025779	0.019644	
2555	0.021231	0.026609	0.024937	0.025655	0.022996	0.024839	0.026711	0.027256	0.024600	0.019944	
2560	0.021246	0.026868	0.025421	0.026234	0.023336	0.025148	0.026941	0.028061	0.024601	0.020773	
2565	0.021620	0.026247	0.023582	0.025379	0.025972	0.023384	0.027276	0.027477	0.026156	0.022020	
2570	0.022023	0.025570	0.022244	0.025621	0.026967	0.026025	0.028731	0.030375	0.025553	0.022151	
2575	0.022769	0.026855	0.023576	0.024113	0.028788	0.024569	0.027810	0.031922	0.026274	0.021617	
2580	0.022827	0.027842	0.024688	0.023925	0.029374	0.024463	0.027357	0.030156	0.026743	0.020500	
2585	0.023291	0.028626	0.024253	0.022701	0.029030	0.023111	0.026890	0.028174	0.025637	0.022249	
2590	0.022514	0.028373	0.023215	0.020512	0.029822	0.023693	0.025021	0.028716	0.026257	0.022862	
2595	0.022319	0.026591	0.023344	0.018625	0.029573	0.025529	0.026030	0.029621	0.026827	0.022988	
2600	0.023541	0.026802	0.026089	0.019043	0.029734	0.025025	0.026894	0.032206	0.026622	0.020023	
2605	0.020456	0.027415	0.024604	0.021216	0.028107	0.025845	0.029689	0.031622	0.025726	0.019733	
2610	0.021158	0.026884	0.024415	0.020669	0.028041	0.025823	0.030896	0.032149	0.027869	0.019535	
2615	0.020083	0.027268	0.026327	0.020564	0.029311	0.025873	0.029916	0.032203	0.026384	0.020415	
2620	0.021335	0.027467	0.026232	0.020633	0.028877	0.025760	0.030594	0.031499	0.027705	0.021348	
2625	0.021100	0.027555	0.024840	0.024422	0.026522	0.023930	0.029834	0.030675	0.027629	0.022676	
2630	0.022089	0.029351	0.026242	0.022797	0.025064	0.025307	0.028712	0.031645	0.028754	0.023178	
2635	0.023808	0.027861	0.026167	0.019590	0.025149	0.024794	0.029051	0.030638	0.029643	0.024950	
2640	0.025528	0.027404	0.025301	0.019422	0.024391	0.025369	0.027639	0.031637	0.030385	0.027668	
2645	0.025434	0.028114	0.026406	0.019866	0.026463	0.026091	0.027600	0.031901	0.031090	0.026739	
2650	0.024344	0.027011	0.025742	0.019420	0.028162	0.025061	0.027733	0.032215	0.033087	0.026961	
2655	0.024528	0.025584	0.027476	0.020287	0.027337	0.025032	0.028603	0.030980	0.031761	0.027513	
2660	0.024189	0.025409	0.028560	0.021478	0.027534	0.025121	0.026513	0.029147	0.031959	0.027867	
2665	0.021401	0.025959	0.025232	0.022430	0.025940	0.024341	0.026183	0.029828	0.031486	0.025959	
2670	0.019292	0.028569	0.026687	0.021592	0.024750	0.022468	0.026848	0.027132	0.028706	0.023883	
2675	0.018862	0.028579	0.026407	0.020259	0.025515	0.022328	0.026513	0.027418	0.028787	0.024451	
2680	0.019734	0.027998	0.027558	0.019951	0.025061	0.022934	0.027660	0.026625	0.030405	0.023591	
2685	0.021452	0.025869	0.027835	0.020488	0.025236	0.023442	0.026936	0.026188	0.031228	0.023403	
2690	0.022514	0.027917	0.025922	0.020844	0.023435	0.023765	0.026431	0.028412	0.032098	0.024360	
2695	0.024108	0.031757	0.026061	0.020310	0.024411	0.022256	0.025208	0.026730	0.031916	0.026448	
2700	0.023869	0.033104	0.025375	0.019022	0.022693	0.023260	0.024197	0.027018	0.032602	0.025881	
2705	0.023581	0.032597	0.025582	0.017872	0.023977	0.023282	0.024820	0.027843	0.030984	0.024974	
2710	0.023067	0.033420	0.025838	0.017257	0.023547	0.023661	0.023786	0.026919	0.029975	0.024126	
2715	0.024087	0.031942	0.029716	0.014923	0.022662	0.022333	0.022599	0.028170	0.029385	0.024028	
2720	0.024774	0.030253	0.030232	0.015344	0.023138	0.023792	0.023596	0.029481	0.030223	0.023047	
2725	0.024397	0.030425	0.030141	0.015694	0.023441	0.025587	0.024144	0.027222	0.030647	0.023332	
2730	0.023145	0.029226	0.029441	0.015379	0.023470	0.026939	0.024551	0.026829	0.031121	0.025531	
2735	0.023934	0.028626	0.028881	0.015454	0.023464	0.028022	0.024577	0.028369	0.032263	0.026108	
2740	0.024631	0.030087	0.029214	0.015668	0.023112	0.027030	0.022414	0.028799	0.032285	0.028246	
2745	0.022183	0.028828	0.030991	0.016289	0.024043	0.028380	0.020947	0.027920	0.031944	0.026136	
2750	0.019790	0.026974	0.029118	0.015783	0.024737	0.029249	0.022195	0.026844	0.031539	0.025096	
2755	0.019448	0.025355	0.028317	0.017165	0.026430	0.026197	0.024411	0.024879	0.029299	0.025686	
2760	0.019626	0.026210	0.027534	0.016608	0.024838	0.028780	0.022854	0.025009	0.027517	0.026148	
2765	0.019602	0.025006	0.026217	0.018530	0.025198	0.026546	0.022691	0.026257	0.028532	0.024958	
2770	0.018021	0.023834	0.027280	0.017495	0.024344	0.022748	0.022385	0.027308	0.030405	0.026629	
2775	0.019239	0.024265	0.025804	0.017203	0.023334	0.023568	0.021803	0.026610	0.031287	0.025552	
2780	0.020732	0.023317	0.023358	0.018546	0.022808	0.023435	0.022753	0.025904	0.031766	0.027430	
2785	0.020965	0.025073	0.023099	0.016449	0.020994	0.023008	0.024593	0.025210	0.029894	0.028638	
2790	0.020406	0.024952	0.025123	0.016587	0.020183	0.021639	0.023266	0.025454	0.028757	0.028945	
2795	0.020177	0.025382	0.026846	0.015384	0.020083	0.022656	0.023279	0.025482	0.029971	0.029679	
2800	0.020388	0.022741	0.029748	0.016282	0.021462	0.023711	0.022038	0.026658	0.029527	0.029150	
2805	0.021018	0.025177	0.028602	0.017692	0.020985	0.022536	0.023490	0.023252	0.028123	0.027840	
2810	0.020993	0.024782	0.030063	0.019321	0.019012	0.022768	0.023017	0.024672	0.028587	0.029767	
2815	0.019235	0.025190	0.027909	0.019257	0.020253	0.023967	0.021379	0.026440	0.028881	0.030825	
2820	0.019899	0.024522	0.027355	0.020221	0.019485	0.022917	0.020405	0.026375	0.031828	0.028531	
2825	0.020786	0.024841	0.024602	0.020702	0.019062	0.021710	0.018581	0.023394	0.031421	0.030157	
2830	0.019659	0.025550	0.026640	0.018835	0.018898	0.023504	0.019615	0.022832	0.028851	0.029857	
2835	0.020728	0.024378	0.028265	0.020031	0.022064	0.022930	0.020355	0.023333	0.030321	0.027863	
2840	0.023306	0.026531	0.026488	0.020901	0.023457	0.022559	0.020664	0.022537	0.029008	0.031014	
2845	0.022164	0.026432	0.026706	0.020970	0.020604	0.022531	0.020041	0.022735	0.027832	0.027216	
2850	0.023087	0.027303	0.029084	0.019941	0.021253	0.023183	0.018148	0.022746	0.023724	0.026462	
2855	0.022884	0.027956	0.029140	0.021717	0.024012	0.022283	0.019166	0.023249	0.027623	0.028280	
2860	0.023196	0.027174	0.025950	0.022960	0.025489	0.019681	0.019615	0.023893	0.027382	0.024801	
2865	0.023225	0.029052	0.025672	0.023260	0.024384	0.019738	0.018689	0.022066	0.027639	0.025644	
2870	0.023141	0.029873	0.024750	0.024559	0.025931	0.019333	0.017891	0.024251	0.028481	0.025771	
2875	0.023617	0.028919	0.023886	0.024262	0.021874	0.019297	0.016788	0.023569	0.027503	0.024787	
2880	0.022544	0.029781	0.023638	0.024418	0.020985	0.020492	0.017043	0.023314	0.027479	0.024826	
2885	0.021749	0.027533	0.022173	0.025933	0.020642	0.020717	0.017697	0.022471	0.026882	0.025112	
2890	0.022873	0.026617	0.022308	0.025152	0.021727	0.019053	0.020217	0.020239	0.028401	0.023331	
2895	0.026010	0.024877	0.022572	0.024700	0.022502	0.018747	0.019729	0.017781	0.029381	0.025013	
2900	0.025905	0.024037	0.025415	0.026069	0.023122	0.017392	0.018144	0.019296	0.028858	0.025207	
2905	0.026015	0.025011	0.026874	0.024570	0.020351	0.018686	0.018762	0.020995	0.028112	0.024227	
2910	0.025260	0.025321	0.025611	0.024626	0.021743	0.019176	0.018936	0.018404	0.028963	0.025045	
2915	0.022408	0.026033	0.024002	0.026653	0.024199	0.021453	0.019775	0.021248	0.027101	0.022789	
2920	0.025384	0.025909	0.024038	0.025975	0.024067	0.022197	0.020629	0.019888	0.027866	0.022231	
2925	0.024151	0.026431	0.022219	0.027095	0.023758	0.022087	0.019708	0.020788	0.026517	0.020714	
2930	0.027640	0.025306	0.022741	0.025350	0.021959	0.022342	0.019425	0.022074	0.027305	0.020003	
2935	0.027989	0.026086	0.022957	0.025371	0.022722	0.021482	0.019328	0.020422	0.027328	0.022199	
2940	0.027980	0.025823	0.023981	0.025772	0.023841	0.019805	0.021108	0.019302	0.027445	0.024078	
2945	0.025550	0.025589	0.022400	0.026283	0.024722	0.019922	0.022046	0.018882	0.026437	0.024820	
2950	0.022812	0.025620	0.023814	0.026594	0.022747	0.022390	0.021002	0.017789	0.026511	0.026630	
2955	0.021476	0.025565	0.021809	0.023625	0.024507	0.021560	0.020828	0.017816	0.025860	0.026935	
2960	0.021291	0.026688	0.022871	0.025189	0.026579	0.021062	0.022466	0.016366	0.024761	0.024780	
2965	0.022289	0.026016	0.024130	0.025022	0.025862	0.018871	0.023591	0.014035	0.024268	0.022605	
2970	0.022786	0.027559	0.025631	0.024311	0.024292	0.019026	0.023773	0.013179	0.022664	0.020757	
2975	0.023341	0.025150	0.026184	0.024402	0.024831	0.018439	0.023995	0.013792	0.024212	0.020581	
2980	0.024611	0.023945	0.025475	0.024293	0.023136	0.019497	0.025506	0.013272	0.023182	0.017466	
2985	0.024156	0.026257	0.024762	0.025066	0.022986	0.021235	0.024331	0.014236	0.024176	0.017509	
2990	0.023720	0.027142	0.025156	0.026209	0.021399	0.019175	0.023953	0.015983	0.023807	0.016550	
2995	0.021622	0.026364	0.025427	0.024367	0.022535	0.019456	0.024594	0.016020	0.023109	0.019148	
3000	0.021687	0.024723	0.024812	0.026628	0.021309	0.020958	0.024480	0.016879	0.022303	0.019970	
