T	rep_1	rep_2	rep_3	rep_4	rep_5	rep_6	rep_7	rep_8	rep_9	rep_10
5	0.070953	0.127273	0.108240	0.074105	0.096574	0.081256	0.085087	0.083632	0.079499	0.101173	
10	0.166868	0.213583	0.234680	0.272287	0.251364	0.170766	0.181193	0.174038	0.180845	0.194960	
15	0.255611	0.285754	0.316365	0.338944	0.291663	0.228275	0.237581	0.260824	0.242313	0.248130	
20	0.357068	0.402464	0.471179	0.402569	0.373095	0.299641	0.296829	0.355027	0.375483	0.328328	
25	0.441670	0.467377	0.538456	0.473848	0.507508	0.399228	0.369664	0.398615	0.473837	0.437650	
30	0.490427	0.499008	0.570333	0.538336	0.598129	0.473977	0.441075	0.449948	0.521856	0.503831	
35	0.533820	0.526844	0.605763	0.591117	0.655234	0.514516	0.490986	0.523017	0.562400	0.540485	
40	0.595428	0.552545	0.646150	0.631104	0.705917	0.548213	0.574140	0.621911	0.596566	0.579497	
45	0.660551	0.586689	0.679588	0.664413	0.750973	0.577054	0.684384	0.703340	0.629279	0.629826	
50	0.710517	0.628386	0.714397	0.692250	0.794219	0.613759	0.767226	0.755262	0.660865	0.697850	
55	0.739323	0.670206	0.747370	0.720682	0.829197	0.664825	0.798024	0.784585	0.696247	0.750229	
60	0.769910	0.714151	0.775354	0.744688	0.846079	0.736406	0.810792	0.796402	0.727032	0.789550	
65	0.795210	0.739635	0.795834	0.779137	0.858491	0.784314	0.822498	0.809572	0.761337	0.814078	
70	0.814970	0.766748	0.816707	0.805615	0.862433	0.819023	0.826742	0.819420	0.787375	0.829512	
75	0.825297	0.790449	0.826627	0.835796	0.868384	0.848664	0.832245	0.827915	0.811636	0.838027	
80	0.837621	0.805159	0.835966	0.845121	0.872031	0.852573	0.834476	0.839311	0.824413	0.845891	
85	0.849506	0.818922	0.847150	0.851084	0.878327	0.867578	0.837409	0.845320	0.830417	0.848220	
90	0.850742	0.826388	0.854978	0.859257	0.878567	0.872513	0.844354	0.842904	0.838302	0.856767	
95	0.852328	0.833115	0.857416	0.866725	0.879489	0.868207	0.849936	0.841787	0.843683	0.858835	
100	0.857356	0.839381	0.859203	0.868944	0.876560	0.871498	0.852252	0.845999	0.849191	0.864088	
105	0.861923	0.844623	0.864214	0.872789	0.877523	0.871407	0.855242	0.849684	0.855502	0.866260	
110	0.864928	0.848908	0.864701	0.872305	0.873655	0.865989	0.853776	0.850389	0.860381	0.868274	
115	0.868929	0.850049	0.862023	0.862736	0.865950	0.860987	0.855074	0.851195	0.857812	0.867592	
120	0.870120	0.847939	0.853345	0.855696	0.864358	0.856642	0.854942	0.848997	0.855965	0.867275	
125	0.864668	0.842279	0.849670	0.852648	0.858193	0.851332	0.853398	0.841615	0.856046	0.862802	
130	0.859515	0.842919	0.843930	0.841796	0.849225	0.846671	0.848614	0.838606	0.851206	0.865301	
135	0.854035	0.837025	0.838823	0.836118	0.839872	0.841749	0.840958	0.831178	0.845084	0.856812	
140	0.847483	0.828671	0.832711	0.822331	0.840149	0.829527	0.839379	0.825475	0.841152	0.853508	
145	0.837725	0.824607	0.824549	0.819144	0.834126	0.821743	0.834513	0.816701	0.833569	0.845690	
150	0.828993	0.816618	0.814740	0.808920	0.823075	0.807373	0.821275	0.804473	0.818940	0.844914	
155	0.818371	0.808598	0.801089	0.798009	0.808198	0.796417	0.812771	0.791608	0.812084	0.831906	
160	0.811086	0.802559	0.794319	0.789209	0.794823	0.785607	0.797129	0.781878	0.802814	0.826838	
165	0.796359	0.798106	0.779669	0.783272	0.781844	0.770445	0.780441	0.771180	0.791739	0.813855	
170	0.784841	0.787940	0.766218	0.768174	0.769708	0.754704	0.768132	0.761216	0.772811	0.802804	
175	0.777066	0.779405	0.756090	0.755177	0.755394	0.745346	0.760127	0.747572	0.766380	0.798422	
180	0.762420	0.768859	0.745343	0.742216	0.745288	0.733541	0.744675	0.733547	0.750109	0.793436	
185	0.752820	0.760661	0.735050	0.726252	0.733502	0.717161	0.723842	0.721976	0.726530	0.782804	
190	0.735465	0.749003	0.724268	0.708720	0.724320	0.702724	0.711265	0.709249	0.715573	0.771887	
195	0.724053	0.745972	0.711130	0.696240	0.710384	0.693409	0.703179	0.701867	0.709436	0.757989	
200	0.710967	0.734198	0.699285	0.683574	0.697058	0.684989	0.687562	0.691683	0.693687	0.750335	
205	0.707696	0.726178	0.688306	0.670730	0.689379	0.675406	0.682717	0.682632	0.682444	0.736267	
210	0.697590	0.717434	0.672197	0.658537	0.684011	0.660923	0.669303	0.667934	0.669627	0.723295	
215	0.687859	0.708671	0.663631	0.650849	0.673888	0.653353	0.663418	0.663353	0.650316	0.720448	
220	0.676722	0.702540	0.651272	0.638224	0.669825	0.645346	0.652349	0.654872	0.642404	0.705965	
225	0.663758	0.696484	0.640056	0.626827	0.664557	0.634984	0.648195	0.642367	0.639260	0.692258	
230	0.657510	0.689876	0.628874	0.623766	0.654319	0.628600	0.636437	0.629244	0.628699	0.682083	
235	0.645905	0.678904	0.621689	0.620253	0.644797	0.619661	0.626800	0.618667	0.619937	0.670190	
240	0.634674	0.672929	0.611907	0.611582	0.639167	0.614551	0.623310	0.614530	0.614206	0.663928	
245	0.623925	0.666605	0.602066	0.601171	0.631835	0.608507	0.614144	0.604638	0.603185	0.657424	
250	0.613900	0.652988	0.593799	0.589104	0.621597	0.595104	0.606748	0.597358	0.591483	0.650005	
255	0.607565	0.646892	0.589499	0.587104	0.621673	0.587119	0.603901	0.590939	0.584416	0.637053	
260	0.598812	0.638112	0.577545	0.583539	0.618786	0.584025	0.593564	0.589322	0.570486	0.622659	
265	0.596824	0.632569	0.568282	0.579160	0.610573	0.581291	0.588859	0.583276	0.560485	0.615033	
270	0.593752	0.626506	0.564518	0.568109	0.605014	0.577270	0.585790	0.577854	0.553479	0.604155	
275	0.583831	0.617208	0.558625	0.564485	0.602724	0.572257	0.575121	0.574706	0.551878	0.602619	
280	0.578510	0.607293	0.551010	0.563535	0.597558	0.566067	0.568533	0.574126	0.546611	0.596471	
285	0.575147	0.600223	0.547713	0.554036	0.591118	0.558963	0.563498	0.569735	0.539710	0.584386	
290	0.569786	0.596702	0.539425	0.551265	0.581827	0.550565	0.562939	0.566791	0.530944	0.582034	
295	0.565264	0.587993	0.534540	0.542078	0.577178	0.540212	0.553426	0.558779	0.519517	0.576544	
300	0.560610	0.582529	0.531150	0.532892	0.576136	0.527199	0.552727	0.552569	0.516152	0.573377	
305	0.557430	0.572523	0.521810	0.530668	0.577685	0.522380	0.547108	0.551305	0.508302	0.568450	
310	0.548664	0.562971	0.510994	0.532707	0.575785	0.510937	0.538120	0.541522	0.499427	0.562094	
315	0.543335	0.556635	0.503818	0.524645	0.564518	0.499061	0.528124	0.539942	0.491879	0.550531	
320	0.541086	0.554108	0.497165	0.523981	0.563670	0.495943	0.519856	0.533652	0.485404	0.541344	
325	0.536582	0.546616	0.495331	0.518803	0.561610	0.484871	0.513736	0.528624	0.477833	0.536447	
330	0.527389	0.540382	0.497137	0.513191	0.555296	0.479091	0.508278	0.525358	0.468145	0.528559	
335	0.519495	0.524802	0.495822	0.509219	0.552980	0.468999	0.501600	0.526954	0.459233	0.517540	
340	0.511876	0.521987	0.489333	0.506187	0.549236	0.460182	0.502330	0.521634	0.451035	0.511282	
345	0.504127	0.516737	0.481226	0.495139	0.546634	0.454922	0.496453	0.517293	0.444112	0.503679	
350	0.498700	0.507687	0.474610	0.484635	0.543817	0.444890	0.499865	0.519312	0.436293	0.496952	
355	0.493052	0.503790	0.474325	0.474582	0.542964	0.437479	0.500132	0.515468	0.436374	0.494996	
360	0.487370	0.495056	0.468752	0.461324	0.535498	0.429593	0.491089	0.506981	0.432212	0.489670	
365	0.487979	0.492343	0.462628	0.460593	0.530075	0.417770	0.487955	0.502317	0.429506	0.485920	
370	0.487170	0.483286	0.464133	0.454678	0.528078	0.420654	0.481442	0.497258	0.423208	0.479377	
375	0.479418	0.480410	0.462885	0.458351	0.524779	0.415935	0.475288	0.491381	0.416220	0.476477	
380	0.474430	0.478371	0.457067	0.450007	0.519674	0.412454	0.473786	0.485270	0.411605	0.475924	
385	0.476193	0.470238	0.448715	0.445962	0.513902	0.406652	0.467258	0.483394	0.404162	0.470033	
390	0.472056	0.465482	0.440334	0.445648	0.503708	0.403629	0.461297	0.484113	0.395981	0.462509	
395	0.468282	0.461445	0.439458	0.438151	0.503897	0.399501	0.456437	0.481351	0.397810	0.454910	
400	0.461357	0.454332	0.438110	0.429217	0.493571	0.397162	0.454215	0.476617	0.393711	0.452362	
405	0.454247	0.449113	0.434420	0.431450	0.488730	0.394923	0.453187	0.472438	0.386200	0.454247	
410	0.455351	0.443338	0.425843	0.419423	0.483781	0.391922	0.446833	0.471362	0.388388	0.441392	
415	0.452401	0.437983	0.427354	0.414172	0.485235	0.389564	0.441639	0.461838	0.383097	0.443005	
420	0.442670	0.427194	0.420476	0.410386	0.481442	0.389885	0.434007	0.456534	0.378461	0.439762	
425	0.440281	0.420743	0.414610	0.404806	0.480271	0.388399	0.430011	0.455817	0.373136	0.433555	
430	0.434602	0.414924	0.411265	0.400809	0.477429	0.384790	0.426916	0.453316	0.368593	0.433337	
435	0.425420	0.410452	0.410480	0.390552	0.478047	0.382438	0.423905	0.445135	0.362347	0.427312	
440	0.421643	0.408950	0.409500	0.387610	0.470995	0.380072	0.429432	0.433123	0.360887	0.425554	
445	0.411232	0.404269	0.406987	0.383943	0.463337	0.376780	0.426652	0.431912	0.347426	0.420903	
450	0.404956	0.397633	0.407414	0.385487	0.457044	0.376732	0.420287	0.427483	0.341452	0.410626	
455	0.396406	0.390142	0.404609	0.379898	0.452319	0.376586	0.413660	0.421907	0.336764	0.407477	
460	0.394368	0.384300	0.402459	0.376646	0.444209	0.379152	0.407320	0.418698	0.331501	0.401297	
465	0.382108	0.386807	0.396606	0.371142	0.443286	0.371804	0.404812	0.412133	0.326129	0.400983	
470	0.375449	0.385396	0.394119	0.367179	0.442734	0.369691	0.404551	0.405983	0.323748	0.400410	
475	0.365489	0.379467	0.390052	0.358600	0.437956	0.364706	0.401530	0.398196	0.323516	0.396269	
480	0.356106	0.379577	0.386409	0.346758	0.438012	0.361047	0.399908	0.393192	0.318720	0.381639	
485	0.354513	0.376160	0.379173	0.342224	0.430782	0.354146	0.390707	0.390296	0.309807	0.385271	
490	0.348358	0.369184	0.378644	0.338715	0.433288	0.354240	0.387593	0.385979	0.308078	0.376350	
495	0.342069	0.365012	0.375201	0.335174	0.428805	0.350464	0.382592	0.381531	0.301702	0.369204	
500	0.343713	0.357931	0.372191	0.335303	0.423717	0.343395	0.382191	0.384148	0.301610	0.365469	
505	0.339867	0.355613	0.365867	0.328684	0.419648	0.341281	0.379672	0.375719	0.296245	0.360021	
510	0.339588	0.354972	0.365363	0.322590	0.421993	0.336092	0.371724	0.376741	0.292286	0.357820	
515	0.336568	0.348626	0.359713	0.322371	0.419220	0.324335	0.371609	0.373675	0.290578	0.359333	
520	0.334203	0.343754	0.353669	0.314546	0.416925	0.322385	0.367623	0.366761	0.287032	0.348832	
525	0.333367	0.338934	0.348347	0.314379	0.409625	0.319915	0.362763	0.365171	0.283165	0.348094	
530	0.328597	0.329888	0.341379	0.306232	0.403466	0.311193	0.359203	0.360340	0.282168	0.343698	
535	0.321887	0.326078	0.329739	0.303930	0.396105	0.305004	0.358794	0.354547	0.283316	0.338230	
540	0.317336	0.325129	0.327141	0.303808	0.396331	0.301369	0.356111	0.350204	0.281853	0.333165	
545	0.312698	0.321305	0.322256	0.300289	0.392453	0.299036	0.359831	0.348437	0.281076	0.331971	
550	0.310983	0.319082	0.317761	0.292352	0.392885	0.295978	0.353048	0.342966	0.277346	0.329298	
555	0.308434	0.318465	0.309984	0.290181	0.398884	0.293107	0.351020	0.338437	0.274221	0.328890	
560	0.305233	0.317010	0.307355	0.286613	0.392096	0.292189	0.348093	0.338796	0.271800	0.325416	
565	0.302451	0.312281	0.300853	0.288531	0.384582	0.286857	0.342657	0.330161	0.264394	0.318652	
570	0.300091	0.308638	0.302093	0.291200	0.381732	0.276617	0.336814	0.323545	0.266920	0.313404	
575	0.301991	0.306388	0.299295	0.288714	0.376937	0.278756	0.334450	0.324269	0.256757	0.312684	
580	0.296753	0.305529	0.294878	0.283137	0.375099	0.277383	0.332198	0.323910	0.254962	0.312396	
585	0.291388	0.303619	0.291160	0.279089	0.373016	0.275054	0.329280	0.318825	0.245830	0.307982	
590	0.286743	0.304053	0.287902	0.277350	0.369885	0.273121	0.327721	0.318476	0.242663	0.305666	
595	0.282076	0.301848	0.283297	0.268564	0.369553	0.271469	0.326868	0.311993	0.237419	0.298640	
600	0.275254	0.297160	0.282830	0.264223	0.367008	0.271490	0.321297	0.309448	0.233685	0.298035	
605	0.275936	0.291033	0.280326	0.261610	0.367732	0.270185	0.315432	0.310145	0.231681	0.295933	
610	0.276638	0.291309	0.274294	0.259819	0.361879	0.267790	0.308329	0.305012	0.235224	0.291442	
615	0.274396	0.286298	0.271607	0.252558	0.351607	0.267225	0.304112	0.301691	0.229738	0.291481	
620	0.273291	0.284267	0.274883	0.253225	0.347817	0.263357	0.300995	0.297348	0.228537	0.290467	
625	0.270809	0.279772	0.277560	0.254522	0.349413	0.265100	0.298439	0.300189	0.229595	0.290772	
630	0.267439	0.282362	0.275380	0.253219	0.338175	0.264701	0.294504	0.292233	0.223793	0.286464	
635	0.263954	0.283340	0.265886	0.254764	0.335020	0.267906	0.286824	0.285558	0.223983	0.280552	
640	0.267664	0.281514	0.261329	0.253765	0.331483	0.267609	0.283587	0.284967	0.222546	0.277186	
645	0.268728	0.273240	0.263364	0.251921	0.328236	0.267342	0.279437	0.281657	0.221327	0.278343	
650	0.264429	0.268511	0.264957	0.249203	0.322641	0.270658	0.279542	0.276884	0.222591	0.277906	
655	0.261996	0.266022	0.258450	0.249420	0.321573	0.271275	0.282116	0.278047	0.222832	0.275204	
660	0.259199	0.265588	0.252583	0.243857	0.321992	0.264665	0.281832	0.273529	0.225050	0.271572	
665	0.260220	0.270653	0.254357	0.247697	0.317436	0.262677	0.278496	0.270344	0.220444	0.267603	
670	0.258381	0.264852	0.256047	0.243766	0.310365	0.259552	0.272531	0.271144	0.216254	0.276562	
675	0.257526	0.268747	0.253043	0.239955	0.304846	0.260362	0.272254	0.271759	0.211997	0.268778	
680	0.254802	0.266316	0.253847	0.239261	0.307341	0.256167	0.263192	0.268978	0.207963	0.266826	
685	0.249250	0.265088	0.254282	0.236147	0.308509	0.257274	0.263928	0.266784	0.209066	0.264891	
690	0.241100	0.265730	0.250927	0.235632	0.307846	0.254977	0.266182	0.266028	0.212517	0.267202	
695	0.235518	0.266204	0.251380	0.234588	0.300791	0.251101	0.261810	0.265324	0.211622	0.261167	
700	0.233157	0.268824	0.250128	0.231594	0.300926	0.250328	0.262221	0.265386	0.215511	0.260770	
705	0.235060	0.264793	0.255057	0.231110	0.294690	0.248218	0.260562	0.259071	0.214296	0.263942	
710	0.233371	0.261960	0.249062	0.236395	0.292240	0.244796	0.259445	0.256257	0.214873	0.257077	
715	0.230297	0.255244	0.245639	0.236267	0.286944	0.240088	0.258743	0.255630	0.218141	0.259268	
720	0.225622	0.252583	0.250682	0.238873	0.284958	0.238920	0.264267	0.254156	0.217902	0.257558	
725	0.224251	0.247422	0.247098	0.241142	0.285308	0.243704	0.265648	0.250724	0.222859	0.258755	
730	0.222137	0.245634	0.242745	0.236024	0.284888	0.238595	0.264615	0.248499	0.218128	0.259251	
735	0.222416	0.246337	0.241599	0.235342	0.282222	0.240177	0.269365	0.251561	0.216724	0.260245	
740	0.224178	0.241874	0.239202	0.231442	0.283239	0.239906	0.262206	0.251204	0.219290	0.258973	
745	0.223063	0.240559	0.237439	0.231676	0.281100	0.244933	0.259519	0.247917	0.224066	0.260070	
750	0.222672	0.234555	0.232434	0.228321	0.277689	0.241832	0.256994	0.245107	0.222168	0.257878	
755	0.215246	0.231424	0.228885	0.227635	0.273666	0.241703	0.256056	0.242078	0.223640	0.258991	
760	0.210624	0.228532	0.229527	0.228798	0.272669	0.247263	0.254768	0.240484	0.224713	0.261638	
765	0.205979	0.229534	0.229087	0.227011	0.271374	0.248540	0.255380	0.238622	0.221313	0.259008	
770	0.205308	0.229421	0.229834	0.231751	0.269929	0.249248	0.258278	0.236936	0.222040	0.260497	
775	0.200861	0.230516	0.234191	0.223445	0.273168	0.246604	0.258695	0.232404	0.221273	0.259176	
780	0.199891	0.227052	0.232593	0.225546	0.270394	0.247528	0.253052	0.231145	0.219885	0.256594	
785	0.201229	0.222558	0.236022	0.225628	0.266183	0.245888	0.252433	0.234457	0.222229	0.263018	
790	0.198581	0.218875	0.237499	0.227403	0.266878	0.244558	0.249722	0.231150	0.223025	0.260236	
795	0.196920	0.213531	0.225807	0.231931	0.263959	0.246711	0.251878	0.231796	0.222779	0.261385	
800	0.197964	0.214363	0.228637	0.225925	0.260026	0.244990	0.250712	0.228650	0.223727	0.259929	
805	0.197305	0.216107	0.227441	0.222885	0.255272	0.247706	0.251215	0.226637	0.219069	0.257536	
810	0.192496	0.212708	0.224235	0.225553	0.253773	0.247592	0.249367	0.226685	0.218423	0.256978	
815	0.194890	0.212225	0.225025	0.229986	0.251612	0.246633	0.246742	0.216833	0.220480	0.255126	
820	0.199613	0.212316	0.226944	0.231045	0.248868	0.250203	0.243884	0.221260	0.219520	0.254155	
825	0.200183	0.212570	0.228487	0.230431	0.248929	0.246217	0.245982	0.219542	0.219248	0.256609	
830	0.202796	0.212146	0.226048	0.231023	0.244794	0.245403	0.242667	0.218032	0.216141	0.259481	
835	0.201775	0.208611	0.227577	0.232899	0.244623	0.242850	0.242967	0.220716	0.218279	0.256203	
840	0.205877	0.209785	0.223533	0.235666	0.239451	0.244453	0.241342	0.223582	0.216112	0.258618	
845	0.205995	0.213050	0.225814	0.236991	0.243061	0.246468	0.239946	0.221400	0.213916	0.251897	
850	0.211401	0.211823	0.229756	0.236889	0.245266	0.245244	0.238823	0.220635	0.212529	0.253583	
855	0.213986	0.208294	0.227982	0.238235	0.242231	0.244679	0.238251	0.225737	0.214384	0.254073	
860	0.217245	0.205531	0.229963	0.237064	0.241380	0.239508	0.238772	0.225123	0.214237	0.258135	
865	0.211022	0.201675	0.229135	0.237575	0.242655	0.243854	0.237246	0.222034	0.216046	0.255577	
870	0.212937	0.194690	0.230130	0.236253	0.237617	0.243748	0.240387	0.225651	0.214093	0.257112	
875	0.212963	0.193480	0.230578	0.231674	0.236216	0.237307	0.244826	0.226047	0.214888	0.259466	
880	0.211993	0.197037	0.227885	0.230865	0.234009	0.237966	0.244034	0.227352	0.216820	0.261314	
885	0.211741	0.199335	0.226918	0.233183	0.233979	0.238272	0.240634	0.229416	0.219857	0.263183	
890	0.212135	0.197897	0.228556	0.233891	0.233300	0.240211	0.239099	0.226769	0.218013	0.264209	
895	0.218126	0.194882	0.228677	0.235218	0.232838	0.237470	0.239871	0.230529	0.216570	0.263820	
900	0.219150	0.192965	0.222346	0.236223	0.234510	0.243104	0.239021	0.231925	0.215083	0.267485	
905	0.218818	0.196023	0.216466	0.234214	0.230974	0.242736	0.239759	0.228359	0.215983	0.268487	
910	0.218511	0.197065	0.218495	0.232129	0.231592	0.243253	0.239898	0.228089	0.214841	0.268478	
915	0.218882	0.201346	0.218726	0.233115	0.229681	0.245520	0.241705	0.228396	0.220742	0.264629	
920	0.225039	0.201608	0.217460	0.233010	0.227737	0.243663	0.241371	0.234890	0.225741	0.262689	
925	0.228370	0.199498	0.216857	0.231075	0.227459	0.244336	0.246555	0.232969	0.228964	0.261749	
930	0.226283	0.202141	0.220379	0.228079	0.228778	0.243103	0.250385	0.234640	0.223929	0.263359	
935	0.229018	0.205515	0.221218	0.233626	0.228616	0.245981	0.249865	0.231610	0.225644	0.267037	
940	0.233511	0.211642	0.220975	0.229989	0.227644	0.245147	0.245986	0.233469	0.222082	0.265831	
945	0.235127	0.216137	0.221395	0.232556	0.225953	0.240240	0.240428	0.232384	0.225392	0.265134	
950	0.233456	0.219059	0.222306	0.235544	0.223087	0.239752	0.240458	0.232826	0.224293	0.263295	
955	0.228844	0.225600	0.218793	0.240991	0.219536	0.240323	0.241336	0.230240	0.216690	0.264539	
960	0.229373	0.226349	0.223763	0.239487	0.220574	0.239499	0.237166	0.229224	0.215796	0.257703	
965	0.226104	0.227381	0.228226	0.235825	0.223483	0.236919	0.244686	0.230699	0.213561	0.259354	
970	0.221853	0.228234	0.230313	0.235533	0.221918	0.237403	0.247239	0.231905	0.214155	0.261371	
975	0.218361	0.232693	0.229985	0.234513	0.224731	0.242278	0.243588	0.231330	0.212041	0.259434	
980	0.212920	0.233584	0.234538	0.230025	0.221269	0.241314	0.244501	0.231203	0.212032	0.260746	
985	0.212034	0.232558	0.237736	0.232238	0.221140	0.240942	0.245515	0.231100	0.217832	0.260438	
990	0.212370	0.238289	0.236362	0.230892	0.221342	0.239647	0.245005	0.234390	0.218766	0.260467	
995	0.215014	0.233636	0.229092	0.232086	0.216040	0.236606	0.242351	0.238923	0.216543	0.258770	
1000	0.215086	0.237191	0.235876	0.230472	0.219400	0.239358	0.243712	0.237054	0.212784	0.257478	
1005	0.210393	0.236916	0.239557	0.232443	0.216400	0.241469	0.242192	0.235494	0.210677	0.258438	
1010	0.210462	0.234864	0.235635	0.237134	0.216999	0.241216	0.239205	0.239077	0.212714	0.263510	
1015	0.209821	0.238338	0.236322	0.232648	0.218189	0.240392	0.238888	0.239448	0.212122	0.263587	
1020	0.207819	0.236409	0.236942	0.233457	0.221270	0.242925	0.237698	0.241463	0.212062	0.265542	
1025	0.206962	0.239642	0.235552	0.232260	0.216902	0.240908	0.238971	0.241014	0.211609	0.262920	
1030	0.206099	0.244643	0.236448	0.229051	0.218717	0.236605	0.238828	0.237757	0.211082	0.261342	
1035	0.208712	0.243819	0.232383	0.227424	0.215308	0.234588	0.241996	0.238382	0.209251	0.258818	
1040	0.210648	0.240306	0.238140	0.226653	0.209681	0.237393	0.243716	0.237504	0.210957	0.258824	
1045	0.207384	0.240046	0.239673	0.228007	0.206426	0.237200	0.242223	0.240668	0.212369	0.256123	
1050	0.210538	0.239505	0.239002	0.228363	0.202655	0.232338	0.239924	0.239865	0.209621	0.255762	
1055	0.205505	0.241514	0.236912	0.231759	0.202775	0.230707	0.238859	0.244803	0.211623	0.255570	
1060	0.202211	0.243497	0.236500	0.228891	0.201131	0.228388	0.239906	0.245659	0.209684	0.259878	
1065	0.202175	0.243583	0.239751	0.226804	0.196822	0.232810	0.238487	0.250311	0.209819	0.258623	
1070	0.203372	0.239948	0.238941	0.223125	0.199399	0.236733	0.235337	0.246069	0.205054	0.261711	
1075	0.200700	0.238985	0.240396	0.225364	0.201572	0.234488	0.237379	0.247902	0.202108	0.260532	
1080	0.199740	0.241215	0.243204	0.225301	0.201195	0.237037	0.240875	0.243775	0.203558	0.258722	
1085	0.198133	0.242015	0.246357	0.228439	0.201029	0.239326	0.242596	0.237924	0.203771	0.256087	
1090	0.197604	0.243554	0.246390	0.226774	0.196944	0.238109	0.239731	0.236357	0.201879	0.258102	
1095	0.195865	0.245537	0.244972	0.229007	0.196658	0.240783	0.238889	0.232344	0.197741	0.257834	
1100	0.197084	0.248493	0.250167	0.229055	0.195579	0.243117	0.240524	0.231661	0.198086	0.260141	
1105	0.198746	0.249220	0.248245	0.229251	0.193900	0.245043	0.242335	0.232376	0.195764	0.260006	
1110	0.203777	0.254239	0.251468	0.228022	0.193177	0.242822	0.236101	0.233433	0.197945	0.256412	
1115	0.206062	0.254141	0.253232	0.233021	0.191727	0.241740	0.236314	0.234330	0.196018	0.254331	
1120	0.212408	0.251438	0.250922	0.233334	0.189941	0.238416	0.233698	0.232488	0.197275	0.252845	
1125	0.211055	0.249787	0.250138	0.232903	0.188288	0.235755	0.233979	0.228576	0.195099	0.251801	
1130	0.213921	0.251264	0.254942	0.234302	0.186748	0.237570	0.238457	0.229003	0.191276	0.248798	
1135	0.212471	0.252948	0.252188	0.233903	0.185912	0.232731	0.239032	0.224798	0.192558	0.247132	
1140	0.208503	0.254151	0.249774	0.229905	0.182787	0.231406	0.235088	0.227241	0.194350	0.243175	
1145	0.212192	0.259393	0.248847	0.231440	0.186109	0.230351	0.233473	0.227312	0.194153	0.243748	
1150	0.206962	0.259261	0.252141	0.228271	0.192133	0.229422	0.232897	0.226552	0.195517	0.243819	
1155	0.208540	0.260587	0.253144	0.228020	0.193147	0.232822	0.232102	0.224821	0.199124	0.245146	
1160	0.201961	0.259810	0.251757	0.225291	0.195694	0.233270	0.227696	0.229957	0.198557	0.242943	
1165	0.201103	0.262614	0.254672	0.224085	0.191479	0.230854	0.225998	0.226526	0.195984	0.242906	
1170	0.199886	0.259549	0.251086	0.224943	0.193719	0.231592	0.222995	0.227591	0.198991	0.243292	
1175	0.199092	0.260350	0.247899	0.225060	0.191883	0.228374	0.221363	0.228461	0.196148	0.239938	
1180	0.203037	0.260662	0.251570	0.225615	0.194028	0.227940	0.219295	0.231045	0.196833	0.231694	
1185	0.201242	0.263955	0.250104	0.228113	0.195521	0.229430	0.218627	0.231075	0.200472	0.236824	
1190	0.199357	0.262813	0.253813	0.226175	0.201305	0.227979	0.219850	0.229309	0.200401	0.235919	
1195	0.198509	0.265272	0.256481	0.226251	0.200442	0.226927	0.218718	0.231164	0.199359	0.231662	
1200	0.195701	0.259353	0.255735	0.225975	0.198229	0.227785	0.220456	0.237463	0.200292	0.231443	
1205	0.194277	0.259108	0.256940	0.228400	0.196508	0.225644	0.223127	0.236072	0.203120	0.237391	
1210	0.190814	0.261103	0.253892	0.225445	0.194821	0.223193	0.223163	0.237751	0.205049	0.236206	
1215	0.191951	0.265958	0.253092	0.225367	0.197236	0.226346	0.220303	0.240374	0.202962	0.236999	
1220	0.193175	0.263969	0.255328	0.223292	0.204807	0.223728	0.216510	0.244865	0.202673	0.235721	
1225	0.192562	0.266446	0.251552	0.228211	0.202372	0.222851	0.218652	0.239093	0.201850	0.231475	
1230	0.197420	0.265668	0.247363	0.228231	0.205975	0.219980	0.218884	0.237398	0.199770	0.230046	
1235	0.196107	0.260250	0.253729	0.226699	0.202557	0.221375	0.215104	0.234632	0.199857	0.230708	
1240	0.201707	0.262503	0.257269	0.227219	0.206611	0.226639	0.214907	0.230028	0.197865	0.231399	
1245	0.205106	0.267631	0.253557	0.227681	0.203878	0.227173	0.213889	0.230534	0.196814	0.228368	
1250	0.214129	0.267255	0.258809	0.222888	0.203092	0.223359	0.211227	0.231807	0.199268	0.226734	
1255	0.218537	0.268372	0.254206	0.228152	0.201090	0.222607	0.214136	0.227294	0.201696	0.233487	
1260	0.221094	0.267149	0.252162	0.229349	0.204175	0.222371	0.218870	0.228867	0.199674	0.232049	
1265	0.223532	0.270998	0.251190	0.224485	0.209628	0.219174	0.218345	0.226763	0.201164	0.232276	
1270	0.224370	0.267352	0.249745	0.224928	0.211658	0.220242	0.220608	0.228180	0.202101	0.226052	
1275	0.222367	0.264016	0.248075	0.221078	0.217603	0.217597	0.219933	0.230262	0.203127	0.228555	
1280	0.222308	0.260882	0.248292	0.220552	0.212781	0.222011	0.213492	0.230283	0.205488	0.227261	
1285	0.226050	0.262124	0.247391	0.219049	0.216691	0.216910	0.213908	0.230241	0.205348	0.225854	
1290	0.228790	0.261309	0.244296	0.218396	0.218258	0.214244	0.211158	0.232761	0.206334	0.223174	
1295	0.227613	0.261134	0.247798	0.219408	0.217272	0.215314	0.211815	0.235252	0.202198	0.221122	
1300	0.232243	0.260474	0.245406	0.221574	0.215971	0.216928	0.211712	0.236222	0.201298	0.224339	
1305	0.235023	0.258763	0.245246	0.219587	0.212539	0.213610	0.210394	0.233072	0.204728	0.221575	
1310	0.236654	0.255125	0.242957	0.223900	0.213727	0.216819	0.207361	0.232344	0.206267	0.223456	
1315	0.238025	0.253609	0.243725	0.221588	0.214681	0.212250	0.205323	0.234600	0.207261	0.222159	
1320	0.236848	0.256009	0.240348	0.219462	0.213997	0.215100	0.206559	0.234272	0.205580	0.221071	
1325	0.230778	0.256752	0.240229	0.223646	0.213650	0.219848	0.208249	0.235204	0.207139	0.221229	
1330	0.231962	0.261256	0.232273	0.228412	0.216315	0.220659	0.208835	0.231814	0.209034	0.217900	
1335	0.234037	0.261182	0.229290	0.224828	0.216717	0.222421	0.210301	0.232021	0.214339	0.222279	
1340	0.234246	0.261602	0.228482	0.226245	0.214637	0.228981	0.208442	0.233309	0.213996	0.225783	
1345	0.235945	0.260291	0.230187	0.222727	0.218898	0.228132	0.203704	0.232240	0.213392	0.224182	
1350	0.238897	0.259517	0.231167	0.226313	0.221053	0.230140	0.205634	0.230378	0.214144	0.224501	
1355	0.236800	0.257719	0.232798	0.225505	0.218665	0.227140	0.204317	0.235221	0.216806	0.225200	
1360	0.237986	0.258071	0.232211	0.235542	0.221934	0.229551	0.206242	0.232895	0.215100	0.220675	
1365	0.237242	0.256525	0.229669	0.234285	0.220566	0.231947	0.202800	0.235204	0.212409	0.220959	
1370	0.236941	0.258425	0.234296	0.233851	0.220025	0.227962	0.204429	0.231341	0.219588	0.223705	
1375	0.235383	0.262028	0.242811	0.230319	0.220523	0.226908	0.211462	0.225601	0.220344	0.224166	
1380	0.241369	0.260389	0.241595	0.238865	0.219278	0.223864	0.210227	0.221414	0.218458	0.223779	
1385	0.241206	0.258605	0.242549	0.236957	0.218448	0.222321	0.212496	0.222817	0.216072	0.222268	
1390	0.242547	0.256219	0.244889	0.239717	0.213558	0.224190	0.217918	0.228416	0.217474	0.226760	
1395	0.243017	0.255363	0.244269	0.239278	0.214139	0.221697	0.215934	0.225441	0.221694	0.228669	
1400	0.243029	0.250615	0.241709	0.238646	0.213977	0.220939	0.215178	0.221202	0.217197	0.226867	
1405	0.236389	0.246870	0.243602	0.243570	0.214946	0.222669	0.221468	0.222043	0.214185	0.225671	
1410	0.240337	0.249788	0.239428	0.243494	0.213222	0.226311	0.223826	0.224965	0.218186	0.227631	
1415	0.239974	0.245830	0.238289	0.243881	0.212579	0.230422	0.221803	0.223464	0.220143	0.226366	
1420	0.240388	0.245544	0.236174	0.243773	0.208149	0.229647	0.220558	0.224477	0.221091	0.229330	
1425	0.241546	0.247829	0.237517	0.244057	0.206493	0.228328	0.225920	0.223132	0.220749	0.229633	
1430	0.238503	0.244187	0.236850	0.242963	0.207091	0.225525	0.225174	0.218119	0.219476	0.225865	
1435	0.239721	0.239958	0.238363	0.239810	0.208856	0.225216	0.222972	0.217321	0.216103	0.224657	
1440	0.236295	0.229322	0.236229	0.239884	0.207237	0.228034	0.223363	0.223668	0.221596	0.225150	
1445	0.234370	0.226810	0.243498	0.242614	0.208055	0.221162	0.227394	0.230598	0.221254	0.227080	
1450	0.235272	0.224711	0.242023	0.241937	0.210425	0.221127	0.225385	0.229598	0.221229	0.229608	
1455	0.234435	0.221714	0.245204	0.239403	0.215682	0.222256	0.227341	0.230497	0.224357	0.234198	
1460	0.237808	0.220812	0.245660	0.241645	0.215585	0.222617	0.233456	0.231458	0.226162	0.238297	
1465	0.238231	0.222492	0.239258	0.238002	0.220855	0.220205	0.233027	0.229670	0.223108	0.241790	
1470	0.238397	0.223470	0.240357	0.243156	0.218725	0.224104	0.235267	0.231069	0.224096	0.240192	
1475	0.236269	0.224344	0.243898	0.242184	0.218422	0.224294	0.243001	0.232745	0.221904	0.237937	
1480	0.237560	0.221013	0.248053	0.240133	0.219978	0.225824	0.245624	0.231275	0.220635	0.235566	
1485	0.240065	0.219620	0.249983	0.241931	0.216781	0.221168	0.245117	0.233882	0.221210	0.237663	
1490	0.236367	0.223658	0.245179	0.240220	0.214446	0.221396	0.242962	0.230523	0.223896	0.237366	
1495	0.240072	0.213310	0.245648	0.236498	0.215534	0.227497	0.244500	0.231711	0.220759	0.239155	
1500	0.241155	0.209073	0.241110	0.236083	0.212580	0.227689	0.239857	0.235079	0.220655	0.236831	
1505	0.244075	0.207245	0.240290	0.233264	0.212770	0.230142	0.240593	0.239220	0.221739	0.236631	
1510	0.242147	0.208028	0.244584	0.233072	0.211520	0.229094	0.239198	0.240407	0.223138	0.238331	
1515	0.243189	0.206206	0.244356	0.236395	0.210986	0.227082	0.239641	0.242003	0.222628	0.235980	
1520	0.240212	0.208523	0.248733	0.240591	0.212891	0.226167	0.243127	0.241411	0.224034	0.232399	
1525	0.239228	0.208218	0.245983	0.239783	0.211870	0.224047	0.237363	0.243533	0.226345	0.228883	
1530	0.238784	0.207284	0.248112	0.239499	0.218521	0.222254	0.237172	0.244246	0.229808	0.228411	
1535	0.236427	0.206902	0.251271	0.234532	0.218360	0.221503	0.238383	0.246954	0.225257	0.225388	
1540	0.238442	0.207286	0.250773	0.236616	0.215454	0.225774	0.232592	0.247843	0.219581	0.225569	
1545	0.240070	0.204278	0.249015	0.237772	0.215686	0.229560	0.232373	0.244553	0.218112	0.227291	
1550	0.240186	0.202041	0.248173	0.234589	0.217469	0.233632	0.231760	0.245296	0.220641	0.225383	
1555	0.242019	0.202787	0.251345	0.235904	0.221807	0.231183	0.232806	0.247655	0.218124	0.226933	
1560	0.240417	0.203175	0.254306	0.234625	0.218491	0.231896	0.235208	0.246378	0.224131	0.233076	
1565	0.235727	0.206396	0.256325	0.233174	0.215880	0.233516	0.232672	0.245570	0.226363	0.232459	
1570	0.235029	0.209667	0.257680	0.238766	0.215684	0.236730	0.231063	0.248196	0.222841	0.233058	
1575	0.238732	0.207633	0.256598	0.240711	0.218515	0.234465	0.230855	0.250411	0.220459	0.235497	
1580	0.236489	0.206815	0.253999	0.235835	0.218815	0.242409	0.230588	0.246067	0.223183	0.234537	
1585	0.240260	0.207777	0.252746	0.234107	0.218674	0.240152	0.234763	0.248386	0.226492	0.236025	
1590	0.240391	0.208028	0.253230	0.234879	0.215500	0.237550	0.240602	0.243905	0.227786	0.234420	
1595	0.239825	0.209208	0.250201	0.236780	0.218181	0.237161	0.241840	0.241851	0.229271	0.234075	
1600	0.236775	0.209530	0.253578	0.235697	0.217904	0.236963	0.242669	0.239756	0.228770	0.230780	
1605	0.241478	0.209151	0.256221	0.237066	0.219365	0.240362	0.245213	0.240439	0.230386	0.233442	
1610	0.242079	0.205444	0.254453	0.238194	0.222647	0.238093	0.240826	0.239278	0.233558	0.235751	
1615	0.241499	0.203018	0.252179	0.239983	0.222210	0.240811	0.237152	0.241661	0.229979	0.233369	
1620	0.240765	0.203801	0.252764	0.237023	0.218905	0.241987	0.234780	0.243668	0.232588	0.233994	
1625	0.241926	0.203149	0.256448	0.232796	0.220792	0.247641	0.235163	0.240632	0.233311	0.236132	
1630	0.238322	0.204669	0.255834	0.231548	0.223052	0.244181	0.233502	0.241062	0.233969	0.240013	
1635	0.239010	0.203215	0.253286	0.233205	0.221853	0.240995	0.236122	0.242702	0.235459	0.240299	
1640	0.239824	0.204642	0.255390	0.229993	0.217539	0.243258	0.235003	0.240588	0.235761	0.243497	
1645	0.234259	0.204288	0.257766	0.227299	0.215724	0.241675	0.237498	0.243458	0.234885	0.248265	
1650	0.235210	0.204077	0.256601	0.228533	0.216715	0.239920	0.238081	0.246238	0.233950	0.247820	
1655	0.237938	0.201126	0.256184	0.228744	0.215616	0.244160	0.233755	0.247182	0.231993	0.244756	
1660	0.235878	0.202836	0.254053	0.228118	0.212863	0.237594	0.233822	0.247583	0.230027	0.247911	
1665	0.235820	0.202530	0.253340	0.228697	0.212672	0.238030	0.233471	0.244870	0.231093	0.246144	
1670	0.235534	0.213022	0.253414	0.229569	0.213401	0.234069	0.234616	0.245889	0.228508	0.245044	
1675	0.235515	0.214361	0.249954	0.229295	0.212269	0.235022	0.236627	0.248000	0.229512	0.245369	
1680	0.232998	0.214923	0.251578	0.228934	0.212408	0.236559	0.238392	0.251492	0.229171	0.246371	
1685	0.230252	0.213153	0.251411	0.233001	0.209140	0.236023	0.237931	0.248618	0.231133	0.243194	
1690	0.229182	0.207753	0.243947	0.232430	0.209273	0.234161	0.238167	0.245444	0.228403	0.242473	
1695	0.229136	0.204141	0.239823	0.234296	0.210619	0.239489	0.236045	0.247259	0.227677	0.242460	
1700	0.232352	0.207302	0.241510	0.234755	0.211234	0.237706	0.235416	0.247188	0.225070	0.242100	
1705	0.235015	0.210789	0.238232	0.233199	0.209364	0.243777	0.236546	0.245418	0.227539	0.242406	
1710	0.236511	0.209387	0.234226	0.233305	0.215350	0.239204	0.243540	0.243475	0.229966	0.244279	
1715	0.235104	0.205578	0.236836	0.235221	0.211619	0.241662	0.244990	0.241650	0.226655	0.248981	
1720	0.232809	0.201199	0.234958	0.233752	0.211233	0.237811	0.246031	0.242505	0.228367	0.253232	
1725	0.229932	0.203966	0.232601	0.234430	0.212935	0.240777	0.242951	0.246146	0.228467	0.255463	
1730	0.229210	0.202972	0.232030	0.235697	0.213064	0.240188	0.241259	0.249938	0.221970	0.251256	
1735	0.223257	0.202720	0.234383	0.234445	0.211632	0.245576	0.237184	0.249213	0.224610	0.246097	
1740	0.218125	0.208862	0.234436	0.233063	0.210828	0.244527	0.238739	0.248248	0.228039	0.241612	
1745	0.220756	0.208298	0.237438	0.236733	0.205302	0.242450	0.243003	0.247661	0.226857	0.242662	
1750	0.220869	0.205134	0.238580	0.243568	0.202787	0.241407	0.241615	0.245477	0.222227	0.239481	
1755	0.225494	0.208533	0.237779	0.240754	0.204120	0.238791	0.246971	0.250479	0.222966	0.238642	
1760	0.224624	0.215253	0.232068	0.242336	0.209799	0.240451	0.241731	0.252012	0.221867	0.242590	
1765	0.223434	0.216101	0.232772	0.248507	0.211900	0.239022	0.239772	0.251632	0.223337	0.242159	
1770	0.223997	0.215356	0.237251	0.247216	0.214534	0.240377	0.245842	0.250258	0.221806	0.245465	
1775	0.220730	0.207707	0.239521	0.247155	0.217469	0.243462	0.238672	0.249938	0.218395	0.245376	
1780	0.220515	0.205140	0.238805	0.242287	0.215969	0.241902	0.238213	0.247385	0.218376	0.247754	
1785	0.227622	0.209167	0.242333	0.239562	0.216257	0.242790	0.239498	0.245349	0.223083	0.243868	
1790	0.224365	0.211021	0.244848	0.240797	0.214888	0.244612	0.239750	0.244833	0.225039	0.244245	
1795	0.220579	0.210870	0.246356	0.245116	0.212479	0.246691	0.238139	0.238646	0.222658	0.247677	
1800	0.218794	0.209235	0.250805	0.249119	0.218916	0.247400	0.235567	0.235316	0.223721	0.241946	
1805	0.218336	0.208571	0.247807	0.249112	0.216061	0.245553	0.233888	0.234956	0.226581	0.238372	
1810	0.219782	0.206310	0.247938	0.248522	0.215946	0.244738	0.238536	0.236730	0.227719	0.239245	
1815	0.221008	0.207077	0.248326	0.243671	0.213852	0.248085	0.236926	0.235643	0.227429	0.242362	
1820	0.217761	0.204024	0.244511	0.243071	0.216133	0.250065	0.232698	0.235150	0.228323	0.243204	
1825	0.219404	0.204872	0.245221	0.244126	0.215040	0.250791	0.233481	0.230780	0.228631	0.245107	
1830	0.220630	0.202131	0.246488	0.244447	0.218453	0.249896	0.234748	0.233563	0.232267	0.241138	
1835	0.223067	0.202103	0.246339	0.248207	0.224136	0.250735	0.235342	0.233804	0.232726	0.241098	
1840	0.221774	0.203609	0.251054	0.247867	0.222783	0.245800	0.232445	0.236684	0.230460	0.239894	
1845	0.219549	0.200577	0.246611	0.252323	0.221587	0.249309	0.237197	0.234454	0.229962	0.238206	
1850	0.216605	0.194407	0.243881	0.249938	0.224155	0.248204	0.239319	0.236970	0.232894	0.234723	
1855	0.223327	0.192046	0.243590	0.248840	0.218360	0.248239	0.240919	0.234787	0.230756	0.231290	
1860	0.220069	0.195002	0.238503	0.251710	0.220953	0.251759	0.237778	0.236967	0.230033	0.228951	
1865	0.214238	0.195626	0.237203	0.249448	0.218861	0.247596	0.238762	0.238977	0.227414	0.229982	
1870	0.219093	0.201181	0.235030	0.249651	0.220966	0.249704	0.239676	0.236718	0.228786	0.228527	
1875	0.215165	0.208223	0.233769	0.249342	0.220082	0.245023	0.240517	0.231087	0.227664	0.229122	
1880	0.213503	0.211049	0.231038	0.248710	0.219251	0.245740	0.240421	0.229498	0.227784	0.229169	
1885	0.217446	0.205214	0.231285	0.244611	0.219350	0.242341	0.243055	0.227910	0.232058	0.226803	
1890	0.219379	0.200425	0.232603	0.247823	0.224389	0.243377	0.243465	0.229632	0.231990	0.226679	
1895	0.219244	0.205533	0.233403	0.245058	0.226259	0.245162	0.243788	0.232969	0.234075	0.225612	
1900	0.219491	0.208796	0.231923	0.245990	0.225658	0.243673	0.242684	0.236217	0.234259	0.227030	
1905	0.220425	0.213394	0.230014	0.249891	0.230604	0.244789	0.238703	0.233401	0.235865	0.219872	
1910	0.226088	0.212255	0.231559	0.248652	0.234460	0.245950	0.237640	0.233541	0.234545	0.219617	
1915	0.229516	0.208708	0.234208	0.250690	0.236938	0.248335	0.239936	0.235115	0.233011	0.214835	
1920	0.227533	0.211778	0.236195	0.255091	0.233594	0.248169	0.237508	0.234629	0.232787	0.215007	
1925	0.225679	0.209469	0.234862	0.253718	0.233123	0.248239	0.234575	0.236782	0.232291	0.215466	
1930	0.229680	0.209486	0.236198	0.249675	0.238501	0.250372	0.233736	0.238012	0.234648	0.218699	
1935	0.222619	0.214397	0.235436	0.249832	0.237139	0.250355	0.230589	0.235901	0.238134	0.220677	
1940	0.225338	0.209950	0.239042	0.250743	0.239828	0.246337	0.230393	0.237596	0.240099	0.219813	
1945	0.225131	0.209441	0.236046	0.253616	0.242122	0.241924	0.233729	0.230808	0.241178	0.219111	
1950	0.226867	0.207631	0.236037	0.253396	0.236801	0.243675	0.232676	0.233902	0.240560	0.218674	
1955	0.225129	0.206585	0.236332	0.252621	0.240057	0.242706	0.228451	0.236011	0.240016	0.221557	
1960	0.225966	0.206655	0.232650	0.250627	0.237161	0.238992	0.231014	0.235597	0.239028	0.220842	
1965	0.228277	0.205322	0.234620	0.252045	0.234008	0.240292	0.232325	0.236127	0.244901	0.223235	
1970	0.229793	0.202660	0.233247	0.246121	0.235691	0.235310	0.231174	0.237148	0.240456	0.221217	
1975	0.234485	0.203721	0.233691	0.251444	0.237963	0.235746	0.226760	0.235658	0.236817	0.228691	
1980	0.238009	0.204957	0.235425	0.248693	0.237281	0.235923	0.228451	0.235942	0.236578	0.223546	
1985	0.236686	0.202998	0.232494	0.244082	0.236248	0.232781	0.229365	0.236876	0.239660	0.222812	
1990	0.239101	0.201286	0.232563	0.243327	0.234810	0.235220	0.227430	0.240739	0.238262	0.221619	
1995	0.239497	0.202870	0.236555	0.242441	0.235472	0.237110	0.224326	0.247147	0.235131	0.220285	
2000	0.241388	0.202255	0.233555	0.242776	0.236304	0.237345	0.223479	0.248524	0.239753	0.217742	
2005	0.241765	0.202690	0.235952	0.244511	0.232843	0.241854	0.222145	0.245574	0.238263	0.217901	
2010	0.242565	0.200126	0.231651	0.244005	0.232320	0.240259	0.221295	0.249203	0.242441	0.219713	
2015	0.241911	0.198946	0.231791	0.249224	0.233486	0.234517	0.222367	0.247895	0.239964	0.217453	
2020	0.239977	0.195680	0.226795	0.243858	0.233513	0.231333	0.224510	0.249321	0.241875	0.216439	
2025	0.235355	0.198748	0.229348	0.237691	0.233989	0.234443	0.221596	0.250183	0.248184	0.213617	
2030	0.237898	0.198446	0.224259	0.235201	0.234374	0.232164	0.222790	0.252135	0.250250	0.213998	
2035	0.240985	0.203733	0.225739	0.236053	0.231620	0.226707	0.222493	0.252615	0.246242	0.214121	
2040	0.236671	0.206041	0.231481	0.236632	0.230499	0.226859	0.222146	0.251001	0.246027	0.213872	
2045	0.232952	0.209722	0.227922	0.236612	0.232327	0.228159	0.218793	0.248214	0.246662	0.215653	
2050	0.233975	0.208225	0.232257	0.238087	0.234525	0.222344	0.220063	0.248263	0.245751	0.219867	
2055	0.235174	0.206671	0.230554	0.240673	0.232689	0.224827	0.213915	0.250876	0.243736	0.219540	
2060	0.233524	0.207084	0.232065	0.243210	0.231125	0.225464	0.215583	0.247289	0.240600	0.220172	
2065	0.234136	0.210023	0.229362	0.241758	0.231402	0.225410	0.213079	0.248539	0.242813	0.217066	
2070	0.235391	0.208871	0.232191	0.240376	0.228835	0.223497	0.210849	0.243811	0.241243	0.217376	
2075	0.232990	0.212477	0.230456	0.243284	0.231783	0.225241	0.212535	0.244349	0.243670	0.217989	
2080	0.234539	0.215536	0.233439	0.248081	0.232119	0.226173	0.216177	0.248603	0.236973	0.217598	
2085	0.236777	0.214597	0.233980	0.246549	0.234166	0.225682	0.217072	0.247872	0.236835	0.220713	
2090	0.236604	0.211996	0.232269	0.249002	0.232260	0.228031	0.210656	0.248095	0.235364	0.220035	
2095	0.237476	0.214061	0.230419	0.253762	0.230845	0.231727	0.209804	0.243585	0.237254	0.219027	
2100	0.235623	0.219771	0.234835	0.256569	0.233124	0.231960	0.210425	0.242252	0.236055	0.220915	
2105	0.236750	0.221108	0.235636	0.257510	0.235504	0.229488	0.208544	0.241456	0.239026	0.219368	
2110	0.235619	0.217541	0.232603	0.253100	0.234230	0.229923	0.208992	0.245073	0.240146	0.220584	
2115	0.234027	0.210349	0.233500	0.250102	0.231583	0.228406	0.212728	0.250273	0.237531	0.224090	
2120	0.236406	0.205913	0.233145	0.244860	0.232685	0.228178	0.208865	0.251070	0.243246	0.225388	
2125	0.237112	0.210058	0.238071	0.242789	0.229284	0.235230	0.207013	0.251441	0.242148	0.223010	
2130	0.238279	0.210310	0.238435	0.242061	0.224598	0.232760	0.206102	0.250089	0.238464	0.219111	
2135	0.239423	0.212794	0.233200	0.237193	0.221237	0.236642	0.205171	0.253404	0.238742	0.218074	
2140	0.240747	0.212355	0.231064	0.237128	0.221773	0.236289	0.206195	0.246136	0.239985	0.219276	
2145	0.235323	0.208834	0.229731	0.235058	0.222744	0.236967	0.206003	0.245800	0.241795	0.215905	
2150	0.233813	0.210863	0.228340	0.235456	0.215753	0.234409	0.205769	0.248987	0.248328	0.217408	
2155	0.233483	0.211450	0.228706	0.234635	0.213328	0.235286	0.210186	0.245877	0.245223	0.213202	
2160	0.228578	0.214549	0.225511	0.234546	0.217488	0.238048	0.211454	0.243862	0.248293	0.213968	
2165	0.228608	0.218776	0.225076	0.233495	0.215536	0.241404	0.209421	0.243932	0.245444	0.215328	
2170	0.229003	0.216077	0.225603	0.233960	0.220593	0.241149	0.208133	0.240349	0.242007	0.214536	
2175	0.230141	0.212058	0.224864	0.234502	0.217861	0.239390	0.209399	0.238894	0.238830	0.213039	
2180	0.225888	0.210528	0.224082	0.236567	0.214000	0.242595	0.208490	0.239242	0.243380	0.211846	
2185	0.227491	0.212130	0.222530	0.237008	0.218186	0.241265	0.208924	0.237883	0.247743	0.211359	
2190	0.227088	0.211569	0.219023	0.239702	0.217832	0.239907	0.208423	0.238416	0.247932	0.211061	
2195	0.228323	0.210095	0.219324	0.236960	0.218117	0.239407	0.209935	0.239864	0.247879	0.212658	
2200	0.228224	0.209578	0.216823	0.232120	0.214141	0.241899	0.206039	0.241667	0.242501	0.217373	
2205	0.231131	0.213227	0.219757	0.225296	0.213648	0.241023	0.207302	0.245052	0.245994	0.215547	
2210	0.231120	0.211505	0.220588	0.226203	0.216111	0.242629	0.210286	0.248261	0.249948	0.213374	
2215	0.232214	0.211128	0.214897	0.225012	0.215845	0.247308	0.210305	0.245468	0.250291	0.214026	
2220	0.226297	0.204417	0.217924	0.226989	0.220537	0.245919	0.211413	0.246688	0.250431	0.215040	
2225	0.226655	0.200103	0.211633	0.226398	0.219991	0.246297	0.211977	0.248684	0.250526	0.212560	
2230	0.224834	0.199278	0.210023	0.222430	0.225363	0.246172	0.211068	0.244645	0.248800	0.216888	
2235	0.226213	0.200080	0.207895	0.223059	0.227675	0.245065	0.212028	0.242700	0.252124	0.217354	
2240	0.229264	0.197420	0.202966	0.219090	0.233205	0.245787	0.212249	0.238218	0.247411	0.215996	
2245	0.228661	0.197687	0.203509	0.217833	0.235589	0.246731	0.214342	0.240187	0.246423	0.214656	
2250	0.227534	0.201344	0.202731	0.217571	0.238883	0.249237	0.213514	0.240876	0.243064	0.213219	
2255	0.225435	0.197777	0.201037	0.215008	0.240668	0.249345	0.211447	0.244190	0.247178	0.211759	
2260	0.218200	0.197270	0.201224	0.212654	0.239456	0.247634	0.214342	0.245487	0.242414	0.210933	
2265	0.215579	0.198159	0.200613	0.214300	0.241480	0.249993	0.219138	0.242380	0.241077	0.212198	
2270	0.214238	0.200639	0.201416	0.213720	0.244118	0.251994	0.219187	0.241554	0.240684	0.210989	
2275	0.212958	0.204631	0.200109	0.214884	0.247831	0.253097	0.216363	0.244442	0.237946	0.215698	
2280	0.209812	0.204873	0.200646	0.211648	0.246339	0.252887	0.219116	0.242548	0.236576	0.213981	
2285	0.204227	0.206395	0.198110	0.212536	0.243379	0.254285	0.220979	0.240313	0.232302	0.214677	
2290	0.197953	0.206292	0.197824	0.214476	0.243681	0.251374	0.222578	0.244106	0.233257	0.217932	
2295	0.195950	0.204018	0.200773	0.209031	0.245942	0.251556	0.226533	0.238592	0.236503	0.213889	
2300	0.197029	0.205391	0.203668	0.208736	0.248089	0.249995	0.228321	0.239973	0.236408	0.213806	
2305	0.199004	0.197761	0.202901	0.209263	0.248367	0.251081	0.229674	0.246171	0.236396	0.210412	
2310	0.203176	0.197578	0.201391	0.206651	0.248323	0.250822	0.229660	0.246110	0.237055	0.209346	
2315	0.202355	0.198667	0.206256	0.208083	0.245973	0.250541	0.231061	0.245215	0.239195	0.207953	
2320	0.201370	0.198927	0.203603	0.211536	0.244132	0.251930	0.230824	0.249180	0.237782	0.208890	
2325	0.199870	0.195162	0.203511	0.211101	0.246226	0.253874	0.231492	0.248576	0.232503	0.210377	
2330	0.203318	0.201446	0.201439	0.212761	0.244343	0.255229	0.229603	0.248997	0.231685	0.208083	
2335	0.202350	0.199824	0.201468	0.218696	0.245922	0.251523	0.227917	0.249868	0.229032	0.208165	
2340	0.203241	0.201289	0.203752	0.217851	0.241748	0.253800	0.227674	0.244486	0.231993	0.207812	
2345	0.200707	0.201368	0.207273	0.219593	0.243855	0.253634	0.228303	0.247281	0.233715	0.209487	
2350	0.201653	0.202783	0.207219	0.219233	0.244103	0.252322	0.228602	0.245855	0.233904	0.208366	
2355	0.197984	0.199780	0.208377	0.222585	0.242503	0.256110	0.228420	0.250597	0.232638	0.210290	
2360	0.198382	0.203665	0.204908	0.225244	0.239363	0.256143	0.227669	0.246915	0.230110	0.215900	
2365	0.202197	0.205086	0.203052	0.226784	0.241909	0.255114	0.227463	0.244152	0.232764	0.219135	
2370	0.200712	0.206699	0.205091	0.222017	0.238717	0.256541	0.228748	0.243327	0.236002	0.219511	
2375	0.194583	0.206055	0.207761	0.220738	0.240252	0.256920	0.231236	0.245545	0.236046	0.219388	
2380	0.189873	0.204197	0.204744	0.222579	0.240210	0.255431	0.231945	0.242715	0.237553	0.222340	
2385	0.189801	0.203857	0.207094	0.222592	0.236662	0.251880	0.230995	0.240866	0.236413	0.224925	
2390	0.187871	0.206885	0.201942	0.222125	0.237012	0.253108	0.226769	0.244640	0.236711	0.227997	
2395	0.186378	0.209420	0.202269	0.222993	0.231002	0.249865	0.227004	0.248033	0.239243	0.228725	
2400	0.188715	0.207497	0.204624	0.224441	0.227410	0.244737	0.231655	0.242655	0.242695	0.231890	
2405	0.188697	0.208200	0.207740	0.225602	0.226964	0.245048	0.233243	0.246371	0.242550	0.230048	
2410	0.188726	0.205866	0.212283	0.226251	0.216576	0.246101	0.237668	0.244085	0.237065	0.233459	
2415	0.187259	0.206675	0.213277	0.232444	0.218004	0.247175	0.239926	0.248597	0.229973	0.236413	
2420	0.184350	0.203952	0.212478	0.232790	0.216973	0.246991	0.239085	0.246545	0.225539	0.238994	
2425	0.182366	0.204714	0.216938	0.231923	0.214163	0.245903	0.237243	0.242848	0.227019	0.242435	
2430	0.181734	0.204740	0.222282	0.233106	0.216739	0.249700	0.236559	0.243513	0.226840	0.244245	
2435	0.185260	0.203231	0.222312	0.235306	0.215822	0.250165	0.237097	0.239488	0.227471	0.242750	
2440	0.185165	0.199533	0.228224	0.234080	0.219243	0.248577	0.232279	0.244368	0.225647	0.246406	
2445	0.192250	0.199757	0.229031	0.234757	0.221605	0.245830	0.230031	0.249192	0.229019	0.245139	
2450	0.196487	0.203286	0.233593	0.233944	0.221401	0.245578	0.233767	0.251612	0.230748	0.243046	
2455	0.195689	0.198815	0.229909	0.238247	0.221573	0.250560	0.233717	0.256838	0.230048	0.242785	
2460	0.195278	0.197539	0.232287	0.237421	0.217765	0.249556	0.238392	0.258894	0.225967	0.243433	
2465	0.194201	0.194835	0.230189	0.239097	0.217160	0.249704	0.242212	0.256885	0.226277	0.243994	
2470	0.196257	0.196569	0.228796	0.235085	0.215932	0.250191	0.243463	0.257090	0.222821	0.247422	
2475	0.204220	0.198363	0.230502	0.229397	0.214900	0.250261	0.243645	0.255593	0.222948	0.248422	
2480	0.201276	0.200733	0.231639	0.230647	0.212654	0.249453	0.244211	0.254982	0.220530	0.245151	
2485	0.203621	0.199635	0.232626	0.226836	0.209100	0.248388	0.246450	0.250592	0.220687	0.245729	
2490	0.202371	0.199820	0.237482	0.230896	0.216749	0.246007	0.253173	0.250697	0.216754	0.248497	
2495	0.203561	0.203112	0.234630	0.235497	0.220798	0.243966	0.254620	0.253625	0.213269	0.251729	
2500	0.202371	0.200799	0.234862	0.232760	0.222594	0.243584	0.251854	0.251818	0.212274	0.246738	
2505	0.204748	0.205846	0.237271	0.232467	0.220265	0.243259	0.255271	0.251165	0.213941	0.246031	
2510	0.204437	0.204791	0.239505	0.236084	0.213647	0.245551	0.258278	0.253785	0.213867	0.245069	
2515	0.210036	0.201483	0.238343	0.237572	0.212053	0.241798	0.256337	0.252548	0.209994	0.247118	
2520	0.210712	0.205096	0.238659	0.236171	0.207516	0.245027	0.257268	0.254527	0.207018	0.242189	
2525	0.211246	0.205301	0.240294	0.236994	0.206886	0.246095	0.255831	0.258266	0.207757	0.238275	
2530	0.212412	0.199495	0.242509	0.239729	0.205371	0.243325	0.252595	0.256138	0.206765	0.238436	
2535	0.215951	0.196922	0.241973	0.240127	0.205540	0.245745	0.254151	0.255241	0.202630	0.239289	
2540	0.216215	0.193091	0.240330	0.239169	0.212107	0.244705	0.251250	0.256098	0.204778	0.236611	
2545	0.216756	0.193651	0.241314	0.243602	0.215488	0.252520	0.251884	0.257294	0.209125	0.238486	
2550	0.219320	0.194235	0.240113	0.245118	0.215398	0.255635	0.254601	0.257388	0.214121	0.237222	
2555	0.219099	0.196966	0.241300	0.244426	0.217562	0.250641	0.256980	0.260466	0.215826	0.237061	
2560	0.222404	0.201227	0.242971	0.242473	0.216897	0.249726	0.256761	0.256646	0.216536	0.233917	
2565	0.224445	0.205340	0.243087	0.244773	0.221347	0.251055	0.256637	0.253557	0.216939	0.226187	
2570	0.227880	0.204301	0.244995	0.245164	0.223019	0.248532	0.252801	0.253255	0.215850	0.227550	
2575	0.226380	0.205532	0.251109	0.248174	0.221923	0.249439	0.248890	0.251671	0.213804	0.228796	
2580	0.224935	0.208208	0.248741	0.245421	0.220345	0.252343	0.246717	0.259375	0.213922	0.227296	
2585	0.229292	0.204799	0.253130	0.242969	0.222292	0.249661	0.241985	0.255454	0.214973	0.226099	
2590	0.224870	0.211170	0.254629	0.247675	0.227952	0.247260	0.242736	0.259368	0.214152	0.232714	
2595	0.225509	0.210646	0.254716	0.241030	0.228355	0.249266	0.239312	0.257480	0.214550	0.229925	
2600	0.229079	0.209964	0.253458	0.234737	0.225321	0.253143	0.239061	0.253628	0.216110	0.231758	
2605	0.231686	0.209099	0.253851	0.237513	0.215151	0.253908	0.238899	0.252517	0.217527	0.231254	
2610	0.234522	0.211952	0.258455	0.236471	0.218411	0.250431	0.238591	0.254674	0.215793	0.229509	
2615	0.237706	0.203353	0.259529	0.236869	0.220835	0.250061	0.235735	0.251098	0.216807	0.233922	
2620	0.242266	0.202203	0.259930	0.229123	0.222328	0.246532	0.238334	0.253946	0.220173	0.236434	
2625	0.241084	0.203571	0.256616	0.224938	0.227203	0.242325	0.237680	0.250048	0.225141	0.235114	
2630	0.241438	0.206728	0.254948	0.229053	0.225730	0.242042	0.233369	0.250345	0.224920	0.236447	
2635	0.239620	0.207023	0.259871	0.225528	0.228297	0.243674	0.237376	0.247742	0.225358	0.232281	
2640	0.244704	0.211338	0.258540	0.225518	0.229485	0.244827	0.241530	0.249024	0.222840	0.229557	
2645	0.246256	0.207044	0.254738	0.224603	0.231764	0.244857	0.242421	0.252226	0.222775	0.232134	
2650	0.244498	0.207608	0.253514	0.225221	0.226460	0.246342	0.239698	0.247840	0.222276	0.231539	
2655	0.245137	0.205571	0.256750	0.222279	0.225689	0.244738	0.241017	0.250838	0.221568	0.229310	
2660	0.243223	0.203071	0.261134	0.224342	0.221208	0.239549	0.241894	0.250118	0.222410	0.230782	
2665	0.239845	0.202445	0.259793	0.225297	0.224632	0.240142	0.240014	0.247061	0.219260	0.231365	
2670	0.240644	0.206953	0.262081	0.225777	0.224427	0.245857	0.238932	0.251459	0.215324	0.235806	
2675	0.243171	0.207546	0.264045	0.229356	0.225270	0.248963	0.239066	0.248981	0.217551	0.235483	
2680	0.241265	0.206734	0.260897	0.229493	0.221715	0.243926	0.236824	0.247528	0.221608	0.236670	
2685	0.246251	0.206868	0.261751	0.228948	0.222182	0.250857	0.235312	0.247218	0.225765	0.237288	
2690	0.246616	0.209343	0.260954	0.231491	0.219998	0.249129	0.234633	0.244017	0.228541	0.237575	
2695	0.242315	0.210185	0.259717	0.231890	0.220588	0.248162	0.238229	0.245440	0.229464	0.241544	
2700	0.241945	0.213769	0.258232	0.231973	0.223270	0.252519	0.238348	0.246583	0.229675	0.241625	
2705	0.244860	0.218184	0.256476	0.236154	0.226572	0.256314	0.239023	0.246566	0.229538	0.245829	
2710	0.241706	0.218294	0.256080	0.234092	0.226990	0.255626	0.236295	0.250375	0.229320	0.246794	
2715	0.241563	0.219479	0.252390	0.235939	0.230978	0.258742	0.236648	0.253621	0.233987	0.244176	
2720	0.245046	0.223670	0.258533	0.239831	0.232400	0.261642	0.233421	0.254404	0.233207	0.242985	
2725	0.246573	0.224450	0.257382	0.241607	0.233553	0.263708	0.235673	0.252994	0.232456	0.242263	
2730	0.243437	0.221135	0.257004	0.241083	0.237731	0.267302	0.236578	0.251722	0.230313	0.237794	
2735	0.243700	0.223938	0.259109	0.238321	0.236340	0.267755	0.235624	0.255374	0.228051	0.231316	
2740	0.242600	0.225520	0.258880	0.236464	0.235412	0.269379	0.238760	0.257680	0.226609	0.233592	
2745	0.243602	0.224486	0.260388	0.238224	0.239292	0.271232	0.237298	0.255647	0.226784	0.231002	
2750	0.242162	0.228988	0.259741	0.243830	0.244502	0.269887	0.239508	0.252793	0.231555	0.227176	
2755	0.241600	0.229934	0.257533	0.243225	0.242064	0.271261	0.237446	0.251278	0.231586	0.226579	
2760	0.244345	0.232266	0.258262	0.241463	0.237685	0.261777	0.238369	0.258239	0.230108	0.224513	
2765	0.239720	0.229440	0.261030	0.243325	0.233435	0.261014	0.238587	0.259461	0.226430	0.224224	
2770	0.240700	0.228884	0.261662	0.239983	0.232108	0.257456	0.240032	0.255537	0.227324	0.227326	
2775	0.240611	0.230379	0.260794	0.242178	0.231783	0.259043	0.236050	0.256968	0.232158	0.225977	
2780	0.238918	0.227762	0.254289	0.246583	0.232980	0.259514	0.236130	0.256379	0.231771	0.222789	
2785	0.237759	0.232887	0.253898	0.244946	0.238831	0.257293	0.239393	0.254698	0.228319	0.222874	
2790	0.234970	0.233476	0.251240	0.239062	0.234215	0.261051	0.244816	0.254295	0.228146	0.227880	
2795	0.237240	0.232839	0.245625	0.238300	0.233747	0.262080	0.242591	0.253425	0.223545	0.230934	
2800	0.235928	0.233659	0.242314	0.238518	0.234096	0.256194	0.239606	0.252051	0.228266	0.230879	
2805	0.235598	0.233063	0.247388	0.235226	0.231242	0.252047	0.237661	0.251897	0.229581	0.232735	
2810	0.233520	0.227480	0.244109	0.236053	0.231777	0.254741	0.239808	0.251244	0.225160	0.228016	
2815	0.233050	0.226093	0.243242	0.241672	0.232795	0.256858	0.242994	0.247838	0.228412	0.226232	
2820	0.234983	0.230208	0.241611	0.242570	0.231457	0.251831	0.241966	0.245623	0.223357	0.229075	
2825	0.232417	0.235257	0.244974	0.242971	0.233315	0.252845	0.242071	0.241484	0.222471	0.231886	
2830	0.232458	0.233960	0.242349	0.242404	0.227077	0.252911	0.242283	0.240468	0.221297	0.232086	
2835	0.229269	0.234698	0.243117	0.245474	0.223514	0.258141	0.243108	0.236654	0.223186	0.227876	
2840	0.225829	0.234424	0.241007	0.245867	0.226297	0.252960	0.241187	0.237956	0.225135	0.231805	
2845	0.223852	0.235934	0.238817	0.246816	0.226536	0.249971	0.238158	0.233647	0.222686	0.233843	
2850	0.226660	0.239035	0.237120	0.246008	0.224708	0.248616	0.237652	0.233030	0.221497	0.230058	
2855	0.224757	0.237510	0.235418	0.249058	0.221430	0.249410	0.240160	0.230806	0.220053	0.230325	
2860	0.216985	0.234365	0.234756	0.250653	0.220152	0.246718	0.239515	0.227857	0.221083	0.230381	
2865	0.222700	0.231442	0.237994	0.249802	0.220986	0.251099	0.239747	0.225290	0.222921	0.226872	
2870	0.226319	0.228105	0.237376	0.251652	0.220947	0.244490	0.243054	0.225510	0.229546	0.223246	
2875	0.224842	0.229373	0.242065	0.253532	0.219233	0.246957	0.244933	0.228503	0.230631	0.225892	
2880	0.227069	0.230392	0.236105	0.251601	0.218899	0.247786	0.243145	0.225378	0.228668	0.225487	
2885	0.222556	0.232103	0.237129	0.255289	0.219757	0.243160	0.242058	0.219360	0.228907	0.227135	
2890	0.223217	0.234463	0.238940	0.260692	0.222570	0.240590	0.239201	0.218944	0.234191	0.226414	
2895	0.221453	0.239619	0.237760	0.259805	0.220953	0.239629	0.240902	0.214707	0.235485	0.233485	
2900	0.224590	0.241284	0.240175	0.261412	0.219505	0.238429	0.242220	0.208302	0.234201	0.233797	
2905	0.223090	0.240343	0.237425	0.255068	0.217782	0.236734	0.244720	0.205120	0.234263	0.238876	
2910	0.220926	0.241214	0.243426	0.251772	0.220433	0.236177	0.246368	0.204293	0.238604	0.237010	
2915	0.220917	0.237921	0.243282	0.250962	0.220891	0.234569	0.250812	0.200061	0.231379	0.234501	
2920	0.224170	0.241250	0.243397	0.247531	0.220274	0.231906	0.248374	0.200017	0.233899	0.236604	
2925	0.224093	0.237597	0.244856	0.249647	0.223729	0.230618	0.250470	0.201242	0.233284	0.238067	
2930	0.222210	0.239150	0.242645	0.249246	0.225309	0.227880	0.249061	0.200231	0.237529	0.239673	
2935	0.225134	0.239455	0.242068	0.249111	0.225591	0.228978	0.249247	0.202397	0.236643	0.237747	
2940	0.224861	0.240802	0.237431	0.252011	0.225291	0.230428	0.247312	0.200586	0.231902	0.237530	
2945	0.229008	0.238635	0.235998	0.249656	0.218258	0.229554	0.249922	0.196971	0.227207	0.234536	
2950	0.230870	0.243347	0.237924	0.246747	0.220131	0.230663	0.249209	0.204980	0.219285	0.234813	
2955	0.225149	0.245981	0.236679	0.246427	0.217243	0.228798	0.249423	0.213759	0.215210	0.229406	
2960	0.218740	0.244389	0.241611	0.245546	0.221793	0.230055	0.249340	0.212792	0.214426	0.229982	
2965	0.215472	0.242567	0.239820	0.241870	0.226435	0.227462	0.247376	0.214072	0.218058	0.231053	
2970	0.213390	0.247087	0.246173	0.238974	0.226664	0.226804	0.251817	0.216137	0.218472	0.235258	
2975	0.214959	0.246742	0.248126	0.239886	0.233278	0.227157	0.254186	0.213441	0.217274	0.236023	
2980	0.209006	0.250028	0.252369	0.238926	0.227425	0.227292	0.256152	0.212571	0.217648	0.239644	
2985	0.209489	0.250877	0.249605	0.236313	0.226291	0.228348	0.256506	0.212815	0.216967	0.237867	
2990	0.209422	0.248975	0.250692	0.230303	0.227449	0.230810	0.258031	0.215390	0.223446	0.240418	
2995	0.206118	0.248149	0.252656	0.231584	0.223159	0.231982	0.257104	0.213639	0.223035	0.238613	
3000	0.205385	0.248895	0.254252	0.234243	0.226489	0.229940	0.255234	0.210047	0.219880	0.235511	
