T	rep_1	rep_2	rep_3	rep_4	rep_5	rep_6	rep_7	rep_8	rep_9	rep_10
5	0.000000	0.000000	0.000000	0.000000	0.000000	0.000000	0.000000	0.000000	0.000000	0.000000	
10	0.000000	0.000000	0.000000	0.000000	0.000000	0.000000	0.000000	0.000000	0.000000	0.000000	
15	0.000000	0.000000	0.000000	0.000000	0.000000	0.000000	0.000000	0.000000	0.000000	0.000000	
20	0.000000	0.000000	0.000000	0.000000	0.000000	0.000000	0.000000	0.000000	0.000000	0.000000	
25	0.000000	0.000000	0.000000	0.000000	0.000000	0.000000	0.000000	0.000000	0.000000	0.000000	
30	0.000000	0.000000	0.000000	0.000000	0.000000	0.000000	0.000000	0.000000	0.000000	0.000000	
35	0.000000	0.000000	0.000000	0.000000	0.000000	0.000000	0.000000	0.000000	0.000000	0.000000	
40	0.000000	0.000000	0.000000	0.000000	0.000000	0.000000	0.000000	0.000000	0.000000	0.000000	
45	0.000000	0.000000	0.000000	0.000000	0.000000	0.000000	0.000000	0.000000	0.000000	0.000000	
50	0.000000	0.000000	0.000000	0.000000	0.000000	0.000000	0.000000	0.000000	0.000000	0.000000	
55	0.000000	0.000000	0.000000	0.000000	0.000000	0.000000	0.000000	0.000000	0.000000	0.000000	
60	0.000000	0.000000	0.000000	0.000000	0.000000	0.000000	0.000000	0.000000	0.000000	0.000000	
65	0.000000	0.000000	0.000000	0.000000	0.000000	0.000000	0.000000	0.000000	0.000000	0.000000	
70	0.000000	0.000000	0.000000	0.000000	0.000000	0.000000	0.000000	0.000000	0.000000	0.000000	
75	0.000000	0.000000	0.000000	0.000000	0.000000	0.000000	0.000000	0.000000	0.000000	0.000000	
80	0.000000	0.000000	0.000000	0.000000	0.000000	0.000000	0.000000	0.000000	0.000000	0.000000	
85	0.000000	0.000000	0.000000	0.000000	0.000000	0.000000	0.000000	0.000000	0.000000	0.000000	
90	0.000000	0.000000	0.000000	0.000000	0.000000	0.000000	0.000000	0.000000	0.000000	0.000000	
95	0.000000	0.000000	0.000000	0.000000	0.000000	0.000000	0.000000	0.000000	0.000000	0.000000	
100	0.000000	0.000000	0.000000	0.000000	0.000000	0.000000	0.000000	0.000000	0.000000	0.000000	
105	0.000000	0.000000	0.000000	0.000000	0.000000	0.000000	0.000000	0.000000	0.000000	0.000000	
110	0.000000	0.000000	0.000000	0.000000	0.000000	0.000000	0.000000	0.000000	0.000000	0.000000	
115	0.000000	0.000000	0.000000	0.000000	0.000000	0.000000	0.000000	0.000000	0.000000	0.000000	
120	0.000000	0.000000	0.000000	0.000000	0.000000	0.000000	0.000000	0.000000	0.000000	0.000000	
125	0.000000	0.000000	0.000000	0.000000	0.000000	0.000000	0.000000	0.000000	0.000000	0.000000	
130	0.000000	0.000000	0.000000	0.000000	0.000000	0.000000	0.000000	0.000000	0.000000	0.000000	
135	0.000000	0.000000	0.000000	0.000000	0.000000	0.000000	0.000000	0.000000	0.000000	0.000000	
140	0.000000	0.000000	0.000000	0.000000	0.000000	0.000000	0.000000	0.000000	0.000000	0.000000	
145	0.000000	0.000000	0.000000	0.000000	0.000000	0.000000	0.000000	0.000000	0.000000	0.000000	
150	0.000000	0.000000	0.000000	0.000000	0.000000	0.000000	0.000000	0.000000	0.000000	0.000000	
155	0.000000	0.000000	0.000000	0.000000	0.000000	0.000000	0.000000	0.000000	0.000000	0.000000	
160	0.000000	0.000000	0.000000	0.000000	0.000000	0.000000	0.000000	0.000000	0.000000	0.000000	
165	0.000000	0.000000	0.000000	0.000000	0.000000	0.000000	0.000000	0.000000	0.000000	0.000000	
170	0.000000	0.000000	0.000000	0.000000	0.000000	0.000000	0.000000	0.000000	0.000000	0.000000	
175	0.000000	0.000000	0.000000	0.000000	0.000000	0.000000	0.000000	0.000000	0.000000	0.000000	
180	0.000000	0.000000	0.000000	0.000000	0.000000	0.000000	0.000000	0.000000	0.000000	0.000000	
185	0.000000	0.000000	0.000000	0.000000	0.000000	0.000000	0.000000	0.000000	0.000000	0.000000	
190	0.000000	0.000000	0.000000	0.000000	0.000000	0.000000	0.000000	0.000000	0.000000	0.000000	
195	0.000000	0.000000	0.000000	0.000000	0.000000	0.000000	0.000000	0.000000	0.000000	0.000000	
200	0.000000	0.000000	0.000000	0.000000	0.000000	0.000000	0.000000	0.000000	0.000000	0.000000	
205	0.001937	0.001321	0.001846	0.000712	0.001548	0.001435	0.001788	0.001507	0.001061	0.001638	
210	0.004197	0.003115	0.003221	0.001388	0.002790	0.002420	0.002330	0.002921	0.002651	0.004086	
215	0.004778	0.003199	0.004719	0.003977	0.005905	0.005077	0.002904	0.006538	0.004946	0.004730	
220	0.004270	0.003655	0.005650	0.004548	0.005412	0.006034	0.004285	0.006098	0.005824	0.006314	
225	0.003776	0.005565	0.006659	0.005895	0.006868	0.005371	0.006610	0.008017	0.004236	0.009157	
230	0.007082	0.005918	0.007692	0.008009	0.009788	0.005948	0.007874	0.010511	0.003310	0.012350	
235	0.007798	0.008277	0.009298	0.010579	0.010220	0.007635	0.010572	0.011235	0.004901	0.017507	
240	0.007643	0.007733	0.010283	0.009929	0.010753	0.009042	0.013700	0.009803	0.005467	0.017178	
245	0.007580	0.007175	0.010133	0.010823	0.012493	0.007534	0.012579	0.009864	0.006072	0.018545	
250	0.008116	0.008188	0.009388	0.010286	0.012755	0.010719	0.011328	0.012618	0.008420	0.019544	
255	0.008698	0.006502	0.011466	0.008782	0.012720	0.015182	0.012810	0.012803	0.009056	0.018944	
260	0.008782	0.008585	0.013867	0.013579	0.013716	0.014890	0.012204	0.017197	0.009740	0.021529	
265	0.009600	0.008226	0.016681	0.012782	0.013511	0.016524	0.011876	0.016026	0.013224	0.021613	
270	0.011620	0.010926	0.016450	0.011456	0.014558	0.017406	0.011383	0.016333	0.012574	0.024113	
275	0.014189	0.010313	0.018351	0.013133	0.017315	0.015339	0.014247	0.019772	0.013213	0.025078	
280	0.013475	0.012552	0.022675	0.017314	0.017876	0.015706	0.016805	0.021376	0.011736	0.029065	
285	0.014580	0.015261	0.024805	0.019902	0.017985	0.015365	0.016233	0.020076	0.013624	0.029543	
290	0.017520	0.015377	0.024381	0.018508	0.020342	0.015627	0.015833	0.017172	0.015185	0.031941	
295	0.016308	0.015195	0.028714	0.022450	0.021834	0.018522	0.019138	0.016666	0.018178	0.028926	
300	0.016016	0.015089	0.028025	0.024561	0.021688	0.019503	0.019754	0.019280	0.018021	0.037489	
305	0.017194	0.014422	0.029495	0.020690	0.022781	0.018496	0.021522	0.021844	0.019141	0.034859	
310	0.016065	0.015217	0.028322	0.025439	0.021711	0.018814	0.025568	0.023169	0.018172	0.036051	
315	0.015552	0.018407	0.028515	0.028348	0.021835	0.021125	0.027490	0.020789	0.017963	0.037363	
320	0.014846	0.017797	0.025429	0.029069	0.022782	0.018130	0.027973	0.020424	0.020434	0.039834	
325	0.014817	0.018632	0.025478	0.031483	0.024574	0.019112	0.029831	0.022740	0.019516	0.041563	
330	0.019438	0.018244	0.028454	0.033528	0.024160	0.022613	0.029305	0.024297	0.019908	0.045630	
335	0.017197	0.018881	0.031827	0.029664	0.025633	0.020009	0.027853	0.025857	0.022401	0.044523	
340	0.019893	0.020352	0.030569	0.029434	0.027267	0.019266	0.027989	0.031025	0.021324	0.042506	
345	0.018841	0.022323	0.031107	0.029349	0.025147	0.021759	0.027290	0.029065	0.020674	0.042158	
350	0.019836	0.020589	0.030328	0.030863	0.026028	0.022864	0.025381	0.027418	0.021337	0.044770	
355	0.020922	0.018800	0.032227	0.032772	0.027012	0.023541	0.027598	0.028489	0.022860	0.042261	
360	0.020362	0.019675	0.034637	0.034585	0.027516	0.024090	0.028340	0.026151	0.022431	0.041955	
365	0.021222	0.019692	0.032741	0.031551	0.025426	0.023850	0.029562	0.027460	0.022505	0.042267	
370	0.019702	0.020509	0.035093	0.032905	0.028562	0.018916	0.032039	0.028483	0.021226	0.041631	
375	0.020272	0.019380	0.033216	0.031125	0.030032	0.019396	0.032162	0.030173	0.020867	0.041880	
380	0.020570	0.020094	0.032985	0.031493	0.033467	0.021078	0.031571	0.032304	0.021505	0.042838	
385	0.021927	0.017965	0.032183	0.032046	0.032400	0.022556	0.031834	0.036711	0.021488	0.041653	
390	0.022178	0.018035	0.030105	0.031116	0.033065	0.024352	0.033968	0.034149	0.023416	0.041855	
395	0.020278	0.017131	0.034282	0.030667	0.033166	0.025104	0.033666	0.035372	0.024676	0.043710	
400	0.023309	0.020114	0.037112	0.030106	0.034542	0.025336	0.032725	0.035881	0.026103	0.041768	
405	0.025794	0.024237	0.034530	0.030514	0.034543	0.026067	0.030191	0.034925	0.024778	0.044344	
410	0.026017	0.024713	0.035123	0.030690	0.036191	0.028498	0.033930	0.037890	0.024593	0.043938	
415	0.027378	0.025663	0.036995	0.030423	0.035969	0.028440	0.031803	0.039717	0.024626	0.045041	
420	0.025589	0.027090	0.036059	0.032286	0.035430	0.027854	0.032016	0.040927	0.025487	0.045326	
425	0.024414	0.026515	0.036219	0.032791	0.035049	0.028012	0.030967	0.042416	0.028047	0.043183	
430	0.028490	0.024773	0.037175	0.031838	0.038048	0.029102	0.031941	0.045398	0.024871	0.042341	
435	0.029323	0.025787	0.037471	0.031512	0.038855	0.028479	0.033684	0.046754	0.025158	0.040253	
440	0.027531	0.023854	0.034884	0.034277	0.040126	0.024980	0.031456	0.042937	0.026356	0.040146	
445	0.028269	0.022420	0.033887	0.030621	0.037742	0.025008	0.034709	0.040742	0.028280	0.037819	
450	0.027598	0.024951	0.031271	0.030826	0.039771	0.027842	0.034263	0.040924	0.027956	0.036316	
455	0.029530	0.022863	0.031269	0.029090	0.039201	0.028010	0.037345	0.042044	0.027866	0.037299	
460	0.031312	0.024465	0.031656	0.030364	0.037898	0.029518	0.035181	0.043507	0.030006	0.034909	
465	0.032662	0.023641	0.031649	0.032626	0.038734	0.029880	0.035463	0.044411	0.026944	0.035921	
470	0.034832	0.024488	0.029615	0.032631	0.040834	0.027183	0.036420	0.043669	0.028441	0.036128	
475	0.036503	0.024744	0.033068	0.032307	0.039333	0.031514	0.037267	0.044556	0.030536	0.036962	
480	0.037759	0.026522	0.027896	0.029392	0.039461	0.032194	0.037569	0.042883	0.030516	0.036345	
485	0.034816	0.025465	0.029060	0.029701	0.039838	0.033290	0.037969	0.039070	0.029561	0.035297	
490	0.034894	0.024926	0.026645	0.030089	0.039202	0.030169	0.036971	0.039024	0.028465	0.035642	
495	0.035794	0.025487	0.025537	0.031678	0.038563	0.031403	0.037692	0.041352	0.030878	0.034991	
500	0.035290	0.027049	0.025885	0.031569	0.037807	0.029309	0.036146	0.041464	0.029816	0.031239	
505	0.035383	0.026525	0.027784	0.032902	0.039061	0.028476	0.038113	0.037823	0.030253	0.031030	
510	0.037370	0.025889	0.027974	0.033962	0.039245	0.029758	0.036170	0.036479	0.031114	0.030796	
515	0.035731	0.030203	0.026274	0.032613	0.038934	0.029160	0.036423	0.039383	0.032720	0.030034	
520	0.033879	0.029240	0.025829	0.034130	0.038997	0.030042	0.038964	0.038019	0.031837	0.031470	
525	0.031067	0.031754	0.027849	0.032361	0.038408	0.028643	0.040604	0.039947	0.030685	0.033817	
530	0.029965	0.034817	0.026726	0.033912	0.039378	0.031402	0.037350	0.037746	0.030537	0.036137	
535	0.028117	0.035864	0.027044	0.036889	0.038043	0.031266	0.034676	0.035416	0.030950	0.036913	
540	0.027989	0.036382	0.025164	0.036988	0.036526	0.030089	0.035146	0.036694	0.031287	0.033868	
545	0.028418	0.034251	0.023036	0.040095	0.033640	0.028859	0.035587	0.038566	0.031448	0.034269	
550	0.027512	0.031771	0.025895	0.037363	0.031818	0.029044	0.033324	0.041082	0.030239	0.031638	
555	0.029646	0.028980	0.025650	0.040125	0.032729	0.029916	0.036977	0.039719	0.028398	0.031356	
560	0.029590	0.029324	0.025435	0.039160	0.030433	0.028677	0.035809	0.039723	0.030738	0.028414	
565	0.029204	0.029073	0.027171	0.040759	0.029392	0.029175	0.033912	0.041113	0.030278	0.027918	
570	0.031356	0.031593	0.028164	0.038723	0.030807	0.030571	0.034217	0.041980	0.028171	0.027765	
575	0.033239	0.029213	0.026802	0.040826	0.029272	0.032410	0.034691	0.041236	0.028535	0.028430	
580	0.032398	0.028647	0.025624	0.039725	0.029979	0.032131	0.037930	0.038051	0.027406	0.028005	
585	0.032166	0.029138	0.022957	0.040274	0.033622	0.033315	0.035624	0.039130	0.029084	0.030345	
590	0.032933	0.030659	0.025154	0.041362	0.028644	0.033758	0.033887	0.037759	0.031630	0.029274	
595	0.032630	0.029400	0.025912	0.037808	0.030357	0.034127	0.031069	0.035975	0.029488	0.028948	
600	0.032623	0.028122	0.028302	0.038636	0.028467	0.030419	0.031730	0.036933	0.029176	0.028207	
605	0.036820	0.028521	0.027808	0.039607	0.031755	0.032563	0.035125	0.036952	0.031913	0.028200	
610	0.035462	0.027420	0.029469	0.037912	0.032805	0.031897	0.035845	0.037636	0.032227	0.028135	
615	0.037731	0.029017	0.029331	0.035227	0.029731	0.033333	0.036412	0.034699	0.032003	0.030489	
620	0.038486	0.026270	0.032345	0.035904	0.030024	0.034444	0.035442	0.034792	0.031991	0.029584	
625	0.035387	0.024808	0.032248	0.036944	0.029902	0.037430	0.034047	0.032388	0.027742	0.028703	
630	0.037494	0.024964	0.032895	0.036517	0.027100	0.036576	0.035356	0.035325	0.029406	0.028178	
635	0.034020	0.025501	0.034559	0.035518	0.027895	0.032157	0.034110	0.035736	0.028628	0.028990	
640	0.033453	0.024085	0.032288	0.036749	0.029221	0.030567	0.033499	0.037852	0.028097	0.029173	
645	0.031974	0.023856	0.034265	0.037144	0.027958	0.031757	0.034052	0.037319	0.030672	0.027981	
650	0.033420	0.023910	0.032426	0.036328	0.031529	0.029354	0.031292	0.040729	0.031801	0.026524	
655	0.033234	0.021789	0.031104	0.035008	0.030464	0.028220	0.029371	0.036348	0.030143	0.026904	
660	0.034213	0.020712	0.029463	0.037101	0.028697	0.028470	0.030607	0.035725	0.027324	0.028952	
665	0.033776	0.019250	0.029308	0.037497	0.026788	0.030120	0.031278	0.035888	0.026031	0.028460	
670	0.032941	0.021039	0.031443	0.037937	0.024274	0.030342	0.029456	0.034738	0.027804	0.027165	
675	0.033901	0.021434	0.029774	0.039916	0.025766	0.032136	0.030947	0.035661	0.027555	0.025925	
680	0.032624	0.021722	0.030469	0.042169	0.024037	0.030792	0.030708	0.037847	0.023897	0.027007	
685	0.031921	0.022853	0.030604	0.039950	0.024522	0.031006	0.031542	0.039445	0.021371	0.025872	
690	0.033495	0.021986	0.030237	0.036011	0.025127	0.032143	0.032326	0.039368	0.020732	0.027753	
695	0.033329	0.022738	0.030103	0.039992	0.025688	0.034520	0.032262	0.038205	0.020113	0.027684	
700	0.033511	0.024242	0.030118	0.036976	0.027704	0.032833	0.029736	0.036199	0.021992	0.027475	
705	0.031546	0.022399	0.030183	0.037552	0.029133	0.033653	0.028792	0.037150	0.022190	0.028015	
710	0.033634	0.021791	0.029287	0.036206	0.027244	0.035497	0.029376	0.036340	0.022773	0.029617	
715	0.033959	0.024187	0.030374	0.034511	0.026875	0.031900	0.029575	0.037250	0.024524	0.028688	
720	0.032692	0.025589	0.031091	0.034272	0.026884	0.030504	0.030128	0.038923	0.024481	0.028293	
725	0.033513	0.027882	0.032442	0.031543	0.025827	0.031201	0.031475	0.037097	0.024255	0.028920	
730	0.034736	0.027133	0.030338	0.031798	0.028632	0.030896	0.031083	0.036951	0.024940	0.027855	
735	0.034464	0.024151	0.033106	0.030347	0.028267	0.034553	0.030045	0.036930	0.023104	0.028542	
740	0.038840	0.026048	0.032816	0.032154	0.027295	0.034139	0.032481	0.035490	0.021941	0.029980	
745	0.036446	0.022681	0.031580	0.032574	0.028556	0.035389	0.029406	0.034089	0.019963	0.030119	
750	0.034771	0.023286	0.031495	0.033020	0.028851	0.035411	0.029953	0.034076	0.019766	0.028190	
755	0.034069	0.024091	0.029368	0.033276	0.028027	0.034777	0.028621	0.035461	0.019854	0.026542	
760	0.034920	0.024511	0.030722	0.034199	0.026794	0.036426	0.028835	0.034941	0.019803	0.026866	
765	0.036109	0.022520	0.029369	0.035035	0.025353	0.037583	0.030269	0.036053	0.023072	0.025132	
770	0.037234	0.024977	0.028403	0.036568	0.026282	0.037406	0.030553	0.035293	0.024768	0.025022	
775	0.035079	0.026693	0.027077	0.039732	0.027306	0.039348	0.031366	0.036716	0.025196	0.025652	
780	0.037053	0.026182	0.025651	0.035839	0.025885	0.036415	0.031222	0.036345	0.027425	0.025025	
785	0.035071	0.026461	0.023670	0.036079	0.024444	0.034446	0.031813	0.037204	0.025886	0.024124	
790	0.034356	0.023794	0.022756	0.033780	0.026515	0.031646	0.032476	0.032393	0.024258	0.024030	
795	0.033338	0.024289	0.025133	0.035111	0.024706	0.030993	0.032640	0.032121	0.023506	0.024782	
800	0.034734	0.022082	0.025272	0.035297	0.024130	0.029193	0.032056	0.032132	0.024271	0.026678	
805	0.033988	0.021316	0.025681	0.034743	0.026412	0.027736	0.031859	0.032942	0.023926	0.025542	
810	0.035751	0.022376	0.023390	0.035538	0.025252	0.028905	0.033207	0.033177	0.023370	0.024973	
815	0.034713	0.022758	0.025398	0.033743	0.025567	0.027887	0.028587	0.032720	0.022959	0.025878	
820	0.034354	0.022800	0.021204	0.034317	0.026187	0.028225	0.026577	0.033594	0.024959	0.027880	
825	0.034763	0.026749	0.019328	0.034258	0.027836	0.028984	0.028499	0.033029	0.022485	0.027831	
830	0.032740	0.026372	0.019925	0.036367	0.027713	0.028661	0.028365	0.031906	0.023984	0.028000	
835	0.034754	0.025479	0.020104	0.038545	0.027712	0.030789	0.029627	0.031708	0.025870	0.027007	
840	0.037735	0.026543	0.021095	0.039284	0.028614	0.032837	0.027039	0.032215	0.023760	0.026566	
845	0.036233	0.024979	0.021126	0.038325	0.028677	0.032783	0.028991	0.031489	0.022594	0.031509	
850	0.035049	0.024903	0.022467	0.037794	0.029654	0.032203	0.026856	0.031115	0.023559	0.029753	
855	0.035921	0.024283	0.022812	0.038193	0.030243	0.032780	0.026440	0.031312	0.022692	0.027836	
860	0.036578	0.023355	0.020534	0.034584	0.030814	0.032184	0.028941	0.030110	0.022074	0.028387	
865	0.037591	0.025437	0.023089	0.035074	0.029998	0.032060	0.029825	0.030523	0.023597	0.027447	
870	0.036667	0.028392	0.022372	0.033139	0.031716	0.031768	0.030872	0.029187	0.024817	0.026139	
875	0.033039	0.028098	0.023370	0.032363	0.032622	0.035651	0.028728	0.031936	0.025455	0.027515	
880	0.033097	0.024674	0.022608	0.032766	0.032231	0.034123	0.027544	0.036504	0.024736	0.025357	
885	0.033436	0.025150	0.021714	0.032648	0.030577	0.034949	0.028066	0.037977	0.025204	0.028153	
890	0.031978	0.028401	0.020979	0.032654	0.030786	0.035324	0.028000	0.035327	0.027696	0.030175	
895	0.034061	0.030725	0.021766	0.031468	0.028620	0.031295	0.028306	0.036203	0.026341	0.032683	
900	0.033585	0.029795	0.021809	0.031483	0.030068	0.033641	0.027364	0.036154	0.027333	0.028511	
905	0.033849	0.030110	0.020852	0.029802	0.030359	0.033082	0.025874	0.038737	0.027646	0.031411	
910	0.033065	0.028276	0.021086	0.031173	0.031207	0.032718	0.025438	0.037228	0.027882	0.029743	
915	0.030433	0.027659	0.023013	0.030752	0.028168	0.032301	0.027906	0.035552	0.030280	0.031178	
920	0.028493	0.027124	0.022098	0.029313	0.029157	0.029691	0.029417	0.035868	0.026481	0.030360	
925	0.027889	0.027564	0.022694	0.027926	0.028473	0.027930	0.029463	0.034490	0.024482	0.025747	
930	0.029285	0.024985	0.023132	0.027010	0.028127	0.028076	0.028242	0.032580	0.022978	0.024766	
935	0.028837	0.026567	0.022687	0.028285	0.025723	0.028386	0.027742	0.032207	0.023732	0.027134	
940	0.028336	0.026927	0.022898	0.027862	0.023754	0.030521	0.025164	0.032268	0.023920	0.027799	
945	0.029654	0.028649	0.023071	0.029625	0.025851	0.028213	0.027200	0.030367	0.023788	0.028955	
950	0.028905	0.029153	0.021494	0.030363	0.026691	0.025503	0.027367	0.030858	0.025095	0.030957	
955	0.028545	0.028729	0.022865	0.029860	0.029678	0.025857	0.027112	0.030155	0.024325	0.032750	
960	0.026753	0.029398	0.022202	0.032167	0.029477	0.028269	0.029639	0.033024	0.025059	0.032486	
965	0.027230	0.032210	0.023568	0.032471	0.028233	0.031373	0.030205	0.034254	0.023549	0.032086	
970	0.026695	0.029916	0.024661	0.032987	0.030349	0.033890	0.032374	0.034169	0.024356	0.032266	
975	0.028014	0.025676	0.025348	0.032089	0.036400	0.032704	0.030335	0.037627	0.023520	0.031288	
980	0.029228	0.024166	0.025173	0.035897	0.035924	0.033106	0.032363	0.036564	0.024534	0.033948	
985	0.025956	0.024971	0.026771	0.033517	0.034581	0.032333	0.032905	0.035775	0.024034	0.032918	
990	0.028890	0.024198	0.028369	0.030643	0.036013	0.030695	0.032970	0.037135	0.024231	0.034001	
995	0.028586	0.025626	0.027390	0.030398	0.033260	0.032164	0.035660	0.037073	0.024861	0.031156	
1000	0.026905	0.027046	0.024907	0.033341	0.033836	0.031023	0.035438	0.036651	0.024877	0.031718	
1005	0.028461	0.027739	0.025066	0.032771	0.031307	0.028920	0.033623	0.036474	0.022882	0.029501	
1010	0.030753	0.026478	0.025385	0.032125	0.031953	0.028734	0.033363	0.034941	0.023743	0.031299	
1015	0.029214	0.025998	0.026081	0.034357	0.032028	0.029653	0.032546	0.036605	0.025074	0.031805	
1020	0.028213	0.026787	0.027385	0.032245	0.031874	0.027527	0.033357	0.036779	0.026773	0.030856	
1025	0.030174	0.028016	0.029088	0.030838	0.033813	0.028957	0.032123	0.034904	0.028103	0.030595	
1030	0.030380	0.027160	0.028710	0.031197	0.033193	0.031431	0.031420	0.035093	0.027338	0.031625	
1035	0.030184	0.025073	0.027986	0.030166	0.033804	0.031509	0.032376	0.035502	0.028733	0.033361	
1040	0.029454	0.023993	0.029654	0.027417	0.034207	0.033493	0.031852	0.033938	0.030675	0.036547	
1045	0.029806	0.023172	0.029737	0.027970	0.036464	0.033480	0.032731	0.033712	0.031588	0.033153	
1050	0.027749	0.022254	0.030885	0.029398	0.037109	0.031258	0.032354	0.031237	0.027743	0.033904	
1055	0.031482	0.025158	0.032299	0.031262	0.034917	0.034979	0.032460	0.031853	0.028143	0.032418	
1060	0.035370	0.028387	0.032616	0.030348	0.032891	0.034373	0.030671	0.034768	0.027701	0.033675	
1065	0.036738	0.029302	0.035131	0.029466	0.031570	0.033870	0.031088	0.035086	0.029203	0.036300	
1070	0.037773	0.026979	0.031637	0.028661	0.033576	0.035448	0.028711	0.036263	0.030597	0.036575	
1075	0.037800	0.025637	0.030647	0.028762	0.033438	0.036585	0.026598	0.035571	0.031679	0.036059	
1080	0.038008	0.024504	0.030046	0.029935	0.034073	0.035785	0.025016	0.033425	0.031404	0.033556	
1085	0.036349	0.026463	0.031989	0.030007	0.034891	0.036804	0.026286	0.031440	0.031802	0.033446	
1090	0.037858	0.027317	0.030826	0.030235	0.036425	0.036747	0.025435	0.029116	0.028201	0.031385	
1095	0.036802	0.025104	0.031039	0.029076	0.035407	0.035531	0.024226	0.028287	0.024488	0.030080	
1100	0.036940	0.026296	0.036204	0.029883	0.032741	0.036684	0.024935	0.030385	0.025086	0.030453	
1105	0.037663	0.027812	0.036746	0.028397	0.032111	0.037150	0.026537	0.029150	0.025956	0.030901	
1110	0.037770	0.029282	0.036452	0.028380	0.033026	0.038616	0.026038	0.029346	0.025275	0.030093	
1115	0.039766	0.029260	0.035580	0.029787	0.034671	0.039074	0.025100	0.028588	0.028722	0.028767	
1120	0.038998	0.029004	0.033688	0.029145	0.034842	0.036059	0.026329	0.027566	0.031452	0.027457	
1125	0.038145	0.027856	0.034167	0.027530	0.030716	0.038188	0.026605	0.027006	0.029479	0.027289	
1130	0.034935	0.027905	0.032401	0.025980	0.029720	0.035979	0.027025	0.025045	0.027422	0.029593	
1135	0.037281	0.026248	0.031495	0.028135	0.031347	0.035377	0.027902	0.024526	0.027961	0.028698	
1140	0.036918	0.026564	0.030103	0.028767	0.030316	0.033314	0.027502	0.024887	0.028509	0.027017	
1145	0.038034	0.024855	0.029742	0.028197	0.031091	0.033006	0.026726	0.028944	0.028524	0.028836	
1150	0.039271	0.028527	0.027644	0.031002	0.030582	0.032212	0.030296	0.027540	0.027018	0.030729	
1155	0.037541	0.025758	0.028041	0.030903	0.030989	0.030162	0.031059	0.029359	0.026365	0.031346	
1160	0.037129	0.028022	0.027249	0.032454	0.030601	0.031451	0.032104	0.031568	0.026342	0.029530	
1165	0.037679	0.026608	0.029559	0.029360	0.032834	0.029704	0.031467	0.032221	0.027136	0.029384	
1170	0.037586	0.027245	0.031295	0.031180	0.034558	0.029885	0.029380	0.034026	0.024742	0.028216	
1175	0.038662	0.024112	0.031809	0.028430	0.034406	0.033651	0.029526	0.032267	0.024207	0.027646	
1180	0.037628	0.023275	0.032495	0.028476	0.034196	0.032850	0.030202	0.031613	0.028063	0.029358	
1185	0.038874	0.027069	0.031545	0.029362	0.035658	0.033219	0.029935	0.032549	0.026608	0.030574	
1190	0.041177	0.024884	0.031032	0.029213	0.038059	0.034836	0.030097	0.029117	0.024415	0.030582	
1195	0.037897	0.026415	0.030669	0.030333	0.036781	0.034374	0.029850	0.027543	0.024834	0.029814	
1200	0.035576	0.027006	0.031352	0.031491	0.036947	0.035417	0.029362	0.028823	0.025541	0.032064	
1205	0.036422	0.028437	0.028663	0.029969	0.038341	0.038546	0.025763	0.030777	0.026107	0.032449	
1210	0.037452	0.028177	0.027783	0.029477	0.038116	0.039529	0.026395	0.029463	0.024784	0.029312	
1215	0.035093	0.026946	0.027134	0.029224	0.036773	0.039156	0.026727	0.028987	0.026105	0.030637	
1220	0.035943	0.027262	0.029205	0.030313	0.035865	0.041516	0.027753	0.030958	0.026311	0.031180	
1225	0.036306	0.027707	0.029671	0.029153	0.032708	0.041285	0.029623	0.028472	0.026242	0.029784	
1230	0.038246	0.027466	0.028164	0.027005	0.032887	0.037582	0.031124	0.027794	0.028902	0.029555	
1235	0.039641	0.027049	0.031489	0.025755	0.031603	0.037731	0.031656	0.029903	0.029866	0.032302	
1240	0.039522	0.026837	0.031508	0.024567	0.032661	0.038131	0.029570	0.028932	0.028221	0.032885	
1245	0.038432	0.028146	0.029723	0.023825	0.031548	0.037354	0.029303	0.029209	0.026047	0.033379	
1250	0.037772	0.029451	0.029938	0.021954	0.030446	0.038753	0.031180	0.029544	0.028493	0.031679	
1255	0.037676	0.030844	0.031018	0.021376	0.032387	0.036026	0.034611	0.026586	0.028994	0.031337	
1260	0.038471	0.031890	0.031702	0.020833	0.033372	0.036217	0.034978	0.027688	0.030270	0.031142	
1265	0.037165	0.034992	0.030293	0.019917	0.034450	0.034984	0.038351	0.027587	0.028414	0.030582	
1270	0.036305	0.037427	0.028797	0.022256	0.032354	0.036205	0.037633	0.028889	0.025611	0.031235	
1275	0.035010	0.036257	0.030125	0.023098	0.032591	0.034726	0.038039	0.030548	0.027281	0.032335	
1280	0.034959	0.034037	0.029778	0.026911	0.034044	0.032956	0.038999	0.033072	0.027778	0.029732	
1285	0.033603	0.029769	0.032518	0.026263	0.032406	0.031750	0.037771	0.034539	0.028344	0.029028	
1290	0.033958	0.030224	0.032014	0.026108	0.034151	0.030797	0.038582	0.032235	0.028025	0.032514	
1295	0.034632	0.029520	0.028741	0.027282	0.033399	0.028697	0.036422	0.030504	0.029249	0.031830	
1300	0.035529	0.032625	0.030179	0.029560	0.032511	0.028869	0.033774	0.029966	0.028862	0.031038	
1305	0.034346	0.033586	0.028361	0.029116	0.033147	0.028772	0.030824	0.028295	0.032440	0.030335	
1310	0.032348	0.032930	0.029392	0.029431	0.034078	0.029501	0.029522	0.026682	0.031217	0.030680	
1315	0.034447	0.033963	0.028194	0.027861	0.033439	0.027708	0.029131	0.025767	0.032565	0.030010	
1320	0.036101	0.033343	0.028707	0.029496	0.033904	0.026714	0.027879	0.024776	0.031368	0.031471	
1325	0.035551	0.032958	0.028350	0.030658	0.033282	0.025515	0.028669	0.024733	0.031931	0.029039	
1330	0.035854	0.032209	0.028539	0.031822	0.031411	0.024165	0.028545	0.027547	0.029379	0.028026	
1335	0.033984	0.032846	0.027867	0.029803	0.030163	0.026408	0.029772	0.028384	0.028542	0.028299	
1340	0.035880	0.033509	0.029814	0.027440	0.026988	0.026855	0.033150	0.027897	0.030375	0.030783	
1345	0.036214	0.033187	0.030475	0.030059	0.026665	0.028335	0.036924	0.028972	0.028696	0.033040	
1350	0.036191	0.032153	0.030668	0.028565	0.029006	0.027999	0.036428	0.028163	0.029149	0.035830	
1355	0.035921	0.030495	0.030901	0.027451	0.026725	0.028529	0.037104	0.028208	0.029770	0.033545	
1360	0.034798	0.032823	0.031390	0.026998	0.028303	0.028429	0.036775	0.026951	0.028023	0.033946	
1365	0.033206	0.031116	0.032799	0.024426	0.030407	0.028927	0.035384	0.025382	0.028100	0.031984	
1370	0.031505	0.030782	0.032328	0.026434	0.032202	0.030770	0.037324	0.025411	0.027915	0.029922	
1375	0.033140	0.029669	0.028837	0.025738	0.031616	0.030245	0.040217	0.023926	0.028001	0.028995	
1380	0.032830	0.028716	0.027257	0.024954	0.031061	0.029813	0.040343	0.025263	0.029496	0.028672	
1385	0.034753	0.029440	0.029674	0.027390	0.034172	0.029005	0.038552	0.025076	0.029431	0.027807	
1390	0.033754	0.029089	0.030116	0.026631	0.032872	0.028770	0.034833	0.024788	0.030608	0.027267	
1395	0.033543	0.030189	0.030659	0.026893	0.031865	0.030393	0.034635	0.024447	0.029202	0.028840	
1400	0.033625	0.030924	0.029418	0.029096	0.031773	0.028451	0.034172	0.024698	0.030226	0.030025	
1405	0.034092	0.031361	0.030025	0.027743	0.031241	0.029712	0.035955	0.025936	0.026625	0.030982	
1410	0.034455	0.030869	0.030896	0.027293	0.032136	0.029815	0.033586	0.026098	0.024130	0.030309	
1415	0.034846	0.031550	0.025623	0.028391	0.031678	0.028930	0.034270	0.026546	0.023743	0.033737	
1420	0.037487	0.032909	0.027093	0.027701	0.030075	0.030961	0.035605	0.025746	0.023600	0.033875	
1425	0.038115	0.032128	0.026614	0.027469	0.031532	0.031712	0.036862	0.025876	0.021590	0.034120	
1430	0.037183	0.032483	0.029302	0.028589	0.030715	0.031780	0.033834	0.027506	0.023035	0.030417	
1435	0.038719	0.031141	0.031900	0.028998	0.033797	0.032093	0.034111	0.025436	0.023405	0.030509	
1440	0.034530	0.033918	0.029310	0.030150	0.030694	0.034106	0.036634	0.024304	0.023867	0.029529	
1445	0.033149	0.034521	0.028999	0.026813	0.030691	0.034878	0.036149	0.023589	0.025274	0.029158	
1450	0.033272	0.031365	0.028064	0.026558	0.029615	0.032743	0.036023	0.026168	0.025758	0.029081	
1455	0.033935	0.033889	0.029082	0.028002	0.026612	0.030029	0.034264	0.027926	0.025815	0.027048	
1460	0.035671	0.030655	0.029447	0.026267	0.029454	0.030767	0.032593	0.031125	0.024390	0.027770	
1465	0.034872	0.030605	0.027773	0.026523	0.028798	0.031789	0.032013	0.028978	0.024882	0.028697	
1470	0.032609	0.030270	0.026601	0.026358	0.031202	0.031789	0.032345	0.029261	0.025284	0.027932	
1475	0.030139	0.030318	0.026748	0.028244	0.032678	0.031692	0.033742	0.028179	0.024265	0.026631	
1480	0.030613	0.030875	0.026609	0.027360	0.032959	0.028919	0.031807	0.029215	0.025158	0.027840	
1485	0.032436	0.030920	0.027477	0.027361	0.029895	0.028874	0.032609	0.028109	0.026139	0.028380	
1490	0.033473	0.032038	0.024923	0.027716	0.028325	0.030053	0.032568	0.028372	0.026175	0.027019	
1495	0.033770	0.032151	0.024134	0.027463	0.029576	0.028823	0.037228	0.030477	0.027118	0.026651	
1500	0.033021	0.031999	0.023042	0.026351	0.032673	0.026567	0.037481	0.030809	0.027246	0.028437	
1505	0.033143	0.029594	0.022071	0.027000	0.034502	0.026823	0.035359	0.033226	0.030693	0.029296	
1510	0.030733	0.028696	0.023474	0.026455	0.034559	0.027568	0.035490	0.033498	0.032909	0.028502	
1515	0.028834	0.029180	0.024569	0.025557	0.034401	0.027238	0.038704	0.032174	0.030407	0.023356	
1520	0.028122	0.031927	0.025828	0.024717	0.033202	0.027490	0.036964	0.031052	0.029381	0.024208	
1525	0.032586	0.031713	0.022530	0.026250	0.032882	0.027321	0.034781	0.032663	0.029169	0.024567	
1530	0.030272	0.032448	0.024769	0.024450	0.031035	0.025244	0.035695	0.034346	0.029587	0.024404	
1535	0.030084	0.033338	0.025940	0.025935	0.031928	0.026332	0.036495	0.031400	0.027294	0.024693	
1540	0.028675	0.030504	0.029146	0.029325	0.031184	0.025061	0.034102	0.031561	0.029075	0.023190	
1545	0.028153	0.033315	0.032385	0.027777	0.029193	0.026436	0.034332	0.031960	0.028505	0.024699	
1550	0.031627	0.033880	0.033114	0.028135	0.028253	0.026297	0.035212	0.030018	0.027396	0.026337	
1555	0.028890	0.031501	0.034017	0.028274	0.026971	0.025761	0.034952	0.026767	0.027557	0.030516	
1560	0.025191	0.030203	0.033106	0.027945	0.029601	0.024407	0.035622	0.026572	0.024839	0.030707	
1565	0.025848	0.032562	0.031482	0.028631	0.026201	0.024551	0.037333	0.028722	0.026409	0.029248	
1570	0.028093	0.031486	0.030139	0.029375	0.025768	0.024669	0.038726	0.030349	0.026096	0.029047	
1575	0.027947	0.030443	0.029013	0.029929	0.025515	0.024202	0.040471	0.030076	0.026766	0.027912	
1580	0.028240	0.030861	0.030654	0.028324	0.024856	0.022887	0.043116	0.027172	0.027776	0.030136	
1585	0.030256	0.027058	0.030855	0.027415	0.030651	0.025804	0.042166	0.027942	0.026643	0.031894	
1590	0.030066	0.027624	0.030337	0.029415	0.027209	0.025371	0.041692	0.025348	0.028436	0.029552	
1595	0.029560	0.030311	0.029043	0.027294	0.026186	0.025342	0.040285	0.026185	0.027879	0.029931	
1600	0.029605	0.029520	0.031429	0.028167	0.027526	0.025699	0.038837	0.025302	0.028166	0.032302	
1605	0.029408	0.031497	0.033263	0.028638	0.028015	0.027006	0.040054	0.027071	0.027795	0.032296	
1610	0.032555	0.032118	0.034496	0.028666	0.027441	0.025642	0.036862	0.025895	0.026185	0.032164	
1615	0.029428	0.028882	0.033873	0.028869	0.028026	0.027466	0.037096	0.026959	0.027165	0.033060	
1620	0.025991	0.027857	0.030229	0.027432	0.027263	0.027867	0.037164	0.031170	0.026564	0.026570	
1625	0.026584	0.030098	0.027224	0.029319	0.026890	0.031258	0.037356	0.028833	0.025471	0.024291	
1630	0.026719	0.030851	0.025280	0.028455	0.027060	0.032408	0.037049	0.027323	0.024232	0.023351	
1635	0.023779	0.031622	0.025583	0.027952	0.025504	0.030201	0.035850	0.027598	0.025736	0.021638	
1640	0.024032	0.031929	0.025877	0.027276	0.026601	0.030527	0.034296	0.025624	0.026178	0.020506	
1645	0.021393	0.031497	0.025896	0.027623	0.027075	0.025743	0.035333	0.024365	0.027400	0.022821	
1650	0.022869	0.033553	0.028205	0.026138	0.028747	0.024712	0.035626	0.021638	0.028250	0.021525	
1655	0.025710	0.031936	0.029857	0.025439	0.028332	0.024397	0.034551	0.021605	0.025389	0.021639	
1660	0.023539	0.031463	0.028176	0.026421	0.029414	0.025892	0.034294	0.021619	0.027346	0.023972	
1665	0.022342	0.030581	0.028105	0.027110	0.030960	0.025737	0.034610	0.020561	0.027935	0.026507	
1670	0.025303	0.031105	0.028106	0.027124	0.032003	0.026682	0.035809	0.022493	0.025771	0.023453	
1675	0.026444	0.031103	0.028511	0.027330	0.034105	0.027750	0.035071	0.022355	0.027619	0.023714	
1680	0.027411	0.030670	0.029466	0.028189	0.035275	0.026303	0.033147	0.023768	0.029820	0.024571	
1685	0.027306	0.031549	0.030249	0.026060	0.035665	0.026827	0.031326	0.023061	0.030130	0.026837	
1690	0.027663	0.032423	0.028033	0.025840	0.031175	0.027921	0.031297	0.023995	0.028387	0.028077	
1695	0.025563	0.032765	0.025809	0.024987	0.031930	0.025928	0.029713	0.024259	0.025774	0.028406	
1700	0.024403	0.034084	0.026325	0.024161	0.031166	0.026146	0.030999	0.026300	0.026030	0.028089	
1705	0.023627	0.034367	0.026319	0.026674	0.029753	0.029179	0.033365	0.025975	0.026601	0.025572	
1710	0.025686	0.033392	0.027325	0.027245	0.029086	0.030930	0.030138	0.025380	0.027008	0.027685	
1715	0.025777	0.033757	0.026963	0.028289	0.028947	0.030992	0.028584	0.025293	0.028818	0.026157	
1720	0.025104	0.032395	0.026335	0.030431	0.028188	0.029366	0.027935	0.025671	0.028766	0.027161	
1725	0.027569	0.032422	0.023788	0.029912	0.026506	0.027954	0.028387	0.024518	0.032461	0.028081	
1730	0.024341	0.032580	0.021864	0.030115	0.026267	0.031157	0.025639	0.025621	0.031338	0.026987	
1735	0.027467	0.029734	0.023467	0.032050	0.027067	0.032648	0.027998	0.023860	0.030796	0.027333	
1740	0.026452	0.027101	0.022518	0.032165	0.027224	0.030332	0.027222	0.024275	0.030754	0.026148	
1745	0.025286	0.027375	0.023006	0.029597	0.027591	0.030995	0.026367	0.023380	0.029377	0.030040	
1750	0.026767	0.027381	0.024246	0.031102	0.026782	0.032515	0.027664	0.023196	0.031309	0.026574	
1755	0.026795	0.031118	0.025199	0.029072	0.027390	0.028589	0.025862	0.023766	0.032603	0.030755	
1760	0.025426	0.029358	0.026863	0.026774	0.027032	0.029234	0.025520	0.024643	0.033513	0.031873	
1765	0.025006	0.027084	0.026351	0.025644	0.026142	0.029723	0.025809	0.025651	0.033161	0.031567	
1770	0.024754	0.027851	0.026812	0.026869	0.028516	0.030704	0.024874	0.027244	0.030494	0.029292	
1775	0.025318	0.027192	0.025986	0.026716	0.028893	0.030137	0.023795	0.026538	0.033294	0.026223	
1780	0.025901	0.028233	0.025666	0.026844	0.030246	0.030898	0.024083	0.028151	0.032487	0.025431	
1785	0.024972	0.026741	0.023376	0.026025	0.029368	0.030771	0.023458	0.028467	0.034110	0.026569	
1790	0.025090	0.028603	0.020018	0.026854	0.027705	0.029343	0.020952	0.027631	0.034359	0.028339	
1795	0.025197	0.029321	0.017535	0.027364	0.028697	0.028999	0.021703	0.027017	0.031140	0.029175	
1800	0.026977	0.028708	0.016987	0.029108	0.028182	0.029807	0.021201	0.030588	0.026953	0.026273	
1805	0.026570	0.028825	0.017916	0.029502	0.026097	0.029002	0.021897	0.031493	0.026967	0.027389	
1810	0.027059	0.030327	0.018210	0.030023	0.026774	0.027636	0.020839	0.030684	0.026451	0.027801	
1815	0.031586	0.031272	0.018805	0.029029	0.025626	0.026888	0.022242	0.030547	0.026223	0.027657	
1820	0.031072	0.029800	0.019960	0.029501	0.028069	0.029222	0.022438	0.031452	0.028123	0.029473	
1825	0.030262	0.029854	0.020966	0.028436	0.029074	0.029540	0.024865	0.027567	0.027019	0.028998	
1830	0.031318	0.027270	0.023047	0.028141	0.025249	0.029604	0.022988	0.027515	0.027657	0.029809	
1835	0.031856	0.027045	0.023226	0.030373	0.025370	0.029968	0.026594	0.026226	0.027038	0.028673	
1840	0.031292	0.027940	0.022532	0.027919	0.027613	0.031676	0.026620	0.027366	0.028071	0.026928	
1845	0.030167	0.027930	0.022409	0.026515	0.026105	0.029692	0.023039	0.025632	0.028235	0.025607	
1850	0.027655	0.029053	0.023021	0.026271	0.026532	0.031073	0.024475	0.024541	0.030440	0.027390	
1855	0.027300	0.030289	0.023464	0.028540	0.027871	0.030400	0.022800	0.024398	0.031580	0.028439	
1860	0.026809	0.029808	0.020916	0.029363	0.028642	0.031360	0.023742	0.024746	0.033520	0.028856	
1865	0.027235	0.027788	0.019172	0.030474	0.029440	0.033822	0.022170	0.023214	0.031374	0.029944	
1870	0.028314	0.027240	0.018502	0.032626	0.026872	0.032602	0.022466	0.025526	0.030280	0.029469	
1875	0.025882	0.028172	0.019576	0.029408	0.028417	0.029005	0.025302	0.027863	0.032421	0.029318	
1880	0.026003	0.029372	0.019941	0.028768	0.029714	0.029746	0.022643	0.028524	0.031048	0.029969	
1885	0.025454	0.031101	0.021765	0.027461	0.026702	0.031314	0.021354	0.027851	0.030176	0.032242	
1890	0.023970	0.028557	0.024208	0.027424	0.026328	0.030518	0.021496	0.028162	0.027501	0.030407	
1895	0.024524	0.028489	0.023908	0.026386	0.028292	0.030279	0.019652	0.027156	0.026455	0.029877	
1900	0.025245	0.028679	0.023804	0.026100	0.029727	0.028135	0.020193	0.024999	0.026368	0.029089	
1905	0.025915	0.027891	0.025974	0.026280	0.033139	0.029308	0.021133	0.021856	0.027477	0.029777	
1910	0.026332	0.027616	0.024265	0.026208	0.032698	0.030557	0.021082	0.022065	0.027560	0.029434	
1915	0.026256	0.026270	0.023262	0.023707	0.033088	0.031982	0.020258	0.022500	0.027494	0.029861	
1920	0.026978	0.027535	0.021234	0.023441	0.032601	0.031366	0.019961	0.022007	0.032027	0.028530	
1925	0.028704	0.026497	0.022782	0.024633	0.036577	0.033233	0.020087	0.022490	0.033439	0.029898	
1930	0.026880	0.027714	0.022605	0.026315	0.034029	0.033999	0.021034	0.025873	0.034122	0.030376	
1935	0.026668	0.028874	0.024354	0.026868	0.034815	0.034016	0.021038	0.024658	0.034157	0.026508	
1940	0.027368	0.029251	0.025220	0.027624	0.034920	0.036174	0.021726	0.024077	0.033599	0.026523	
1945	0.025286	0.029832	0.027106	0.028164	0.032562	0.032652	0.020807	0.028930	0.034619	0.025913	
1950	0.025102	0.030826	0.028872	0.029238	0.030761	0.031947	0.023447	0.029120	0.032701	0.025739	
1955	0.027726	0.026804	0.030878	0.028354	0.032192	0.033033	0.024249	0.028537	0.034339	0.024418	
1960	0.024903	0.027564	0.028733	0.028799	0.029883	0.033877	0.023810	0.027847	0.031165	0.026344	
1965	0.023614	0.027590	0.027611	0.028206	0.033391	0.031951	0.025261	0.028595	0.028994	0.027959	
1970	0.022792	0.025979	0.028726	0.028473	0.035186	0.033160	0.021866	0.025937	0.030572	0.027889	
1975	0.022677	0.026634	0.028826	0.028749	0.034133	0.033026	0.024459	0.024658	0.030117	0.029071	
1980	0.023055	0.026896	0.028302	0.027844	0.031990	0.031972	0.024688	0.026274	0.029477	0.029538	
1985	0.022944	0.026910	0.027757	0.029319	0.032892	0.030963	0.026117	0.025530	0.026493	0.028682	
1990	0.024008	0.028456	0.027969	0.028605	0.031058	0.033960	0.028758	0.026218	0.028914	0.031183	
1995	0.026202	0.026850	0.029797	0.027640	0.028026	0.032516	0.028896	0.026551	0.028054	0.027158	
2000	0.027766	0.028709	0.026679	0.027966	0.029345	0.032201	0.028135	0.024910	0.026557	0.024398	
2005	0.025916	0.033024	0.028331	0.029116	0.028758	0.031448	0.025364	0.025259	0.026880	0.030321	
2010	0.023407	0.032600	0.031067	0.028245	0.031028	0.033003	0.023713	0.027790	0.028154	0.027999	
2015	0.025935	0.029393	0.027981	0.027186	0.029862	0.034654	0.024563	0.025590	0.026266	0.029171	
2020	0.027445	0.030410	0.028408	0.025982	0.031434	0.035463	0.024697	0.025779	0.026644	0.029854	
2025	0.027477	0.030073	0.029289	0.025692	0.031264	0.034959	0.027002	0.024202	0.027565	0.030020	
2030	0.030233	0.030407	0.029964	0.026068	0.029948	0.032280	0.026020	0.024662	0.028031	0.030167	
2035	0.028788	0.030215	0.028072	0.029917	0.026247	0.032332	0.023741	0.022636	0.029471	0.025732	
2040	0.028944	0.031529	0.027283	0.028801	0.025917	0.032829	0.026541	0.024528	0.028725	0.024104	
2045	0.027125	0.033433	0.026901	0.025881	0.026699	0.031685	0.026156	0.024764	0.027264	0.025809	
2050	0.027251	0.029288	0.026763	0.024943	0.024992	0.033210	0.025711	0.024901	0.027198	0.027224	
2055	0.024963	0.030073	0.024589	0.025432	0.026365	0.032014	0.024991	0.024507	0.028769	0.027250	
2060	0.027265	0.030532	0.027613	0.025195	0.027072	0.034178	0.026310	0.025871	0.030446	0.028771	
2065	0.026624	0.031979	0.026411	0.025414	0.027322	0.035015	0.027046	0.022815	0.029164	0.028765	
2070	0.023696	0.028478	0.026747	0.025367	0.025892	0.035500	0.027596	0.022779	0.032843	0.027652	
2075	0.023712	0.026452	0.027922	0.025534	0.026155	0.034503	0.027846	0.023051	0.033247	0.027907	
2080	0.023208	0.026639	0.028929	0.025364	0.027539	0.036925	0.030684	0.024688	0.029969	0.031264	
2085	0.024105	0.029336	0.031048	0.026581	0.027278	0.037154	0.029312	0.022178	0.027830	0.028653	
2090	0.022729	0.030097	0.030131	0.022821	0.028835	0.035439	0.028669	0.024436	0.027278	0.026251	
2095	0.023007	0.033533	0.029660	0.022047	0.028313	0.036119	0.029745	0.023521	0.027236	0.026390	
2100	0.023008	0.030444	0.030221	0.022078	0.028346	0.032249	0.032117	0.025963	0.027961	0.026100	
2105	0.024956	0.029515	0.030701	0.021733	0.028050	0.037114	0.032152	0.026959	0.028054	0.027609	
2110	0.022975	0.030566	0.031916	0.022050	0.027119	0.035597	0.030894	0.026936	0.029485	0.029462	
2115	0.022547	0.030750	0.033952	0.022594	0.031228	0.036085	0.026434	0.025322	0.033258	0.030296	
2120	0.022734	0.033188	0.030297	0.023261	0.028240	0.035035	0.027818	0.025236	0.033410	0.028477	
2125	0.023701	0.034000	0.028992	0.022388	0.028261	0.035161	0.026522	0.027835	0.032503	0.025863	
2130	0.024696	0.034543	0.029828	0.023949	0.029045	0.037334	0.026756	0.029543	0.030191	0.025596	
2135	0.025263	0.031534	0.031008	0.022154	0.030054	0.038590	0.025664	0.029507	0.029221	0.028168	
2140	0.027316	0.031613	0.029376	0.023803	0.027132	0.038671	0.024517	0.033426	0.030735	0.028168	
2145	0.027498	0.032950	0.028370	0.023875	0.026027	0.040047	0.023508	0.032231	0.029895	0.027034	
2150	0.027415	0.031376	0.028991	0.023777	0.023683	0.039239	0.022999	0.028352	0.030759	0.026676	
2155	0.026567	0.032172	0.026031	0.026021	0.023419	0.040975	0.024783	0.027076	0.030825	0.026365	
2160	0.026698	0.033141	0.024719	0.026759	0.025024	0.041684	0.023062	0.023956	0.029823	0.027655	
2165	0.025045	0.034026	0.027256	0.023829	0.023415	0.038562	0.023386	0.023193	0.030138	0.025656	
2170	0.021160	0.032660	0.029009	0.025367	0.023244	0.035336	0.024390	0.021956	0.030094	0.024717	
2175	0.021173	0.032270	0.030435	0.023637	0.024545	0.034499	0.023535	0.026649	0.029395	0.023106	
2180	0.020331	0.030830	0.030933	0.024662	0.025168	0.037150	0.023382	0.026716	0.028540	0.025396	
2185	0.020786	0.031034	0.028900	0.026042	0.024522	0.037100	0.024385	0.027315	0.027906	0.026170	
2190	0.022149	0.032868	0.026771	0.026249	0.024788	0.035676	0.022142	0.028675	0.026377	0.026591	
2195	0.020448	0.031954	0.029287	0.025251	0.022732	0.035400	0.021833	0.028171	0.029219	0.027665	
2200	0.021041	0.031123	0.031126	0.026540	0.024292	0.036397	0.024769	0.028731	0.028021	0.027624	
2205	0.022066	0.027176	0.031387	0.027700	0.022433	0.038109	0.023565	0.032584	0.027793	0.028096	
2210	0.021396	0.027063	0.032426	0.027890	0.024782	0.038079	0.024302	0.033744	0.026870	0.026716	
2215	0.021840	0.027755	0.030870	0.026074	0.025205	0.037966	0.025826	0.033706	0.028249	0.026990	
2220	0.022753	0.027226	0.028953	0.025451	0.026382	0.036916	0.023710	0.032166	0.029709	0.027570	
2225	0.023707	0.027190	0.030829	0.024873	0.027863	0.037727	0.023483	0.032313	0.029566	0.031044	
2230	0.022501	0.026324	0.031160	0.028769	0.028185	0.038915	0.025734	0.031744	0.027551	0.029057	
2235	0.023181	0.028413	0.032589	0.030987	0.029797	0.037566	0.031301	0.035324	0.027862	0.030592	
2240	0.022019	0.028465	0.031711	0.028772	0.027943	0.037770	0.028188	0.033861	0.026865	0.028432	
2245	0.022557	0.028541	0.030880	0.031048	0.029088	0.035599	0.026469	0.036221	0.028323	0.029610	
2250	0.021586	0.029557	0.031442	0.030964	0.029007	0.033143	0.027728	0.036757	0.029393	0.032174	
2255	0.019856	0.031120	0.031566	0.029801	0.028633	0.033277	0.026422	0.033680	0.031291	0.032421	
2260	0.020722	0.031192	0.033031	0.029675	0.029332	0.033694	0.023411	0.037577	0.032083	0.033577	
2265	0.022699	0.030576	0.034074	0.029578	0.032398	0.034087	0.024692	0.034564	0.032269	0.030344	
2270	0.022757	0.032394	0.031661	0.028923	0.029147	0.032390	0.026031	0.033051	0.029917	0.031203	
2275	0.024475	0.032096	0.030487	0.029271	0.027753	0.031884	0.026005	0.030664	0.030228	0.031721	
2280	0.024409	0.030993	0.031475	0.029736	0.030147	0.033667	0.027146	0.032769	0.027403	0.030783	
2285	0.025763	0.032231	0.031784	0.029886	0.028262	0.032912	0.027739	0.029891	0.030694	0.030992	
2290	0.023931	0.032124	0.032247	0.029686	0.026289	0.034000	0.027008	0.031989	0.029543	0.026180	
2295	0.024447	0.030161	0.035664	0.027011	0.027889	0.034282	0.026602	0.029442	0.030665	0.029168	
2300	0.024378	0.029505	0.030950	0.029958	0.025847	0.031110	0.028008	0.028596	0.030674	0.030920	
2305	0.025605	0.031215	0.030222	0.027970	0.026201	0.031251	0.023169	0.026690	0.030905	0.030884	
2310	0.027497	0.032676	0.028916	0.026347	0.024832	0.030193	0.022852	0.028122	0.027977	0.031667	
2315	0.026387	0.032617	0.028709	0.024468	0.026230	0.029603	0.022641	0.028730	0.026786	0.032384	
2320	0.026904	0.033827	0.027188	0.027131	0.025852	0.031923	0.023882	0.027998	0.025270	0.028091	
2325	0.027721	0.034299	0.030425	0.027361	0.024533	0.030317	0.023660	0.026179	0.023689	0.028819	
2330	0.023993	0.032591	0.029793	0.028671	0.027983	0.031194	0.025925	0.026524	0.023248	0.028417	
2335	0.025236	0.032153	0.030332	0.029042	0.029252	0.030981	0.024905	0.024657	0.023610	0.028872	
2340	0.026285	0.028628	0.032068	0.026841	0.028568	0.028539	0.026382	0.023899	0.026011	0.028713	
2345	0.025435	0.027309	0.033991	0.027241	0.030299	0.027886	0.024382	0.025490	0.024398	0.030188	
2350	0.023707	0.026577	0.034684	0.027809	0.028635	0.031665	0.024425	0.024384	0.025511	0.030982	
2355	0.023630	0.026598	0.034921	0.031495	0.029603	0.028082	0.024946	0.027588	0.023947	0.030586	
2360	0.024777	0.027095	0.033165	0.030827	0.025632	0.028886	0.023847	0.026852	0.023594	0.031367	
2365	0.022962	0.030560	0.033310	0.035570	0.027093	0.029911	0.024722	0.027746	0.024340	0.031795	
2370	0.023963	0.032677	0.034039	0.036649	0.027771	0.030532	0.026138	0.026199	0.027459	0.034463	
2375	0.023190	0.029170	0.036612	0.035233	0.025871	0.029568	0.023971	0.028504	0.026786	0.032160	
2380	0.025044	0.028109	0.033527	0.033642	0.028045	0.030931	0.024214	0.027736	0.027048	0.031923	
2385	0.025418	0.029289	0.034683	0.033858	0.029773	0.032511	0.023931	0.029899	0.028120	0.032477	
2390	0.024202	0.029931	0.035532	0.033746	0.027510	0.033330	0.022969	0.028296	0.029858	0.034139	
2395	0.023667	0.033436	0.034284	0.033101	0.027802	0.033727	0.024921	0.028438	0.031626	0.035788	
2400	0.025303	0.030213	0.034634	0.034049	0.028582	0.034665	0.025567	0.026537	0.032218	0.034397	
2405	0.024544	0.029734	0.033975	0.034224	0.029965	0.036229	0.024510	0.029117	0.033200	0.034282	
2410	0.025563	0.031067	0.037992	0.032580	0.029148	0.033129	0.025499	0.027530	0.031909	0.034562	
2415	0.026927	0.028533	0.036001	0.032844	0.028656	0.033815	0.026838	0.023903	0.033344	0.033847	
2420	0.028671	0.029009	0.035207	0.033989	0.027230	0.035278	0.027973	0.024870	0.033085	0.034139	
2425	0.027874	0.028336	0.038326	0.034784	0.024816	0.034042	0.031488	0.026076	0.032593	0.032198	
2430	0.026795	0.026822	0.038029	0.035397	0.026117	0.035718	0.035141	0.025375	0.032170	0.033862	
2435	0.028196	0.028446	0.035496	0.033793	0.028007	0.036687	0.034842	0.028283	0.029898	0.037000	
2440	0.029506	0.029399	0.036992	0.029885	0.027836	0.035444	0.033120	0.028203	0.030461	0.035837	
2445	0.027628	0.026225	0.038030	0.028089	0.024342	0.032307	0.031124	0.031561	0.030507	0.035953	
2450	0.027025	0.027178	0.038807	0.029487	0.024091	0.030876	0.033687	0.031347	0.030260	0.037275	
2455	0.027883	0.027421	0.038924	0.027538	0.022707	0.029642	0.035757	0.031963	0.030912	0.037107	
2460	0.027610	0.028070	0.038127	0.028406	0.022481	0.030574	0.034270	0.029792	0.029913	0.034265	
2465	0.025002	0.027232	0.036172	0.026655	0.022215	0.032893	0.033074	0.034531	0.032382	0.035738	
2470	0.027444	0.027778	0.035960	0.027815	0.023473	0.031574	0.031102	0.034904	0.035172	0.037347	
2475	0.026386	0.028763	0.034907	0.029826	0.025644	0.032499	0.031850	0.035087	0.034708	0.038008	
2480	0.025692	0.028506	0.033497	0.028084	0.023679	0.033599	0.030914	0.034956	0.031335	0.039410	
2485	0.026194	0.027607	0.033131	0.028146	0.023611	0.034010	0.030399	0.032255	0.032126	0.037984	
2490	0.026499	0.028717	0.035797	0.025626	0.022593	0.034330	0.031253	0.030563	0.037231	0.035079	
2495	0.026126	0.028215	0.037187	0.028036	0.023091	0.035220	0.032133	0.031728	0.037658	0.032860	
2500	0.026682	0.029964	0.038152	0.025394	0.025268	0.035111	0.033637	0.030837	0.037306	0.036383	
2505	0.027446	0.030323	0.035258	0.026818	0.024313	0.032362	0.031797	0.033983	0.035367	0.035500	
2510	0.027665	0.031569	0.034874	0.025078	0.023471	0.033831	0.031854	0.034592	0.033758	0.035462	
2515	0.026004	0.033017	0.037378	0.026054	0.025673	0.035310	0.032748	0.033665	0.034241	0.035662	
2520	0.027136	0.034209	0.037712	0.026402	0.027377	0.036063	0.035763	0.036066	0.034526	0.032991	
2525	0.028211	0.033406	0.040149	0.028331	0.025715	0.037317	0.035214	0.034413	0.032596	0.032090	
2530	0.027096	0.032939	0.036837	0.027617	0.027948	0.036429	0.035010	0.033119	0.031589	0.032023	
2535	0.028270	0.032827	0.037280	0.027585	0.029070	0.035492	0.033543	0.032481	0.029473	0.033239	
2540	0.027640	0.032371	0.038938	0.027499	0.028488	0.037963	0.035646	0.033594	0.031050	0.033316	
2545	0.028727	0.033959	0.036183	0.027227	0.032363	0.039022	0.037534	0.032937	0.026682	0.032006	
2550	0.028264	0.032661	0.033550	0.027910	0.028932	0.038933	0.036254	0.034401	0.028601	0.032008	
2555	0.029521	0.032196	0.032281	0.028302	0.027416	0.040425	0.036392	0.036425	0.028187	0.031486	
2560	0.027947	0.032361	0.032157	0.027158	0.027520	0.039731	0.037662	0.035083	0.028700	0.033475	
2565	0.027531	0.031694	0.031736	0.027452	0.027320	0.039210	0.036174	0.037365	0.030536	0.032327	
2570	0.026519	0.032054	0.033576	0.028222	0.027572	0.036115	0.036304	0.035805	0.033368	0.033057	
2575	0.027842	0.032042	0.032659	0.028122	0.030260	0.034763	0.037714	0.036846	0.031422	0.032943	
2580	0.027268	0.029754	0.032183	0.027746	0.032736	0.038471	0.036753	0.037447	0.033468	0.033931	
2585	0.027398	0.029753	0.029201	0.030421	0.032305	0.037458	0.035976	0.036079	0.033038	0.035238	
2590	0.027598	0.029845	0.028767	0.028950	0.032982	0.037564	0.037740	0.037436	0.032843	0.034849	
2595	0.026398	0.031514	0.029532	0.027885	0.035633	0.037899	0.037230	0.037867	0.029571	0.032435	
2600	0.025115	0.032045	0.031423	0.027363	0.036653	0.035828	0.037925	0.034673	0.027943	0.028695	
2605	0.024225	0.033881	0.029864	0.026354	0.035844	0.038032	0.037406	0.033984	0.027754	0.032497	
2610	0.023126	0.034258	0.031854	0.024472	0.032590	0.035320	0.036140	0.033432	0.028876	0.034481	
2615	0.022529	0.035599	0.031547	0.025369	0.030909	0.037448	0.036325	0.033367	0.028456	0.036705	
2620	0.022246	0.035287	0.028972	0.028464	0.033304	0.038025	0.036771	0.034321	0.027536	0.038623	
2625	0.021443	0.034293	0.032214	0.027446	0.032259	0.038219	0.037809	0.032977	0.029261	0.034579	
2630	0.021541	0.032620	0.031533	0.027783	0.032362	0.038356	0.038039	0.033147	0.031694	0.033631	
2635	0.021680	0.031471	0.030517	0.028026	0.031878	0.036163	0.039780	0.034339	0.034123	0.035397	
2640	0.022737	0.030516	0.029568	0.026696	0.035444	0.035189	0.039065	0.035816	0.036540	0.033351	
2645	0.022687	0.028993	0.031518	0.025645	0.033855	0.037325	0.036780	0.035029	0.037507	0.031673	
2650	0.023265	0.029636	0.028879	0.025981	0.034206	0.034173	0.038109	0.034034	0.035444	0.032103	
2655	0.024451	0.028796	0.029959	0.028372	0.031580	0.033740	0.040031	0.032888	0.033894	0.032520	
2660	0.024140	0.032717	0.028101	0.028693	0.029995	0.034001	0.041021	0.033257	0.036678	0.030938	
2665	0.024204	0.032728	0.030140	0.029869	0.031218	0.034675	0.038946	0.033833	0.040752	0.030597	
2670	0.024583	0.031927	0.031908	0.029629	0.030678	0.035051	0.036482	0.036167	0.040368	0.030976	
2675	0.024031	0.033424	0.032693	0.028556	0.029074	0.035406	0.038526	0.034018	0.042441	0.031754	
2680	0.026168	0.033851	0.034400	0.030587	0.029113	0.032752	0.040423	0.032722	0.043560	0.034227	
2685	0.024911	0.034273	0.034892	0.030562	0.030239	0.031604	0.038129	0.030853	0.041029	0.033575	
2690	0.024225	0.035543	0.035470	0.028657	0.030353	0.028797	0.034932	0.032843	0.039630	0.031926	
2695	0.025963	0.033829	0.035011	0.029837	0.031861	0.027617	0.033935	0.031192	0.040408	0.031429	
2700	0.027516	0.032412	0.032105	0.028081	0.030194	0.029648	0.036562	0.030706	0.036622	0.031252	
2705	0.027924	0.030893	0.033536	0.025518	0.031494	0.032254	0.035252	0.028790	0.036910	0.032301	
2710	0.030015	0.031684	0.032661	0.025096	0.031002	0.031579	0.034072	0.026638	0.034692	0.031106	
2715	0.029812	0.034209	0.029901	0.024313	0.032791	0.032120	0.032721	0.025292	0.034388	0.030241	
2720	0.028919	0.031727	0.030650	0.025032	0.029134	0.030588	0.032451	0.026605	0.032024	0.028791	
2725	0.025966	0.030838	0.029522	0.024008	0.029878	0.028964	0.032485	0.027174	0.034049	0.028914	
2730	0.024882	0.030516	0.030538	0.024057	0.026991	0.029585	0.033688	0.027648	0.032230	0.029585	
2735	0.024314	0.030694	0.030673	0.025212	0.031484	0.028932	0.033505	0.028203	0.033336	0.028513	
2740	0.022883	0.029376	0.029614	0.027252	0.033336	0.028246	0.032127	0.030765	0.034695	0.028253	
2745	0.024824	0.032547	0.031351	0.027800	0.034872	0.030334	0.033233	0.026303	0.034067	0.028489	
2750	0.022564	0.032654	0.031557	0.028877	0.037252	0.032134	0.030334	0.025882	0.036354	0.025413	
2755	0.024411	0.031812	0.029686	0.028503	0.035458	0.031046	0.032533	0.024807	0.032003	0.025959	
2760	0.024034	0.032409	0.025378	0.029082	0.035268	0.030092	0.031721	0.025545	0.030388	0.023348	
2765	0.025695	0.032676	0.024483	0.027188	0.036690	0.031477	0.030969	0.027230	0.030408	0.022432	
2770	0.027676	0.032592	0.025049	0.028791	0.032332	0.029086	0.031951	0.026152	0.028766	0.023753	
2775	0.027101	0.035301	0.024306	0.027816	0.031627	0.028192	0.034209	0.028340	0.028568	0.025468	
2780	0.028492	0.035963	0.024962	0.026902	0.034957	0.026840	0.033445	0.029250	0.027456	0.026209	
2785	0.029485	0.032194	0.023862	0.028122	0.033831	0.025496	0.035999	0.030147	0.027478	0.027251	
2790	0.026119	0.032060	0.023362	0.029453	0.032591	0.026017	0.033662	0.031827	0.029547	0.025447	
2795	0.027360	0.032333	0.023243	0.032258	0.030933	0.025994	0.035213	0.028511	0.027845	0.023855	
2800	0.026375	0.032997	0.024341	0.029984	0.027978	0.026157	0.035181	0.032546	0.027664	0.024664	
2805	0.026665	0.032501	0.026165	0.030856	0.029961	0.028204	0.036509	0.032338	0.027694	0.021981	
2810	0.024774	0.031548	0.026579	0.029230	0.030417	0.027349	0.033650	0.030744	0.027695	0.023293	
2815	0.024034	0.030329	0.026754	0.030861	0.028923	0.028290	0.033877	0.031576	0.028935	0.021928	
2820	0.023352	0.032233	0.028530	0.030255	0.028026	0.029236	0.033911	0.030824	0.030614	0.023146	
2825	0.023988	0.030685	0.029031	0.029109	0.030220	0.027509	0.033067	0.032831	0.028935	0.025866	
2830	0.022531	0.030622	0.028379	0.029023	0.028134	0.028159	0.034671	0.034477	0.030107	0.028059	
2835	0.020238	0.028630	0.027283	0.027237	0.025735	0.027162	0.033374	0.032094	0.030100	0.028412	
2840	0.022026	0.028530	0.023619	0.031560	0.027343	0.029958	0.034105	0.033331	0.029520	0.028367	
2845	0.022321	0.028869	0.025068	0.034704	0.026584	0.026886	0.034638	0.035390	0.029510	0.030245	
2850	0.021909	0.030275	0.023890	0.034782	0.027805	0.028117	0.036217	0.033910	0.028736	0.032371	
2855	0.022275	0.031764	0.024019	0.032442	0.028680	0.027195	0.032061	0.034369	0.029734	0.034640	
2860	0.024663	0.031849	0.025561	0.031870	0.028071	0.028245	0.033117	0.030368	0.028979	0.031685	
2865	0.022774	0.028324	0.024328	0.028759	0.025160	0.029139	0.031565	0.032156	0.029068	0.032335	
2870	0.020673	0.029891	0.024481	0.029641	0.029041	0.024909	0.032861	0.030417	0.030055	0.036324	
2875	0.023034	0.029671	0.025578	0.026910	0.031628	0.027417	0.032690	0.029795	0.030221	0.037801	
2880	0.023655	0.028602	0.027300	0.026612	0.029364	0.028162	0.030696	0.030488	0.029258	0.036028	
2885	0.024422	0.028598	0.026696	0.030443	0.025764	0.030018	0.032115	0.030898	0.032366	0.034968	
2890	0.022801	0.028412	0.026555	0.027466	0.022525	0.031156	0.033073	0.029510	0.034049	0.034855	
2895	0.023876	0.026770	0.027523	0.027485	0.024685	0.032197	0.033057	0.030923	0.030104	0.033573	
2900	0.023668	0.025040	0.029645	0.025872	0.024583	0.030014	0.032315	0.030047	0.029566	0.034080	
2905	0.024472	0.027518	0.029448	0.025748	0.026369	0.029439	0.032159	0.029533	0.028389	0.034638	
2910	0.023810	0.027458	0.027912	0.026286	0.025305	0.031767	0.035070	0.031027	0.029134	0.035872	
2915	0.022416	0.027104	0.028856	0.030252	0.029129	0.031142	0.032917	0.033315	0.028839	0.035687	
2920	0.024479	0.027193	0.029999	0.029143	0.027364	0.028848	0.033223	0.031666	0.028782	0.034163	
2925	0.022562	0.024235	0.031538	0.027578	0.025837	0.027897	0.035436	0.028213	0.029209	0.035883	
2930	0.022878	0.024502	0.030955	0.027589	0.024922	0.029837	0.035926	0.027127	0.028887	0.036259	
2935	0.025810	0.025560	0.030468	0.025799	0.026225	0.027853	0.032757	0.025119	0.030254	0.035973	
2940	0.027212	0.025313	0.028674	0.025465	0.025783	0.026677	0.031427	0.025410	0.028702	0.037387	
2945	0.028392	0.026162	0.028257	0.027594	0.025408	0.029327	0.032352	0.022814	0.028103	0.034221	
2950	0.026719	0.027540	0.028009	0.028651	0.024142	0.029813	0.030731	0.021177	0.028948	0.034223	
2955	0.023136	0.027036	0.029188	0.029138	0.022812	0.028377	0.031079	0.024328	0.028989	0.033639	
2960	0.025226	0.027229	0.027606	0.028719	0.021563	0.027107	0.030561	0.024345	0.031328	0.035269	
2965	0.025967	0.029034	0.026518	0.028039	0.021700	0.029089	0.029645	0.025612	0.032935	0.035268	
2970	0.027303	0.030632	0.027542	0.029744	0.023361	0.029787	0.026278	0.025790	0.032318	0.036218	
2975	0.028590	0.029584	0.025065	0.027834	0.023526	0.031335	0.024936	0.027035	0.032087	0.034033	
2980	0.028264	0.030259	0.026702	0.028083	0.025424	0.031917	0.028175	0.025303	0.030576	0.034596	
2985	0.032136	0.028949	0.027683	0.032383	0.023640	0.031123	0.027290	0.022293	0.030628	0.033359	
2990	0.030505	0.028918	0.029158	0.034409	0.023857	0.029279	0.028652	0.022637	0.028681	0.036623	
2995	0.033084	0.031244	0.027256	0.033583	0.024529	0.032174	0.027568	0.024460	0.027457	0.034089	
3000	0.028394	0.031226	0.027216	0.032539	0.024609	0.035208	0.026413	0.024826	0.026179	0.035631	
