T	rep_1	rep_2	rep_3	rep_4	rep_5	rep_6	rep_7	rep_8	rep_9	rep_10
5	0.005158	0.006496	0.003056	0.004148	0.003699	0.006815	0.004040	0.003277	0.003424	0.003970	
10	0.069189	0.073437	0.066278	0.061600	0.053438	0.080729	0.052557	0.045470	0.058520	0.072626	
15	0.162718	0.161681	0.129826	0.143818	0.126433	0.138042	0.130383	0.114261	0.131980	0.149047	
20	0.256800	0.207470	0.160956	0.193592	0.164373	0.160397	0.206213	0.150784	0.168601	0.195443	
25	0.305483	0.246685	0.191897	0.223788	0.197636	0.181302	0.245300	0.199237	0.203985	0.233940	
30	0.329148	0.273659	0.235776	0.255567	0.226928	0.205663	0.275462	0.249179	0.248116	0.270197	
35	0.339532	0.303074	0.281197	0.279664	0.256575	0.235535	0.294394	0.281214	0.285990	0.312590	
40	0.346288	0.331641	0.327502	0.297455	0.281509	0.272403	0.314146	0.309148	0.320730	0.342713	
45	0.351528	0.351124	0.366530	0.310083	0.307980	0.303205	0.342781	0.327189	0.347097	0.369502	
50	0.357583	0.376573	0.391554	0.323414	0.322437	0.322907	0.362398	0.340490	0.364950	0.387758	
55	0.360583	0.400291	0.409381	0.342648	0.345369	0.342149	0.381397	0.350265	0.382897	0.399210	
60	0.362833	0.409631	0.419724	0.356981	0.362322	0.350772	0.398428	0.366889	0.396658	0.410693	
65	0.372268	0.419498	0.425631	0.368622	0.372154	0.357590	0.408372	0.378187	0.413786	0.414674	
70	0.382099	0.434706	0.434937	0.383320	0.382376	0.361205	0.422479	0.389773	0.428118	0.419308	
75	0.390829	0.444525	0.443415	0.405506	0.389315	0.370353	0.430342	0.392367	0.441621	0.428233	
80	0.395344	0.449704	0.451841	0.415734	0.395889	0.373724	0.439484	0.405156	0.453711	0.431061	
85	0.397000	0.459374	0.452803	0.427404	0.406818	0.377350	0.447295	0.407416	0.461788	0.435994	
90	0.400973	0.466430	0.452976	0.434927	0.416944	0.384070	0.464682	0.411076	0.468480	0.444964	
95	0.402859	0.468647	0.451180	0.449825	0.427399	0.391637	0.473311	0.419650	0.471579	0.447312	
100	0.412303	0.472009	0.456543	0.443487	0.431575	0.398496	0.476111	0.427626	0.470022	0.453073	
105	0.421838	0.472373	0.459053	0.448136	0.436182	0.407243	0.479943	0.432242	0.475894	0.454833	
110	0.429406	0.473770	0.463828	0.449733	0.440207	0.414741	0.478451	0.434137	0.483580	0.456762	
115	0.430283	0.478438	0.468046	0.449755	0.446913	0.421651	0.478540	0.438618	0.482625	0.460986	
120	0.442638	0.483957	0.466818	0.452451	0.453723	0.430579	0.482758	0.444251	0.485841	0.459552	
125	0.441984	0.479288	0.467518	0.455861	0.460599	0.431718	0.484839	0.450917	0.488279	0.459355	
130	0.444227	0.484654	0.468170	0.456238	0.462170	0.433813	0.480557	0.452222	0.487809	0.458963	
135	0.450413	0.488065	0.471658	0.459285	0.465789	0.436497	0.486183	0.454992	0.488273	0.467002	
140	0.447743	0.490947	0.470153	0.467118	0.469176	0.438017	0.483392	0.456565	0.485382	0.465591	
145	0.447949	0.491174	0.469766	0.465581	0.469501	0.438170	0.481563	0.460867	0.489051	0.462674	
150	0.446009	0.492637	0.468995	0.466179	0.475956	0.442604	0.480344	0.462941	0.487478	0.458628	
155	0.446463	0.486350	0.467934	0.463104	0.473468	0.444970	0.478938	0.461797	0.488628	0.461653	
160	0.447039	0.485920	0.462558	0.465095	0.474337	0.447103	0.481851	0.465573	0.485381	0.462815	
165	0.441838	0.484705	0.461943	0.465180	0.476059	0.448459	0.484010	0.470370	0.481784	0.469458	
170	0.445243	0.486373	0.459766	0.464951	0.479786	0.449689	0.487542	0.475552	0.477065	0.468239	
175	0.440705	0.487022	0.462956	0.465311	0.481174	0.455950	0.483842	0.479494	0.476668	0.469482	
180	0.445951	0.483492	0.460991	0.459121	0.472741	0.450858	0.479591	0.475307	0.469942	0.467914	
185	0.445197	0.484323	0.455749	0.457606	0.474542	0.445393	0.484015	0.473937	0.462946	0.473068	
190	0.448942	0.478403	0.459152	0.452572	0.474911	0.447352	0.479854	0.468505	0.466622	0.472626	
195	0.449375	0.475822	0.459442	0.445655	0.475404	0.449076	0.476570	0.465284	0.460310	0.472961	
200	0.455942	0.472482	0.454363	0.444219	0.473162	0.451973	0.481773	0.463166	0.460845	0.471082	
205	0.454438	0.471799	0.454586	0.446284	0.471382	0.451155	0.474441	0.470907	0.460149	0.474460	
210	0.454254	0.473524	0.453192	0.448451	0.468273	0.448592	0.470716	0.469723	0.462813	0.472254	
215	0.450723	0.475822	0.452490	0.450907	0.465907	0.446615	0.469650	0.468985	0.461675	0.474889	
220	0.451828	0.475568	0.453841	0.445444	0.461781	0.444573	0.466449	0.461988	0.457574	0.476205	
225	0.455328	0.469140	0.454973	0.451704	0.461316	0.439675	0.471578	0.465646	0.450943	0.475624	
230	0.448861	0.467093	0.458618	0.457811	0.463392	0.439487	0.471735	0.471012	0.453487	0.470610	
235	0.447595	0.465346	0.457374	0.454429	0.460423	0.439680	0.468364	0.473165	0.447911	0.466256	
240	0.450015	0.464520	0.457511	0.450149	0.461632	0.437574	0.466778	0.473512	0.442829	0.459351	
245	0.446913	0.462609	0.456948	0.449015	0.457119	0.438736	0.461676	0.474417	0.444476	0.463677	
250	0.449860	0.463556	0.455119	0.448573	0.459213	0.437604	0.462893	0.471773	0.440872	0.463746	
255	0.448943	0.459730	0.451331	0.447367	0.460036	0.436555	0.466036	0.470596	0.443913	0.462546	
260	0.449452	0.455998	0.450658	0.446795	0.457817	0.443153	0.458369	0.471578	0.444644	0.464348	
265	0.447357	0.459295	0.452790	0.447085	0.459749	0.447057	0.459379	0.469284	0.447241	0.461473	
270	0.446968	0.457290	0.452320	0.442826	0.457389	0.447231	0.462138	0.468100	0.446132	0.460817	
275	0.442019	0.456939	0.451507	0.443526	0.461144	0.444436	0.462382	0.470530	0.445497	0.465155	
280	0.439760	0.457836	0.451066	0.442211	0.459723	0.440469	0.463386	0.474662	0.451718	0.464540	
285	0.440724	0.458964	0.450511	0.441116	0.454366	0.443643	0.455000	0.476452	0.450055	0.463458	
290	0.440805	0.454927	0.450018	0.436110	0.453565	0.443972	0.449444	0.475414	0.448372	0.465845	
295	0.440422	0.456692	0.448621	0.434198	0.458117	0.444058	0.448948	0.468615	0.448119	0.462228	
300	0.441191	0.451525	0.447421	0.432631	0.457905	0.442028	0.449771	0.470639	0.445670	0.459417	
305	0.439819	0.452144	0.448243	0.435052	0.458857	0.441953	0.448113	0.467834	0.448046	0.460608	
310	0.436740	0.451242	0.447543	0.432839	0.457186	0.443059	0.445702	0.462700	0.446247	0.457585	
315	0.441415	0.449248	0.447934	0.436965	0.457207	0.442231	0.445774	0.465705	0.451189	0.455828	
320	0.440878	0.449775	0.449560	0.442691	0.453413	0.441782	0.444219	0.465120	0.451103	0.456240	
325	0.434573	0.444353	0.449009	0.442285	0.454703	0.442144	0.443168	0.463980	0.447234	0.458081	
330	0.433970	0.440777	0.449363	0.435653	0.449215	0.443459	0.442583	0.454864	0.448003	0.457558	
335	0.433528	0.441284	0.457378	0.435556	0.448055	0.441048	0.443039	0.456222	0.448470	0.455797	
340	0.433317	0.439407	0.452599	0.434919	0.448175	0.438491	0.442089	0.456181	0.451182	0.460551	
345	0.434424	0.440143	0.452424	0.433192	0.450289	0.439640	0.445248	0.457020	0.452187	0.451977	
350	0.435458	0.439750	0.454194	0.436403	0.451374	0.440267	0.446435	0.461088	0.452899	0.452718	
355	0.436568	0.441487	0.452525	0.441011	0.447973	0.436234	0.450824	0.462436	0.451833	0.449768	
360	0.435645	0.441929	0.449389	0.442760	0.450914	0.435185	0.451474	0.463180	0.455884	0.454383	
365	0.439960	0.440074	0.448755	0.444951	0.448386	0.432174	0.451090	0.456090	0.456031	0.453569	
370	0.437302	0.442499	0.445896	0.442368	0.448333	0.428521	0.455165	0.454676	0.454321	0.455704	
375	0.440679	0.446630	0.446133	0.446366	0.447342	0.430342	0.448526	0.454094	0.456403	0.455611	
380	0.440812	0.450868	0.444870	0.444046	0.447239	0.428599	0.446123	0.461110	0.460062	0.451984	
385	0.444140	0.451180	0.450892	0.447640	0.453512	0.431995	0.442909	0.457360	0.461532	0.460173	
390	0.444804	0.450516	0.452878	0.448423	0.454146	0.433169	0.442892	0.462101	0.457735	0.458677	
395	0.447918	0.456443	0.449079	0.445139	0.454981	0.431034	0.444758	0.461491	0.454676	0.456588	
400	0.452226	0.461953	0.452720	0.445169	0.455345	0.429634	0.444281	0.458925	0.459282	0.454672	
405	0.449045	0.463453	0.455279	0.444068	0.456503	0.426921	0.446187	0.466008	0.457134	0.457449	
410	0.447891	0.462903	0.455888	0.448978	0.460386	0.430529	0.444834	0.467582	0.455260	0.458576	
415	0.447074	0.461485	0.456664	0.445883	0.464697	0.425332	0.447556	0.467913	0.449778	0.460922	
420	0.449212	0.456716	0.452743	0.441565	0.467222	0.426781	0.445588	0.467518	0.447444	0.454809	
425	0.447042	0.460287	0.450933	0.441262	0.462393	0.425732	0.445512	0.469475	0.444037	0.453924	
430	0.446963	0.461558	0.452234	0.445004	0.462530	0.430814	0.442949	0.467429	0.442710	0.457566	
435	0.450587	0.459136	0.452366	0.442221	0.463187	0.431246	0.438667	0.468513	0.449540	0.464812	
440	0.450578	0.458085	0.455252	0.443190	0.459789	0.428552	0.441990	0.471192	0.451684	0.460940	
445	0.452496	0.455534	0.456450	0.442873	0.459143	0.430041	0.439234	0.472090	0.454750	0.458468	
450	0.452182	0.455695	0.454981	0.448839	0.460554	0.428543	0.443322	0.472223	0.456438	0.458794	
455	0.453468	0.454316	0.460016	0.449846	0.462675	0.430822	0.447267	0.475744	0.452913	0.456752	
460	0.451411	0.455891	0.457168	0.446483	0.464801	0.433732	0.449385	0.472217	0.450709	0.457172	
465	0.451469	0.456982	0.456080	0.440099	0.461234	0.435936	0.451020	0.472143	0.446031	0.456455	
470	0.451223	0.457769	0.452914	0.440857	0.465647	0.431916	0.452875	0.466949	0.437958	0.455252	
475	0.448546	0.458879	0.452791	0.441716	0.464640	0.431128	0.452214	0.461691	0.440093	0.458265	
480	0.450187	0.460788	0.449642	0.441453	0.460747	0.431770	0.451019	0.463830	0.441639	0.459158	
485	0.449405	0.454272	0.451367	0.439483	0.458010	0.432766	0.451144	0.462666	0.441578	0.458861	
490	0.452093	0.451253	0.449056	0.432941	0.455739	0.435590	0.446063	0.461980	0.444239	0.456426	
495	0.453669	0.451603	0.450492	0.434311	0.451641	0.436686	0.447222	0.468199	0.448078	0.455368	
500	0.449355	0.451574	0.450892	0.428541	0.452001	0.435076	0.447750	0.469031	0.443007	0.446321	
505	0.447039	0.454141	0.446523	0.430861	0.450936	0.432924	0.447594	0.469327	0.442636	0.440921	
510	0.441726	0.456994	0.445276	0.427447	0.452291	0.428808	0.445355	0.462913	0.438241	0.437828	
515	0.443435	0.456131	0.453315	0.432360	0.454241	0.430413	0.445233	0.458254	0.434704	0.441305	
520	0.443302	0.454116	0.449752	0.430618	0.453076	0.427894	0.443597	0.458949	0.436134	0.443955	
525	0.446450	0.451361	0.450775	0.431362	0.450174	0.432690	0.449212	0.457446	0.439192	0.444937	
530	0.440730	0.453504	0.450347	0.433132	0.451256	0.436959	0.449725	0.460326	0.445895	0.447492	
535	0.437125	0.453615	0.451258	0.436640	0.449894	0.434394	0.447177	0.459736	0.448974	0.448164	
540	0.441542	0.449964	0.453726	0.439054	0.446801	0.434734	0.447206	0.454987	0.446683	0.446188	
545	0.444279	0.448724	0.449837	0.441762	0.446647	0.435848	0.452119	0.456107	0.445403	0.447873	
550	0.445873	0.447318	0.450463	0.439288	0.448990	0.435139	0.452617	0.455341	0.443337	0.450856	
555	0.445761	0.442160	0.450350	0.437579	0.451317	0.436858	0.454311	0.452810	0.445748	0.451487	
560	0.451297	0.440639	0.451530	0.440347	0.453569	0.438583	0.452074	0.453742	0.446854	0.446452	
565	0.446654	0.443152	0.454722	0.434279	0.452770	0.436464	0.452730	0.451500	0.447148	0.449786	
570	0.452489	0.447018	0.447792	0.432828	0.451622	0.438486	0.455576	0.457196	0.451366	0.450898	
575	0.456065	0.449416	0.452571	0.439357	0.449395	0.441076	0.461612	0.457093	0.451787	0.446644	
580	0.454671	0.444918	0.450081	0.437065	0.449101	0.445063	0.466691	0.452606	0.450642	0.447517	
585	0.450959	0.444486	0.450613	0.437452	0.451011	0.445558	0.466084	0.452490	0.451572	0.442933	
590	0.454101	0.446951	0.449063	0.439246	0.450967	0.445086	0.466915	0.455109	0.450018	0.446155	
595	0.455249	0.442124	0.450766	0.441263	0.451237	0.447538	0.464482	0.455304	0.457484	0.446465	
600	0.456705	0.445442	0.459978	0.442335	0.452595	0.444087	0.466362	0.451671	0.453943	0.447886	
605	0.457277	0.439706	0.463232	0.440106	0.451348	0.444590	0.465425	0.454763	0.454795	0.444473	
610	0.458932	0.437661	0.460024	0.438106	0.450916	0.444742	0.462811	0.451337	0.457689	0.447294	
615	0.454161	0.441196	0.459042	0.438180	0.451853	0.441975	0.462414	0.450694	0.456854	0.447394	
620	0.451366	0.442148	0.458033	0.441241	0.452512	0.442344	0.457896	0.452333	0.457703	0.447688	
625	0.448992	0.444655	0.454784	0.437280	0.454413	0.446705	0.457223	0.452475	0.454278	0.447972	
630	0.451626	0.444873	0.453571	0.435329	0.454645	0.446501	0.460852	0.453356	0.452052	0.447481	
635	0.453229	0.447816	0.453862	0.434361	0.453006	0.443003	0.455864	0.454997	0.451570	0.449432	
640	0.453368	0.447801	0.455585	0.433032	0.449117	0.439035	0.455938	0.454742	0.444692	0.446566	
645	0.457088	0.449821	0.463532	0.433938	0.446781	0.436400	0.456495	0.455125	0.443880	0.446414	
650	0.454556	0.450362	0.463042	0.437389	0.446433	0.438804	0.454765	0.455521	0.447236	0.447017	
655	0.454300	0.451046	0.462723	0.437811	0.442955	0.435852	0.458424	0.456589	0.447706	0.441610	
660	0.456557	0.449702	0.458671	0.444781	0.442719	0.441152	0.455892	0.457969	0.446156	0.442580	
665	0.457211	0.454432	0.454417	0.441629	0.439736	0.446617	0.458373	0.454221	0.443387	0.443600	
670	0.455568	0.449037	0.456997	0.438008	0.437235	0.446712	0.463101	0.456314	0.444774	0.439204	
675	0.454677	0.450353	0.461151	0.438296	0.435617	0.446318	0.457431	0.455636	0.450288	0.436908	
680	0.455497	0.448673	0.461346	0.435407	0.434941	0.447053	0.454184	0.454313	0.450497	0.438584	
685	0.452346	0.448865	0.457219	0.431229	0.438068	0.452801	0.455234	0.453534	0.448112	0.437665	
690	0.451771	0.446785	0.455476	0.433991	0.431969	0.446246	0.453459	0.459431	0.450504	0.435369	
695	0.457503	0.440576	0.457931	0.431822	0.431202	0.445895	0.452616	0.459309	0.449995	0.432753	
700	0.456677	0.440690	0.454270	0.431028	0.430233	0.444419	0.453547	0.456138	0.451909	0.434705	
705	0.456758	0.442596	0.449393	0.432745	0.430797	0.440936	0.452349	0.458051	0.454072	0.433095	
710	0.456834	0.441542	0.449877	0.432541	0.431376	0.439851	0.453086	0.456326	0.453898	0.432459	
715	0.453916	0.441334	0.450365	0.437160	0.435502	0.439524	0.443560	0.459472	0.458678	0.433425	
720	0.455660	0.443990	0.451603	0.436939	0.436654	0.441017	0.442762	0.458052	0.463884	0.439471	
725	0.457348	0.448382	0.453601	0.437916	0.439894	0.438317	0.440314	0.459045	0.460791	0.437728	
730	0.457541	0.448153	0.450723	0.444092	0.438505	0.440289	0.441446	0.458147	0.459368	0.437664	
735	0.454017	0.449312	0.451881	0.446487	0.442240	0.442052	0.445848	0.456811	0.454279	0.439215	
740	0.455567	0.446113	0.449456	0.443030	0.440146	0.441155	0.448330	0.458131	0.457439	0.439080	
745	0.451998	0.449791	0.452562	0.443761	0.434824	0.444871	0.444830	0.460407	0.449319	0.438841	
750	0.448140	0.447843	0.455065	0.443394	0.437419	0.447185	0.443118	0.455673	0.451087	0.448463	
755	0.446013	0.444551	0.451266	0.447566	0.437756	0.447600	0.444908	0.456908	0.447613	0.442884	
760	0.447105	0.444448	0.448555	0.445365	0.442023	0.450842	0.447978	0.458438	0.445695	0.443221	
765	0.446152	0.444467	0.446104	0.451195	0.444086	0.448198	0.446050	0.460061	0.444173	0.446168	
770	0.447546	0.441594	0.443646	0.451112	0.439155	0.443484	0.446649	0.457676	0.448398	0.447679	
775	0.448938	0.443597	0.446979	0.456126	0.444294	0.446028	0.444179	0.459545	0.444667	0.448548	
780	0.454362	0.446252	0.448905	0.454699	0.445780	0.446487	0.445317	0.458250	0.443332	0.447590	
785	0.455065	0.444280	0.444284	0.457958	0.445460	0.448963	0.444022	0.460952	0.441354	0.450541	
790	0.447117	0.443252	0.450987	0.457728	0.443233	0.448495	0.449327	0.460031	0.437171	0.452881	
795	0.446282	0.450124	0.452467	0.455164	0.443097	0.444434	0.449643	0.462143	0.437460	0.452899	
800	0.448752	0.449183	0.455265	0.449534	0.444236	0.440503	0.449932	0.462519	0.433962	0.454408	
805	0.446156	0.450702	0.453110	0.449833	0.440032	0.441468	0.446021	0.462274	0.436054	0.453182	
810	0.446108	0.452924	0.451253	0.449543	0.439201	0.442442	0.444871	0.459596	0.435561	0.452810	
815	0.443779	0.456009	0.453148	0.450580	0.441825	0.447144	0.451605	0.459387	0.434007	0.448328	
820	0.438865	0.456661	0.452364	0.450564	0.439238	0.444778	0.452820	0.458475	0.435215	0.439872	
825	0.442148	0.455054	0.454006	0.449932	0.438049	0.447970	0.448483	0.459691	0.434551	0.441224	
830	0.441178	0.456822	0.453783	0.448028	0.441945	0.447991	0.447930	0.460672	0.437149	0.445007	
835	0.441153	0.461391	0.451304	0.450202	0.443000	0.446318	0.447268	0.456913	0.435812	0.443390	
840	0.440393	0.464090	0.448906	0.450528	0.438775	0.437867	0.451392	0.451283	0.429106	0.442471	
845	0.439443	0.464269	0.452774	0.449301	0.434886	0.442995	0.451693	0.450866	0.426513	0.442580	
850	0.442174	0.462778	0.444649	0.447074	0.433815	0.441335	0.452765	0.450118	0.431662	0.447766	
855	0.442645	0.463092	0.446706	0.441913	0.433625	0.437778	0.452556	0.449403	0.425369	0.449795	
860	0.439111	0.456774	0.447464	0.442630	0.435266	0.440457	0.451819	0.452230	0.428280	0.446523	
865	0.437469	0.461632	0.448061	0.443267	0.433132	0.440530	0.450634	0.453879	0.431092	0.447399	
870	0.439164	0.465355	0.450027	0.444597	0.432077	0.442600	0.447283	0.455757	0.430115	0.451334	
875	0.442875	0.463540	0.452106	0.446584	0.427412	0.443791	0.445969	0.457013	0.429601	0.451225	
880	0.436767	0.461533	0.450143	0.447376	0.432261	0.440248	0.447348	0.451599	0.424101	0.447445	
885	0.432678	0.458956	0.446557	0.448226	0.428635	0.435270	0.449150	0.450683	0.426592	0.455910	
890	0.438336	0.454515	0.445444	0.445864	0.429828	0.432367	0.448952	0.449804	0.427701	0.452943	
895	0.444524	0.456701	0.444434	0.443669	0.434676	0.432338	0.447696	0.450426	0.427753	0.451368	
900	0.443296	0.455781	0.445837	0.441521	0.433446	0.434381	0.454540	0.449431	0.430905	0.448846	
905	0.445308	0.457876	0.445328	0.440402	0.435338	0.436270	0.454188	0.448251	0.432092	0.448272	
910	0.442378	0.457976	0.448929	0.438471	0.430576	0.438484	0.452480	0.447151	0.430665	0.449168	
915	0.443151	0.458079	0.443887	0.438559	0.438185	0.441653	0.452400	0.444973	0.427195	0.451836	
920	0.444181	0.453252	0.445099	0.439759	0.434419	0.445007	0.452724	0.442659	0.423543	0.452454	
925	0.445740	0.448252	0.440391	0.439951	0.434335	0.444566	0.451333	0.446246	0.426034	0.450480	
930	0.443544	0.451158	0.441795	0.438854	0.433370	0.444046	0.451448	0.442458	0.422968	0.452139	
935	0.443079	0.448383	0.441707	0.438504	0.428213	0.446496	0.448259	0.443953	0.423710	0.453293	
940	0.447139	0.437570	0.441552	0.433557	0.427910	0.446149	0.445147	0.440375	0.421600	0.452821	
945	0.444252	0.440365	0.441440	0.432621	0.427296	0.436624	0.435670	0.441306	0.419845	0.453433	
950	0.445998	0.438416	0.444424	0.434469	0.430084	0.441127	0.435257	0.440897	0.417180	0.454687	
955	0.442264	0.443620	0.444204	0.428544	0.434560	0.448033	0.438084	0.443076	0.422013	0.453605	
960	0.441530	0.448207	0.444943	0.429120	0.439010	0.446217	0.436125	0.444620	0.426452	0.454833	
965	0.446084	0.449056	0.449867	0.429329	0.438981	0.450164	0.436355	0.446787	0.426499	0.458520	
970	0.446717	0.457597	0.446382	0.430946	0.442675	0.450315	0.439576	0.447491	0.424744	0.459914	
975	0.446954	0.452956	0.450023	0.430955	0.439150	0.447689	0.441611	0.446420	0.424601	0.460106	
980	0.451442	0.452436	0.447886	0.437588	0.438468	0.448611	0.445987	0.442270	0.430252	0.455416	
985	0.446781	0.449883	0.452965	0.439579	0.438140	0.450179	0.451089	0.443400	0.432142	0.455795	
990	0.449240	0.445003	0.455146	0.435531	0.438886	0.449213	0.447801	0.448397	0.431071	0.452858	
995	0.450938	0.446068	0.457535	0.437110	0.438828	0.452186	0.447102	0.449144	0.432183	0.451844	
1000	0.449350	0.447349	0.455691	0.438148	0.438671	0.454356	0.444942	0.450260	0.435892	0.450429	
1005	0.448690	0.445453	0.450982	0.434985	0.439141	0.456421	0.450245	0.454488	0.441577	0.446726	
1010	0.451508	0.446245	0.450266	0.435503	0.443245	0.453558	0.453502	0.456120	0.442955	0.445219	
1015	0.448126	0.447044	0.453266	0.440817	0.442131	0.454735	0.455895	0.452324	0.442755	0.443033	
1020	0.448794	0.452492	0.450674	0.439175	0.442039	0.455444	0.457134	0.452200	0.438577	0.442948	
1025	0.451763	0.454588	0.450268	0.436700	0.442748	0.452952	0.458141	0.449792	0.438403	0.441522	
1030	0.451333	0.457764	0.450803	0.434356	0.441244	0.456354	0.454245	0.450177	0.436905	0.437654	
1035	0.448473	0.460581	0.452802	0.435100	0.437490	0.457697	0.453829	0.448641	0.437064	0.441280	
1040	0.444635	0.461410	0.450969	0.434141	0.437778	0.459853	0.450946	0.445821	0.436519	0.443990	
1045	0.440104	0.462775	0.447641	0.435525	0.438651	0.457007	0.447552	0.444088	0.434986	0.440225	
1050	0.440930	0.460502	0.441714	0.435895	0.440903	0.454700	0.445533	0.442676	0.437220	0.440100	
1055	0.439954	0.460684	0.439131	0.438866	0.442170	0.449433	0.447921	0.439659	0.438669	0.440780	
1060	0.443110	0.458002	0.440372	0.442868	0.438476	0.446641	0.450158	0.441145	0.437311	0.443509	
1065	0.442770	0.455800	0.440867	0.444372	0.431842	0.446338	0.454350	0.435997	0.444179	0.446242	
1070	0.439578	0.461358	0.442867	0.442428	0.433607	0.445617	0.456664	0.437559	0.445902	0.448208	
1075	0.442258	0.456220	0.446144	0.449557	0.436302	0.441548	0.452312	0.440796	0.452734	0.445501	
1080	0.444876	0.459931	0.446525	0.456676	0.437256	0.446876	0.448427	0.439979	0.454457	0.442046	
1085	0.444490	0.457921	0.444314	0.456681	0.440404	0.448748	0.446508	0.438584	0.452198	0.435599	
1090	0.441813	0.454044	0.441927	0.454661	0.441696	0.451507	0.441946	0.436875	0.444997	0.433043	
1095	0.438563	0.459403	0.438873	0.453532	0.444882	0.451092	0.439440	0.436643	0.448487	0.435368	
1100	0.437719	0.455085	0.437767	0.453155	0.442175	0.451395	0.440295	0.434933	0.444697	0.431666	
1105	0.440413	0.457784	0.439299	0.451826	0.439450	0.453976	0.440162	0.436540	0.441258	0.432385	
1110	0.437904	0.457938	0.438741	0.448448	0.440505	0.453004	0.443651	0.434528	0.439120	0.433554	
1115	0.438285	0.463566	0.442735	0.441303	0.441465	0.450730	0.445182	0.433490	0.445172	0.435232	
1120	0.442398	0.460802	0.439888	0.439468	0.442642	0.457547	0.441091	0.440214	0.446594	0.432490	
1125	0.444522	0.458236	0.437390	0.442530	0.446069	0.457275	0.435607	0.440527	0.444543	0.433501	
1130	0.445567	0.451156	0.434905	0.443346	0.447997	0.455894	0.434707	0.439408	0.448521	0.435753	
1135	0.448576	0.450588	0.431324	0.444066	0.447741	0.453934	0.433369	0.443670	0.447749	0.438321	
1140	0.447694	0.449753	0.434966	0.443459	0.447664	0.453534	0.430761	0.444100	0.447257	0.442684	
1145	0.442954	0.451009	0.437460	0.447754	0.447430	0.455318	0.432572	0.441228	0.445379	0.445102	
1150	0.439458	0.450299	0.435475	0.448855	0.448282	0.454938	0.431525	0.438595	0.445241	0.443926	
1155	0.440718	0.455815	0.434190	0.449426	0.457381	0.452132	0.434124	0.437340	0.446967	0.444427	
1160	0.443159	0.449892	0.430863	0.445834	0.456983	0.449381	0.432840	0.439501	0.449367	0.442605	
1165	0.442650	0.454167	0.430953	0.446100	0.458701	0.455473	0.429424	0.441955	0.449798	0.437697	
1170	0.441078	0.451402	0.428263	0.444974	0.461836	0.457130	0.429401	0.446235	0.449706	0.435287	
1175	0.440043	0.455280	0.428010	0.445601	0.461007	0.455898	0.430246	0.441736	0.453525	0.433292	
1180	0.441812	0.458346	0.430120	0.442715	0.459968	0.456075	0.433900	0.445421	0.456918	0.437402	
1185	0.440402	0.458997	0.427670	0.442913	0.462771	0.449949	0.434708	0.445743	0.457586	0.443186	
1190	0.439667	0.455903	0.434674	0.443113	0.461200	0.451978	0.434370	0.446332	0.456904	0.440206	
1195	0.437783	0.459057	0.430121	0.444761	0.457334	0.449996	0.433089	0.442965	0.454631	0.436913	
1200	0.438307	0.456054	0.427336	0.444555	0.457965	0.450046	0.435737	0.441829	0.452676	0.437348	
1205	0.436559	0.456271	0.424297	0.444615	0.461251	0.450679	0.434961	0.438946	0.448032	0.436008	
1210	0.434640	0.456395	0.429659	0.442151	0.461065	0.448524	0.435569	0.441867	0.447438	0.436915	
1215	0.433320	0.455327	0.428337	0.442107	0.454264	0.448832	0.440199	0.443024	0.448845	0.439429	
1220	0.423820	0.459751	0.430560	0.441778	0.460790	0.444143	0.439760	0.444042	0.445164	0.444892	
1225	0.426855	0.457587	0.433366	0.435288	0.463238	0.446788	0.438476	0.440750	0.449362	0.446751	
1230	0.425566	0.455926	0.432652	0.435278	0.457353	0.444765	0.439927	0.438693	0.447145	0.446553	
1235	0.424877	0.452602	0.431744	0.435099	0.458121	0.442381	0.442651	0.439449	0.446965	0.448247	
1240	0.424834	0.451591	0.434155	0.436347	0.452985	0.441331	0.436866	0.436976	0.445134	0.445799	
1245	0.430212	0.451018	0.432570	0.440288	0.454503	0.446819	0.438134	0.443375	0.443918	0.445433	
1250	0.430801	0.452585	0.431774	0.438754	0.458340	0.446642	0.439779	0.446525	0.440732	0.447802	
1255	0.428560	0.445584	0.434022	0.442109	0.459812	0.449036	0.443115	0.446161	0.439540	0.444027	
1260	0.430610	0.447378	0.436703	0.442146	0.463965	0.447090	0.443905	0.447232	0.438937	0.445596	
1265	0.434431	0.445644	0.438450	0.439376	0.456805	0.446296	0.438028	0.449193	0.440108	0.445295	
1270	0.437464	0.446671	0.438744	0.442028	0.454275	0.445504	0.436417	0.448839	0.435499	0.453573	
1275	0.439437	0.446390	0.440178	0.437927	0.456581	0.446971	0.434827	0.444490	0.435336	0.447224	
1280	0.441830	0.443913	0.439380	0.443275	0.456574	0.444492	0.437285	0.445223	0.434875	0.448934	
1285	0.443775	0.445025	0.437837	0.441067	0.457166	0.445582	0.437823	0.441171	0.430098	0.448489	
1290	0.441939	0.445932	0.440081	0.441634	0.461030	0.448511	0.436757	0.439958	0.431956	0.444977	
1295	0.441392	0.448236	0.441338	0.443421	0.459864	0.449758	0.437793	0.436086	0.430961	0.441049	
1300	0.440657	0.444250	0.446506	0.443636	0.456000	0.452575	0.439651	0.437595	0.432479	0.440331	
1305	0.438896	0.440004	0.451233	0.441801	0.457726	0.453107	0.436326	0.438697	0.432869	0.444155	
1310	0.443533	0.442557	0.447325	0.442218	0.457354	0.452605	0.437338	0.439106	0.430134	0.446877	
1315	0.448971	0.445105	0.450596	0.443120	0.456811	0.449887	0.437141	0.436209	0.428537	0.445467	
1320	0.447081	0.445342	0.450681	0.438506	0.458712	0.452245	0.436116	0.433787	0.428664	0.448877	
1325	0.445827	0.445768	0.455604	0.441273	0.458379	0.452920	0.436449	0.437863	0.429128	0.447800	
1330	0.446513	0.448439	0.457158	0.444157	0.455080	0.454959	0.442704	0.439953	0.430876	0.450055	
1335	0.440855	0.448984	0.460463	0.444190	0.453891	0.453457	0.438097	0.443628	0.430146	0.449738	
1340	0.438561	0.449403	0.455292	0.443634	0.456747	0.451140	0.438079	0.445409	0.430861	0.451044	
1345	0.434763	0.451681	0.459699	0.445165	0.452509	0.453501	0.437994	0.440836	0.426599	0.448603	
1350	0.434963	0.449847	0.457310	0.444225	0.448770	0.455353	0.431924	0.441488	0.425643	0.449330	
1355	0.435855	0.451998	0.454622	0.442807	0.452716	0.454891	0.437020	0.442770	0.431836	0.445810	
1360	0.436061	0.451316	0.456166	0.444074	0.450385	0.454631	0.441037	0.441630	0.432036	0.442174	
1365	0.437228	0.449466	0.458883	0.443606	0.448963	0.452152	0.444790	0.443835	0.429919	0.435970	
1370	0.437936	0.445724	0.454679	0.446513	0.442146	0.451700	0.438302	0.446882	0.430627	0.430189	
1375	0.434113	0.441268	0.455638	0.445035	0.438422	0.448087	0.436340	0.446743	0.433711	0.430481	
1380	0.435899	0.443814	0.449112	0.445247	0.436298	0.449115	0.435981	0.446993	0.436055	0.436081	
1385	0.435926	0.445127	0.448043	0.445084	0.438225	0.450002	0.437173	0.446331	0.436738	0.441110	
1390	0.440871	0.449265	0.455142	0.441230	0.438819	0.450599	0.440339	0.445465	0.441578	0.445155	
1395	0.437423	0.450836	0.454922	0.442029	0.444279	0.454759	0.439778	0.443140	0.436642	0.446273	
1400	0.437771	0.449355	0.455391	0.443130	0.445081	0.453342	0.439754	0.443502	0.436482	0.446433	
1405	0.440254	0.450247	0.452004	0.446519	0.442835	0.458529	0.440674	0.443905	0.434478	0.445686	
1410	0.441512	0.452410	0.454905	0.446309	0.438330	0.455853	0.438904	0.439422	0.435438	0.449077	
1415	0.445455	0.449906	0.458263	0.446868	0.437626	0.453971	0.443725	0.437380	0.436452	0.447095	
1420	0.439503	0.449649	0.460445	0.446809	0.440919	0.456062	0.444942	0.439694	0.433793	0.449956	
1425	0.431115	0.451000	0.459690	0.441102	0.441581	0.457237	0.446961	0.439371	0.432345	0.451935	
1430	0.431010	0.447034	0.458973	0.438503	0.440673	0.452971	0.443961	0.438351	0.433509	0.448509	
1435	0.425113	0.449645	0.459771	0.437635	0.439819	0.451225	0.445062	0.440230	0.432387	0.447201	
1440	0.426613	0.448484	0.459372	0.437773	0.437381	0.450911	0.443133	0.440697	0.434704	0.448002	
1445	0.425591	0.448917	0.457849	0.442884	0.435622	0.451335	0.445543	0.443238	0.436769	0.446810	
1450	0.427349	0.448799	0.458578	0.437979	0.435615	0.452981	0.443854	0.445878	0.440501	0.448222	
1455	0.426534	0.452159	0.455618	0.440416	0.433754	0.454052	0.442104	0.446584	0.443300	0.441743	
1460	0.430401	0.450042	0.462698	0.442122	0.429567	0.453426	0.442453	0.450344	0.443872	0.443488	
1465	0.429017	0.447872	0.462222	0.436690	0.433489	0.452798	0.439045	0.449442	0.442135	0.442803	
1470	0.431618	0.450313	0.458965	0.436414	0.436709	0.452124	0.433111	0.448263	0.442616	0.447445	
1475	0.430402	0.450308	0.455447	0.439345	0.434942	0.453007	0.427430	0.446154	0.444858	0.451366	
1480	0.431743	0.450839	0.457882	0.442361	0.431823	0.453455	0.429139	0.441873	0.447031	0.452837	
1485	0.431230	0.448828	0.460240	0.439845	0.431022	0.452420	0.430465	0.446372	0.449430	0.456007	
1490	0.432223	0.449992	0.463106	0.439564	0.426888	0.451238	0.432023	0.444698	0.449754	0.451283	
1495	0.434660	0.451207	0.463132	0.437986	0.429332	0.456942	0.436419	0.446882	0.452267	0.454971	
1500	0.433950	0.451551	0.464382	0.439009	0.432068	0.457296	0.437009	0.445290	0.451859	0.448165	
1505	0.434447	0.453473	0.463821	0.439933	0.429021	0.460980	0.435509	0.443982	0.451174	0.445936	
1510	0.435725	0.453095	0.462669	0.443333	0.434666	0.461194	0.439273	0.449724	0.449851	0.446039	
1515	0.434449	0.453702	0.462917	0.439973	0.437099	0.458558	0.438192	0.447652	0.448243	0.449250	
1520	0.434630	0.450397	0.459363	0.439019	0.440068	0.457906	0.437161	0.445901	0.448493	0.449177	
1525	0.434394	0.452099	0.456613	0.438509	0.435877	0.458109	0.441986	0.448030	0.448741	0.446884	
1530	0.433920	0.448784	0.454984	0.440057	0.435647	0.454036	0.441504	0.452753	0.450007	0.443921	
1535	0.432385	0.451813	0.457384	0.439791	0.436344	0.447960	0.438073	0.452648	0.448248	0.445567	
1540	0.435606	0.453951	0.459824	0.445463	0.442828	0.446746	0.441102	0.455954	0.445611	0.446751	
1545	0.435786	0.450579	0.458951	0.450611	0.444436	0.445888	0.443023	0.454039	0.447464	0.446515	
1550	0.434066	0.449137	0.459916	0.449374	0.444607	0.440216	0.441895	0.454457	0.443786	0.450824	
1555	0.435725	0.444654	0.459733	0.449849	0.447277	0.442099	0.439920	0.448152	0.446662	0.450864	
1560	0.432431	0.442592	0.461766	0.450630	0.443566	0.446170	0.443268	0.445585	0.446735	0.454242	
1565	0.432220	0.448772	0.458692	0.449319	0.444886	0.447427	0.444145	0.445599	0.450578	0.446701	
1570	0.435341	0.446974	0.460371	0.450039	0.450476	0.450478	0.442672	0.445183	0.447480	0.447870	
1575	0.435461	0.440559	0.462244	0.448310	0.453564	0.449513	0.443858	0.438756	0.450152	0.446216	
1580	0.431578	0.444346	0.458913	0.449830	0.453624	0.449042	0.447369	0.437025	0.450642	0.442868	
1585	0.433126	0.442327	0.455819	0.449430	0.447892	0.449068	0.449626	0.437057	0.446582	0.442999	
1590	0.428524	0.440685	0.456199	0.449494	0.444233	0.447049	0.450149	0.435870	0.448648	0.443374	
1595	0.429453	0.439266	0.455982	0.447624	0.436882	0.450228	0.450692	0.432182	0.446089	0.443036	
1600	0.431107	0.437608	0.457879	0.445675	0.439253	0.445379	0.451292	0.435176	0.445466	0.446415	
1605	0.431835	0.438896	0.458743	0.448253	0.433903	0.442090	0.448784	0.435110	0.445515	0.444310	
1610	0.428388	0.438058	0.454268	0.442799	0.429996	0.444133	0.443119	0.435356	0.437278	0.444035	
1615	0.431132	0.436529	0.454805	0.441209	0.432500	0.443409	0.443259	0.433540	0.435782	0.441378	
1620	0.429552	0.438023	0.451172	0.439583	0.438721	0.447487	0.444669	0.432150	0.437165	0.441595	
1625	0.428566	0.437993	0.454871	0.441755	0.437413	0.448906	0.443165	0.433708	0.434926	0.440217	
1630	0.424544	0.435983	0.457863	0.440731	0.434650	0.451627	0.444728	0.434137	0.435854	0.439381	
1635	0.422669	0.440999	0.458678	0.444700	0.439165	0.450870	0.445471	0.432034	0.434157	0.440638	
1640	0.427155	0.440665	0.457350	0.444325	0.439620	0.456583	0.446029	0.430755	0.433405	0.440703	
1645	0.425197	0.437021	0.457650	0.444972	0.440011	0.453232	0.447070	0.426951	0.437228	0.441944	
1650	0.424448	0.445557	0.458141	0.439956	0.440475	0.447869	0.445974	0.424281	0.436821	0.440973	
1655	0.428018	0.444663	0.456497	0.441992	0.439743	0.450343	0.447035	0.418467	0.438721	0.442821	
1660	0.425624	0.443036	0.454443	0.441325	0.440690	0.446553	0.449103	0.420005	0.440601	0.442708	
1665	0.429219	0.443918	0.453938	0.439149	0.439148	0.450356	0.453917	0.420007	0.440283	0.441675	
1670	0.428785	0.448733	0.454186	0.441835	0.442411	0.446724	0.448693	0.420266	0.435787	0.439009	
1675	0.431813	0.450267	0.456491	0.441222	0.445860	0.445957	0.446114	0.422842	0.438170	0.439460	
1680	0.430356	0.446871	0.457081	0.441321	0.446106	0.446142	0.444624	0.424182	0.438335	0.440501	
1685	0.430907	0.446794	0.452160	0.440508	0.442928	0.447463	0.445706	0.426553	0.439641	0.438622	
1690	0.433978	0.442142	0.445653	0.440682	0.442516	0.448850	0.444447	0.430015	0.441348	0.434846	
1695	0.435276	0.444404	0.447750	0.440400	0.438367	0.448119	0.440941	0.432988	0.438154	0.440465	
1700	0.433255	0.443674	0.451920	0.444993	0.438776	0.445967	0.438993	0.430960	0.439170	0.438556	
1705	0.435414	0.442690	0.448791	0.443073	0.441643	0.448090	0.433348	0.432802	0.439482	0.441192	
1710	0.438042	0.441345	0.447232	0.444766	0.440480	0.450317	0.435960	0.430574	0.441111	0.441018	
1715	0.441508	0.439360	0.443938	0.441648	0.440797	0.446047	0.438537	0.427200	0.443210	0.441054	
1720	0.438985	0.439460	0.443168	0.438674	0.443256	0.443813	0.435201	0.429290	0.443917	0.440504	
1725	0.440891	0.437061	0.444532	0.438542	0.443351	0.444679	0.435538	0.434133	0.444878	0.442254	
1730	0.444206	0.440983	0.447776	0.443000	0.444295	0.441545	0.437151	0.431621	0.443692	0.443904	
1735	0.444032	0.440777	0.444729	0.439382	0.438716	0.437003	0.438082	0.433364	0.440325	0.443873	
1740	0.442524	0.445660	0.444602	0.437835	0.439170	0.432025	0.429528	0.434270	0.442764	0.444452	
1745	0.441978	0.448097	0.443303	0.441377	0.443597	0.432350	0.426708	0.430486	0.443093	0.449276	
1750	0.444490	0.449885	0.445489	0.440382	0.445497	0.434163	0.427404	0.432370	0.440944	0.448381	
1755	0.445137	0.448628	0.448957	0.441152	0.445749	0.434660	0.427601	0.437493	0.443517	0.449461	
1760	0.442221	0.448308	0.451457	0.439065	0.448326	0.435213	0.430144	0.437729	0.440704	0.450537	
1765	0.443936	0.449229	0.449938	0.441528	0.448284	0.436085	0.433463	0.439056	0.443728	0.451868	
1770	0.446819	0.451056	0.453191	0.446028	0.442136	0.437206	0.432072	0.442489	0.445479	0.454824	
1775	0.446128	0.447909	0.454182	0.448720	0.444470	0.438382	0.431776	0.442320	0.446311	0.459333	
1780	0.444735	0.453317	0.453019	0.448567	0.442951	0.435381	0.428435	0.441896	0.441230	0.458414	
1785	0.443233	0.451057	0.453224	0.447486	0.444696	0.438127	0.425459	0.443262	0.443531	0.454915	
1790	0.442248	0.448616	0.445921	0.448041	0.445831	0.440482	0.424845	0.440140	0.441632	0.448918	
1795	0.443174	0.445963	0.443457	0.444477	0.450210	0.438332	0.426655	0.440477	0.444594	0.453332	
1800	0.445727	0.445772	0.440756	0.442927	0.448417	0.439733	0.425193	0.440634	0.442471	0.451261	
1805	0.449095	0.444290	0.444485	0.448366	0.446005	0.437809	0.424116	0.441936	0.444484	0.448833	
1810	0.452722	0.448185	0.449501	0.446763	0.448925	0.438517	0.428760	0.443465	0.441860	0.445366	
1815	0.453820	0.445289	0.449254	0.448820	0.445736	0.437959	0.428985	0.442615	0.440949	0.440315	
1820	0.457222	0.446479	0.449653	0.457714	0.444338	0.437921	0.426830	0.439645	0.442358	0.441960	
1825	0.459651	0.443311	0.451840	0.453998	0.445140	0.435995	0.422581	0.439284	0.438720	0.439314	
1830	0.462627	0.442730	0.454925	0.446248	0.447094	0.435317	0.422677	0.438177	0.447158	0.443524	
1835	0.463270	0.441639	0.457562	0.439712	0.451422	0.435471	0.423908	0.430980	0.439276	0.448432	
1840	0.462427	0.442744	0.456747	0.438797	0.456140	0.437087	0.423334	0.428341	0.443066	0.448820	
1845	0.467144	0.445913	0.453215	0.435370	0.457783	0.438997	0.423723	0.431954	0.440187	0.444725	
1850	0.468361	0.443636	0.454244	0.436112	0.456859	0.437087	0.426831	0.433138	0.443666	0.443214	
1855	0.466987	0.443218	0.450398	0.442232	0.453903	0.435000	0.431382	0.436914	0.445199	0.440172	
1860	0.467564	0.441813	0.447904	0.443425	0.452964	0.437194	0.432997	0.442221	0.442672	0.442968	
1865	0.468510	0.442172	0.447828	0.443801	0.453002	0.435326	0.436671	0.439287	0.444310	0.441104	
1870	0.467604	0.443723	0.445820	0.439289	0.450526	0.433602	0.437464	0.442050	0.445767	0.442975	
1875	0.469458	0.442175	0.444656	0.435606	0.451860	0.435307	0.435078	0.447213	0.443034	0.443316	
1880	0.470389	0.442639	0.442171	0.432904	0.452320	0.437858	0.434602	0.449693	0.442557	0.440718	
1885	0.467675	0.441915	0.440308	0.427410	0.457999	0.436135	0.435982	0.452594	0.442347	0.443551	
1890	0.471378	0.443174	0.441422	0.428676	0.461886	0.437578	0.435736	0.456201	0.439807	0.439745	
1895	0.469523	0.441759	0.443071	0.435154	0.457764	0.440665	0.438137	0.458464	0.438536	0.442257	
1900	0.465791	0.442424	0.442091	0.436749	0.456744	0.444177	0.440158	0.458420	0.441370	0.441350	
1905	0.466202	0.440621	0.443579	0.436199	0.457043	0.444668	0.436501	0.453319	0.438520	0.448452	
1910	0.460922	0.444759	0.436270	0.440829	0.455187	0.448247	0.439727	0.451808	0.442402	0.452611	
1915	0.461189	0.442306	0.439908	0.443568	0.449464	0.445681	0.437608	0.446890	0.442051	0.452914	
1920	0.459248	0.449834	0.439987	0.444493	0.455161	0.442781	0.438530	0.446816	0.446045	0.451763	
1925	0.454901	0.451042	0.441801	0.445031	0.450575	0.440736	0.441898	0.450022	0.442281	0.451276	
1930	0.453629	0.446089	0.448784	0.443094	0.449661	0.439750	0.446840	0.448604	0.440840	0.448317	
1935	0.452645	0.448233	0.446915	0.441075	0.451058	0.437735	0.448957	0.445800	0.441679	0.449956	
1940	0.459981	0.443585	0.449255	0.442004	0.447217	0.440627	0.452522	0.451544	0.443042	0.453609	
1945	0.458424	0.443233	0.449640	0.442616	0.449727	0.435512	0.450700	0.447571	0.438695	0.454531	
1950	0.459669	0.440534	0.446929	0.445611	0.448638	0.435006	0.448635	0.447437	0.438034	0.457690	
1955	0.452779	0.441380	0.445914	0.445635	0.447544	0.436017	0.447595	0.441775	0.441323	0.462006	
1960	0.451734	0.441540	0.448088	0.443421	0.445426	0.437200	0.441809	0.427880	0.440734	0.457496	
1965	0.450004	0.440733	0.446675	0.446064	0.447007	0.436158	0.439838	0.426602	0.439828	0.457005	
1970	0.453281	0.445868	0.447324	0.449298	0.447455	0.437459	0.439736	0.426236	0.440077	0.453729	
1975	0.447881	0.445464	0.448350	0.448315	0.447741	0.434738	0.443152	0.424489	0.440003	0.455820	
1980	0.443642	0.448756	0.446104	0.445171	0.447576	0.434121	0.441108	0.421359	0.439869	0.458087	
1985	0.444110	0.442263	0.449000	0.443633	0.449077	0.432332	0.441302	0.424033	0.438997	0.460261	
1990	0.445569	0.440998	0.452369	0.442227	0.447682	0.434184	0.439692	0.424037	0.438187	0.461907	
1995	0.440020	0.441665	0.447382	0.443017	0.448147	0.434425	0.441571	0.420430	0.438681	0.460464	
2000	0.443538	0.443092	0.443409	0.446322	0.451987	0.433755	0.440768	0.428515	0.437431	0.456979	
2005	0.447486	0.446111	0.445799	0.447469	0.450134	0.432623	0.443677	0.429205	0.438933	0.457434	
2010	0.449957	0.446426	0.444508	0.447761	0.452809	0.435896	0.445084	0.430592	0.445408	0.456549	
2015	0.447188	0.447358	0.446724	0.447274	0.460089	0.435867	0.443644	0.431948	0.445279	0.454083	
2020	0.448972	0.450823	0.448941	0.446218	0.459469	0.438060	0.441811	0.436193	0.442153	0.454303	
2025	0.455070	0.452741	0.449487	0.445448	0.460422	0.438514	0.442566	0.437558	0.442110	0.452101	
2030	0.454066	0.449448	0.448084	0.441808	0.456516	0.442865	0.439018	0.435352	0.443903	0.451859	
2035	0.455553	0.450948	0.447805	0.442034	0.455216	0.442547	0.438165	0.435447	0.443074	0.448166	
2040	0.454290	0.452295	0.448838	0.442152	0.452425	0.445120	0.436961	0.432455	0.445742	0.449585	
2045	0.452663	0.451052	0.446722	0.444795	0.450091	0.442048	0.436484	0.435201	0.443492	0.451674	
2050	0.451751	0.449861	0.444265	0.444769	0.456794	0.443599	0.437385	0.435556	0.443464	0.454116	
2055	0.451485	0.447496	0.449748	0.442966	0.451056	0.441301	0.435960	0.435662	0.445373	0.453795	
2060	0.450160	0.444443	0.446524	0.441215	0.452362	0.440702	0.431153	0.439456	0.442636	0.453395	
2065	0.451776	0.444126	0.445662	0.437619	0.448812	0.444217	0.431509	0.439213	0.443418	0.455896	
2070	0.447761	0.447573	0.441270	0.440718	0.450785	0.444371	0.429189	0.442442	0.443701	0.456834	
2075	0.451305	0.446825	0.445105	0.437732	0.453675	0.443694	0.430074	0.437645	0.447664	0.455748	
2080	0.455826	0.447190	0.445638	0.436511	0.457295	0.444066	0.431119	0.435239	0.443194	0.456595	
2085	0.454749	0.447024	0.441463	0.436167	0.454869	0.447840	0.434259	0.436057	0.444232	0.458724	
2090	0.454817	0.449719	0.441220	0.437119	0.455182	0.451224	0.435946	0.437643	0.442789	0.461187	
2095	0.445703	0.449683	0.440678	0.436737	0.456452	0.455351	0.435052	0.433834	0.443453	0.457677	
2100	0.446329	0.450962	0.445513	0.435710	0.457070	0.456988	0.431151	0.437370	0.446171	0.451583	
2105	0.443316	0.446593	0.437835	0.435154	0.459768	0.458466	0.433652	0.440884	0.442345	0.444970	
2110	0.445105	0.444169	0.433441	0.435487	0.457695	0.458363	0.437956	0.438093	0.441573	0.446973	
2115	0.444727	0.446225	0.439970	0.436135	0.457770	0.456283	0.438633	0.439143	0.445521	0.447687	
2120	0.447916	0.445501	0.443390	0.432139	0.461460	0.454822	0.441789	0.440373	0.444972	0.444514	
2125	0.445077	0.442658	0.446263	0.430842	0.461583	0.455974	0.448324	0.443817	0.444111	0.441439	
2130	0.446112	0.438470	0.445845	0.428899	0.460332	0.454993	0.446983	0.439405	0.445529	0.437554	
2135	0.448579	0.439683	0.449474	0.434974	0.460044	0.457302	0.446577	0.445023	0.446955	0.439783	
2140	0.448857	0.439977	0.452640	0.434008	0.461430	0.461832	0.445399	0.443731	0.445208	0.447270	
2145	0.449691	0.443178	0.448229	0.432577	0.460318	0.459393	0.443715	0.448145	0.444456	0.446623	
2150	0.456478	0.441232	0.448256	0.433766	0.459346	0.457654	0.445918	0.447890	0.443338	0.448997	
2155	0.454605	0.438025	0.452900	0.431699	0.458546	0.457575	0.443503	0.445587	0.447256	0.449772	
2160	0.453798	0.439869	0.451502	0.430754	0.459542	0.456031	0.448746	0.451105	0.439795	0.450379	
2165	0.453969	0.442534	0.456428	0.430568	0.455977	0.457128	0.448039	0.451021	0.442357	0.451952	
2170	0.455135	0.443641	0.459776	0.434250	0.450755	0.461345	0.447090	0.454742	0.443401	0.448824	
2175	0.454953	0.443895	0.462168	0.437486	0.455189	0.463560	0.443269	0.454806	0.445213	0.453639	
2180	0.458194	0.442331	0.459915	0.438739	0.450117	0.461215	0.447765	0.451425	0.441826	0.453455	
2185	0.460104	0.443694	0.455861	0.444082	0.447353	0.465364	0.449107	0.453872	0.441704	0.456557	
2190	0.462505	0.445006	0.458630	0.441868	0.443448	0.468897	0.449194	0.458330	0.443237	0.454527	
2195	0.460489	0.446744	0.453629	0.440846	0.446227	0.468229	0.448905	0.455899	0.443255	0.447781	
2200	0.456795	0.448288	0.457039	0.440303	0.444814	0.463679	0.446508	0.454085	0.444332	0.452771	
2205	0.456158	0.445326	0.458182	0.437387	0.449496	0.467303	0.443356	0.452568	0.442269	0.450307	
2210	0.458840	0.445417	0.464995	0.439296	0.455158	0.472272	0.443424	0.454930	0.444211	0.449986	
2215	0.457497	0.446727	0.466405	0.442087	0.452962	0.468266	0.448347	0.451607	0.441860	0.448975	
2220	0.458466	0.446774	0.464364	0.444276	0.452293	0.465956	0.445522	0.450941	0.443049	0.446551	
2225	0.456614	0.448008	0.459306	0.446091	0.453172	0.468705	0.446299	0.450839	0.440345	0.448629	
2230	0.457896	0.447651	0.458355	0.445009	0.452940	0.465992	0.444046	0.455490	0.437280	0.454643	
2235	0.461430	0.449378	0.468189	0.446509	0.458650	0.466330	0.443987	0.447036	0.435657	0.453640	
2240	0.458553	0.448578	0.469488	0.446605	0.453159	0.461414	0.445382	0.444055	0.436099	0.453199	
2245	0.460633	0.449872	0.464796	0.441669	0.449889	0.458131	0.445876	0.444897	0.434133	0.452738	
2250	0.458384	0.455246	0.467572	0.445621	0.446757	0.450661	0.442164	0.445746	0.433937	0.451217	
2255	0.450809	0.456774	0.465852	0.444601	0.452339	0.455382	0.443529	0.444926	0.437401	0.451356	
2260	0.450314	0.453656	0.466569	0.442804	0.450418	0.452560	0.446952	0.441304	0.434538	0.447476	
2265	0.448912	0.457331	0.463543	0.440697	0.449693	0.455883	0.452432	0.440949	0.436763	0.447756	
2270	0.446205	0.457807	0.465018	0.439904	0.455917	0.455361	0.450922	0.438331	0.440123	0.448653	
2275	0.446093	0.458696	0.461977	0.437272	0.455358	0.457643	0.451105	0.438340	0.437947	0.447157	
2280	0.443331	0.458560	0.457285	0.440477	0.453323	0.457882	0.455672	0.440648	0.438255	0.450428	
2285	0.445829	0.457168	0.462527	0.443864	0.457005	0.450086	0.457055	0.441583	0.439731	0.446360	
2290	0.445266	0.458081	0.460573	0.442328	0.455741	0.452866	0.460613	0.440091	0.441004	0.446224	
2295	0.443959	0.458291	0.455786	0.445005	0.451723	0.452990	0.460034	0.442372	0.440393	0.447115	
2300	0.442687	0.454414	0.452027	0.448037	0.454172	0.452179	0.457549	0.443222	0.443316	0.448021	
2305	0.446875	0.452773	0.448623	0.447415	0.451994	0.452353	0.459940	0.445435	0.436405	0.451262	
2310	0.445494	0.456433	0.446713	0.444911	0.454817	0.450106	0.457667	0.444643	0.440818	0.450160	
2315	0.449560	0.456591	0.446236	0.444667	0.455730	0.450179	0.453436	0.443607	0.441001	0.452363	
2320	0.453354	0.453872	0.443938	0.441332	0.448876	0.446580	0.449449	0.446348	0.440589	0.451277	
2325	0.451735	0.452492	0.447074	0.437877	0.449705	0.449859	0.445978	0.449662	0.438458	0.453455	
2330	0.446237	0.453551	0.448845	0.437409	0.451512	0.446802	0.444526	0.451675	0.440204	0.455175	
2335	0.445831	0.452479	0.451853	0.440835	0.458355	0.440880	0.445422	0.444690	0.441715	0.454541	
2340	0.448455	0.449490	0.451318	0.440743	0.461788	0.436690	0.445306	0.445346	0.442165	0.457438	
2345	0.450079	0.447480	0.453939	0.442782	0.460135	0.435274	0.447506	0.442729	0.444724	0.456452	
2350	0.455887	0.445904	0.449694	0.437794	0.457343	0.436673	0.449123	0.448973	0.444284	0.454289	
2355	0.458137	0.446839	0.453676	0.437024	0.454239	0.435806	0.452348	0.451512	0.451139	0.452318	
2360	0.457933	0.446295	0.453773	0.436540	0.453992	0.437696	0.455144	0.455255	0.452341	0.445941	
2365	0.459249	0.441728	0.453911	0.431083	0.449602	0.435182	0.455191	0.452331	0.450014	0.445758	
2370	0.457215	0.441796	0.452489	0.432493	0.451152	0.433361	0.457469	0.452759	0.450535	0.440650	
2375	0.452728	0.438695	0.454890	0.436596	0.452953	0.431876	0.458273	0.450659	0.445527	0.442364	
2380	0.450533	0.433135	0.458015	0.436109	0.448796	0.432721	0.457616	0.450837	0.441387	0.440888	
2385	0.448137	0.438113	0.454893	0.435723	0.451235	0.429062	0.456048	0.453612	0.443224	0.444742	
2390	0.449035	0.439476	0.456762	0.437646	0.449107	0.429274	0.457904	0.452495	0.444752	0.442438	
2395	0.450598	0.440230	0.455538	0.438104	0.453225	0.426382	0.453797	0.453376	0.447706	0.442516	
2400	0.446111	0.444075	0.452671	0.442976	0.453321	0.427255	0.454925	0.452286	0.445715	0.441309	
2405	0.444839	0.439410	0.452740	0.443148	0.447282	0.426683	0.455308	0.451926	0.443619	0.442720	
2410	0.439044	0.441702	0.452528	0.441396	0.445199	0.424469	0.452166	0.447264	0.444077	0.443838	
2415	0.438806	0.442085	0.452167	0.443453	0.445779	0.427205	0.446709	0.446893	0.444033	0.451443	
2420	0.439535	0.440968	0.450750	0.441552	0.445326	0.431451	0.447848	0.445297	0.444877	0.449851	
2425	0.440845	0.444221	0.450968	0.444413	0.447706	0.439484	0.449116	0.441832	0.444704	0.450802	
2430	0.440512	0.436131	0.457180	0.448563	0.446466	0.438763	0.448680	0.445174	0.449667	0.449634	
2435	0.446306	0.444404	0.456825	0.450084	0.449486	0.439791	0.446437	0.445189	0.448819	0.448487	
2440	0.448753	0.445706	0.458081	0.447516	0.449273	0.437963	0.443818	0.442622	0.446058	0.449604	
2445	0.451764	0.445594	0.460247	0.444617	0.447712	0.437173	0.442771	0.439553	0.448390	0.448662	
2450	0.452379	0.444999	0.459157	0.444078	0.451646	0.432109	0.444000	0.435461	0.450037	0.450274	
2455	0.450850	0.446112	0.458477	0.443847	0.453663	0.428171	0.443007	0.434810	0.449776	0.450561	
2460	0.451736	0.450173	0.454876	0.445456	0.448965	0.426246	0.440747	0.433770	0.453823	0.453837	
2465	0.452205	0.453578	0.456154	0.448627	0.450594	0.424618	0.441004	0.428172	0.449507	0.451580	
2470	0.450165	0.456536	0.457830	0.448553	0.448534	0.423591	0.441246	0.433071	0.452065	0.455898	
2475	0.448989	0.457322	0.458592	0.447794	0.451785	0.425081	0.438645	0.433718	0.452486	0.454529	
2480	0.448785	0.451275	0.461598	0.443115	0.448481	0.419872	0.442499	0.433421	0.451624	0.453432	
2485	0.450261	0.439413	0.459760	0.441537	0.448817	0.419977	0.442251	0.432636	0.448376	0.455741	
2490	0.449377	0.437396	0.459450	0.441856	0.450834	0.420183	0.441982	0.438098	0.447883	0.459933	
2495	0.452643	0.434700	0.454606	0.442695	0.449476	0.422732	0.444122	0.434061	0.444119	0.463507	
2500	0.451339	0.438322	0.455330	0.442695	0.453339	0.423803	0.444912	0.434567	0.443265	0.461496	
2505	0.448041	0.434293	0.454973	0.440848	0.449160	0.424364	0.445732	0.429992	0.446761	0.463673	
2510	0.451478	0.437224	0.458151	0.439834	0.446468	0.421271	0.448267	0.427432	0.448365	0.461895	
2515	0.447716	0.437038	0.458492	0.446551	0.445649	0.424813	0.453042	0.428593	0.445871	0.458658	
2520	0.447245	0.438825	0.458392	0.448435	0.448911	0.427822	0.451112	0.423839	0.443732	0.458072	
2525	0.443212	0.438077	0.460637	0.445876	0.446934	0.431793	0.447084	0.424284	0.444515	0.461546	
2530	0.440412	0.439526	0.459958	0.445099	0.449414	0.432346	0.447966	0.426720	0.443684	0.458228	
2535	0.445822	0.438758	0.456100	0.442345	0.447676	0.430745	0.447368	0.426794	0.441396	0.459982	
2540	0.441859	0.438614	0.451460	0.449218	0.447576	0.428594	0.449095	0.430836	0.443154	0.459830	
2545	0.438006	0.434034	0.453605	0.447099	0.450203	0.430299	0.448327	0.430299	0.443068	0.457465	
2550	0.432848	0.443917	0.453596	0.449980	0.448286	0.433197	0.446187	0.431178	0.445045	0.455468	
2555	0.436583	0.444453	0.454829	0.447033	0.452893	0.436284	0.446451	0.428417	0.443000	0.458071	
2560	0.442553	0.446761	0.454978	0.448404	0.451157	0.440707	0.441714	0.427604	0.443805	0.461241	
2565	0.441542	0.447631	0.452000	0.444857	0.454670	0.440312	0.442077	0.430960	0.442062	0.457362	
2570	0.435636	0.448952	0.451454	0.444523	0.456002	0.441456	0.445602	0.429712	0.438672	0.458295	
2575	0.440835	0.450360	0.450192	0.448040	0.454614	0.437935	0.445562	0.430400	0.437780	0.455758	
2580	0.440767	0.449628	0.450793	0.448781	0.457192	0.431078	0.443117	0.427872	0.437961	0.455003	
2585	0.441482	0.447925	0.455981	0.443910	0.453896	0.435975	0.448404	0.422749	0.437443	0.458256	
2590	0.439611	0.446727	0.453587	0.444837	0.453722	0.436678	0.448522	0.423280	0.440741	0.458843	
2595	0.441490	0.445552	0.450333	0.442510	0.454955	0.437244	0.448928	0.423959	0.440018	0.453192	
2600	0.451334	0.440771	0.452709	0.441325	0.457370	0.444708	0.450531	0.419663	0.440375	0.453138	
2605	0.452433	0.445582	0.448943	0.444012	0.457533	0.445321	0.457668	0.420675	0.434698	0.452383	
2610	0.453052	0.446646	0.450083	0.448721	0.452662	0.442336	0.456224	0.421929	0.435531	0.450157	
2615	0.453172	0.444328	0.456003	0.444070	0.452365	0.441101	0.455597	0.426071	0.438088	0.449581	
2620	0.456147	0.446240	0.459010	0.448219	0.456331	0.440879	0.455716	0.430102	0.435534	0.453206	
2625	0.457592	0.444056	0.457119	0.450492	0.452716	0.441325	0.454397	0.425604	0.435591	0.446796	
2630	0.449706	0.444906	0.457382	0.450008	0.450831	0.440625	0.455281	0.425909	0.434822	0.446674	
2635	0.450177	0.442398	0.453738	0.450047	0.448525	0.441779	0.452161	0.423513	0.435325	0.449884	
2640	0.446306	0.440036	0.453570	0.449454	0.449166	0.440102	0.451464	0.423703	0.435650	0.452440	
2645	0.450616	0.442032	0.454808	0.444588	0.453801	0.439432	0.449760	0.419509	0.436340	0.453112	
2650	0.448431	0.441663	0.453815	0.447614	0.455844	0.439006	0.448896	0.422372	0.438234	0.450835	
2655	0.445583	0.439955	0.451988	0.449291	0.448100	0.439144	0.447704	0.419235	0.438192	0.451602	
2660	0.446169	0.439829	0.450558	0.450029	0.450069	0.440453	0.443265	0.422612	0.442003	0.449649	
2665	0.444785	0.438592	0.450511	0.447049	0.449297	0.443483	0.441182	0.421515	0.439510	0.449991	
2670	0.451628	0.437076	0.450996	0.449486	0.449735	0.444612	0.443577	0.416026	0.441302	0.452346	
2675	0.448075	0.440614	0.456866	0.452738	0.445008	0.439950	0.441636	0.417465	0.439763	0.448970	
2680	0.448906	0.441685	0.455713	0.451696	0.445894	0.437876	0.445230	0.414521	0.439857	0.449818	
2685	0.453183	0.442973	0.452695	0.448886	0.449518	0.436990	0.446889	0.419173	0.439779	0.447508	
2690	0.454737	0.440171	0.449517	0.450253	0.448026	0.442517	0.444921	0.419467	0.441021	0.446635	
2695	0.454199	0.442897	0.449570	0.450835	0.450691	0.440671	0.444478	0.420512	0.444060	0.446347	
2700	0.449570	0.446230	0.448263	0.453500	0.450543	0.440217	0.446387	0.419001	0.441570	0.451779	
2705	0.447401	0.444512	0.448970	0.450405	0.451146	0.441557	0.449738	0.416728	0.446960	0.454519	
2710	0.446891	0.446181	0.447325	0.446529	0.450415	0.439987	0.450329	0.415532	0.447377	0.454731	
2715	0.447381	0.443073	0.445033	0.442670	0.449327	0.442167	0.453157	0.420162	0.448667	0.457228	
2720	0.447139	0.444055	0.440845	0.441283	0.453918	0.446358	0.450371	0.420859	0.446683	0.457576	
2725	0.449782	0.444376	0.442487	0.442857	0.452461	0.447992	0.453826	0.424440	0.448036	0.456536	
2730	0.448230	0.446079	0.443210	0.443355	0.448957	0.448538	0.458789	0.422581	0.450733	0.460455	
2735	0.449232	0.449822	0.443466	0.442576	0.450934	0.447417	0.452227	0.422992	0.449214	0.455790	
2740	0.447201	0.452715	0.444663	0.443187	0.451547	0.442703	0.445195	0.425583	0.451673	0.453682	
2745	0.448239	0.453751	0.439826	0.443515	0.454225	0.440719	0.446885	0.426579	0.448649	0.453859	
2750	0.449042	0.454908	0.437306	0.439160	0.455098	0.441059	0.449448	0.424906	0.447796	0.452989	
2755	0.451484	0.452066	0.439796	0.436523	0.458132	0.443590	0.452346	0.425943	0.445832	0.452576	
2760	0.450035	0.457489	0.441112	0.436801	0.458924	0.443944	0.448491	0.428830	0.445098	0.456330	
2765	0.447614	0.461546	0.443201	0.437410	0.457213	0.449739	0.446498	0.427367	0.444593	0.451232	
2770	0.445562	0.459949	0.444287	0.433676	0.454326	0.446279	0.446866	0.428451	0.442274	0.451124	
2775	0.443178	0.458352	0.446230	0.437172	0.449930	0.450410	0.446234	0.429188	0.442246	0.450275	
2780	0.439400	0.457466	0.451377	0.435956	0.448706	0.446591	0.446863	0.428346	0.446056	0.448049	
2785	0.439634	0.457488	0.450236	0.441932	0.447551	0.445288	0.440520	0.428364	0.446862	0.450441	
2790	0.440452	0.462196	0.448775	0.445453	0.448253	0.445532	0.438793	0.429176	0.444459	0.447364	
2795	0.439249	0.466450	0.447259	0.442010	0.451987	0.450593	0.438825	0.429784	0.447933	0.447951	
2800	0.436526	0.463973	0.443515	0.439654	0.452161	0.454350	0.439568	0.430489	0.446308	0.443949	
2805	0.437605	0.463357	0.445098	0.440387	0.450316	0.452251	0.441972	0.430200	0.443329	0.441937	
2810	0.438432	0.459439	0.447097	0.440165	0.449280	0.453962	0.445749	0.425515	0.442057	0.442786	
2815	0.440895	0.460014	0.444104	0.441082	0.448719	0.448658	0.448238	0.426236	0.440604	0.441806	
2820	0.435406	0.459804	0.441620	0.440577	0.445709	0.450167	0.444225	0.427016	0.440535	0.444394	
2825	0.434971	0.462595	0.442745	0.441189	0.445559	0.450199	0.445364	0.429413	0.440341	0.446456	
2830	0.437130	0.461096	0.442264	0.443067	0.447570	0.453570	0.440491	0.431120	0.438977	0.445544	
2835	0.434026	0.465464	0.438941	0.446649	0.445367	0.454314	0.435923	0.435820	0.436979	0.447306	
2840	0.432058	0.464475	0.437216	0.445485	0.443074	0.446589	0.435755	0.435815	0.438995	0.446668	
2845	0.432252	0.463520	0.440529	0.439120	0.445318	0.448873	0.436957	0.434941	0.439795	0.445264	
2850	0.434640	0.464888	0.440856	0.435824	0.446711	0.454042	0.440428	0.434227	0.441343	0.441249	
2855	0.430048	0.463915	0.438188	0.437432	0.443572	0.450039	0.436437	0.437961	0.439600	0.439804	
2860	0.427947	0.462264	0.439376	0.436521	0.444206	0.445594	0.437182	0.436781	0.441014	0.443268	
2865	0.429370	0.461038	0.442325	0.435298	0.446783	0.442645	0.433056	0.437147	0.442057	0.442429	
2870	0.427207	0.459676	0.444185	0.433448	0.450846	0.439332	0.429746	0.438962	0.436722	0.436719	
2875	0.425695	0.454105	0.437578	0.434005	0.450890	0.437993	0.433933	0.436365	0.432815	0.438541	
2880	0.429953	0.452574	0.437485	0.436717	0.447144	0.441243	0.427446	0.434912	0.430431	0.441533	
2885	0.432628	0.448956	0.434787	0.434681	0.445530	0.436596	0.431714	0.432769	0.433405	0.440724	
2890	0.429001	0.449346	0.435471	0.438536	0.447633	0.434969	0.431601	0.431511	0.430165	0.443625	
2895	0.428399	0.449348	0.432114	0.435961	0.445406	0.438410	0.433184	0.431341	0.436751	0.444935	
2900	0.425355	0.450642	0.429757	0.438256	0.445726	0.443101	0.436714	0.431121	0.436135	0.449398	
2905	0.425762	0.447667	0.431060	0.436224	0.440244	0.444309	0.437678	0.431950	0.434044	0.450067	
2910	0.428744	0.442327	0.434092	0.435103	0.439324	0.443380	0.433663	0.437893	0.434842	0.451911	
2915	0.432808	0.442991	0.435024	0.436055	0.434267	0.443276	0.435774	0.438130	0.434350	0.451878	
2920	0.437048	0.441370	0.444520	0.435742	0.437918	0.445513	0.438349	0.441768	0.434502	0.450431	
2925	0.439263	0.445148	0.444772	0.435742	0.440869	0.443292	0.434834	0.441442	0.435966	0.450706	
2930	0.444273	0.446540	0.443126	0.441599	0.439362	0.442308	0.433749	0.444316	0.439021	0.454199	
2935	0.439149	0.447371	0.450041	0.443868	0.438875	0.440132	0.438125	0.445106	0.440043	0.454916	
2940	0.433324	0.450228	0.448060	0.443256	0.439510	0.440410	0.437271	0.442102	0.439002	0.451306	
2945	0.433088	0.447152	0.448788	0.437263	0.438130	0.435646	0.439867	0.438957	0.441971	0.455026	
2950	0.433797	0.448344	0.446529	0.437831	0.439674	0.432481	0.445934	0.437198	0.442307	0.454831	
2955	0.436032	0.448337	0.445919	0.437290	0.438493	0.431106	0.448381	0.436424	0.442272	0.452112	
2960	0.435215	0.445507	0.442485	0.444829	0.438776	0.427811	0.446546	0.439770	0.442472	0.448132	
2965	0.440865	0.445117	0.442972	0.444621	0.442394	0.426151	0.444402	0.439299	0.442378	0.449727	
2970	0.438099	0.443650	0.445209	0.443743	0.441701	0.429524	0.437667	0.440886	0.444893	0.453938	
2975	0.433188	0.444602	0.445007	0.446799	0.442325	0.424259	0.434820	0.441425	0.435450	0.448797	
2980	0.433201	0.440494	0.447246	0.447821	0.441563	0.420811	0.431872	0.439068	0.433770	0.448997	
2985	0.439692	0.439438	0.444831	0.448088	0.441877	0.424998	0.432872	0.440726	0.432701	0.446554	
2990	0.442639	0.439712	0.444757	0.447190	0.442977	0.427051	0.434386	0.442564	0.431436	0.449099	
2995	0.440141	0.441341	0.445793	0.448429	0.445051	0.428391	0.431937	0.440235	0.429088	0.450903	
3000	0.438821	0.439487	0.443477	0.446028	0.446040	0.429729	0.426310	0.444430	0.425958	0.450186	
