T	rep_1	rep_2	rep_3	rep_4	rep_5	rep_6	rep_7	rep_8	rep_9	rep_10
5	0.050598	0.051360	0.040581	0.045029	0.044953	0.047292	0.044168	0.033546	0.052763	0.065081	
10	0.196405	0.146943	0.174857	0.199405	0.182044	0.194590	0.189192	0.273339	0.167865	0.183012	
15	0.254266	0.228768	0.252609	0.234011	0.247950	0.268366	0.238166	0.371585	0.285725	0.239284	
20	0.419413	0.333965	0.317784	0.284880	0.317660	0.349061	0.317894	0.390804	0.338259	0.343861	
25	0.597610	0.396656	0.409905	0.358350	0.393626	0.418721	0.429266	0.419055	0.363741	0.429686	
30	0.664680	0.471980	0.505554	0.410760	0.460301	0.467734	0.502205	0.471447	0.396353	0.468438	
35	0.700529	0.542067	0.566871	0.453598	0.519338	0.498790	0.541823	0.533471	0.443392	0.499953	
40	0.720938	0.599875	0.596377	0.510130	0.571240	0.531376	0.573423	0.586872	0.487454	0.528553	
45	0.734814	0.647738	0.612282	0.570050	0.612725	0.566952	0.601519	0.628627	0.524264	0.566282	
50	0.741390	0.690392	0.623501	0.620031	0.653410	0.604157	0.622918	0.651986	0.562516	0.600889	
55	0.746807	0.711368	0.644113	0.660329	0.678701	0.630123	0.644856	0.665095	0.603453	0.626869	
60	0.752325	0.728719	0.665062	0.691907	0.704254	0.652792	0.675150	0.683835	0.638471	0.655123	
65	0.761078	0.742543	0.680873	0.716980	0.727474	0.673154	0.702179	0.699915	0.664565	0.678161	
70	0.766217	0.748373	0.705328	0.731274	0.748034	0.690432	0.726822	0.711332	0.687721	0.692191	
75	0.768722	0.757212	0.718307	0.744824	0.764741	0.702467	0.748567	0.724945	0.707457	0.712007	
80	0.780423	0.759333	0.736395	0.755633	0.777675	0.714812	0.758016	0.741845	0.723386	0.730699	
85	0.783642	0.763137	0.747748	0.766204	0.779225	0.723205	0.769917	0.756095	0.734759	0.741110	
90	0.785124	0.770784	0.760235	0.769122	0.782642	0.732045	0.769300	0.762789	0.738867	0.749620	
95	0.789281	0.775565	0.765854	0.771985	0.783274	0.744544	0.779846	0.768714	0.747548	0.760998	
100	0.788771	0.777327	0.772483	0.778937	0.785942	0.754366	0.783167	0.774720	0.756820	0.762657	
105	0.792232	0.778734	0.776915	0.780703	0.788350	0.758123	0.786527	0.781829	0.761543	0.767722	
110	0.791298	0.783300	0.784209	0.777790	0.787063	0.760104	0.786751	0.779730	0.764905	0.774282	
115	0.790332	0.785762	0.782520	0.779378	0.789350	0.768662	0.788072	0.783916	0.765982	0.780149	
120	0.787925	0.788922	0.783267	0.781619	0.795511	0.769163	0.795357	0.781248	0.768846	0.780554	
125	0.784090	0.789868	0.782579	0.783241	0.802387	0.770110	0.797756	0.781030	0.773592	0.780844	
130	0.784770	0.791134	0.785730	0.788179	0.805588	0.774357	0.792834	0.781326	0.776268	0.781560	
135	0.782743	0.792481	0.786196	0.788150	0.798017	0.778915	0.791140	0.786976	0.777606	0.786178	
140	0.783360	0.794201	0.783506	0.791812	0.802748	0.779435	0.798531	0.786110	0.779169	0.786885	
145	0.783785	0.793130	0.784792	0.790006	0.800263	0.783687	0.794889	0.783455	0.783820	0.786927	
150	0.783400	0.791608	0.787321	0.789916	0.797422	0.786867	0.794397	0.783364	0.779234	0.791237	
155	0.781883	0.793652	0.788353	0.791897	0.799758	0.787982	0.795047	0.785988	0.782079	0.790321	
160	0.785155	0.794002	0.787774	0.794415	0.800554	0.788540	0.795636	0.783382	0.784413	0.787031	
165	0.784222	0.793485	0.791026	0.794754	0.799967	0.789811	0.795363	0.785175	0.783038	0.790055	
170	0.785492	0.791785	0.795929	0.792928	0.797453	0.791847	0.790846	0.784827	0.781735	0.789488	
175	0.786416	0.791930	0.794722	0.792134	0.800912	0.790849	0.790920	0.783178	0.780775	0.791744	
180	0.788267	0.788351	0.796389	0.792396	0.797656	0.793630	0.791448	0.783727	0.783173	0.792705	
185	0.789485	0.786735	0.798076	0.794416	0.799082	0.789627	0.794383	0.783880	0.786432	0.799486	
190	0.792331	0.790653	0.799250	0.792105	0.794716	0.785224	0.794031	0.784099	0.783300	0.800131	
195	0.797474	0.792530	0.795763	0.797865	0.795894	0.785865	0.792761	0.786694	0.783953	0.805015	
200	0.793348	0.792338	0.793697	0.797814	0.796464	0.786417	0.791420	0.784724	0.787702	0.804595	
205	0.790859	0.793206	0.793699	0.800596	0.792650	0.787560	0.793152	0.789171	0.787245	0.802513	
210	0.791227	0.791546	0.790648	0.795960	0.794361	0.789517	0.792689	0.791400	0.784679	0.801746	
215	0.792514	0.785554	0.789934	0.793883	0.795742	0.793518	0.793603	0.791266	0.786852	0.800949	
220	0.794528	0.786981	0.790481	0.792564	0.795631	0.792731	0.795144	0.791540	0.786278	0.800949	
225	0.795104	0.785259	0.788936	0.788349	0.799040	0.789927	0.793622	0.792800	0.783591	0.800505	
230	0.794350	0.789166	0.790959	0.792724	0.797375	0.788523	0.793958	0.788930	0.788370	0.798385	
235	0.793797	0.791822	0.790689	0.791502	0.798605	0.787878	0.792428	0.791868	0.788475	0.796144	
240	0.797802	0.790310	0.794494	0.793792	0.795771	0.786447	0.795002	0.790209	0.791996	0.794875	
245	0.795325	0.787878	0.794461	0.792300	0.791968	0.787973	0.796479	0.789411	0.790274	0.795433	
250	0.796361	0.787201	0.793268	0.792524	0.787113	0.783359	0.799088	0.786640	0.789142	0.791764	
255	0.794096	0.788078	0.791915	0.794026	0.790300	0.783599	0.798952	0.783417	0.790582	0.790051	
260	0.797663	0.788497	0.787395	0.793183	0.792436	0.788622	0.798854	0.784964	0.792119	0.791451	
265	0.796437	0.789136	0.788931	0.793155	0.789537	0.786094	0.797567	0.781725	0.792228	0.791023	
270	0.798800	0.785467	0.792247	0.792710	0.790838	0.785644	0.794535	0.786003	0.787308	0.793325	
275	0.795318	0.784487	0.791035	0.789675	0.790288	0.786932	0.792758	0.785523	0.792091	0.793211	
280	0.798400	0.783891	0.788516	0.787488	0.791142	0.785514	0.793554	0.787028	0.789589	0.794120	
285	0.797989	0.785082	0.790722	0.788870	0.789024	0.785008	0.788127	0.786829	0.785731	0.794664	
290	0.794945	0.783809	0.789271	0.789453	0.790264	0.784139	0.790195	0.785207	0.786935	0.793547	
295	0.791765	0.786458	0.789814	0.790288	0.789452	0.784351	0.786342	0.789727	0.785407	0.792502	
300	0.794214	0.788609	0.786341	0.789679	0.791676	0.784294	0.784155	0.789671	0.784427	0.794750	
305	0.795732	0.790365	0.788291	0.790407	0.787343	0.781785	0.784136	0.792233	0.784385	0.794965	
310	0.797540	0.789612	0.786605	0.788840	0.790197	0.782847	0.785333	0.793238	0.783175	0.790851	
315	0.793975	0.791150	0.788110	0.787376	0.791450	0.785706	0.787596	0.789775	0.782008	0.792472	
320	0.793874	0.793290	0.786722	0.787887	0.791610	0.788690	0.789294	0.787628	0.784477	0.790707	
325	0.793652	0.792531	0.788209	0.789352	0.796271	0.788427	0.788075	0.788297	0.780357	0.791182	
330	0.792419	0.793504	0.787262	0.792456	0.794964	0.784872	0.786753	0.788183	0.779604	0.792462	
335	0.789834	0.793766	0.785905	0.790834	0.793033	0.788652	0.787985	0.787242	0.780251	0.792155	
340	0.791972	0.795747	0.787771	0.789520	0.791459	0.790062	0.788619	0.790238	0.782918	0.793419	
345	0.792331	0.793881	0.789784	0.787550	0.791624	0.790159	0.787702	0.787670	0.786145	0.795546	
350	0.794651	0.796030	0.791633	0.789188	0.793072	0.788675	0.787569	0.785463	0.782280	0.796302	
355	0.796526	0.794657	0.791860	0.788056	0.793789	0.789971	0.786281	0.783701	0.781886	0.795800	
360	0.796676	0.794291	0.793576	0.790281	0.792231	0.789584	0.786309	0.786485	0.785159	0.798107	
365	0.795686	0.796365	0.795768	0.793132	0.793337	0.790661	0.788302	0.787647	0.784210	0.799967	
370	0.795805	0.798403	0.793671	0.794871	0.793489	0.787391	0.787900	0.787186	0.783569	0.797023	
375	0.797038	0.796953	0.797747	0.793820	0.790673	0.788748	0.789526	0.783118	0.783553	0.800202	
380	0.793737	0.800029	0.797293	0.793748	0.790959	0.786700	0.790091	0.782991	0.787606	0.800111	
385	0.792361	0.794817	0.798760	0.792910	0.792276	0.789334	0.792811	0.783329	0.789640	0.797338	
390	0.790944	0.790829	0.794938	0.791146	0.790989	0.791415	0.794505	0.781791	0.789737	0.796440	
395	0.794191	0.789367	0.795077	0.792253	0.789396	0.793275	0.791274	0.787172	0.791239	0.794742	
400	0.799342	0.789160	0.793633	0.792120	0.788903	0.792980	0.795891	0.784816	0.791251	0.797981	
405	0.798330	0.790226	0.794262	0.793974	0.788307	0.791005	0.795915	0.784439	0.789396	0.794440	
410	0.794587	0.792892	0.793395	0.795228	0.786975	0.793797	0.797867	0.780503	0.789844	0.792359	
415	0.792801	0.793567	0.792134	0.797470	0.789580	0.795445	0.798674	0.781476	0.792627	0.790605	
420	0.791002	0.792069	0.790758	0.797474	0.789778	0.801304	0.797380	0.782843	0.790489	0.792159	
425	0.791506	0.791676	0.793088	0.797567	0.790669	0.802117	0.795108	0.785754	0.790303	0.790750	
430	0.793468	0.791948	0.792423	0.798504	0.792716	0.796849	0.795487	0.786013	0.790506	0.792114	
435	0.789887	0.789372	0.796100	0.799373	0.792239	0.793778	0.794079	0.784155	0.791048	0.790782	
440	0.794831	0.791535	0.796905	0.798331	0.792296	0.794276	0.794729	0.789364	0.792353	0.792259	
445	0.795706	0.789068	0.795808	0.799298	0.794587	0.791447	0.795505	0.790083	0.789891	0.796576	
450	0.795293	0.787689	0.795070	0.799886	0.793183	0.791191	0.796310	0.788889	0.790482	0.795596	
455	0.793628	0.789876	0.792098	0.799029	0.794914	0.793466	0.793357	0.791190	0.787004	0.795193	
460	0.792310	0.790017	0.793286	0.798243	0.793490	0.786363	0.789978	0.790199	0.783802	0.795459	
465	0.789239	0.790160	0.794134	0.800625	0.787848	0.789659	0.789698	0.788392	0.787276	0.796493	
470	0.788006	0.792079	0.794038	0.801213	0.787119	0.792057	0.792707	0.791431	0.791843	0.796631	
475	0.788977	0.789061	0.792019	0.798021	0.791442	0.793875	0.792849	0.793131	0.789197	0.791813	
480	0.790550	0.790037	0.789830	0.794938	0.790858	0.792519	0.792894	0.790395	0.786915	0.794006	
485	0.792043	0.789312	0.792482	0.792215	0.789918	0.794189	0.795184	0.789778	0.785331	0.796901	
490	0.794749	0.790288	0.795334	0.791607	0.790192	0.792634	0.793938	0.786165	0.786007	0.797079	
495	0.793269	0.793304	0.794364	0.793896	0.793463	0.793283	0.792672	0.786781	0.788610	0.795060	
500	0.794596	0.792003	0.793762	0.793499	0.792430	0.793729	0.795546	0.787295	0.786863	0.791250	
505	0.793710	0.793568	0.790198	0.791899	0.789161	0.794997	0.795973	0.782332	0.790148	0.790271	
510	0.791491	0.795075	0.791086	0.790840	0.788744	0.791083	0.794381	0.781511	0.790905	0.788566	
515	0.793242	0.793089	0.789276	0.791775	0.790197	0.789502	0.793743	0.783666	0.792190	0.789336	
520	0.793322	0.791530	0.788497	0.792979	0.789677	0.793608	0.790938	0.785419	0.789355	0.790155	
525	0.795296	0.790572	0.788660	0.796083	0.792701	0.790375	0.791302	0.783487	0.789431	0.788182	
530	0.796471	0.789114	0.787357	0.799136	0.792008	0.790784	0.793846	0.787136	0.792295	0.785305	
535	0.794262	0.788192	0.789978	0.797369	0.789003	0.790000	0.795961	0.788847	0.792633	0.784874	
540	0.793378	0.784802	0.788616	0.797482	0.792197	0.789574	0.794202	0.788694	0.795772	0.788558	
545	0.791717	0.786329	0.787406	0.797414	0.793360	0.792761	0.793502	0.790649	0.791682	0.788453	
550	0.791975	0.785269	0.786281	0.800330	0.790586	0.791861	0.792454	0.788069	0.792551	0.790436	
555	0.792996	0.786673	0.782686	0.795281	0.789531	0.794452	0.795344	0.788769	0.791565	0.789350	
560	0.794478	0.786581	0.779151	0.796775	0.792948	0.796445	0.796083	0.789729	0.792769	0.791102	
565	0.792937	0.784494	0.782840	0.795808	0.790510	0.800527	0.794468	0.789064	0.790732	0.791990	
570	0.789370	0.784521	0.786861	0.795239	0.795973	0.799754	0.795606	0.788817	0.792015	0.790124	
575	0.793748	0.783813	0.787230	0.797577	0.798185	0.801358	0.795034	0.789393	0.789723	0.791585	
580	0.792933	0.783327	0.786912	0.794171	0.799634	0.797883	0.795495	0.791574	0.788611	0.791515	
585	0.793733	0.786453	0.789365	0.794772	0.803420	0.799287	0.797310	0.794972	0.786800	0.789960	
590	0.795167	0.785104	0.785549	0.794468	0.801852	0.797606	0.798141	0.792955	0.786251	0.794323	
595	0.795738	0.783294	0.786891	0.793452	0.798227	0.795928	0.798515	0.793063	0.787794	0.792927	
600	0.793632	0.785354	0.785796	0.795787	0.798013	0.791966	0.799957	0.792171	0.786199	0.791041	
605	0.793349	0.782683	0.786376	0.794746	0.800480	0.793795	0.796839	0.793703	0.785070	0.792838	
610	0.792004	0.784527	0.785665	0.795454	0.798049	0.793847	0.796959	0.790832	0.787184	0.793266	
615	0.792132	0.784607	0.788278	0.796765	0.801974	0.798144	0.800627	0.788161	0.789971	0.794376	
620	0.794003	0.791015	0.787407	0.795465	0.805175	0.796942	0.799461	0.786669	0.786411	0.796576	
625	0.793173	0.793047	0.787255	0.797982	0.802111	0.799199	0.797906	0.785829	0.785252	0.794339	
630	0.794023	0.793629	0.788323	0.795909	0.798886	0.801038	0.799590	0.785057	0.784939	0.791653	
635	0.793790	0.792520	0.789574	0.798429	0.795417	0.800513	0.798251	0.785583	0.787398	0.794271	
640	0.794213	0.793882	0.790286	0.799586	0.791166	0.795911	0.794434	0.787340	0.788368	0.791619	
645	0.793016	0.797215	0.789728	0.800601	0.790428	0.795141	0.795465	0.788146	0.792705	0.787252	
650	0.792558	0.794193	0.792212	0.802084	0.792130	0.796743	0.800185	0.787465	0.790509	0.786829	
655	0.794235	0.796598	0.793964	0.801320	0.794073	0.794656	0.803140	0.789365	0.793418	0.788771	
660	0.797618	0.793898	0.792721	0.799588	0.795733	0.794519	0.802648	0.791564	0.793945	0.791251	
665	0.799450	0.789888	0.789245	0.801503	0.797844	0.795065	0.803298	0.795141	0.793972	0.788963	
670	0.798712	0.785488	0.792939	0.802787	0.796008	0.792479	0.796096	0.793546	0.793880	0.788379	
675	0.796199	0.785907	0.791764	0.804129	0.796071	0.794967	0.795636	0.790755	0.791593	0.791540	
680	0.799873	0.784935	0.793282	0.802728	0.796417	0.791541	0.795738	0.790293	0.790002	0.789486	
685	0.799569	0.786092	0.790697	0.800083	0.795273	0.793168	0.797816	0.789721	0.793611	0.787961	
690	0.802817	0.782915	0.790251	0.800893	0.792984	0.791328	0.796018	0.793135	0.792932	0.792725	
695	0.802871	0.785369	0.790148	0.799602	0.792871	0.792466	0.795747	0.796517	0.789761	0.793276	
700	0.799858	0.786532	0.791010	0.800877	0.792350	0.797201	0.795509	0.798397	0.786473	0.792107	
705	0.802426	0.789709	0.793186	0.796179	0.791665	0.794785	0.789242	0.794437	0.788835	0.792325	
710	0.798723	0.789766	0.795819	0.794724	0.794310	0.793449	0.793078	0.790378	0.789592	0.791343	
715	0.797391	0.791578	0.797077	0.796626	0.793056	0.795195	0.795740	0.792856	0.788080	0.793221	
720	0.797277	0.794187	0.797968	0.794512	0.789967	0.792379	0.793661	0.792946	0.787339	0.790284	
725	0.796649	0.794952	0.795868	0.795021	0.789349	0.791067	0.791120	0.794011	0.786913	0.789557	
730	0.796801	0.792883	0.792919	0.793607	0.788937	0.790473	0.790420	0.792911	0.787525	0.792013	
735	0.798960	0.792789	0.793168	0.792746	0.788520	0.791526	0.792040	0.794119	0.789670	0.792389	
740	0.794492	0.790982	0.793800	0.795687	0.788275	0.798223	0.789032	0.796633	0.786542	0.790110	
745	0.793406	0.791822	0.792988	0.794828	0.787155	0.795978	0.789334	0.796316	0.786014	0.789291	
750	0.793238	0.792201	0.793667	0.793621	0.787324	0.795188	0.789905	0.795809	0.788302	0.791007	
755	0.791188	0.788748	0.792486	0.792635	0.786336	0.794780	0.790575	0.797816	0.790196	0.793824	
760	0.792718	0.784940	0.792445	0.795028	0.784052	0.792413	0.790696	0.795811	0.786939	0.791517	
765	0.793628	0.785040	0.792567	0.796669	0.783047	0.794616	0.793106	0.796407	0.787012	0.791593	
770	0.790458	0.783190	0.790678	0.796455	0.784423	0.797575	0.792238	0.797336	0.787760	0.789957	
775	0.788771	0.782967	0.792294	0.799924	0.789258	0.798160	0.795042	0.797849	0.789232	0.789763	
780	0.789429	0.787219	0.790371	0.800674	0.789853	0.799748	0.792643	0.797201	0.789946	0.792203	
785	0.792776	0.788942	0.794951	0.801873	0.787504	0.798300	0.791425	0.798128	0.792113	0.796261	
790	0.791143	0.791214	0.794853	0.799238	0.787726	0.795612	0.794535	0.797661	0.790763	0.789531	
795	0.794799	0.790074	0.794573	0.796068	0.784008	0.792719	0.794937	0.798414	0.787184	0.793588	
800	0.794234	0.792273	0.797849	0.793907	0.787986	0.797031	0.795261	0.798354	0.788608	0.792859	
805	0.796732	0.790369	0.798021	0.792794	0.787620	0.795411	0.794937	0.796299	0.788334	0.793010	
810	0.796425	0.790286	0.798675	0.792430	0.790727	0.797918	0.793302	0.798219	0.787111	0.794851	
815	0.794757	0.790530	0.801277	0.794593	0.786614	0.798630	0.792735	0.796578	0.788132	0.790427	
820	0.796303	0.787838	0.802383	0.795996	0.787637	0.798652	0.792006	0.795480	0.790146	0.791567	
825	0.799149	0.788626	0.800116	0.793282	0.787257	0.796840	0.795697	0.796714	0.790222	0.790338	
830	0.801861	0.784895	0.801241	0.794489	0.788037	0.795107	0.796749	0.804211	0.791410	0.795343	
835	0.799346	0.786700	0.798815	0.796823	0.786617	0.795124	0.793939	0.800960	0.794032	0.792029	
840	0.802970	0.785928	0.802096	0.794350	0.788923	0.793703	0.796184	0.798493	0.793017	0.796553	
845	0.798154	0.787759	0.796961	0.798257	0.789320	0.796036	0.797711	0.797124	0.795247	0.795944	
850	0.797823	0.788824	0.797027	0.797998	0.790851	0.799372	0.796377	0.794083	0.791982	0.798067	
855	0.791097	0.791258	0.793383	0.800298	0.790924	0.794726	0.796840	0.794281	0.791244	0.795705	
860	0.792478	0.792823	0.791529	0.801308	0.789225	0.795719	0.795924	0.795823	0.787269	0.795684	
865	0.794732	0.796168	0.793753	0.801589	0.789997	0.796653	0.795881	0.791207	0.786829	0.796230	
870	0.796890	0.794160	0.793629	0.801784	0.789312	0.795122	0.796516	0.792784	0.783560	0.796860	
875	0.792823	0.794085	0.796566	0.800983	0.791460	0.791996	0.792988	0.790453	0.787778	0.798427	
880	0.793456	0.793033	0.795636	0.802177	0.793475	0.793515	0.795166	0.792388	0.792227	0.797778	
885	0.792905	0.796565	0.794403	0.801009	0.794915	0.793634	0.794653	0.790556	0.793424	0.796484	
890	0.792978	0.793801	0.797012	0.799633	0.793946	0.798381	0.794991	0.788623	0.792394	0.794815	
895	0.793983	0.794833	0.798860	0.796788	0.790537	0.799880	0.802042	0.789393	0.795108	0.794897	
900	0.793175	0.792177	0.796718	0.797746	0.788103	0.799142	0.799016	0.790596	0.797054	0.793518	
905	0.798989	0.791603	0.795986	0.799288	0.789440	0.800285	0.798068	0.791150	0.793576	0.795154	
910	0.797275	0.788000	0.797658	0.796180	0.788196	0.801489	0.796613	0.792089	0.797250	0.793767	
915	0.796548	0.787846	0.795210	0.796287	0.792234	0.798108	0.795969	0.791867	0.800277	0.791167	
920	0.795466	0.787363	0.796778	0.796556	0.793303	0.798038	0.796130	0.788903	0.800267	0.796058	
925	0.793994	0.788985	0.795735	0.796299	0.792209	0.798184	0.794218	0.788119	0.798459	0.796492	
930	0.793934	0.795946	0.796773	0.795482	0.794496	0.793230	0.793599	0.789739	0.797066	0.795792	
935	0.793459	0.792614	0.797538	0.797583	0.791396	0.794157	0.793149	0.789194	0.797829	0.796862	
940	0.791275	0.793902	0.797541	0.798722	0.796738	0.797158	0.795891	0.787040	0.799403	0.797569	
945	0.795529	0.796860	0.798320	0.797320	0.800254	0.796784	0.795587	0.789733	0.798698	0.795046	
950	0.796638	0.796105	0.798035	0.795371	0.797893	0.796038	0.794532	0.790121	0.794817	0.793024	
955	0.795440	0.801377	0.796465	0.794927	0.799750	0.795691	0.796077	0.788535	0.792216	0.795713	
960	0.794992	0.798123	0.797240	0.794297	0.796618	0.794648	0.797035	0.787162	0.789736	0.791613	
965	0.791109	0.796454	0.798343	0.796008	0.794753	0.795272	0.793364	0.787665	0.791178	0.789688	
970	0.786810	0.799165	0.797936	0.796973	0.798042	0.791371	0.793166	0.786568	0.789908	0.790083	
975	0.785006	0.799068	0.798555	0.798990	0.799934	0.791047	0.794685	0.788047	0.790942	0.785462	
980	0.787159	0.801696	0.798795	0.800167	0.798844	0.792781	0.793534	0.789372	0.792423	0.786725	
985	0.787177	0.802300	0.796786	0.800487	0.797106	0.794498	0.792465	0.789581	0.793240	0.789887	
990	0.789847	0.800823	0.795652	0.800831	0.796651	0.789374	0.791490	0.789785	0.794689	0.788334	
995	0.786545	0.801355	0.795782	0.796565	0.795093	0.786138	0.795201	0.789934	0.795525	0.789633	
1000	0.790568	0.803103	0.797225	0.794499	0.796707	0.787653	0.792501	0.789080	0.794018	0.792810	
1005	0.788197	0.801364	0.797592	0.797562	0.794537	0.788465	0.790155	0.791210	0.795550	0.788859	
1010	0.790345	0.800497	0.797716	0.796835	0.792940	0.788301	0.789879	0.790747	0.796520	0.790694	
1015	0.789450	0.801447	0.798256	0.791978	0.796966	0.787673	0.790626	0.789587	0.796416	0.785580	
1020	0.790472	0.800486	0.800461	0.791140	0.794988	0.788943	0.791959	0.789722	0.798972	0.784830	
1025	0.789231	0.799965	0.800711	0.791850	0.794705	0.790115	0.788203	0.792279	0.799106	0.783903	
1030	0.786241	0.797114	0.800405	0.793443	0.795259	0.791680	0.789035	0.790723	0.801291	0.782447	
1035	0.786590	0.795617	0.798670	0.792397	0.798012	0.791766	0.789840	0.790307	0.801005	0.783311	
1040	0.784763	0.796276	0.797687	0.797217	0.797072	0.787850	0.788545	0.790498	0.800106	0.785212	
1045	0.787113	0.795412	0.797478	0.792376	0.799039	0.787591	0.791376	0.790609	0.797794	0.782808	
1050	0.788250	0.795347	0.800714	0.793943	0.792842	0.787558	0.786640	0.792004	0.793959	0.784592	
1055	0.787820	0.794953	0.798260	0.791452	0.791984	0.792193	0.787102	0.792755	0.795237	0.784817	
1060	0.790915	0.791290	0.793795	0.795099	0.792729	0.792867	0.786655	0.793587	0.793686	0.784842	
1065	0.788468	0.789193	0.790611	0.794685	0.790463	0.794700	0.790649	0.795306	0.789602	0.787161	
1070	0.790835	0.788820	0.793073	0.792698	0.797329	0.794850	0.792219	0.797142	0.791357	0.785086	
1075	0.790640	0.788090	0.789278	0.793877	0.801371	0.790944	0.789367	0.797669	0.792571	0.785502	
1080	0.791528	0.787467	0.789053	0.795801	0.799098	0.788390	0.788935	0.798730	0.792913	0.783444	
1085	0.793346	0.789263	0.788591	0.794889	0.796493	0.788728	0.786765	0.794271	0.791092	0.784800	
1090	0.797355	0.788897	0.789942	0.798221	0.794360	0.789253	0.787264	0.793046	0.789010	0.780915	
1095	0.794937	0.794494	0.792716	0.796107	0.796252	0.785260	0.789607	0.794315	0.784476	0.779995	
1100	0.796608	0.797452	0.793751	0.794434	0.795883	0.789906	0.789527	0.792341	0.783999	0.776500	
1105	0.796595	0.800057	0.795204	0.794164	0.795663	0.790536	0.791143	0.792001	0.783582	0.781443	
1110	0.796378	0.800548	0.792987	0.792628	0.792596	0.791849	0.789177	0.790289	0.784183	0.783283	
1115	0.793988	0.800253	0.794856	0.789662	0.794011	0.791387	0.790192	0.791300	0.782778	0.781124	
1120	0.797016	0.796148	0.795090	0.790066	0.795588	0.790492	0.791155	0.790619	0.784740	0.781589	
1125	0.799344	0.796560	0.796690	0.790677	0.797051	0.793938	0.792478	0.792659	0.783833	0.781665	
1130	0.796326	0.790634	0.798911	0.790446	0.797232	0.793630	0.789125	0.794399	0.786848	0.785540	
1135	0.793415	0.788507	0.799298	0.788442	0.794553	0.796502	0.790388	0.797310	0.788075	0.788382	
1140	0.795309	0.789603	0.797022	0.787496	0.795008	0.797791	0.790495	0.797605	0.789088	0.789001	
1145	0.796357	0.790667	0.797665	0.788755	0.795972	0.797454	0.794796	0.795075	0.788026	0.788345	
1150	0.798865	0.790274	0.796913	0.792916	0.793468	0.799021	0.791738	0.795994	0.783811	0.791953	
1155	0.795547	0.791660	0.796826	0.790825	0.793851	0.799988	0.791400	0.794829	0.783613	0.792174	
1160	0.795852	0.794381	0.795478	0.790888	0.792730	0.799638	0.791572	0.797517	0.782308	0.791350	
1165	0.796241	0.793457	0.797519	0.788177	0.793061	0.799704	0.790375	0.795780	0.781283	0.789748	
1170	0.796863	0.793393	0.798440	0.788787	0.793104	0.796696	0.790641	0.798380	0.783257	0.791918	
1175	0.794250	0.792356	0.795116	0.790827	0.794972	0.793703	0.792894	0.799347	0.782029	0.792017	
1180	0.794762	0.793639	0.795118	0.792046	0.796594	0.796321	0.789993	0.796847	0.783953	0.791140	
1185	0.794718	0.792460	0.791119	0.791543	0.791713	0.795198	0.793416	0.799946	0.782761	0.789426	
1190	0.793984	0.791671	0.790389	0.790045	0.791272	0.798109	0.794732	0.797551	0.786793	0.788530	
1195	0.791452	0.792146	0.793425	0.792066	0.790892	0.795008	0.796741	0.798005	0.788497	0.786747	
1200	0.791706	0.794945	0.792126	0.788688	0.790890	0.791220	0.798731	0.802650	0.788898	0.787019	
1205	0.791732	0.796853	0.790700	0.790430	0.792074	0.790388	0.800865	0.799190	0.790788	0.787858	
1210	0.789293	0.797871	0.786016	0.795055	0.793179	0.791412	0.800822	0.799488	0.790467	0.786515	
1215	0.787728	0.797331	0.789166	0.799343	0.794580	0.794008	0.800272	0.798412	0.791980	0.788408	
1220	0.792658	0.798209	0.787263	0.799145	0.796466	0.796700	0.800496	0.800458	0.787824	0.788440	
1225	0.796599	0.800961	0.787008	0.799235	0.795272	0.794852	0.796962	0.794739	0.786592	0.788275	
1230	0.797239	0.800718	0.785484	0.799263	0.793753	0.792527	0.793670	0.797296	0.790381	0.786044	
1235	0.795106	0.803475	0.785462	0.798216	0.793194	0.794662	0.792769	0.800523	0.788245	0.787834	
1240	0.793378	0.802746	0.785930	0.801103	0.797469	0.792563	0.790879	0.802005	0.788671	0.788404	
1245	0.791732	0.804144	0.790162	0.799419	0.797040	0.793030	0.788978	0.803385	0.788814	0.789451	
1250	0.795098	0.803955	0.791236	0.797824	0.794974	0.791415	0.789883	0.802992	0.793382	0.788121	
1255	0.797120	0.802698	0.793662	0.793982	0.791754	0.792247	0.792407	0.802622	0.792483	0.787565	
1260	0.794365	0.799882	0.789793	0.794801	0.795557	0.792161	0.788699	0.798855	0.789217	0.786802	
1265	0.796925	0.800131	0.790221	0.794954	0.794665	0.795861	0.790033	0.796496	0.787165	0.788739	
1270	0.795111	0.799083	0.790594	0.791308	0.794642	0.794309	0.790433	0.793693	0.792470	0.791493	
1275	0.796353	0.798861	0.790527	0.790590	0.792304	0.794034	0.790324	0.793703	0.794431	0.792070	
1280	0.794895	0.794646	0.791175	0.788812	0.793359	0.798923	0.790503	0.797659	0.795433	0.795017	
1285	0.794672	0.792402	0.788818	0.786872	0.789134	0.799803	0.789410	0.799862	0.795851	0.794959	
1290	0.794929	0.790296	0.787128	0.787207	0.788387	0.798193	0.792311	0.798620	0.794472	0.794491	
1295	0.789844	0.789342	0.792174	0.786163	0.788923	0.801384	0.795625	0.799273	0.792525	0.794352	
1300	0.788154	0.790038	0.797223	0.786158	0.787280	0.798947	0.792251	0.797407	0.794771	0.794535	
1305	0.787305	0.791008	0.796793	0.784495	0.789657	0.799439	0.793149	0.795620	0.792092	0.789347	
1310	0.789177	0.794240	0.795144	0.787251	0.787539	0.799071	0.794771	0.797257	0.793537	0.793382	
1315	0.788914	0.794414	0.794571	0.790008	0.790320	0.796607	0.794196	0.799760	0.796203	0.792575	
1320	0.788832	0.794235	0.794341	0.792856	0.791222	0.794925	0.796897	0.799237	0.793044	0.793933	
1325	0.792703	0.795188	0.795820	0.792100	0.792031	0.795114	0.799022	0.799251	0.795908	0.794777	
1330	0.793210	0.795531	0.797496	0.793216	0.788804	0.795585	0.798800	0.797386	0.793250	0.794072	
1335	0.791123	0.801456	0.797046	0.793703	0.787895	0.794290	0.795416	0.793980	0.794013	0.796186	
1340	0.790638	0.798333	0.798251	0.797716	0.791642	0.795553	0.796329	0.794818	0.796019	0.796403	
1345	0.792140	0.799356	0.797481	0.796963	0.789633	0.794704	0.793442	0.794158	0.793340	0.797949	
1350	0.790090	0.799075	0.800189	0.795514	0.789957	0.791924	0.791289	0.794122	0.794006	0.799141	
1355	0.793018	0.798696	0.801740	0.793184	0.789604	0.791324	0.793503	0.791630	0.796957	0.796836	
1360	0.791769	0.798999	0.802747	0.789703	0.788938	0.793085	0.792828	0.792782	0.795493	0.796565	
1365	0.791731	0.800346	0.798759	0.790410	0.788602	0.790426	0.790318	0.790903	0.792735	0.793075	
1370	0.788888	0.799380	0.797368	0.791744	0.788357	0.789357	0.793072	0.790546	0.790069	0.792459	
1375	0.790837	0.797322	0.799671	0.793691	0.788212	0.793614	0.791880	0.793322	0.789665	0.792538	
1380	0.791433	0.794324	0.803946	0.797230	0.789232	0.789363	0.793734	0.790853	0.790514	0.794613	
1385	0.791010	0.799168	0.803928	0.796293	0.791492	0.793405	0.796569	0.792008	0.792450	0.793057	
1390	0.793273	0.800412	0.804933	0.797638	0.790260	0.792974	0.795217	0.792579	0.788346	0.792859	
1395	0.793855	0.797225	0.805215	0.796341	0.789212	0.791237	0.794025	0.797256	0.786877	0.797154	
1400	0.792614	0.792613	0.806665	0.802313	0.789402	0.791121	0.794870	0.796312	0.789875	0.797549	
1405	0.790613	0.792639	0.805034	0.799429	0.788999	0.790913	0.791943	0.796351	0.791043	0.798328	
1410	0.786589	0.790431	0.803373	0.796624	0.790538	0.790641	0.787785	0.794804	0.790846	0.793976	
1415	0.787003	0.790876	0.802447	0.798067	0.787561	0.793852	0.789776	0.795037	0.793839	0.794708	
1420	0.788350	0.789426	0.801221	0.798408	0.785776	0.792413	0.785102	0.795349	0.794904	0.795778	
1425	0.787902	0.788499	0.798730	0.798822	0.783880	0.791779	0.791165	0.790825	0.797445	0.796949	
1430	0.786371	0.785745	0.798778	0.797229	0.784613	0.791890	0.795059	0.790479	0.796253	0.793644	
1435	0.788130	0.785306	0.798935	0.798731	0.782228	0.792134	0.795615	0.791603	0.794600	0.791039	
1440	0.789712	0.784784	0.796772	0.799795	0.779909	0.791822	0.803959	0.794197	0.794271	0.791254	
1445	0.792760	0.785616	0.799051	0.801151	0.782426	0.793360	0.801284	0.793689	0.795305	0.789341	
1450	0.793395	0.787355	0.794852	0.801192	0.783684	0.793911	0.801116	0.795275	0.794777	0.795222	
1455	0.792218	0.785646	0.794157	0.801142	0.785033	0.793853	0.799733	0.796231	0.795463	0.796697	
1460	0.794794	0.786570	0.793164	0.798777	0.784932	0.794235	0.796267	0.794934	0.792171	0.795002	
1465	0.790363	0.789353	0.793899	0.795804	0.784002	0.794239	0.793360	0.793335	0.794763	0.797837	
1470	0.790641	0.789329	0.793421	0.796058	0.781929	0.798551	0.790656	0.794600	0.794988	0.794624	
1475	0.788663	0.793383	0.793761	0.795386	0.784032	0.797157	0.792124	0.793410	0.793786	0.794833	
1480	0.785961	0.795739	0.789787	0.794123	0.783763	0.797417	0.791424	0.791293	0.793937	0.796104	
1485	0.787743	0.791913	0.789058	0.795916	0.781541	0.794128	0.791163	0.790797	0.792173	0.793313	
1490	0.785850	0.792635	0.790528	0.796855	0.783484	0.795464	0.789429	0.790213	0.793634	0.791391	
1495	0.786268	0.791205	0.788043	0.793707	0.783635	0.794539	0.794077	0.790250	0.788940	0.793995	
1500	0.790526	0.792675	0.787628	0.789234	0.781692	0.794058	0.790424	0.790174	0.791770	0.793815	
1505	0.789941	0.796736	0.785842	0.789934	0.785288	0.795306	0.786222	0.790299	0.797178	0.795393	
1510	0.788302	0.795866	0.785888	0.791292	0.788247	0.793417	0.788054	0.790472	0.796300	0.793289	
1515	0.789835	0.797188	0.788739	0.792429	0.787679	0.794292	0.794707	0.791673	0.794624	0.794594	
1520	0.792718	0.792793	0.789383	0.791527	0.783909	0.792646	0.796709	0.789533	0.796724	0.794379	
1525	0.788651	0.794011	0.783884	0.794455	0.785582	0.794715	0.794702	0.789625	0.794162	0.792950	
1530	0.789851	0.791840	0.784735	0.792618	0.788013	0.794509	0.796044	0.790648	0.796919	0.792853	
1535	0.791580	0.790416	0.785604	0.789319	0.788156	0.794988	0.798724	0.793341	0.797801	0.789498	
1540	0.792438	0.790104	0.785141	0.791536	0.790019	0.792159	0.794925	0.792589	0.798663	0.789506	
1545	0.795266	0.790815	0.784528	0.791648	0.793038	0.797793	0.797011	0.794599	0.798112	0.790432	
1550	0.794748	0.793656	0.782599	0.788600	0.794202	0.796202	0.796879	0.794634	0.800641	0.791128	
1555	0.793724	0.791324	0.785150	0.791130	0.793618	0.796961	0.795969	0.796221	0.800612	0.791881	
1560	0.793660	0.794272	0.790787	0.792787	0.793414	0.799081	0.798201	0.792237	0.800347	0.791889	
1565	0.794156	0.796533	0.795165	0.790472	0.793039	0.796483	0.797648	0.793421	0.796781	0.793118	
1570	0.791886	0.795361	0.791342	0.793625	0.789947	0.795640	0.792054	0.794978	0.799280	0.792618	
1575	0.790008	0.793524	0.789895	0.796103	0.787468	0.794439	0.788899	0.793001	0.798138	0.795991	
1580	0.788617	0.797412	0.786946	0.792854	0.789158	0.793069	0.789112	0.795874	0.794735	0.793311	
1585	0.791307	0.791772	0.788341	0.790799	0.795513	0.792821	0.787016	0.800393	0.793219	0.795748	
1590	0.790028	0.798510	0.788061	0.790211	0.793128	0.794398	0.786431	0.795218	0.792016	0.793362	
1595	0.788606	0.795841	0.786239	0.793816	0.791659	0.795221	0.786805	0.794795	0.793306	0.792800	
1600	0.790731	0.797934	0.784967	0.796665	0.792941	0.795756	0.782746	0.795167	0.795811	0.793725	
1605	0.793157	0.791144	0.784574	0.795023	0.788458	0.798669	0.783052	0.794622	0.796731	0.794739	
1610	0.794045	0.793131	0.790762	0.793612	0.790129	0.800520	0.783149	0.793193	0.794525	0.792783	
1615	0.796989	0.790791	0.789808	0.792618	0.791528	0.796869	0.784411	0.799479	0.795498	0.789601	
1620	0.796231	0.790619	0.788767	0.793371	0.788167	0.796138	0.788532	0.797746	0.795272	0.794102	
1625	0.798089	0.791512	0.789539	0.794014	0.789300	0.797927	0.785387	0.796155	0.795752	0.797364	
1630	0.795433	0.791675	0.787293	0.793461	0.791789	0.795663	0.786995	0.797077	0.794324	0.798627	
1635	0.793274	0.792702	0.788770	0.793972	0.788822	0.794508	0.787923	0.796759	0.794261	0.799473	
1640	0.795635	0.789911	0.788289	0.792855	0.785849	0.789369	0.782712	0.795900	0.793378	0.796454	
1645	0.796334	0.791213	0.790476	0.794683	0.783379	0.788668	0.787882	0.797851	0.789780	0.796204	
1650	0.795853	0.795518	0.790894	0.793356	0.785420	0.787850	0.788916	0.797097	0.787724	0.795915	
1655	0.799603	0.794793	0.792480	0.794559	0.782947	0.787408	0.788275	0.794170	0.789203	0.795511	
1660	0.798568	0.794110	0.791441	0.791942	0.786758	0.791473	0.791087	0.795163	0.785788	0.795941	
1665	0.800075	0.797142	0.794633	0.793365	0.786441	0.792338	0.794545	0.794825	0.789312	0.799327	
1670	0.801193	0.796479	0.796651	0.791488	0.785545	0.793416	0.793486	0.796369	0.791017	0.797470	
1675	0.798469	0.794744	0.797195	0.792945	0.785519	0.794015	0.791580	0.795245	0.792771	0.797118	
1680	0.796776	0.794317	0.796403	0.792908	0.779397	0.788157	0.796925	0.796294	0.796049	0.798616	
1685	0.795826	0.791768	0.797272	0.793216	0.780581	0.787430	0.795982	0.794403	0.797876	0.801425	
1690	0.796523	0.794392	0.796599	0.792065	0.778169	0.787660	0.795331	0.791747	0.795301	0.799118	
1695	0.795901	0.792239	0.794424	0.792412	0.779654	0.786713	0.794250	0.795701	0.793691	0.798418	
1700	0.793206	0.791882	0.792677	0.789985	0.782654	0.786887	0.794296	0.796914	0.791848	0.796042	
1705	0.791164	0.789732	0.794733	0.788389	0.786225	0.788188	0.792351	0.795322	0.793422	0.795297	
1710	0.788612	0.790441	0.792599	0.790667	0.789106	0.788809	0.791139	0.799265	0.791627	0.793102	
1715	0.786475	0.790485	0.791638	0.793816	0.788312	0.787200	0.793343	0.799333	0.788346	0.794632	
1720	0.788148	0.789877	0.794791	0.794104	0.795065	0.787611	0.795234	0.802135	0.791717	0.793418	
1725	0.790295	0.793746	0.794943	0.795000	0.794191	0.789088	0.798659	0.802681	0.795381	0.797268	
1730	0.787984	0.792140	0.796138	0.794558	0.795500	0.790895	0.795148	0.802172	0.794494	0.796965	
1735	0.788143	0.789615	0.796023	0.793604	0.794586	0.790868	0.795306	0.799679	0.796810	0.796855	
1740	0.788945	0.789822	0.797103	0.794683	0.794972	0.790792	0.798815	0.798946	0.795913	0.793569	
1745	0.790429	0.791948	0.795836	0.796146	0.791255	0.791350	0.795045	0.796590	0.793774	0.792206	
1750	0.792613	0.792937	0.798700	0.798979	0.792544	0.791593	0.797157	0.800668	0.795146	0.791668	
1755	0.790481	0.793329	0.799049	0.798235	0.792044	0.793314	0.794864	0.798228	0.796659	0.792579	
1760	0.790717	0.793954	0.796975	0.796442	0.791798	0.794623	0.796757	0.798883	0.798296	0.792774	
1765	0.790452	0.792203	0.794899	0.794599	0.793562	0.792662	0.794155	0.801037	0.794410	0.795414	
1770	0.792717	0.789925	0.790912	0.793317	0.793652	0.790240	0.792925	0.799515	0.790873	0.797122	
1775	0.790952	0.792326	0.790216	0.796818	0.795277	0.790339	0.793364	0.801183	0.788946	0.793312	
1780	0.792097	0.791571	0.791153	0.798489	0.795302	0.787982	0.795102	0.800035	0.786728	0.791011	
1785	0.792463	0.792212	0.791913	0.795756	0.795960	0.790508	0.798493	0.802060	0.788154	0.789608	
1790	0.794205	0.793359	0.786727	0.793958	0.795968	0.788836	0.800252	0.797672	0.787020	0.792533	
1795	0.792671	0.790610	0.789459	0.793994	0.793081	0.794539	0.799142	0.798449	0.787492	0.795388	
1800	0.791449	0.792132	0.788462	0.793786	0.795199	0.798309	0.798833	0.800227	0.789542	0.789912	
1805	0.791242	0.794985	0.787846	0.795358	0.796747	0.797307	0.794213	0.796488	0.788340	0.787480	
1810	0.791793	0.794111	0.788944	0.797548	0.795697	0.796615	0.795146	0.798553	0.784596	0.788348	
1815	0.792811	0.791610	0.788428	0.801326	0.796806	0.794063	0.795237	0.795587	0.787465	0.791518	
1820	0.794741	0.788078	0.791329	0.796781	0.796503	0.792260	0.791798	0.793713	0.789465	0.794649	
1825	0.795667	0.785707	0.791159	0.799699	0.793158	0.792468	0.790645	0.792960	0.790304	0.795749	
1830	0.795348	0.783505	0.792724	0.796425	0.795323	0.794997	0.791340	0.794168	0.795617	0.793790	
1835	0.794691	0.788883	0.793281	0.792227	0.795118	0.792104	0.792121	0.791800	0.796051	0.793360	
1840	0.793171	0.788250	0.792456	0.796225	0.793830	0.791261	0.791093	0.793065	0.794717	0.792392	
1845	0.792027	0.790736	0.792889	0.794207	0.792017	0.789290	0.790799	0.794764	0.795196	0.788519	
1850	0.793640	0.791995	0.793713	0.791452	0.793167	0.790627	0.793144	0.794827	0.794753	0.792592	
1855	0.794175	0.789875	0.793639	0.791780	0.795030	0.790162	0.795707	0.795329	0.795706	0.788240	
1860	0.792696	0.790272	0.796882	0.791468	0.796281	0.791651	0.795138	0.796351	0.795955	0.792825	
1865	0.794097	0.788739	0.797533	0.792956	0.796118	0.790652	0.791399	0.795275	0.794962	0.793091	
1870	0.792977	0.788637	0.796916	0.794612	0.796196	0.790138	0.792521	0.794653	0.794308	0.789901	
1875	0.794676	0.787243	0.797508	0.791711	0.795142	0.790901	0.789845	0.795033	0.792913	0.788895	
1880	0.796651	0.790645	0.797712	0.793224	0.796518	0.790298	0.788617	0.796766	0.793069	0.788468	
1885	0.797627	0.793846	0.801481	0.793924	0.795245	0.791857	0.786628	0.798855	0.794466	0.791862	
1890	0.799427	0.795206	0.804544	0.792043	0.794466	0.792150	0.787337	0.798369	0.797188	0.791360	
1895	0.797947	0.795420	0.803553	0.791596	0.793145	0.795262	0.788365	0.796651	0.795994	0.793998	
1900	0.799109	0.795612	0.803206	0.788968	0.797391	0.797105	0.789502	0.796605	0.797473	0.794337	
1905	0.801233	0.796973	0.798853	0.789913	0.796222	0.797452	0.789971	0.799286	0.795449	0.794994	
1910	0.803326	0.799675	0.799173	0.791482	0.796128	0.799042	0.788696	0.798266	0.794038	0.792362	
1915	0.801721	0.796802	0.799835	0.794617	0.793631	0.798264	0.790128	0.796581	0.796724	0.792703	
1920	0.803336	0.798028	0.795067	0.796256	0.796203	0.796436	0.789563	0.794537	0.796652	0.792433	
1925	0.798056	0.795914	0.793717	0.797087	0.797042	0.791682	0.788489	0.792559	0.794817	0.792162	
1930	0.799204	0.795802	0.795723	0.798115	0.793626	0.793840	0.793013	0.792913	0.793647	0.787148	
1935	0.798826	0.795434	0.794765	0.795137	0.795574	0.794920	0.793780	0.794261	0.789671	0.785393	
1940	0.797331	0.793989	0.799399	0.793290	0.797816	0.794175	0.794703	0.794080	0.793646	0.784918	
1945	0.795995	0.793194	0.797906	0.793251	0.793585	0.790986	0.793741	0.794893	0.791154	0.786387	
1950	0.793355	0.794249	0.795557	0.789901	0.793213	0.789117	0.796199	0.800444	0.795953	0.784760	
1955	0.792424	0.796548	0.795561	0.791157	0.796501	0.789433	0.798328	0.798242	0.793585	0.784889	
1960	0.794707	0.794139	0.797611	0.794326	0.793509	0.791101	0.795145	0.795532	0.791963	0.783070	
1965	0.794425	0.793799	0.796491	0.793508	0.791816	0.795898	0.793434	0.791786	0.793360	0.783416	
1970	0.793836	0.793416	0.796150	0.799705	0.790988	0.796354	0.794780	0.796585	0.791687	0.785411	
1975	0.790499	0.792280	0.797074	0.799986	0.792292	0.801492	0.791683	0.794946	0.794734	0.787048	
1980	0.793902	0.794102	0.797182	0.800692	0.793134	0.801418	0.790682	0.793402	0.791506	0.791574	
1985	0.792682	0.795312	0.797908	0.797751	0.793332	0.796608	0.788003	0.797293	0.793463	0.791510	
1990	0.792443	0.793041	0.795233	0.797458	0.791185	0.793715	0.786713	0.798312	0.789789	0.792662	
1995	0.792930	0.794949	0.796725	0.798709	0.788801	0.794635	0.784864	0.794125	0.786459	0.794502	
2000	0.791240	0.796449	0.792960	0.797851	0.792786	0.793417	0.788738	0.797390	0.790450	0.796257	
2005	0.792790	0.795378	0.797734	0.798012	0.790167	0.792771	0.786694	0.796200	0.793519	0.794438	
2010	0.791958	0.791676	0.794875	0.799694	0.790598	0.791983	0.794620	0.795317	0.793016	0.794140	
2015	0.792374	0.790434	0.795019	0.795068	0.791577	0.795381	0.795191	0.796608	0.790784	0.794749	
2020	0.792332	0.789521	0.798605	0.793549	0.790574	0.796796	0.796210	0.799493	0.792247	0.797952	
2025	0.794708	0.790259	0.798415	0.795211	0.787960	0.798489	0.796766	0.795677	0.792339	0.794707	
2030	0.798211	0.785834	0.799397	0.799981	0.791567	0.794622	0.799023	0.791595	0.792701	0.795520	
2035	0.796526	0.785905	0.795739	0.796791	0.789352	0.794154	0.801203	0.789857	0.790074	0.797726	
2040	0.797093	0.790710	0.795117	0.796691	0.787131	0.794193	0.798856	0.792164	0.791810	0.799684	
2045	0.798052	0.792199	0.795841	0.798145	0.787061	0.797310	0.799584	0.794904	0.791930	0.797368	
2050	0.796616	0.789384	0.794861	0.795381	0.788626	0.795928	0.796608	0.793603	0.790201	0.797065	
2055	0.799212	0.793125	0.793896	0.793675	0.790668	0.802414	0.790717	0.792134	0.790771	0.797135	
2060	0.796861	0.791310	0.794933	0.790961	0.790874	0.801576	0.787692	0.793106	0.791199	0.797484	
2065	0.799002	0.788860	0.794888	0.792338	0.789966	0.801940	0.787536	0.794224	0.789097	0.796904	
2070	0.798323	0.790767	0.797108	0.793846	0.789872	0.799000	0.786193	0.796537	0.789317	0.802310	
2075	0.798475	0.789580	0.799112	0.792416	0.791489	0.796824	0.789332	0.793772	0.792449	0.804327	
2080	0.795156	0.790325	0.797192	0.789260	0.792864	0.799975	0.789855	0.793527	0.791843	0.801534	
2085	0.796330	0.789156	0.796556	0.790761	0.797322	0.801967	0.790845	0.795834	0.792837	0.800067	
2090	0.795373	0.788841	0.798507	0.794160	0.797855	0.800260	0.793204	0.796261	0.795723	0.802659	
2095	0.796438	0.791159	0.796889	0.796356	0.797479	0.796326	0.795621	0.789430	0.792885	0.800284	
2100	0.800812	0.791928	0.799389	0.798069	0.794861	0.796360	0.799416	0.787352	0.792056	0.799842	
2105	0.800343	0.789878	0.796608	0.793201	0.795257	0.796562	0.798187	0.787955	0.792524	0.799572	
2110	0.797473	0.788370	0.795362	0.795089	0.794504	0.797230	0.799595	0.790469	0.792560	0.799762	
2115	0.794501	0.788103	0.798218	0.794643	0.793607	0.797049	0.801610	0.791836	0.790997	0.798745	
2120	0.800195	0.792775	0.798472	0.795101	0.794857	0.795012	0.803160	0.792209	0.791834	0.795631	
2125	0.796773	0.793664	0.798604	0.792028	0.793416	0.795025	0.803825	0.794065	0.789637	0.793039	
2130	0.794195	0.793980	0.796177	0.788923	0.795830	0.793658	0.801463	0.793392	0.785948	0.795454	
2135	0.796059	0.793015	0.799388	0.787863	0.794733	0.792821	0.801545	0.795221	0.787037	0.793880	
2140	0.791587	0.791121	0.800154	0.788476	0.795797	0.791485	0.800518	0.795594	0.790140	0.793231	
2145	0.793262	0.789792	0.798640	0.785844	0.797749	0.795216	0.798789	0.796574	0.789031	0.790612	
2150	0.788551	0.790191	0.798516	0.789546	0.797976	0.793873	0.797003	0.793848	0.787635	0.791058	
2155	0.791375	0.792603	0.800024	0.790233	0.797600	0.791921	0.796740	0.792421	0.790634	0.793486	
2160	0.791197	0.789079	0.798446	0.796905	0.797085	0.791795	0.796945	0.796477	0.789889	0.797735	
2165	0.789297	0.789575	0.799571	0.798404	0.797675	0.794843	0.790879	0.796724	0.788122	0.797257	
2170	0.789486	0.788041	0.799804	0.797023	0.795838	0.791385	0.794231	0.796276	0.787450	0.799508	
2175	0.787125	0.788939	0.795356	0.796767	0.791554	0.792389	0.797272	0.792350	0.789838	0.798273	
2180	0.786417	0.794347	0.792487	0.793645	0.789801	0.788967	0.794645	0.791329	0.790694	0.797446	
2185	0.783794	0.795101	0.790326	0.794084	0.789826	0.790820	0.795342	0.794296	0.788311	0.796974	
2190	0.787707	0.789949	0.789560	0.793823	0.790975	0.786329	0.792464	0.798852	0.786843	0.792901	
2195	0.786734	0.792507	0.791073	0.795287	0.789440	0.784862	0.794365	0.797348	0.786624	0.794730	
2200	0.789277	0.791898	0.796007	0.793823	0.792873	0.785662	0.794507	0.797958	0.788748	0.794470	
2205	0.790918	0.791503	0.796669	0.797008	0.793171	0.785046	0.797182	0.794802	0.788501	0.791959	
2210	0.791439	0.792598	0.792522	0.797242	0.793282	0.782552	0.794489	0.791069	0.787254	0.794149	
2215	0.791442	0.794566	0.792028	0.796082	0.792412	0.781271	0.794855	0.794159	0.786888	0.796548	
2220	0.791361	0.795514	0.794470	0.798116	0.791193	0.783119	0.794835	0.792530	0.786848	0.792337	
2225	0.793678	0.795025	0.793151	0.799770	0.790908	0.784284	0.794387	0.791747	0.789341	0.793265	
2230	0.792641	0.795164	0.792783	0.797492	0.790835	0.785121	0.794779	0.792032	0.791989	0.796119	
2235	0.789920	0.791663	0.791157	0.795584	0.788287	0.787758	0.799439	0.792728	0.791849	0.797214	
2240	0.785794	0.790716	0.789847	0.795108	0.792795	0.789153	0.792373	0.791303	0.797056	0.796473	
2245	0.786897	0.791428	0.788789	0.795788	0.788719	0.786254	0.793219	0.790270	0.796440	0.793245	
2250	0.790752	0.791409	0.790832	0.794221	0.793819	0.788067	0.792152	0.792076	0.799172	0.793894	
2255	0.788632	0.791515	0.793401	0.788542	0.794849	0.787635	0.788769	0.790423	0.795791	0.793279	
2260	0.787013	0.792249	0.793722	0.790977	0.793331	0.785240	0.788436	0.791539	0.793832	0.792503	
2265	0.787913	0.790881	0.795557	0.789023	0.797218	0.788154	0.788135	0.790231	0.790137	0.792106	
2270	0.795074	0.790156	0.794034	0.787481	0.796520	0.788436	0.786089	0.792227	0.791016	0.794324	
2275	0.798431	0.791372	0.789676	0.787967	0.796658	0.793445	0.785395	0.795868	0.794606	0.794322	
2280	0.795930	0.793083	0.789042	0.791067	0.795965	0.792948	0.787479	0.796592	0.794065	0.794037	
2285	0.796592	0.794046	0.788271	0.791719	0.791749	0.795386	0.787293	0.797724	0.794164	0.794168	
2290	0.799227	0.792518	0.790608	0.793533	0.793699	0.796320	0.782469	0.797066	0.791994	0.798657	
2295	0.793884	0.794924	0.790110	0.791559	0.795591	0.795521	0.785958	0.798915	0.792891	0.799586	
2300	0.799363	0.795211	0.787939	0.795761	0.795211	0.797198	0.789050	0.794342	0.791504	0.795849	
2305	0.797031	0.794096	0.787255	0.796584	0.792910	0.794167	0.786937	0.793828	0.790090	0.796809	
2310	0.797974	0.791286	0.789032	0.801029	0.793289	0.792270	0.788400	0.790153	0.790260	0.794126	
2315	0.794497	0.790877	0.789284	0.802650	0.790434	0.789574	0.789260	0.792618	0.792009	0.796336	
2320	0.799835	0.792481	0.788796	0.799471	0.788520	0.788872	0.793038	0.795236	0.792572	0.795473	
2325	0.798556	0.791344	0.788528	0.801193	0.790204	0.789150	0.794258	0.797904	0.796006	0.793191	
2330	0.794726	0.790730	0.787506	0.801256	0.788963	0.792539	0.792686	0.796915	0.793334	0.794378	
2335	0.799132	0.792972	0.786411	0.801125	0.787146	0.792221	0.791696	0.796565	0.794088	0.796013	
2340	0.799126	0.796707	0.788442	0.799771	0.788619	0.791661	0.791487	0.789424	0.794450	0.794936	
2345	0.802675	0.794989	0.790682	0.799557	0.791113	0.792394	0.792338	0.788760	0.790615	0.796222	
2350	0.803740	0.796202	0.791366	0.796227	0.794012	0.795149	0.793787	0.793388	0.789495	0.797171	
2355	0.800767	0.797923	0.792498	0.795329	0.792222	0.792616	0.792539	0.797135	0.787099	0.796315	
2360	0.798578	0.797110	0.795245	0.795774	0.793645	0.793125	0.786009	0.795181	0.784217	0.794909	
2365	0.799948	0.795207	0.794470	0.793848	0.794973	0.795421	0.786150	0.794755	0.784075	0.798097	
2370	0.797289	0.794164	0.792658	0.789127	0.797909	0.793159	0.785760	0.795899	0.790146	0.798123	
2375	0.795467	0.794050	0.790158	0.789560	0.797441	0.791774	0.783927	0.794629	0.789023	0.800217	
2380	0.793026	0.795692	0.796969	0.794834	0.798179	0.787033	0.786503	0.799149	0.787118	0.798174	
2385	0.795414	0.794252	0.798104	0.795935	0.797372	0.784198	0.783801	0.798809	0.783675	0.795386	
2390	0.795376	0.793638	0.799899	0.795224	0.797591	0.785164	0.781400	0.799199	0.783843	0.793059	
2395	0.794871	0.788404	0.797185	0.792109	0.797881	0.787325	0.782685	0.799797	0.782579	0.792092	
2400	0.794373	0.789704	0.794686	0.796290	0.801763	0.789453	0.786893	0.799304	0.779385	0.791473	
2405	0.795909	0.789520	0.795345	0.799391	0.802854	0.790102	0.787878	0.801128	0.781570	0.791811	
2410	0.796047	0.788075	0.794760	0.800422	0.801208	0.791634	0.787103	0.801311	0.782087	0.791957	
2415	0.797167	0.784114	0.795043	0.796330	0.798799	0.793372	0.787914	0.800722	0.783695	0.793679	
2420	0.797225	0.784209	0.797428	0.796414	0.797727	0.788035	0.786406	0.799785	0.786208	0.794662	
2425	0.796591	0.785684	0.796337	0.797678	0.797892	0.788524	0.786487	0.801189	0.786085	0.792450	
2430	0.796109	0.788562	0.792791	0.795316	0.796703	0.788374	0.784529	0.798002	0.790678	0.790992	
2435	0.795002	0.788039	0.790894	0.795081	0.796518	0.786906	0.787875	0.803169	0.788474	0.793792	
2440	0.795673	0.785597	0.793090	0.794722	0.795710	0.782042	0.787146	0.802819	0.788954	0.792674	
2445	0.800261	0.786682	0.792121	0.794534	0.794679	0.783906	0.789636	0.803467	0.786824	0.792141	
2450	0.801411	0.788475	0.792874	0.797032	0.790994	0.783063	0.792871	0.803652	0.788942	0.789890	
2455	0.799514	0.785748	0.793731	0.795366	0.792898	0.785421	0.790381	0.801453	0.787992	0.789537	
2460	0.800302	0.790505	0.794521	0.791110	0.793400	0.785637	0.790504	0.800037	0.787451	0.787299	
2465	0.803368	0.790178	0.797393	0.791732	0.794763	0.784534	0.792614	0.801640	0.790602	0.787744	
2470	0.802745	0.790034	0.801702	0.792613	0.792726	0.788681	0.792264	0.798889	0.792248	0.788511	
2475	0.800456	0.794227	0.802452	0.792002	0.792483	0.793568	0.794855	0.800069	0.791965	0.789365	
2480	0.804829	0.792512	0.804152	0.793906	0.791931	0.790886	0.793720	0.798777	0.792620	0.790368	
2485	0.804735	0.791115	0.798806	0.793735	0.792793	0.793048	0.791648	0.799158	0.793267	0.786305	
2490	0.802807	0.789584	0.796584	0.795540	0.792003	0.793503	0.791880	0.795773	0.796165	0.785580	
2495	0.801081	0.793005	0.797938	0.795616	0.794673	0.793742	0.790177	0.798126	0.798140	0.786972	
2500	0.800532	0.793248	0.799091	0.798156	0.789113	0.790249	0.793737	0.802440	0.794795	0.785685	
2505	0.800348	0.794397	0.798011	0.798205	0.790495	0.789089	0.793797	0.799982	0.794792	0.784455	
2510	0.800927	0.793547	0.797483	0.800710	0.789828	0.791813	0.796951	0.800518	0.792002	0.784916	
2515	0.796914	0.790748	0.796457	0.800199	0.791295	0.789152	0.792891	0.796377	0.793746	0.786902	
2520	0.798415	0.791441	0.797320	0.798494	0.795524	0.789280	0.791900	0.800410	0.793981	0.788425	
2525	0.803435	0.791108	0.795133	0.798344	0.798210	0.791351	0.791007	0.798287	0.793498	0.789205	
2530	0.798213	0.789942	0.793481	0.796849	0.801227	0.790250	0.791547	0.800858	0.793040	0.789256	
2535	0.797254	0.790760	0.793775	0.796843	0.799453	0.790755	0.790739	0.800011	0.788648	0.791871	
2540	0.796453	0.790237	0.793585	0.796530	0.798037	0.794267	0.794748	0.802403	0.789513	0.790242	
2545	0.794587	0.793750	0.793093	0.793491	0.797107	0.796333	0.795136	0.803516	0.788463	0.786997	
2550	0.797900	0.792812	0.792218	0.791218	0.797984	0.793025	0.794655	0.800137	0.788249	0.786699	
2555	0.798327	0.790052	0.796739	0.789707	0.796786	0.793597	0.796519	0.799668	0.783856	0.782446	
2560	0.804130	0.788876	0.796690	0.786288	0.797392	0.791635	0.798363	0.801537	0.784232	0.786634	
2565	0.799744	0.790119	0.796227	0.790312	0.798622	0.790040	0.795441	0.799894	0.783685	0.791079	
2570	0.799886	0.789707	0.793681	0.792942	0.797868	0.792587	0.793899	0.799263	0.784687	0.791943	
2575	0.799949	0.785946	0.794837	0.790682	0.795841	0.790338	0.792283	0.800675	0.784447	0.792861	
2580	0.800386	0.785474	0.797334	0.793042	0.796491	0.791624	0.793410	0.794912	0.785701	0.793311	
2585	0.800017	0.786399	0.798632	0.795457	0.795918	0.790271	0.791270	0.794216	0.784470	0.793329	
2590	0.800172	0.785868	0.799369	0.796345	0.793303	0.789603	0.788709	0.794687	0.788123	0.793592	
2595	0.800525	0.787878	0.797807	0.797952	0.794901	0.788876	0.783590	0.796436	0.789455	0.796172	
2600	0.800990	0.788111	0.798517	0.796137	0.794039	0.788030	0.784187	0.793327	0.789779	0.794933	
2605	0.799726	0.787867	0.799630	0.795876	0.794064	0.787192	0.786083	0.795319	0.789190	0.797377	
2610	0.795486	0.792419	0.799565	0.795006	0.790645	0.789422	0.786824	0.795628	0.788029	0.793698	
2615	0.790618	0.790588	0.797788	0.796716	0.790150	0.788584	0.791152	0.797620	0.786141	0.791717	
2620	0.790322	0.791524	0.796212	0.792766	0.791547	0.787527	0.787818	0.794861	0.785481	0.789859	
2625	0.787643	0.791077	0.793945	0.794798	0.792791	0.788685	0.784799	0.792708	0.785342	0.789768	
2630	0.786394	0.789786	0.793573	0.791648	0.787240	0.792027	0.783124	0.793308	0.787947	0.792760	
2635	0.785485	0.787887	0.792000	0.795653	0.788757	0.793159	0.786461	0.794118	0.786800	0.791649	
2640	0.784825	0.787975	0.790516	0.792599	0.794889	0.790733	0.788541	0.793687	0.785871	0.789739	
2645	0.785004	0.789228	0.793668	0.790924	0.797586	0.789043	0.788200	0.794529	0.785012	0.791584	
2650	0.788594	0.790500	0.791371	0.789550	0.797913	0.790092	0.790162	0.791904	0.784425	0.792394	
2655	0.791293	0.791403	0.793814	0.794573	0.799237	0.791129	0.790645	0.793519	0.784313	0.790198	
2660	0.792083	0.790568	0.795809	0.792811	0.797954	0.790902	0.788319	0.796209	0.783770	0.788237	
2665	0.795145	0.787966	0.795590	0.790264	0.797885	0.794401	0.789952	0.797964	0.784788	0.789200	
2670	0.794116	0.786422	0.795231	0.785329	0.797675	0.794302	0.791403	0.799511	0.786814	0.790835	
2675	0.791797	0.786745	0.794835	0.785458	0.793569	0.795770	0.790418	0.799042	0.785498	0.791902	
2680	0.792313	0.791893	0.795180	0.783285	0.793646	0.799666	0.790229	0.800204	0.786882	0.791695	
2685	0.793580	0.793848	0.795152	0.785137	0.798329	0.797589	0.790938	0.797938	0.787297	0.788387	
2690	0.788470	0.792118	0.794040	0.785779	0.798035	0.795845	0.791998	0.795553	0.791433	0.787809	
2695	0.787998	0.792931	0.790060	0.783781	0.801897	0.794948	0.791033	0.795789	0.791823	0.788078	
2700	0.784167	0.789420	0.789414	0.784916	0.799015	0.795241	0.792115	0.798257	0.790564	0.789767	
2705	0.784429	0.786837	0.792256	0.785802	0.800504	0.794153	0.793055	0.799023	0.792741	0.786398	
2710	0.783320	0.790257	0.791422	0.785799	0.803807	0.794036	0.793129	0.800430	0.787503	0.785095	
2715	0.780986	0.792932	0.791253	0.790727	0.805083	0.793996	0.793550	0.798982	0.789815	0.786617	
2720	0.781133	0.791608	0.793758	0.795226	0.798565	0.793376	0.795355	0.800423	0.785206	0.787870	
2725	0.778599	0.792099	0.790561	0.795744	0.794884	0.793680	0.796789	0.797041	0.787342	0.791108	
2730	0.784277	0.792848	0.789581	0.793480	0.797369	0.795017	0.796414	0.793485	0.788169	0.790173	
2735	0.782216	0.790428	0.790472	0.792939	0.798278	0.797025	0.794397	0.795116	0.787761	0.790307	
2740	0.786144	0.791254	0.791441	0.794109	0.795162	0.799127	0.793137	0.788858	0.785348	0.789917	
2745	0.785373	0.789043	0.792336	0.793904	0.794526	0.798203	0.796377	0.789448	0.786114	0.790102	
2750	0.785167	0.790010	0.794340	0.793660	0.795413	0.801482	0.796817	0.790938	0.787158	0.791206	
2755	0.787081	0.785980	0.791323	0.794699	0.795489	0.801827	0.791575	0.793834	0.786263	0.787707	
2760	0.789078	0.786522	0.793608	0.794662	0.796083	0.801914	0.793989	0.795283	0.784045	0.789106	
2765	0.788196	0.784953	0.793512	0.792326	0.796448	0.803474	0.792932	0.791327	0.780905	0.794869	
2770	0.785908	0.786866	0.791169	0.790364	0.798461	0.798984	0.798310	0.790720	0.783561	0.797924	
2775	0.784493	0.788528	0.790926	0.789056	0.797313	0.797292	0.797900	0.789795	0.787840	0.796622	
2780	0.784415	0.784993	0.790677	0.789913	0.797340	0.796221	0.798056	0.792381	0.786510	0.799909	
2785	0.785006	0.785081	0.792481	0.791575	0.795827	0.796667	0.800423	0.788682	0.788625	0.800341	
2790	0.786490	0.786118	0.792253	0.790228	0.794671	0.797497	0.793294	0.788464	0.790687	0.803008	
2795	0.787287	0.784844	0.789146	0.789564	0.790848	0.795141	0.791995	0.789314	0.788086	0.800241	
2800	0.787415	0.785348	0.789589	0.791009	0.787925	0.795822	0.790733	0.790140	0.792577	0.800964	
2805	0.786881	0.785183	0.788021	0.789739	0.787570	0.794474	0.788512	0.789712	0.790363	0.796777	
2810	0.785642	0.788775	0.787579	0.792821	0.787786	0.797429	0.788303	0.792304	0.793426	0.797799	
2815	0.788448	0.788619	0.787759	0.794903	0.789967	0.799480	0.787489	0.793243	0.794159	0.795007	
2820	0.788637	0.790517	0.786461	0.794266	0.791183	0.798386	0.783955	0.792104	0.793359	0.790626	
2825	0.789284	0.790705	0.787044	0.794129	0.794262	0.800282	0.784499	0.792198	0.790634	0.790661	
2830	0.787822	0.788984	0.787795	0.793981	0.796967	0.798786	0.781775	0.792575	0.791631	0.787589	
2835	0.786387	0.788226	0.790373	0.793843	0.794914	0.795447	0.783726	0.790101	0.792186	0.785891	
2840	0.784545	0.788996	0.791917	0.793373	0.792167	0.793079	0.786975	0.789014	0.793343	0.789689	
2845	0.782917	0.788129	0.789432	0.792998	0.791377	0.793532	0.786264	0.794393	0.792486	0.792529	
2850	0.783635	0.783773	0.789513	0.795959	0.792094	0.795526	0.786602	0.793821	0.792810	0.793013	
2855	0.785016	0.785133	0.790209	0.795203	0.793534	0.797367	0.789517	0.791751	0.793443	0.793327	
2860	0.783531	0.789782	0.792795	0.796094	0.794771	0.793797	0.790024	0.797158	0.792226	0.795695	
2865	0.784838	0.795406	0.790826	0.798605	0.795758	0.793889	0.788133	0.799371	0.795720	0.795129	
2870	0.784419	0.794875	0.792430	0.795719	0.798110	0.791139	0.788435	0.796656	0.796813	0.793818	
2875	0.783851	0.794568	0.793411	0.792678	0.792823	0.793849	0.787053	0.797268	0.793596	0.794451	
2880	0.785211	0.795060	0.791120	0.793934	0.791757	0.795890	0.789400	0.798866	0.797286	0.796566	
2885	0.786386	0.793927	0.795084	0.793217	0.791150	0.791443	0.792627	0.799477	0.796466	0.795219	
2890	0.783223	0.800366	0.793609	0.790096	0.788719	0.790241	0.791893	0.802686	0.795901	0.795199	
2895	0.787225	0.802189	0.794411	0.789601	0.790400	0.790861	0.793125	0.798865	0.795978	0.794206	
2900	0.787922	0.801302	0.794098	0.791674	0.792177	0.791725	0.793698	0.798350	0.800036	0.792817	
2905	0.786456	0.799767	0.794120	0.789799	0.794656	0.794047	0.793663	0.796099	0.798846	0.792508	
2910	0.785134	0.799717	0.795922	0.790474	0.792758	0.792783	0.793759	0.792679	0.795342	0.793604	
2915	0.783058	0.799849	0.798634	0.790651	0.793204	0.795370	0.794529	0.792579	0.798127	0.798158	
2920	0.783413	0.798349	0.795036	0.791404	0.794493	0.794735	0.798893	0.792630	0.796359	0.798748	
2925	0.782450	0.794324	0.796909	0.791139	0.793070	0.792232	0.796992	0.793534	0.794587	0.800381	
2930	0.785163	0.792206	0.797437	0.787876	0.793847	0.789702	0.794644	0.795124	0.793090	0.800646	
2935	0.787694	0.791125	0.796752	0.790616	0.794097	0.791664	0.796022	0.795768	0.792259	0.798947	
2940	0.785286	0.788991	0.794477	0.790849	0.795294	0.789268	0.795184	0.796496	0.792972	0.796545	
2945	0.788771	0.788763	0.796303	0.792037	0.793879	0.792313	0.797143	0.797692	0.791515	0.795254	
2950	0.788672	0.793716	0.796403	0.791383	0.797323	0.788513	0.795537	0.797627	0.787696	0.796108	
2955	0.790829	0.793399	0.799787	0.791825	0.796324	0.790557	0.796365	0.795900	0.787658	0.792607	
2960	0.789099	0.798501	0.801112	0.791098	0.793783	0.790754	0.795482	0.793694	0.788450	0.793527	
2965	0.786468	0.796833	0.800848	0.787790	0.792444	0.790943	0.794794	0.791641	0.788387	0.793706	
2970	0.788746	0.794175	0.801957	0.784568	0.793490	0.790836	0.795981	0.792101	0.787997	0.794076	
2975	0.785716	0.795143	0.800047	0.786807	0.797462	0.789580	0.795244	0.789834	0.791757	0.797722	
2980	0.781514	0.795270	0.798517	0.784224	0.792198	0.792457	0.796082	0.787793	0.791710	0.793950	
2985	0.781254	0.795441	0.792447	0.784234	0.792518	0.789725	0.796553	0.789188	0.789735	0.794328	
2990	0.781133	0.795478	0.794216	0.784889	0.790172	0.789353	0.799145	0.790288	0.792558	0.798678	
2995	0.780350	0.795200	0.792183	0.780076	0.787813	0.789922	0.796775	0.789502	0.794004	0.795302	
3000	0.783556	0.793688	0.789771	0.783524	0.790096	0.791746	0.800568	0.788904	0.792571	0.795180	
