T	rep_1	rep_2	rep_3	rep_4	rep_5	rep_6	rep_7	rep_8	rep_9	rep_10
5	0.000000	0.000000	0.000000	0.000000	0.000000	0.000000	0.000000	0.000000	0.000000	0.000000	
10	0.000000	0.000000	0.000000	0.000000	0.000000	0.000000	0.000000	0.000000	0.000000	0.000000	
15	0.000000	0.000000	0.000000	0.000000	0.000000	0.000000	0.000000	0.000000	0.000000	0.000000	
20	0.000000	0.000000	0.000000	0.000000	0.000000	0.000000	0.000000	0.000000	0.000000	0.000000	
25	0.000000	0.000000	0.000000	0.000000	0.000000	0.000000	0.000000	0.000000	0.000000	0.000000	
30	0.000000	0.000000	0.000000	0.000000	0.000000	0.000000	0.000000	0.000000	0.000000	0.000000	
35	0.000000	0.000000	0.000000	0.000000	0.000000	0.000000	0.000000	0.000000	0.000000	0.000000	
40	0.000000	0.000000	0.000000	0.000000	0.000000	0.000000	0.000000	0.000000	0.000000	0.000000	
45	0.000000	0.000000	0.000000	0.000000	0.000000	0.000000	0.000000	0.000000	0.000000	0.000000	
50	0.000000	0.000000	0.000000	0.000000	0.000000	0.000000	0.000000	0.000000	0.000000	0.000000	
55	0.000000	0.000000	0.000000	0.000000	0.000000	0.000000	0.000000	0.000000	0.000000	0.000000	
60	0.000000	0.000000	0.000000	0.000000	0.000000	0.000000	0.000000	0.000000	0.000000	0.000000	
65	0.000000	0.000000	0.000000	0.000000	0.000000	0.000000	0.000000	0.000000	0.000000	0.000000	
70	0.000000	0.000000	0.000000	0.000000	0.000000	0.000000	0.000000	0.000000	0.000000	0.000000	
75	0.000000	0.000000	0.000000	0.000000	0.000000	0.000000	0.000000	0.000000	0.000000	0.000000	
80	0.000000	0.000000	0.000000	0.000000	0.000000	0.000000	0.000000	0.000000	0.000000	0.000000	
85	0.000000	0.000000	0.000000	0.000000	0.000000	0.000000	0.000000	0.000000	0.000000	0.000000	
90	0.000000	0.000000	0.000000	0.000000	0.000000	0.000000	0.000000	0.000000	0.000000	0.000000	
95	0.000000	0.000000	0.000000	0.000000	0.000000	0.000000	0.000000	0.000000	0.000000	0.000000	
100	0.000000	0.000000	0.000000	0.000000	0.000000	0.000000	0.000000	0.000000	0.000000	0.000000	
105	0.000000	0.000000	0.000000	0.000000	0.000000	0.000000	0.000000	0.000000	0.000000	0.000000	
110	0.000000	0.000000	0.000000	0.000000	0.000000	0.000000	0.000000	0.000000	0.000000	0.000000	
115	0.000000	0.000000	0.000000	0.000000	0.000000	0.000000	0.000000	0.000000	0.000000	0.000000	
120	0.000000	0.000000	0.000000	0.000000	0.000000	0.000000	0.000000	0.000000	0.000000	0.000000	
125	0.000000	0.000000	0.000000	0.000000	0.000000	0.000000	0.000000	0.000000	0.000000	0.000000	
130	0.000000	0.000000	0.000000	0.000000	0.000000	0.000000	0.000000	0.000000	0.000000	0.000000	
135	0.000000	0.000000	0.000000	0.000000	0.000000	0.000000	0.000000	0.000000	0.000000	0.000000	
140	0.000000	0.000000	0.000000	0.000000	0.000000	0.000000	0.000000	0.000000	0.000000	0.000000	
145	0.000000	0.000000	0.000000	0.000000	0.000000	0.000000	0.000000	0.000000	0.000000	0.000000	
150	0.000000	0.000000	0.000000	0.000000	0.000000	0.000000	0.000000	0.000000	0.000000	0.000000	
155	0.000000	0.000000	0.000000	0.000000	0.000000	0.000000	0.000000	0.000000	0.000000	0.000000	
160	0.000000	0.000000	0.000000	0.000000	0.000000	0.000000	0.000000	0.000000	0.000000	0.000000	
165	0.000000	0.000000	0.000000	0.000000	0.000000	0.000000	0.000000	0.000000	0.000000	0.000000	
170	0.000000	0.000000	0.000000	0.000000	0.000000	0.000000	0.000000	0.000000	0.000000	0.000000	
175	0.000000	0.000000	0.000000	0.000000	0.000000	0.000000	0.000000	0.000000	0.000000	0.000000	
180	0.000000	0.000000	0.000000	0.000000	0.000000	0.000000	0.000000	0.000000	0.000000	0.000000	
185	0.000000	0.000000	0.000000	0.000000	0.000000	0.000000	0.000000	0.000000	0.000000	0.000000	
190	0.000000	0.000000	0.000000	0.000000	0.000000	0.000000	0.000000	0.000000	0.000000	0.000000	
195	0.000000	0.000000	0.000000	0.000000	0.000000	0.000000	0.000000	0.000000	0.000000	0.000000	
200	0.000000	0.000000	0.000000	0.000000	0.000000	0.000000	0.000000	0.000000	0.000000	0.000000	
205	0.001671	0.001256	0.001779	0.001910	0.001411	0.001693	0.001428	0.002030	0.001866	0.001895	
210	0.004779	0.003139	0.005476	0.004423	0.003810	0.003617	0.005148	0.005764	0.004862	0.004574	
215	0.009293	0.006771	0.010347	0.006516	0.007746	0.006017	0.008919	0.010415	0.008304	0.009189	
220	0.017336	0.013349	0.016069	0.010053	0.013499	0.009918	0.013338	0.016136	0.012109	0.013883	
225	0.039056	0.017800	0.024203	0.014564	0.020190	0.014559	0.018207	0.025255	0.017333	0.022102	
230	0.056536	0.026342	0.033242	0.021629	0.030981	0.018185	0.026113	0.041245	0.022686	0.032588	
235	0.062044	0.032413	0.045113	0.027616	0.043254	0.022370	0.033998	0.053811	0.030619	0.040006	
240	0.065428	0.037174	0.053309	0.035420	0.052521	0.027751	0.042505	0.062924	0.037895	0.049637	
245	0.062750	0.043053	0.064394	0.040438	0.062737	0.035490	0.047510	0.068387	0.045718	0.059274	
250	0.064702	0.048761	0.072730	0.049714	0.074923	0.039468	0.055648	0.074142	0.052949	0.062958	
255	0.064723	0.052364	0.080114	0.057461	0.084427	0.041751	0.057015	0.077805	0.057887	0.066275	
260	0.065298	0.058268	0.085311	0.063950	0.090635	0.047509	0.060160	0.082781	0.058669	0.068849	
265	0.064852	0.060643	0.091830	0.068978	0.090251	0.049104	0.061736	0.083918	0.065657	0.067405	
270	0.063887	0.064663	0.094713	0.072748	0.090893	0.051744	0.066886	0.087069	0.066716	0.069027	
275	0.064000	0.066809	0.097606	0.077064	0.092235	0.053752	0.067323	0.090732	0.067037	0.071920	
280	0.065302	0.067375	0.098209	0.076602	0.094036	0.054337	0.068629	0.092146	0.070775	0.073876	
285	0.065793	0.071224	0.101243	0.074746	0.093361	0.053684	0.071683	0.097253	0.074438	0.074847	
290	0.068461	0.069888	0.100027	0.076005	0.093293	0.054734	0.073427	0.094424	0.078450	0.075021	
295	0.068137	0.070746	0.098223	0.078249	0.091482	0.056437	0.073123	0.098137	0.082222	0.080194	
300	0.069756	0.071931	0.094405	0.079608	0.091608	0.057773	0.074358	0.101368	0.081411	0.080212	
305	0.069222	0.071494	0.094185	0.080688	0.091568	0.058302	0.074641	0.100829	0.082035	0.081679	
310	0.069711	0.070130	0.093631	0.084093	0.090711	0.059654	0.075591	0.103142	0.083649	0.081237	
315	0.070088	0.069917	0.093095	0.083398	0.089321	0.060516	0.073670	0.102169	0.084113	0.082960	
320	0.070183	0.068002	0.093894	0.083662	0.086838	0.058779	0.073888	0.100996	0.083828	0.083837	
325	0.069151	0.067025	0.089535	0.084041	0.087831	0.058820	0.074806	0.099409	0.084492	0.085635	
330	0.071587	0.067423	0.086762	0.082019	0.086013	0.059401	0.074649	0.099527	0.085253	0.082895	
335	0.071610	0.067343	0.086339	0.083385	0.086159	0.060423	0.074415	0.100442	0.085746	0.083806	
340	0.070127	0.066471	0.085194	0.086103	0.086401	0.061758	0.073843	0.096933	0.087796	0.083049	
345	0.071263	0.066331	0.084924	0.085224	0.087529	0.061303	0.071576	0.093591	0.085893	0.081687	
350	0.071896	0.065855	0.084256	0.084299	0.086206	0.060937	0.069238	0.093327	0.086009	0.080088	
355	0.071368	0.066024	0.082405	0.085289	0.085506	0.061098	0.070001	0.091287	0.086201	0.078392	
360	0.070872	0.064776	0.079840	0.086482	0.085948	0.059836	0.070844	0.088862	0.086154	0.079210	
365	0.069943	0.064355	0.078405	0.086087	0.083705	0.058029	0.067727	0.089031	0.086328	0.077764	
370	0.069522	0.063338	0.074761	0.087565	0.083165	0.058164	0.066168	0.089385	0.086229	0.077830	
375	0.068058	0.065247	0.074132	0.088383	0.081686	0.057381	0.066023	0.086614	0.084996	0.075390	
380	0.066787	0.064829	0.074260	0.088458	0.081694	0.058305	0.067648	0.085791	0.084131	0.075111	
385	0.067681	0.064025	0.073995	0.088512	0.082812	0.056428	0.067108	0.086955	0.083874	0.073598	
390	0.068680	0.064765	0.075289	0.088753	0.081013	0.057588	0.067071	0.083741	0.082621	0.073796	
395	0.068114	0.062568	0.072540	0.086687	0.078436	0.056311	0.065442	0.082074	0.082812	0.072184	
400	0.068248	0.061323	0.070510	0.086209	0.078701	0.056673	0.064384	0.081803	0.081658	0.072144	
405	0.066948	0.061356	0.072112	0.084690	0.079154	0.055440	0.064391	0.082652	0.081399	0.070975	
410	0.064920	0.061189	0.070102	0.083544	0.081190	0.055692	0.067623	0.083068	0.081477	0.071107	
415	0.064414	0.060668	0.069322	0.081747	0.081735	0.056063	0.064958	0.082711	0.080115	0.067726	
420	0.062426	0.061673	0.068558	0.079903	0.081008	0.056529	0.066456	0.082439	0.079789	0.067930	
425	0.063682	0.061144	0.067703	0.079016	0.080336	0.057213	0.064840	0.084065	0.080329	0.066797	
430	0.064451	0.061097	0.067837	0.080107	0.081473	0.055215	0.064151	0.083219	0.079276	0.065533	
435	0.062631	0.060147	0.067739	0.079994	0.082212	0.054444	0.061715	0.084238	0.077837	0.065697	
440	0.062072	0.060224	0.069534	0.077148	0.081668	0.057972	0.062556	0.083416	0.078655	0.064914	
445	0.061656	0.060639	0.070062	0.076188	0.082753	0.058173	0.061255	0.083312	0.077443	0.065742	
450	0.059774	0.061622	0.070529	0.075171	0.083128	0.058286	0.063403	0.082169	0.075046	0.065939	
455	0.059467	0.063120	0.070006	0.074187	0.083063	0.059268	0.063555	0.080730	0.072653	0.066216	
460	0.060067	0.062260	0.068126	0.075063	0.081080	0.058650	0.063827	0.078308	0.072141	0.066927	
465	0.061599	0.062552	0.069418	0.074872	0.080377	0.059010	0.061854	0.078668	0.072012	0.066531	
470	0.063073	0.060885	0.068139	0.074212	0.079209	0.059833	0.061564	0.079590	0.071008	0.065613	
475	0.063508	0.062112	0.068050	0.073726	0.079147	0.060194	0.062074	0.079432	0.071978	0.065093	
480	0.061249	0.061528	0.067605	0.073982	0.077052	0.061476	0.063881	0.075530	0.070522	0.065728	
485	0.059292	0.062455	0.065670	0.075372	0.076248	0.059977	0.062918	0.072862	0.069629	0.066283	
490	0.060693	0.062386	0.066801	0.073452	0.077536	0.058345	0.063251	0.072223	0.070256	0.067661	
495	0.061261	0.060383	0.063183	0.072585	0.075292	0.060736	0.062462	0.072510	0.071675	0.067904	
500	0.062808	0.061644	0.063430	0.071400	0.074331	0.061200	0.063719	0.069429	0.070915	0.068274	
505	0.062114	0.063626	0.064858	0.073421	0.075516	0.063141	0.064352	0.071080	0.070236	0.067828	
510	0.062545	0.062779	0.065454	0.073721	0.073226	0.064161	0.064176	0.068899	0.072040	0.066908	
515	0.060659	0.063078	0.065550	0.072408	0.072218	0.061187	0.064775	0.068361	0.071684	0.066026	
520	0.061768	0.061966	0.065494	0.073422	0.072379	0.061317	0.064760	0.068657	0.069479	0.066036	
525	0.061585	0.063773	0.063959	0.070813	0.072616	0.062701	0.063779	0.069208	0.068086	0.065206	
530	0.060707	0.063565	0.061945	0.073493	0.072382	0.061624	0.061718	0.069682	0.067322	0.066361	
535	0.059981	0.062440	0.060989	0.073275	0.074083	0.060502	0.063827	0.069162	0.066027	0.065556	
540	0.060693	0.063575	0.059031	0.072386	0.074871	0.060186	0.063909	0.068801	0.064313	0.064806	
545	0.060942	0.063585	0.059115	0.072037	0.074782	0.060210	0.063786	0.068028	0.063754	0.063414	
550	0.062731	0.062468	0.060285	0.072393	0.075107	0.059445	0.063794	0.070619	0.063761	0.062722	
555	0.062597	0.061630	0.058842	0.072253	0.074678	0.060111	0.061789	0.072042	0.063891	0.065058	
560	0.063870	0.060111	0.059650	0.070253	0.074213	0.061306	0.062580	0.070478	0.063386	0.064066	
565	0.063752	0.060985	0.061993	0.071010	0.075586	0.061684	0.060366	0.068081	0.063452	0.062684	
570	0.062713	0.062282	0.059774	0.069738	0.073904	0.063757	0.059772	0.068198	0.062058	0.064707	
575	0.061667	0.064037	0.060541	0.068979	0.075647	0.063500	0.060351	0.068104	0.062644	0.065102	
580	0.063524	0.063979	0.058341	0.069858	0.075238	0.063026	0.061170	0.067190	0.063630	0.066278	
585	0.062779	0.063732	0.058200	0.069928	0.073878	0.064887	0.062898	0.066332	0.063956	0.067301	
590	0.063650	0.064814	0.057700	0.070069	0.073242	0.068275	0.063313	0.066324	0.063764	0.065362	
595	0.063235	0.067460	0.058424	0.070363	0.073261	0.069549	0.063751	0.067237	0.063850	0.066224	
600	0.063231	0.066589	0.060938	0.070431	0.073753	0.069454	0.063979	0.067607	0.064236	0.067771	
605	0.064780	0.067205	0.060734	0.070570	0.074002	0.069400	0.064918	0.068949	0.063456	0.070044	
610	0.066357	0.066696	0.059777	0.071336	0.074877	0.070969	0.065629	0.068681	0.062816	0.070797	
615	0.065698	0.065309	0.060181	0.070725	0.073036	0.070884	0.064992	0.069710	0.061769	0.070835	
620	0.067202	0.064386	0.059795	0.069574	0.071401	0.071721	0.061912	0.067007	0.060746	0.069234	
625	0.067005	0.066109	0.059905	0.070745	0.071606	0.071412	0.063703	0.068311	0.061565	0.069642	
630	0.068830	0.065134	0.058382	0.072755	0.071303	0.072326	0.063480	0.070711	0.059604	0.072696	
635	0.069233	0.066337	0.056038	0.071504	0.072143	0.071124	0.063437	0.070712	0.059474	0.072942	
640	0.065885	0.067264	0.055617	0.069763	0.073162	0.073160	0.064366	0.070413	0.058990	0.071226	
645	0.065740	0.066998	0.055687	0.070806	0.073117	0.072850	0.063556	0.070921	0.058175	0.072105	
650	0.065602	0.066527	0.057116	0.069997	0.072234	0.073917	0.067395	0.071819	0.058435	0.072759	
655	0.066962	0.065655	0.058505	0.069263	0.071363	0.072657	0.065208	0.072833	0.058284	0.071252	
660	0.065622	0.066429	0.058886	0.068750	0.070658	0.070891	0.063990	0.074619	0.058185	0.072058	
665	0.067052	0.067011	0.058965	0.069124	0.070728	0.070196	0.064211	0.075530	0.058259	0.071605	
670	0.067174	0.067260	0.059581	0.069519	0.069099	0.073427	0.065049	0.072442	0.059360	0.070993	
675	0.069215	0.065551	0.058399	0.069770	0.068799	0.073674	0.065713	0.071616	0.063085	0.069978	
680	0.070686	0.067771	0.060530	0.070102	0.068721	0.074702	0.065342	0.068572	0.063738	0.071332	
685	0.071416	0.067014	0.062052	0.067468	0.067679	0.076710	0.066367	0.069712	0.064187	0.070332	
690	0.071089	0.066159	0.061460	0.067259	0.065617	0.075484	0.067185	0.068296	0.064512	0.071217	
695	0.072334	0.063820	0.060801	0.067755	0.064757	0.075975	0.066549	0.069549	0.065308	0.070209	
700	0.070649	0.064752	0.061490	0.068572	0.065459	0.074184	0.066887	0.069768	0.064209	0.069536	
705	0.070278	0.064521	0.063150	0.067645	0.064129	0.077101	0.066246	0.071349	0.063596	0.071170	
710	0.071202	0.066462	0.063017	0.068696	0.064853	0.077407	0.066135	0.072579	0.063783	0.071475	
715	0.071227	0.068360	0.063982	0.069550	0.065608	0.075873	0.065801	0.072232	0.063088	0.070397	
720	0.074941	0.068117	0.063290	0.070463	0.066133	0.073910	0.067195	0.073059	0.062995	0.068840	
725	0.072897	0.067352	0.064360	0.067934	0.065792	0.076042	0.066121	0.074010	0.062003	0.068732	
730	0.072753	0.067039	0.065467	0.064618	0.066689	0.076875	0.065800	0.072379	0.061259	0.069403	
735	0.071819	0.064473	0.063714	0.063988	0.066236	0.075380	0.066838	0.072675	0.061905	0.071643	
740	0.070365	0.062425	0.065579	0.065320	0.064677	0.074781	0.067595	0.071812	0.061252	0.070885	
745	0.070115	0.062663	0.067379	0.068256	0.064091	0.077815	0.068048	0.072112	0.061964	0.071617	
750	0.068493	0.062552	0.065395	0.068887	0.063860	0.075997	0.068456	0.070935	0.063198	0.070789	
755	0.068329	0.062214	0.064510	0.069076	0.064345	0.075924	0.068631	0.071225	0.063766	0.071066	
760	0.068426	0.062499	0.063693	0.070763	0.062900	0.075500	0.067720	0.072986	0.063621	0.070170	
765	0.068155	0.064456	0.064317	0.073135	0.063769	0.077311	0.068099	0.071179	0.064460	0.071819	
770	0.068156	0.066532	0.065274	0.072616	0.062980	0.077753	0.067862	0.070906	0.065199	0.070888	
775	0.067933	0.066771	0.065139	0.073334	0.065315	0.077021	0.065343	0.071397	0.067372	0.068727	
780	0.068072	0.067781	0.063042	0.072655	0.066755	0.077192	0.062277	0.070013	0.067492	0.067914	
785	0.069181	0.067092	0.063725	0.071582	0.065942	0.076644	0.061052	0.068411	0.066686	0.070082	
790	0.069186	0.066588	0.065079	0.069473	0.067469	0.078001	0.062011	0.066667	0.067614	0.069052	
795	0.067952	0.066482	0.066852	0.068931	0.066201	0.079555	0.062274	0.067906	0.067774	0.068015	
800	0.065949	0.065782	0.065145	0.068734	0.065271	0.081548	0.062057	0.069902	0.066525	0.068099	
805	0.066670	0.066321	0.064362	0.068908	0.065038	0.080355	0.060676	0.070285	0.066305	0.069567	
810	0.065544	0.065704	0.063679	0.068097	0.064446	0.080475	0.060733	0.069838	0.066349	0.072019	
815	0.064838	0.065821	0.064791	0.067555	0.064562	0.080686	0.062007	0.068151	0.067493	0.071541	
820	0.063305	0.066345	0.066513	0.068393	0.063508	0.079406	0.059869	0.067595	0.066107	0.069323	
825	0.063081	0.066649	0.066395	0.067401	0.063185	0.079790	0.061505	0.069305	0.065261	0.068103	
830	0.062300	0.067116	0.068462	0.068976	0.064166	0.078657	0.060910	0.066695	0.064317	0.068659	
835	0.063371	0.066727	0.070412	0.069427	0.063809	0.078529	0.062488	0.065613	0.063805	0.067118	
840	0.064543	0.063374	0.069769	0.070168	0.063750	0.079098	0.065115	0.066133	0.062945	0.066910	
845	0.061677	0.061511	0.067815	0.070240	0.063404	0.079387	0.063517	0.066465	0.062821	0.066397	
850	0.061377	0.060527	0.068697	0.070438	0.064928	0.081192	0.064090	0.067779	0.063919	0.066634	
855	0.062998	0.059731	0.069373	0.069134	0.064519	0.079199	0.064934	0.067777	0.064757	0.066376	
860	0.062312	0.059972	0.066122	0.065769	0.063989	0.078692	0.065189	0.067132	0.064055	0.066743	
865	0.062237	0.059990	0.064277	0.065342	0.062945	0.078468	0.066167	0.066547	0.063284	0.068428	
870	0.065102	0.060922	0.065339	0.065364	0.062959	0.077037	0.065787	0.065707	0.063642	0.070171	
875	0.064454	0.061128	0.065568	0.066108	0.062883	0.077450	0.066406	0.066546	0.063141	0.068628	
880	0.064958	0.060842	0.067417	0.064376	0.063120	0.078375	0.066309	0.066740	0.065783	0.070017	
885	0.063613	0.060215	0.065208	0.063918	0.063286	0.076607	0.064924	0.064943	0.066091	0.068708	
890	0.063650	0.060466	0.065031	0.064039	0.063617	0.076253	0.064749	0.065229	0.065442	0.067749	
895	0.064030	0.060603	0.065747	0.063196	0.063483	0.074444	0.064614	0.063539	0.063664	0.067213	
900	0.063084	0.061364	0.065310	0.061883	0.063565	0.073971	0.065525	0.063274	0.063824	0.068954	
905	0.063570	0.061257	0.066116	0.062857	0.062294	0.073247	0.063077	0.061056	0.062281	0.067278	
910	0.064190	0.061999	0.067847	0.064265	0.062637	0.073529	0.065198	0.060873	0.061870	0.068009	
915	0.064345	0.062833	0.069758	0.063807	0.061089	0.072555	0.063341	0.061654	0.063100	0.067680	
920	0.063200	0.061093	0.070043	0.060770	0.064334	0.071319	0.064218	0.062123	0.063973	0.067084	
925	0.064352	0.060219	0.069427	0.061231	0.064870	0.073113	0.064395	0.061685	0.065217	0.068543	
930	0.064274	0.062868	0.069983	0.060370	0.065782	0.073392	0.064767	0.063333	0.065007	0.069398	
935	0.064871	0.062560	0.070403	0.062270	0.063824	0.074805	0.065186	0.062911	0.065695	0.067627	
940	0.062968	0.063102	0.070592	0.060059	0.064143	0.071725	0.064224	0.063816	0.064659	0.066038	
945	0.064157	0.062441	0.072668	0.059417	0.064869	0.069941	0.064215	0.063433	0.065761	0.068125	
950	0.064401	0.060364	0.070734	0.060071	0.065094	0.069650	0.064591	0.065087	0.064061	0.069165	
955	0.065289	0.059642	0.066155	0.061662	0.064037	0.071338	0.064855	0.062999	0.063959	0.069650	
960	0.063574	0.058835	0.066517	0.061527	0.066141	0.069436	0.066209	0.063522	0.063970	0.068766	
965	0.063703	0.057733	0.067536	0.061050	0.065675	0.069731	0.066213	0.061630	0.065529	0.069453	
970	0.064503	0.056467	0.068377	0.061668	0.070397	0.068635	0.064351	0.063272	0.066120	0.067234	
975	0.064813	0.056886	0.068456	0.061848	0.068496	0.068702	0.064984	0.063983	0.065381	0.066231	
980	0.065998	0.057592	0.065866	0.060971	0.067947	0.069105	0.064007	0.064858	0.065427	0.067692	
985	0.065239	0.059536	0.064464	0.060639	0.065720	0.068395	0.063491	0.064830	0.065294	0.066997	
990	0.064661	0.061739	0.065574	0.060974	0.065471	0.067266	0.066207	0.065129	0.063895	0.067078	
995	0.064525	0.062833	0.066849	0.060856	0.064451	0.067644	0.067126	0.065679	0.064076	0.066372	
1000	0.066447	0.064133	0.066203	0.061627	0.064053	0.065453	0.065923	0.066128	0.063767	0.065590	
1005	0.066716	0.064630	0.065393	0.062112	0.062990	0.065339	0.065730	0.064696	0.061604	0.068509	
1010	0.068398	0.062621	0.064073	0.064156	0.063265	0.065303	0.063591	0.063315	0.061262	0.065902	
1015	0.067929	0.061113	0.063530	0.065194	0.062810	0.065054	0.063554	0.062807	0.061346	0.066324	
1020	0.067565	0.060546	0.062913	0.066166	0.063596	0.067372	0.065768	0.063980	0.060264	0.066630	
1025	0.067158	0.062976	0.061027	0.066579	0.063330	0.069454	0.064799	0.064197	0.060720	0.067002	
1030	0.067906	0.064517	0.059492	0.064919	0.064258	0.067967	0.064719	0.064055	0.060596	0.065206	
1035	0.066561	0.064790	0.060569	0.063766	0.064988	0.069459	0.064208	0.063623	0.060381	0.065415	
1040	0.065588	0.064823	0.063987	0.065765	0.063762	0.068018	0.061646	0.064036	0.061460	0.064828	
1045	0.066435	0.063887	0.063834	0.065361	0.063094	0.067940	0.061301	0.061958	0.060704	0.066486	
1050	0.066178	0.063573	0.064467	0.065500	0.064249	0.067318	0.060040	0.062376	0.060643	0.067102	
1055	0.067445	0.064071	0.064914	0.066371	0.064574	0.067496	0.060156	0.060953	0.060794	0.069139	
1060	0.066624	0.063615	0.063172	0.066589	0.064325	0.067258	0.059040	0.060463	0.061144	0.069004	
1065	0.065198	0.066654	0.063649	0.067831	0.065756	0.068375	0.057849	0.065119	0.060128	0.067246	
1070	0.066151	0.064329	0.065112	0.068927	0.067063	0.069436	0.060109	0.065955	0.059129	0.066706	
1075	0.064735	0.065139	0.065118	0.063929	0.066798	0.069509	0.060477	0.065468	0.059783	0.067872	
1080	0.067983	0.064493	0.065345	0.063463	0.064872	0.068130	0.061491	0.067642	0.058742	0.067519	
1085	0.067886	0.063315	0.065584	0.064549	0.064910	0.067850	0.060179	0.068187	0.060256	0.066939	
1090	0.067624	0.064920	0.065678	0.064984	0.067692	0.067932	0.062021	0.067423	0.059046	0.068088	
1095	0.064585	0.063991	0.064420	0.064535	0.068405	0.068221	0.062913	0.068213	0.060367	0.067773	
1100	0.064327	0.063413	0.064855	0.063195	0.066767	0.067942	0.064509	0.069905	0.061495	0.071119	
1105	0.063262	0.064338	0.066915	0.064333	0.067991	0.067948	0.063783	0.067200	0.061514	0.072910	
1110	0.062855	0.064408	0.065395	0.064131	0.066713	0.068983	0.063816	0.071573	0.061405	0.075684	
1115	0.063039	0.065428	0.067327	0.065013	0.067237	0.068213	0.065350	0.069148	0.059656	0.076107	
1120	0.063086	0.067105	0.067857	0.064985	0.067890	0.065665	0.065613	0.070252	0.058893	0.075866	
1125	0.064324	0.067742	0.069165	0.064141	0.067332	0.065199	0.064178	0.073438	0.058012	0.074970	
1130	0.063774	0.067168	0.071007	0.063227	0.068440	0.065984	0.067643	0.073722	0.057988	0.072707	
1135	0.066266	0.067774	0.070227	0.061821	0.068148	0.063934	0.067544	0.070811	0.058556	0.074783	
1140	0.064811	0.067070	0.069888	0.062779	0.066149	0.064131	0.065428	0.070596	0.058558	0.072898	
1145	0.063611	0.067256	0.069598	0.063432	0.069888	0.064829	0.066258	0.070317	0.057687	0.074148	
1150	0.065663	0.066777	0.070826	0.061954	0.069481	0.067287	0.065711	0.070694	0.058773	0.072618	
1155	0.066654	0.067880	0.072740	0.061623	0.068811	0.068873	0.064242	0.067800	0.058377	0.072884	
1160	0.067582	0.070471	0.074051	0.062845	0.069548	0.069993	0.063794	0.068703	0.058869	0.072797	
1165	0.066036	0.069796	0.072695	0.061863	0.069648	0.069976	0.064109	0.069049	0.059461	0.073364	
1170	0.067359	0.068378	0.072505	0.063010	0.071050	0.068801	0.063321	0.065081	0.059488	0.072067	
1175	0.066516	0.069839	0.072542	0.061598	0.070715	0.069822	0.062744	0.065219	0.058926	0.071580	
1180	0.065422	0.068597	0.070263	0.062271	0.071623	0.071371	0.062704	0.065619	0.061214	0.071600	
1185	0.066283	0.067692	0.069928	0.062151	0.071612	0.070644	0.063254	0.066645	0.061922	0.072616	
1190	0.066175	0.067579	0.069852	0.062937	0.072089	0.070955	0.063055	0.067400	0.060799	0.074760	
1195	0.065902	0.067335	0.070317	0.064396	0.071152	0.070226	0.062266	0.065697	0.059762	0.074052	
1200	0.065934	0.066229	0.069942	0.064552	0.071335	0.068636	0.060872	0.066333	0.058464	0.074921	
1205	0.064067	0.065807	0.068878	0.064989	0.070318	0.070033	0.062212	0.066420	0.059634	0.073437	
1210	0.063992	0.066272	0.070403	0.062078	0.068969	0.070699	0.063091	0.064824	0.061468	0.074597	
1215	0.064518	0.066129	0.070758	0.061615	0.069292	0.071625	0.061605	0.065372	0.062769	0.072518	
1220	0.062707	0.064705	0.070380	0.060929	0.068403	0.072117	0.060968	0.064193	0.063017	0.071846	
1225	0.063089	0.066369	0.071276	0.063177	0.068717	0.072501	0.062156	0.063840	0.064469	0.073740	
1230	0.063614	0.066933	0.068786	0.063793	0.068975	0.070236	0.063991	0.063126	0.065785	0.075253	
1235	0.061366	0.065308	0.068991	0.063898	0.069188	0.069972	0.065971	0.063200	0.066833	0.074208	
1240	0.064335	0.065544	0.070616	0.063448	0.069926	0.067743	0.067486	0.064213	0.067530	0.073130	
1245	0.064614	0.065046	0.070488	0.061480	0.070769	0.066816	0.069432	0.061741	0.068092	0.075784	
1250	0.061482	0.064588	0.071737	0.060851	0.071521	0.068821	0.070119	0.061653	0.066968	0.072857	
1255	0.063527	0.065857	0.070761	0.061615	0.070805	0.068928	0.070334	0.061488	0.069150	0.069288	
1260	0.062516	0.067068	0.072851	0.059741	0.070992	0.067544	0.070625	0.061240	0.068527	0.068178	
1265	0.062447	0.066664	0.073153	0.059104	0.069546	0.067285	0.069151	0.061875	0.068308	0.067340	
1270	0.061188	0.066749	0.073617	0.060255	0.067237	0.065787	0.069645	0.063284	0.069760	0.068168	
1275	0.062640	0.066812	0.072351	0.058562	0.068788	0.064972	0.068625	0.064005	0.070354	0.067033	
1280	0.062785	0.066032	0.072755	0.061460	0.068133	0.064526	0.069764	0.063496	0.069090	0.065945	
1285	0.064058	0.066177	0.074191	0.061031	0.068703	0.064170	0.072218	0.064725	0.069769	0.070217	
1290	0.064993	0.066118	0.073162	0.059855	0.067929	0.063980	0.072431	0.063772	0.070720	0.069903	
1295	0.066773	0.066748	0.071769	0.059495	0.066053	0.064278	0.073457	0.064881	0.069839	0.070903	
1300	0.067434	0.066896	0.071348	0.057649	0.067132	0.063911	0.075701	0.066966	0.067652	0.070363	
1305	0.065452	0.067560	0.069984	0.058171	0.067680	0.064845	0.074972	0.067366	0.066987	0.069726	
1310	0.064945	0.068356	0.068119	0.057820	0.067966	0.064672	0.073577	0.067319	0.067025	0.068353	
1315	0.064451	0.066344	0.068393	0.060046	0.069689	0.065123	0.073306	0.068815	0.067115	0.070362	
1320	0.065600	0.067326	0.068686	0.060083	0.069769	0.065807	0.072688	0.068659	0.067731	0.069861	
1325	0.065570	0.067541	0.067982	0.061312	0.066842	0.066793	0.073047	0.068621	0.067629	0.070520	
1330	0.068086	0.065434	0.069062	0.061671	0.063659	0.068630	0.072416	0.065555	0.068166	0.068446	
1335	0.069552	0.064334	0.068319	0.061833	0.063792	0.066406	0.071880	0.065824	0.066764	0.070921	
1340	0.068366	0.064752	0.066825	0.061323	0.063505	0.067850	0.072276	0.064806	0.067887	0.071700	
1345	0.069376	0.065202	0.069585	0.059680	0.064175	0.067983	0.072170	0.064862	0.067833	0.071813	
1350	0.071485	0.067208	0.068310	0.059939	0.063441	0.069187	0.071213	0.065631	0.068553	0.070501	
1355	0.073455	0.067327	0.070851	0.062074	0.063750	0.070774	0.070772	0.065381	0.069644	0.072373	
1360	0.072998	0.068080	0.069081	0.062265	0.064024	0.072273	0.071847	0.065040	0.068274	0.071584	
1365	0.072996	0.071051	0.068044	0.064500	0.063587	0.072696	0.072139	0.067079	0.066923	0.070394	
1370	0.071994	0.070353	0.068280	0.065437	0.063187	0.073338	0.070007	0.066796	0.067285	0.070144	
1375	0.071721	0.068885	0.068772	0.067927	0.063575	0.071392	0.070994	0.066389	0.067312	0.069712	
1380	0.072022	0.069313	0.070805	0.066526	0.064409	0.072970	0.073528	0.066728	0.066519	0.070216	
1385	0.072885	0.069897	0.069661	0.068735	0.065586	0.072331	0.073669	0.066879	0.064672	0.070728	
1390	0.071326	0.068975	0.069628	0.071554	0.067216	0.071385	0.073102	0.069080	0.063935	0.068858	
1395	0.070261	0.067834	0.070421	0.069258	0.065902	0.071028	0.072373	0.071065	0.065521	0.071004	
1400	0.070455	0.068376	0.071585	0.067270	0.065991	0.071321	0.072610	0.071503	0.065865	0.070378	
1405	0.070315	0.068693	0.071478	0.068279	0.066063	0.070603	0.071500	0.072275	0.064538	0.070249	
1410	0.069669	0.067078	0.071623	0.069274	0.065164	0.070837	0.071158	0.070702	0.063722	0.070108	
1415	0.069932	0.067077	0.071808	0.070550	0.066495	0.070928	0.070928	0.067667	0.063484	0.072123	
1420	0.071637	0.068659	0.071116	0.069726	0.065911	0.072799	0.072161	0.067420	0.065976	0.073193	
1425	0.069924	0.070237	0.070716	0.069506	0.067878	0.075612	0.071989	0.069305	0.066413	0.074103	
1430	0.071058	0.069529	0.068622	0.071504	0.067817	0.072943	0.071465	0.068265	0.063989	0.073857	
1435	0.071040	0.069740	0.066757	0.072519	0.067683	0.072732	0.067831	0.069563	0.064993	0.076637	
1440	0.068607	0.071147	0.067456	0.072982	0.064282	0.073032	0.069997	0.069661	0.063850	0.076257	
1445	0.069384	0.070638	0.065975	0.071649	0.063929	0.073465	0.069758	0.071400	0.064887	0.074662	
1450	0.068148	0.071699	0.066700	0.072472	0.063356	0.075018	0.070092	0.069922	0.063564	0.070258	
1455	0.068335	0.071044	0.066005	0.072554	0.063200	0.076374	0.070165	0.070371	0.063453	0.072138	
1460	0.069830	0.072174	0.065547	0.071817	0.063381	0.076912	0.071933	0.069776	0.063796	0.071065	
1465	0.070735	0.072621	0.066553	0.072574	0.063611	0.072266	0.073140	0.068404	0.064732	0.069449	
1470	0.070257	0.074422	0.067208	0.072017	0.064771	0.070977	0.073183	0.067217	0.064929	0.068393	
1475	0.073681	0.073850	0.065561	0.072152	0.065051	0.068758	0.071470	0.064866	0.064413	0.067201	
1480	0.072257	0.073214	0.064944	0.073233	0.063753	0.068597	0.067639	0.065138	0.065281	0.068063	
1485	0.072773	0.072738	0.064217	0.072048	0.064472	0.068486	0.066732	0.064703	0.064171	0.068227	
1490	0.071924	0.073957	0.063721	0.071856	0.064168	0.068409	0.067649	0.066304	0.064435	0.067586	
1495	0.071539	0.071702	0.060853	0.072286	0.064410	0.068602	0.066196	0.063992	0.064147	0.067597	
1500	0.070937	0.071056	0.061308	0.072214	0.063398	0.066698	0.067612	0.065966	0.063940	0.069688	
1505	0.070455	0.070100	0.060843	0.073575	0.062053	0.065088	0.064339	0.065620	0.065067	0.068272	
1510	0.070350	0.068020	0.059977	0.072540	0.062913	0.063255	0.065784	0.063069	0.065169	0.070769	
1515	0.068860	0.070025	0.062000	0.074095	0.062595	0.064675	0.065832	0.062516	0.065461	0.070944	
1520	0.065919	0.069012	0.062260	0.072195	0.062827	0.064898	0.065146	0.064265	0.065195	0.071447	
1525	0.066777	0.068553	0.060940	0.074236	0.062774	0.064500	0.063721	0.063840	0.064016	0.070519	
1530	0.065580	0.069129	0.062257	0.074139	0.064240	0.065453	0.064127	0.067260	0.065692	0.069610	
1535	0.065170	0.069061	0.061130	0.073889	0.063659	0.068348	0.063816	0.065911	0.063472	0.072534	
1540	0.066573	0.068756	0.060237	0.073749	0.063694	0.068736	0.063727	0.065027	0.062983	0.072671	
1545	0.068476	0.069917	0.059796	0.073701	0.064617	0.068535	0.065296	0.063862	0.063978	0.073134	
1550	0.069081	0.068271	0.056762	0.072272	0.066174	0.069101	0.064406	0.064123	0.063927	0.072766	
1555	0.067896	0.068393	0.058334	0.072672	0.065834	0.070631	0.067138	0.066403	0.064629	0.073306	
1560	0.067883	0.069646	0.059771	0.073136	0.066310	0.070911	0.066243	0.067337	0.063228	0.077547	
1565	0.066613	0.068839	0.060954	0.073276	0.066414	0.071151	0.065369	0.066381	0.064827	0.075671	
1570	0.068167	0.069640	0.061141	0.073540	0.065056	0.071038	0.065805	0.065189	0.063790	0.074231	
1575	0.067246	0.068120	0.061829	0.073418	0.065151	0.071626	0.067203	0.064978	0.062196	0.073388	
1580	0.066714	0.067213	0.061811	0.073581	0.063945	0.071781	0.065847	0.065154	0.063535	0.072566	
1585	0.066422	0.065369	0.062117	0.073330	0.065034	0.070738	0.064808	0.065991	0.061940	0.072340	
1590	0.066754	0.064708	0.060588	0.073900	0.064714	0.070901	0.061975	0.065432	0.061651	0.073119	
1595	0.068869	0.065811	0.063397	0.073296	0.064516	0.069905	0.064070	0.066788	0.062050	0.071403	
1600	0.065531	0.064838	0.062686	0.074366	0.064863	0.070777	0.061462	0.064225	0.063257	0.074146	
1605	0.064943	0.066227	0.061451	0.076227	0.063274	0.069843	0.060481	0.063709	0.063826	0.073566	
1610	0.064463	0.068911	0.062779	0.076456	0.062786	0.070074	0.063374	0.064306	0.062801	0.074542	
1615	0.065427	0.068343	0.060182	0.076199	0.062906	0.072597	0.061943	0.064890	0.063205	0.072647	
1620	0.065128	0.067747	0.061467	0.075234	0.064670	0.071941	0.061524	0.064004	0.063291	0.071556	
1625	0.062414	0.068113	0.062613	0.075624	0.064723	0.073967	0.062250	0.064003	0.064664	0.070003	
1630	0.063029	0.068269	0.064727	0.073969	0.065635	0.075245	0.063076	0.065065	0.065377	0.071605	
1635	0.064102	0.067631	0.064124	0.071464	0.066649	0.077753	0.065234	0.063936	0.065153	0.070404	
1640	0.063574	0.065675	0.063847	0.070528	0.065494	0.076767	0.066560	0.062781	0.065588	0.068121	
1645	0.061663	0.066310	0.063433	0.068742	0.065270	0.075705	0.066971	0.062204	0.064254	0.068427	
1650	0.062452	0.067139	0.064739	0.069289	0.064272	0.074213	0.067155	0.060998	0.063700	0.066521	
1655	0.064073	0.065613	0.063228	0.070467	0.063953	0.074045	0.065393	0.061606	0.062901	0.066154	
1660	0.064486	0.065882	0.063495	0.069672	0.064367	0.073860	0.067509	0.063879	0.063609	0.066818	
1665	0.063524	0.064826	0.064416	0.069780	0.062206	0.074773	0.067956	0.066876	0.064811	0.066696	
1670	0.064572	0.065537	0.064693	0.071431	0.062073	0.072580	0.067027	0.066698	0.063786	0.067359	
1675	0.064454	0.064453	0.066287	0.073120	0.063510	0.072697	0.068104	0.067334	0.063769	0.066533	
1680	0.063702	0.064790	0.065113	0.073640	0.063274	0.071301	0.067580	0.065745	0.064292	0.066675	
1685	0.064222	0.064867	0.065200	0.072148	0.064348	0.069267	0.068165	0.066231	0.065237	0.070092	
1690	0.065793	0.065610	0.066641	0.072161	0.064801	0.067592	0.068022	0.069300	0.064697	0.071522	
1695	0.067762	0.065548	0.065416	0.072945	0.064593	0.067506	0.067545	0.067504	0.065822	0.072325	
1700	0.068320	0.064975	0.064238	0.072195	0.064022	0.066698	0.068349	0.068488	0.064397	0.071941	
1705	0.068163	0.064443	0.063891	0.071874	0.065308	0.068307	0.069351	0.068819	0.065889	0.073801	
1710	0.068912	0.064047	0.063137	0.069955	0.065966	0.069107	0.069799	0.066214	0.063921	0.073759	
1715	0.066612	0.064217	0.062846	0.070555	0.067364	0.068750	0.068819	0.066965	0.063518	0.076759	
1720	0.065561	0.064815	0.062846	0.070601	0.066493	0.068952	0.068539	0.066948	0.064837	0.075440	
1725	0.065295	0.066839	0.060766	0.069942	0.065468	0.069038	0.069116	0.065857	0.064242	0.073849	
1730	0.066706	0.067035	0.060183	0.067350	0.066843	0.069684	0.068977	0.065376	0.065325	0.071737	
1735	0.067500	0.067611	0.059787	0.069056	0.064607	0.070601	0.068305	0.065905	0.066176	0.071530	
1740	0.068088	0.067057	0.060000	0.071169	0.065248	0.069128	0.068875	0.066043	0.066139	0.069287	
1745	0.066051	0.066119	0.060481	0.071267	0.064819	0.067933	0.071824	0.066488	0.065441	0.070349	
1750	0.064291	0.067448	0.061867	0.068320	0.064334	0.069238	0.072232	0.066651	0.064865	0.068698	
1755	0.065499	0.065960	0.062881	0.069113	0.063653	0.070615	0.072647	0.064377	0.065242	0.070158	
1760	0.064277	0.065407	0.065053	0.068261	0.064193	0.070127	0.073094	0.065230	0.064742	0.069466	
1765	0.063454	0.063938	0.066358	0.068854	0.063488	0.070657	0.073041	0.064583	0.066114	0.069625	
1770	0.061660	0.064644	0.067177	0.070660	0.064985	0.071941	0.073631	0.064027	0.067046	0.071290	
1775	0.059874	0.063788	0.069567	0.069885	0.065499	0.069902	0.073260	0.065792	0.066998	0.069739	
1780	0.062150	0.063914	0.072923	0.067610	0.064860	0.070671	0.073246	0.064183	0.067026	0.068551	
1785	0.062055	0.062697	0.073323	0.066036	0.064432	0.072303	0.074134	0.065326	0.067749	0.068261	
1790	0.063301	0.063212	0.074363	0.064646	0.065198	0.070839	0.071778	0.064636	0.066292	0.069891	
1795	0.062018	0.065222	0.075359	0.065208	0.066193	0.070751	0.072825	0.061600	0.065292	0.068640	
1800	0.063114	0.066641	0.075119	0.067976	0.066953	0.070676	0.070568	0.060696	0.064578	0.068847	
1805	0.061793	0.066587	0.074646	0.068233	0.067576	0.068767	0.070532	0.060569	0.065260	0.067135	
1810	0.062511	0.068105	0.072036	0.066542	0.067676	0.072160	0.069606	0.060156	0.066702	0.066271	
1815	0.062442	0.065417	0.072497	0.064876	0.069747	0.071828	0.069520	0.062090	0.065104	0.067874	
1820	0.063498	0.066818	0.071010	0.063627	0.068337	0.072087	0.070649	0.062236	0.065113	0.067996	
1825	0.063170	0.066488	0.071738	0.064693	0.067924	0.070298	0.070844	0.062727	0.065947	0.070839	
1830	0.064343	0.067518	0.070070	0.065920	0.067947	0.070621	0.070116	0.064154	0.064438	0.071452	
1835	0.063382	0.067251	0.070124	0.064462	0.069028	0.072225	0.069241	0.062380	0.061683	0.070887	
1840	0.061278	0.065832	0.071742	0.064939	0.067308	0.070509	0.069077	0.061293	0.063136	0.070223	
1845	0.061682	0.064667	0.071883	0.065254	0.067317	0.069491	0.068772	0.059431	0.063790	0.070267	
1850	0.062159	0.064097	0.070928	0.066676	0.067165	0.068900	0.070579	0.059873	0.065740	0.069500	
1855	0.062417	0.064117	0.072861	0.068096	0.065614	0.068757	0.070142	0.061771	0.065521	0.069057	
1860	0.062104	0.064613	0.072358	0.067693	0.064346	0.066995	0.069862	0.061437	0.064936	0.070798	
1865	0.062893	0.063078	0.072200	0.068183	0.065156	0.066375	0.069917	0.062075	0.066317	0.071731	
1870	0.063546	0.062474	0.071648	0.068649	0.067268	0.066761	0.069913	0.061111	0.064740	0.072369	
1875	0.063747	0.062484	0.070761	0.070201	0.068665	0.065107	0.070998	0.060697	0.065760	0.071905	
1880	0.063739	0.063087	0.069883	0.071508	0.067873	0.068763	0.069879	0.059864	0.066501	0.073024	
1885	0.066103	0.063841	0.068106	0.073579	0.067138	0.068440	0.068164	0.059393	0.067883	0.073116	
1890	0.065163	0.064408	0.068378	0.073467	0.066552	0.068845	0.069257	0.061031	0.068693	0.071676	
1895	0.064508	0.063738	0.065414	0.072526	0.066942	0.067916	0.068139	0.061087	0.069326	0.071868	
1900	0.062995	0.062471	0.066474	0.074191	0.065641	0.066311	0.069534	0.061211	0.069873	0.073508	
1905	0.061832	0.063643	0.067001	0.073627	0.064376	0.064507	0.069964	0.062495	0.069463	0.071401	
1910	0.062552	0.064283	0.066353	0.073047	0.064385	0.065069	0.068689	0.062422	0.068503	0.071787	
1915	0.063127	0.062575	0.067301	0.073704	0.063638	0.064312	0.069857	0.062489	0.067112	0.068676	
1920	0.063210	0.062719	0.066017	0.072720	0.064033	0.063768	0.070177	0.062930	0.066711	0.065942	
1925	0.063619	0.062481	0.066318	0.070668	0.064298	0.063864	0.071463	0.062423	0.065436	0.066440	
1930	0.064201	0.063337	0.066378	0.072506	0.064360	0.063316	0.069349	0.063292	0.063823	0.068031	
1935	0.063211	0.064022	0.067409	0.071233	0.063260	0.062453	0.070474	0.065918	0.063776	0.068503	
1940	0.063464	0.063024	0.065465	0.069995	0.064177	0.063488	0.070728	0.065705	0.063507	0.069631	
1945	0.063584	0.063979	0.066604	0.070123	0.063691	0.064740	0.071970	0.065663	0.064618	0.070282	
1950	0.065358	0.063688	0.066891	0.069664	0.063790	0.063019	0.071677	0.065424	0.064255	0.068361	
1955	0.063372	0.064613	0.064481	0.068215	0.064626	0.063018	0.071875	0.065502	0.063983	0.068199	
1960	0.063610	0.061764	0.063219	0.069950	0.066425	0.061232	0.072816	0.064819	0.063077	0.068255	
1965	0.064616	0.061025	0.062025	0.067708	0.065693	0.062819	0.071167	0.065876	0.064914	0.067279	
1970	0.064597	0.062167	0.062188	0.066158	0.066202	0.064850	0.070236	0.066198	0.064821	0.066179	
1975	0.065507	0.061532	0.061448	0.066404	0.066768	0.065871	0.072421	0.066502	0.065514	0.066494	
1980	0.063922	0.061979	0.060985	0.066793	0.066473	0.065682	0.071405	0.064925	0.065816	0.065153	
1985	0.063013	0.061842	0.060012	0.066751	0.066642	0.070472	0.070961	0.064644	0.065643	0.064407	
1990	0.063806	0.060309	0.060956	0.068734	0.068723	0.069056	0.071935	0.062805	0.065444	0.064968	
1995	0.066555	0.062250	0.060650	0.067793	0.068306	0.070212	0.072884	0.062468	0.064879	0.064377	
2000	0.066828	0.063138	0.062058	0.067894	0.068513	0.067677	0.072902	0.063502	0.064081	0.062978	
2005	0.066767	0.062183	0.062624	0.068678	0.068045	0.064785	0.074677	0.063057	0.065280	0.062059	
2010	0.063920	0.063679	0.064548	0.067306	0.067298	0.064851	0.075028	0.062860	0.066455	0.065054	
2015	0.063454	0.064957	0.064533	0.068546	0.068673	0.062474	0.072813	0.064791	0.066942	0.065126	
2020	0.065053	0.064280	0.063732	0.068476	0.066276	0.062955	0.071795	0.065595	0.067637	0.066002	
2025	0.067823	0.063864	0.062594	0.068292	0.066973	0.063393	0.071656	0.067950	0.067005	0.065652	
2030	0.068032	0.064191	0.063389	0.068153	0.065805	0.064405	0.073158	0.066764	0.066818	0.068613	
2035	0.068834	0.062504	0.063333	0.066268	0.064539	0.065314	0.074175	0.065725	0.066425	0.068715	
2040	0.069138	0.061614	0.060073	0.067544	0.063456	0.062727	0.075978	0.066322	0.065542	0.068735	
2045	0.071003	0.062790	0.061546	0.069093	0.063610	0.064906	0.074222	0.065306	0.068143	0.069107	
2050	0.070785	0.064128	0.065488	0.069615	0.065438	0.064530	0.074341	0.064196	0.067833	0.070425	
2055	0.071309	0.061589	0.062464	0.068173	0.065542	0.066236	0.072980	0.064416	0.066144	0.069279	
2060	0.072780	0.062144	0.061378	0.066034	0.065048	0.066013	0.072611	0.064413	0.064338	0.069247	
2065	0.073814	0.061223	0.061308	0.066690	0.064472	0.065732	0.072563	0.065266	0.063417	0.069517	
2070	0.074803	0.060147	0.059905	0.064802	0.064454	0.066382	0.073336	0.065850	0.063216	0.071212	
2075	0.074526	0.059901	0.060269	0.063913	0.063853	0.066284	0.071805	0.065388	0.064762	0.070784	
2080	0.073146	0.059682	0.062610	0.062242	0.061544	0.065366	0.070435	0.063267	0.062416	0.069730	
2085	0.075720	0.058462	0.062384	0.063757	0.061415	0.066621	0.069602	0.061539	0.064184	0.069429	
2090	0.076012	0.059308	0.060965	0.065005	0.063685	0.067707	0.070193	0.062464	0.064796	0.067561	
2095	0.076748	0.059650	0.061894	0.064942	0.064534	0.066878	0.070212	0.061712	0.066007	0.069558	
2100	0.076264	0.059888	0.061828	0.067278	0.062105	0.064808	0.069212	0.061869	0.066608	0.073474	
2105	0.076802	0.060941	0.061049	0.067027	0.063940	0.064186	0.068800	0.059792	0.067116	0.072649	
2110	0.073636	0.061479	0.063009	0.066822	0.064545	0.064423	0.069133	0.060130	0.066223	0.074084	
2115	0.073269	0.061901	0.061926	0.067968	0.064779	0.063459	0.070058	0.061031	0.066721	0.073182	
2120	0.073223	0.061334	0.062807	0.068386	0.064497	0.065015	0.069845	0.061660	0.068463	0.074399	
2125	0.073083	0.062074	0.061864	0.067955	0.064114	0.066113	0.069974	0.064469	0.069660	0.072577	
2130	0.072544	0.062979	0.062488	0.068272	0.064484	0.064725	0.069771	0.065083	0.067847	0.071498	
2135	0.072313	0.062394	0.061264	0.069857	0.065146	0.064100	0.069194	0.065079	0.064942	0.071742	
2140	0.071980	0.063507	0.060863	0.070022	0.065620	0.063508	0.069914	0.066767	0.066077	0.070073	
2145	0.071061	0.065587	0.059519	0.068462	0.068309	0.064833	0.068675	0.066072	0.067856	0.068512	
2150	0.070161	0.064003	0.059113	0.068723	0.068465	0.065022	0.067971	0.065952	0.067913	0.068891	
2155	0.068749	0.066191	0.057876	0.066902	0.068912	0.064883	0.068204	0.066640	0.067819	0.068206	
2160	0.067250	0.067279	0.059181	0.066292	0.068186	0.064166	0.068955	0.065227	0.067660	0.068294	
2165	0.068364	0.066521	0.061291	0.065534	0.070136	0.063684	0.065465	0.065171	0.067777	0.070001	
2170	0.068164	0.066578	0.062095	0.065028	0.069020	0.066880	0.065756	0.065997	0.068808	0.070771	
2175	0.067810	0.067979	0.063663	0.065681	0.068389	0.066109	0.067081	0.066486	0.069661	0.069464	
2180	0.068873	0.067984	0.063949	0.066105	0.067048	0.065012	0.066011	0.063180	0.069530	0.070122	
2185	0.069653	0.066357	0.064968	0.064184	0.065480	0.064445	0.066472	0.062899	0.071873	0.067945	
2190	0.069821	0.067489	0.066361	0.064596	0.066807	0.064718	0.066335	0.061491	0.070812	0.070078	
2195	0.069297	0.066665	0.067284	0.066033	0.065239	0.065058	0.067682	0.061759	0.070631	0.070942	
2200	0.069796	0.067492	0.065580	0.067780	0.065823	0.067825	0.066258	0.062803	0.068252	0.069740	
2205	0.070066	0.067312	0.068083	0.067747	0.063773	0.066211	0.069344	0.063965	0.068174	0.069624	
2210	0.070556	0.067069	0.068161	0.067038	0.065200	0.065654	0.070595	0.064154	0.068909	0.071325	
2215	0.069751	0.065260	0.068126	0.068825	0.066030	0.065704	0.070150	0.063659	0.069404	0.072618	
2220	0.069084	0.063939	0.070641	0.070607	0.067000	0.067650	0.069009	0.064619	0.069364	0.070717	
2225	0.066941	0.065065	0.071430	0.070430	0.067216	0.068513	0.068700	0.064856	0.069488	0.070396	
2230	0.066847	0.064688	0.071005	0.070699	0.067052	0.068317	0.069197	0.065995	0.068566	0.070927	
2235	0.066229	0.064470	0.068383	0.071782	0.065616	0.067021	0.068727	0.067006	0.069215	0.069574	
2240	0.067060	0.063435	0.066450	0.070856	0.063576	0.066425	0.067987	0.067824	0.067985	0.069845	
2245	0.067148	0.064879	0.064258	0.071498	0.064449	0.064408	0.067297	0.067518	0.070167	0.071066	
2250	0.066015	0.065880	0.063074	0.070228	0.064531	0.065376	0.065720	0.067834	0.069733	0.070250	
2255	0.064976	0.064835	0.062895	0.070837	0.064094	0.067344	0.064025	0.067468	0.069941	0.071552	
2260	0.064775	0.064749	0.062964	0.073423	0.066357	0.069664	0.063746	0.066220	0.070239	0.072113	
2265	0.065983	0.065654	0.063463	0.071981	0.067491	0.068505	0.064151	0.066984	0.069290	0.071519	
2270	0.064186	0.066419	0.065355	0.070244	0.067419	0.068904	0.063326	0.068080	0.070916	0.068807	
2275	0.063848	0.066491	0.063808	0.067493	0.065261	0.065823	0.062444	0.071084	0.069270	0.071368	
2280	0.064666	0.065938	0.066313	0.067799	0.064330	0.063589	0.065388	0.069228	0.070357	0.071389	
2285	0.065349	0.066054	0.066683	0.068673	0.064152	0.065045	0.064070	0.067540	0.069553	0.070790	
2290	0.065980	0.066313	0.065712	0.068234	0.063519	0.065085	0.063508	0.067339	0.070449	0.071034	
2295	0.066450	0.066727	0.065824	0.067469	0.063507	0.062775	0.063928	0.069220	0.069603	0.069345	
2300	0.065694	0.068243	0.065225	0.066183	0.063670	0.062656	0.064807	0.069083	0.070333	0.071325	
2305	0.066073	0.069277	0.064845	0.068053	0.064078	0.063204	0.065303	0.069585	0.071307	0.070555	
2310	0.065463	0.068876	0.064768	0.067838	0.065378	0.062689	0.065027	0.069480	0.071813	0.072098	
2315	0.065344	0.069120	0.065876	0.068744	0.065132	0.063649	0.065008	0.069124	0.072242	0.069809	
2320	0.066356	0.068577	0.065543	0.068045	0.064627	0.066068	0.064957	0.068304	0.071518	0.070297	
2325	0.064801	0.067445	0.062087	0.067552	0.063898	0.066179	0.063831	0.067364	0.070785	0.070930	
2330	0.063396	0.068604	0.062850	0.068246	0.063900	0.065710	0.063882	0.066275	0.070181	0.071645	
2335	0.062217	0.069657	0.063300	0.068405	0.065748	0.066015	0.062404	0.065872	0.067459	0.068776	
2340	0.062929	0.069070	0.063567	0.068520	0.066112	0.063336	0.060207	0.063868	0.068922	0.068852	
2345	0.062092	0.070298	0.065564	0.066869	0.066832	0.064147	0.060680	0.062754	0.069280	0.069785	
2350	0.062629	0.069090	0.065805	0.066537	0.065935	0.063815	0.061277	0.061445	0.070200	0.070169	
2355	0.061806	0.068059	0.066076	0.066914	0.066020	0.062402	0.064002	0.061109	0.068572	0.070064	
2360	0.063926	0.069537	0.065168	0.066209	0.067603	0.063594	0.063877	0.060919	0.069611	0.071634	
2365	0.062762	0.070411	0.064615	0.065222	0.067784	0.061964	0.066605	0.061171	0.067265	0.070588	
2370	0.060099	0.071872	0.065773	0.066995	0.066517	0.063281	0.067957	0.060426	0.066736	0.070161	
2375	0.061510	0.071405	0.063779	0.067942	0.064949	0.062382	0.068245	0.061149	0.066512	0.068275	
2380	0.062056	0.072235	0.062867	0.064038	0.063344	0.062829	0.066938	0.060318	0.066223	0.069299	
2385	0.062466	0.072864	0.065600	0.062676	0.063707	0.062593	0.066703	0.060184	0.064752	0.067483	
2390	0.064102	0.073051	0.063762	0.061157	0.064767	0.061331	0.070659	0.061069	0.065846	0.069596	
2395	0.064748	0.073254	0.063884	0.060273	0.066202	0.060892	0.072268	0.061882	0.065204	0.066809	
2400	0.064598	0.071527	0.065165	0.060921	0.067290	0.060939	0.068574	0.061967	0.065508	0.067143	
2405	0.064178	0.072764	0.065730	0.063976	0.066915	0.060529	0.070046	0.061596	0.064705	0.066119	
2410	0.064509	0.072639	0.064956	0.065148	0.067368	0.060512	0.069064	0.063049	0.064563	0.065825	
2415	0.065605	0.073949	0.065359	0.065229	0.065488	0.062005	0.067860	0.064707	0.065834	0.065345	
2420	0.066347	0.074698	0.066055	0.065292	0.065243	0.062091	0.066165	0.063743	0.066149	0.062102	
2425	0.067052	0.073327	0.065982	0.064390	0.066298	0.061384	0.067108	0.062984	0.067176	0.062419	
2430	0.067773	0.071209	0.064469	0.064485	0.066568	0.061736	0.063179	0.060895	0.065790	0.061826	
2435	0.068580	0.070181	0.064781	0.062960	0.066270	0.061179	0.064695	0.060956	0.064533	0.063066	
2440	0.069657	0.069684	0.066017	0.062880	0.066460	0.062351	0.065048	0.059996	0.062875	0.062989	
2445	0.069491	0.071402	0.067223	0.065110	0.065356	0.062220	0.067432	0.059682	0.063761	0.063973	
2450	0.068895	0.072784	0.066861	0.067634	0.069262	0.060379	0.066934	0.058251	0.062677	0.065051	
2455	0.068746	0.071744	0.066540	0.066511	0.069921	0.062320	0.069817	0.061219	0.061420	0.065508	
2460	0.069971	0.070208	0.068174	0.066412	0.071184	0.064633	0.073545	0.061232	0.062320	0.066640	
2465	0.068829	0.068805	0.065523	0.066637	0.071356	0.065598	0.073951	0.060815	0.062430	0.065645	
2470	0.067870	0.068550	0.066471	0.070628	0.069767	0.065357	0.076297	0.061962	0.061538	0.064290	
2475	0.067955	0.069157	0.065896	0.070134	0.069748	0.065480	0.074645	0.062044	0.060742	0.064565	
2480	0.067935	0.069654	0.067198	0.069148	0.071214	0.065544	0.074084	0.061425	0.060577	0.066452	
2485	0.068878	0.070608	0.066633	0.066324	0.070141	0.066614	0.074382	0.063133	0.059584	0.066958	
2490	0.069398	0.070413	0.065125	0.065873	0.067647	0.064924	0.075267	0.062440	0.061691	0.066039	
2495	0.070759	0.070006	0.063823	0.066032	0.067895	0.066830	0.075354	0.063676	0.061071	0.067401	
2500	0.069233	0.070197	0.065334	0.067820	0.067748	0.066672	0.075471	0.063150	0.061350	0.067425	
2505	0.068463	0.069374	0.064895	0.067360	0.068863	0.067470	0.074751	0.063185	0.062738	0.068628	
2510	0.067790	0.068430	0.064581	0.068509	0.066595	0.068057	0.075568	0.060742	0.062762	0.071378	
2515	0.068171	0.069175	0.062734	0.067967	0.066230	0.066933	0.075246	0.062866	0.061400	0.068863	
2520	0.069256	0.069394	0.060976	0.068684	0.067328	0.068113	0.076111	0.063713	0.061269	0.068884	
2525	0.067107	0.068615	0.061430	0.070456	0.066449	0.067256	0.074560	0.064614	0.060422	0.069842	
2530	0.068199	0.068468	0.059023	0.071316	0.064967	0.066273	0.072446	0.063108	0.060728	0.068418	
2535	0.069094	0.068239	0.061355	0.071530	0.063930	0.064219	0.070177	0.063707	0.059786	0.066871	
2540	0.070073	0.067626	0.059682	0.071002	0.064707	0.063082	0.068840	0.063969	0.060991	0.068206	
2545	0.070631	0.067659	0.058966	0.071005	0.065207	0.064005	0.068181	0.064364	0.061730	0.067160	
2550	0.070686	0.068096	0.057814	0.070901	0.064349	0.062909	0.068170	0.064900	0.061830	0.068354	
2555	0.070621	0.067334	0.058852	0.068907	0.062168	0.066177	0.066655	0.067818	0.060616	0.069104	
2560	0.069281	0.066632	0.057223	0.070977	0.065195	0.065531	0.067811	0.070609	0.061829	0.071942	
2565	0.070950	0.066593	0.055934	0.072680	0.066664	0.067316	0.067444	0.070691	0.061972	0.072006	
2570	0.071728	0.067311	0.057269	0.073359	0.065687	0.066034	0.068153	0.070201	0.062309	0.071137	
2575	0.070463	0.068115	0.057521	0.072487	0.066166	0.064671	0.066806	0.072266	0.061203	0.070043	
2580	0.069623	0.067985	0.057062	0.072128	0.065550	0.062411	0.067743	0.069851	0.062630	0.070826	
2585	0.067985	0.067218	0.058085	0.072581	0.067177	0.063315	0.067375	0.070645	0.062896	0.070990	
2590	0.067840	0.067865	0.058144	0.073093	0.067755	0.065247	0.067801	0.072721	0.063366	0.071632	
2595	0.069282	0.068167	0.059525	0.074426	0.065653	0.065363	0.067173	0.071008	0.064145	0.072349	
2600	0.068770	0.065803	0.060370	0.074007	0.064913	0.065835	0.065336	0.071140	0.064000	0.072225	
2605	0.067101	0.065189	0.060181	0.074694	0.065217	0.064434	0.066190	0.069522	0.063050	0.072248	
2610	0.066711	0.063177	0.059219	0.074219	0.062826	0.061949	0.065655	0.072118	0.064716	0.073742	
2615	0.067901	0.063142	0.061532	0.073349	0.063173	0.064309	0.067612	0.069211	0.066064	0.074630	
2620	0.067106	0.061630	0.061646	0.071069	0.061913	0.062154	0.067992	0.067795	0.066900	0.074906	
2625	0.065127	0.063005	0.064077	0.070904	0.061704	0.060294	0.068941	0.067412	0.067221	0.072915	
2630	0.064811	0.063633	0.066388	0.071441	0.062564	0.062055	0.066772	0.067806	0.066213	0.069378	
2635	0.066294	0.063200	0.065672	0.070324	0.065042	0.060142	0.065923	0.068250	0.064725	0.070090	
2640	0.063521	0.063627	0.065010	0.071528	0.062817	0.063648	0.066381	0.066605	0.064500	0.070533	
2645	0.064505	0.062410	0.064676	0.072703	0.061809	0.064586	0.064866	0.065425	0.063397	0.069765	
2650	0.064995	0.062833	0.063556	0.071193	0.063112	0.063098	0.064507	0.067123	0.063150	0.071085	
2655	0.069073	0.063357	0.063532	0.070757	0.064093	0.063444	0.065472	0.066263	0.064406	0.070061	
2660	0.070294	0.064131	0.065403	0.071810	0.064997	0.065797	0.064476	0.066281	0.063971	0.069279	
2665	0.068454	0.064660	0.066260	0.072679	0.063622	0.065967	0.065327	0.068098	0.064334	0.069832	
2670	0.068895	0.064695	0.065680	0.071467	0.063388	0.066725	0.066764	0.066057	0.065139	0.071612	
2675	0.069038	0.065954	0.066392	0.073588	0.061855	0.067356	0.065447	0.065909	0.062788	0.070540	
2680	0.066289	0.068086	0.066889	0.072025	0.061639	0.065805	0.066506	0.063248	0.062248	0.071076	
2685	0.067018	0.067624	0.067821	0.071962	0.059699	0.066210	0.067378	0.063790	0.060953	0.071879	
2690	0.066144	0.067936	0.065120	0.071079	0.061203	0.067256	0.066309	0.064829	0.060854	0.071808	
2695	0.064700	0.067868	0.063427	0.071258	0.059928	0.067707	0.065139	0.063971	0.062038	0.071317	
2700	0.063078	0.068986	0.063558	0.070571	0.062328	0.066881	0.066196	0.066223	0.062177	0.071281	
2705	0.064011	0.069100	0.063001	0.070732	0.062897	0.064348	0.065100	0.066934	0.062504	0.073031	
2710	0.065191	0.070039	0.062984	0.070929	0.064352	0.063689	0.066406	0.064881	0.061722	0.076006	
2715	0.065647	0.069646	0.061815	0.071570	0.064974	0.062988	0.066827	0.066121	0.062019	0.077069	
2720	0.065469	0.067760	0.062281	0.071773	0.065902	0.064921	0.068054	0.065504	0.061562	0.077199	
2725	0.066502	0.068222	0.062284	0.072880	0.068193	0.066259	0.066337	0.064588	0.061663	0.076854	
2730	0.067209	0.068307	0.063075	0.073160	0.068982	0.067118	0.065250	0.065430	0.062473	0.075721	
2735	0.067491	0.069425	0.064245	0.073185	0.068144	0.065868	0.066180	0.064672	0.061919	0.075751	
2740	0.068064	0.066679	0.066378	0.073389	0.068829	0.066311	0.065788	0.064561	0.062637	0.076022	
2745	0.066148	0.068026	0.066294	0.072220	0.066872	0.067658	0.067578	0.061941	0.062467	0.074357	
2750	0.067334	0.067880	0.066789	0.072710	0.066865	0.067889	0.070506	0.063047	0.063081	0.074365	
2755	0.065952	0.064656	0.068735	0.073163	0.065244	0.068788	0.069540	0.063177	0.063237	0.075599	
2760	0.066536	0.065100	0.067357	0.072577	0.064877	0.068158	0.066437	0.062658	0.063946	0.076384	
2765	0.064988	0.065319	0.067030	0.073128	0.065996	0.069103	0.065432	0.061781	0.064039	0.074768	
2770	0.063771	0.066719	0.065800	0.073667	0.066348	0.069626	0.065468	0.061972	0.063206	0.073324	
2775	0.061169	0.066807	0.065182	0.072574	0.068437	0.068536	0.065435	0.061936	0.066048	0.071891	
2780	0.060093	0.066257	0.065669	0.072459	0.068022	0.069891	0.065556	0.061447	0.066686	0.070887	
2785	0.060418	0.066053	0.064859	0.073402	0.067063	0.067340	0.064991	0.061106	0.067636	0.069775	
2790	0.060986	0.065482	0.067905	0.070057	0.064949	0.067608	0.065321	0.063280	0.067268	0.070901	
2795	0.059886	0.065028	0.066610	0.070511	0.066793	0.070020	0.064645	0.065465	0.065999	0.070950	
2800	0.060582	0.063102	0.065980	0.067710	0.066872	0.070902	0.065756	0.065263	0.065393	0.069703	
2805	0.062313	0.066114	0.065518	0.067399	0.068611	0.071598	0.064294	0.065070	0.066239	0.068814	
2810	0.063360	0.065806	0.064677	0.068925	0.066697	0.070832	0.064485	0.064093	0.064213	0.067105	
2815	0.064843	0.066498	0.065210	0.070296	0.068131	0.071305	0.063818	0.064189	0.064580	0.067300	
2820	0.065836	0.067746	0.066073	0.071460	0.068160	0.071037	0.062524	0.064902	0.063493	0.067547	
2825	0.066979	0.068125	0.065540	0.070185	0.067114	0.071813	0.063565	0.062333	0.064904	0.066423	
2830	0.067360	0.067997	0.067365	0.067840	0.066442	0.070459	0.064927	0.061376	0.063940	0.066778	
2835	0.067448	0.067748	0.065564	0.066056	0.066036	0.071155	0.064123	0.062169	0.062595	0.066726	
2840	0.068524	0.067060	0.064400	0.063765	0.065617	0.068862	0.063689	0.061097	0.062197	0.066692	
2845	0.067925	0.067943	0.065813	0.063774	0.065609	0.068913	0.062729	0.063267	0.062137	0.066260	
2850	0.066926	0.067614	0.063080	0.063732	0.065690	0.069774	0.061223	0.063196	0.061553	0.066904	
2855	0.069457	0.069434	0.063474	0.064495	0.066915	0.068083	0.060035	0.063523	0.061569	0.067756	
2860	0.068779	0.070355	0.066142	0.062581	0.068020	0.067964	0.059323	0.063159	0.062125	0.066401	
2865	0.069438	0.067524	0.063534	0.061728	0.068436	0.067089	0.063065	0.061949	0.064468	0.066556	
2870	0.068541	0.067387	0.061825	0.060299	0.068133	0.067155	0.061783	0.058953	0.064851	0.064106	
2875	0.068498	0.066552	0.063575	0.062903	0.066974	0.068481	0.060908	0.059952	0.064297	0.063660	
2880	0.067787	0.067454	0.063154	0.064127	0.068911	0.070244	0.062046	0.059766	0.065275	0.065496	
2885	0.065787	0.066765	0.064064	0.064930	0.069692	0.067590	0.061253	0.061654	0.065053	0.065063	
2890	0.064498	0.068968	0.065939	0.064916	0.069559	0.066411	0.064932	0.060994	0.063060	0.063419	
2895	0.065317	0.068463	0.064395	0.065397	0.068500	0.066123	0.064669	0.063098	0.062298	0.063110	
2900	0.063839	0.070162	0.063965	0.067622	0.066986	0.068178	0.064940	0.063468	0.061823	0.061221	
2905	0.063666	0.070875	0.065488	0.066669	0.065196	0.066625	0.067026	0.063956	0.062173	0.061817	
2910	0.062114	0.069264	0.064942	0.067852	0.064845	0.065565	0.068661	0.065719	0.062285	0.061076	
2915	0.065180	0.068883	0.063577	0.069562	0.066767	0.063784	0.069287	0.064785	0.063051	0.061203	
2920	0.063408	0.068067	0.063297	0.068323	0.066702	0.063476	0.068858	0.065341	0.062310	0.061299	
2925	0.065544	0.065881	0.064025	0.070963	0.069079	0.063148	0.069984	0.067000	0.062530	0.061887	
2930	0.064511	0.066987	0.063843	0.069735	0.068015	0.063772	0.071429	0.067230	0.063741	0.062147	
2935	0.065548	0.067793	0.065767	0.069631	0.069308	0.061436	0.072193	0.065779	0.063212	0.062288	
2940	0.066595	0.066829	0.066596	0.069271	0.067476	0.062695	0.071764	0.066356	0.062198	0.062400	
2945	0.067541	0.068375	0.067617	0.067866	0.068197	0.063890	0.071184	0.064866	0.061476	0.065424	
2950	0.065756	0.067286	0.067680	0.068409	0.067920	0.064869	0.072819	0.063641	0.061797	0.067150	
2955	0.066034	0.066883	0.068362	0.069170	0.067313	0.066939	0.072060	0.064633	0.061473	0.069334	
2960	0.064906	0.065252	0.068503	0.068566	0.069146	0.067763	0.072345	0.062972	0.061644	0.067631	
2965	0.064027	0.065697	0.070377	0.065646	0.068399	0.067670	0.074067	0.063246	0.063431	0.068050	
2970	0.063403	0.064231	0.070024	0.065465	0.070654	0.069081	0.074601	0.060799	0.063586	0.069924	
2975	0.064302	0.063385	0.070170	0.064927	0.070842	0.067905	0.073275	0.059914	0.065023	0.070043	
2980	0.064500	0.064488	0.071504	0.064591	0.070521	0.067449	0.073257	0.061843	0.063016	0.069063	
2985	0.064190	0.066165	0.071557	0.065209	0.069160	0.066862	0.071378	0.060842	0.063645	0.069961	
2990	0.065661	0.065838	0.072220	0.065190	0.068501	0.066044	0.070238	0.061858	0.062812	0.071002	
2995	0.065868	0.066766	0.071542	0.065416	0.070076	0.066193	0.069869	0.061586	0.062679	0.069340	
3000	0.064415	0.067992	0.071125	0.065473	0.069520	0.062697	0.068451	0.063867	0.061607	0.071948	
