T	rep_1	rep_2	rep_3	rep_4	rep_5	rep_6	rep_7	rep_8	rep_9	rep_10
5	0.000000	0.000000	0.000000	0.000000	0.000000	0.000000	0.000000	0.000000	0.000000	0.000000	
10	0.000000	0.000000	0.000000	0.000000	0.000000	0.000000	0.000000	0.000000	0.000000	0.000000	
15	0.000000	0.000000	0.000000	0.000000	0.000000	0.000000	0.000000	0.000000	0.000000	0.000000	
20	0.000000	0.000000	0.000000	0.000000	0.000000	0.000000	0.000000	0.000000	0.000000	0.000000	
25	0.000000	0.000000	0.000000	0.000000	0.000000	0.000000	0.000000	0.000000	0.000000	0.000000	
30	0.000000	0.000000	0.000000	0.000000	0.000000	0.000000	0.000000	0.000000	0.000000	0.000000	
35	0.000000	0.000000	0.000000	0.000000	0.000000	0.000000	0.000000	0.000000	0.000000	0.000000	
40	0.000000	0.000000	0.000000	0.000000	0.000000	0.000000	0.000000	0.000000	0.000000	0.000000	
45	0.000000	0.000000	0.000000	0.000000	0.000000	0.000000	0.000000	0.000000	0.000000	0.000000	
50	0.000000	0.000000	0.000000	0.000000	0.000000	0.000000	0.000000	0.000000	0.000000	0.000000	
55	0.000000	0.000000	0.000000	0.000000	0.000000	0.000000	0.000000	0.000000	0.000000	0.000000	
60	0.000000	0.000000	0.000000	0.000000	0.000000	0.000000	0.000000	0.000000	0.000000	0.000000	
65	0.000000	0.000000	0.000000	0.000000	0.000000	0.000000	0.000000	0.000000	0.000000	0.000000	
70	0.000000	0.000000	0.000000	0.000000	0.000000	0.000000	0.000000	0.000000	0.000000	0.000000	
75	0.000000	0.000000	0.000000	0.000000	0.000000	0.000000	0.000000	0.000000	0.000000	0.000000	
80	0.000000	0.000000	0.000000	0.000000	0.000000	0.000000	0.000000	0.000000	0.000000	0.000000	
85	0.000000	0.000000	0.000000	0.000000	0.000000	0.000000	0.000000	0.000000	0.000000	0.000000	
90	0.000000	0.000000	0.000000	0.000000	0.000000	0.000000	0.000000	0.000000	0.000000	0.000000	
95	0.000000	0.000000	0.000000	0.000000	0.000000	0.000000	0.000000	0.000000	0.000000	0.000000	
100	0.000000	0.000000	0.000000	0.000000	0.000000	0.000000	0.000000	0.000000	0.000000	0.000000	
105	0.000000	0.000000	0.000000	0.000000	0.000000	0.000000	0.000000	0.000000	0.000000	0.000000	
110	0.000000	0.000000	0.000000	0.000000	0.000000	0.000000	0.000000	0.000000	0.000000	0.000000	
115	0.000000	0.000000	0.000000	0.000000	0.000000	0.000000	0.000000	0.000000	0.000000	0.000000	
120	0.000000	0.000000	0.000000	0.000000	0.000000	0.000000	0.000000	0.000000	0.000000	0.000000	
125	0.000000	0.000000	0.000000	0.000000	0.000000	0.000000	0.000000	0.000000	0.000000	0.000000	
130	0.000000	0.000000	0.000000	0.000000	0.000000	0.000000	0.000000	0.000000	0.000000	0.000000	
135	0.000000	0.000000	0.000000	0.000000	0.000000	0.000000	0.000000	0.000000	0.000000	0.000000	
140	0.000000	0.000000	0.000000	0.000000	0.000000	0.000000	0.000000	0.000000	0.000000	0.000000	
145	0.000000	0.000000	0.000000	0.000000	0.000000	0.000000	0.000000	0.000000	0.000000	0.000000	
150	0.000000	0.000000	0.000000	0.000000	0.000000	0.000000	0.000000	0.000000	0.000000	0.000000	
155	0.000000	0.000000	0.000000	0.000000	0.000000	0.000000	0.000000	0.000000	0.000000	0.000000	
160	0.000000	0.000000	0.000000	0.000000	0.000000	0.000000	0.000000	0.000000	0.000000	0.000000	
165	0.000000	0.000000	0.000000	0.000000	0.000000	0.000000	0.000000	0.000000	0.000000	0.000000	
170	0.000000	0.000000	0.000000	0.000000	0.000000	0.000000	0.000000	0.000000	0.000000	0.000000	
175	0.000000	0.000000	0.000000	0.000000	0.000000	0.000000	0.000000	0.000000	0.000000	0.000000	
180	0.000000	0.000000	0.000000	0.000000	0.000000	0.000000	0.000000	0.000000	0.000000	0.000000	
185	0.000000	0.000000	0.000000	0.000000	0.000000	0.000000	0.000000	0.000000	0.000000	0.000000	
190	0.000000	0.000000	0.000000	0.000000	0.000000	0.000000	0.000000	0.000000	0.000000	0.000000	
195	0.000000	0.000000	0.000000	0.000000	0.000000	0.000000	0.000000	0.000000	0.000000	0.000000	
200	0.000000	0.000000	0.000000	0.000000	0.000000	0.000000	0.000000	0.000000	0.000000	0.000000	
205	0.001387	0.001147	0.001117	0.001954	0.001287	0.001083	0.000936	0.001049	0.001084	0.001197	
210	0.001690	0.002528	0.002114	0.002381	0.002365	0.002260	0.001817	0.002902	0.002741	0.001909	
215	0.002828	0.002833	0.002926	0.003195	0.003124	0.002961	0.002718	0.002320	0.002554	0.002158	
220	0.003124	0.003295	0.002638	0.002688	0.003071	0.003291	0.002890	0.002646	0.003359	0.002109	
225	0.002755	0.004225	0.003512	0.003149	0.004193	0.002874	0.003022	0.002777	0.003589	0.002471	
230	0.002721	0.004402	0.002500	0.003207	0.003171	0.003598	0.004087	0.003368	0.003403	0.002680	
235	0.003051	0.003969	0.003103	0.003799	0.003252	0.003848	0.003763	0.003734	0.003592	0.002646	
240	0.003062	0.004576	0.003633	0.004218	0.003024	0.004058	0.003829	0.004180	0.004328	0.003771	
245	0.003293	0.003779	0.004520	0.004265	0.002719	0.003430	0.003620	0.004586	0.004832	0.003518	
250	0.004167	0.004158	0.003777	0.004123	0.004148	0.003678	0.003014	0.003776	0.004864	0.003709	
255	0.004980	0.004106	0.003881	0.004232	0.005343	0.003157	0.003267	0.004064	0.004822	0.003622	
260	0.005225	0.004577	0.004637	0.003518	0.004705	0.003364	0.002935	0.004546	0.004243	0.003843	
265	0.004363	0.004970	0.004229	0.004245	0.004078	0.004550	0.002932	0.005334	0.004330	0.003736	
270	0.002570	0.004985	0.003054	0.004021	0.004549	0.004880	0.002647	0.006411	0.004743	0.004349	
275	0.002930	0.005400	0.003522	0.003985	0.004266	0.004386	0.003304	0.005203	0.004745	0.004010	
280	0.003022	0.004436	0.003511	0.003933	0.004366	0.004337	0.003676	0.004528	0.005544	0.004143	
285	0.004190	0.004303	0.004170	0.004258	0.004688	0.004728	0.003838	0.004712	0.006113	0.003365	
290	0.004006	0.005283	0.003344	0.004612	0.004956	0.005125	0.004260	0.004693	0.004408	0.003181	
295	0.004345	0.004580	0.003804	0.006893	0.004661	0.006137	0.004714	0.004402	0.004368	0.003009	
300	0.004369	0.004249	0.003338	0.005794	0.006370	0.006393	0.004245	0.003390	0.005087	0.003162	
305	0.003741	0.005003	0.003354	0.004845	0.005723	0.005555	0.003798	0.003615	0.005090	0.003019	
310	0.003909	0.004813	0.003288	0.005521	0.004309	0.004820	0.004385	0.004244	0.005486	0.003163	
315	0.004048	0.003683	0.003553	0.005744	0.005621	0.004495	0.005198	0.004086	0.005340	0.003059	
320	0.004273	0.003862	0.002715	0.005519	0.005412	0.003285	0.003607	0.003783	0.004717	0.003285	
325	0.005026	0.004098	0.002877	0.004830	0.004987	0.004188	0.003789	0.004108	0.004840	0.004591	
330	0.004459	0.004390	0.003835	0.004574	0.005923	0.004900	0.004054	0.002966	0.005019	0.003822	
335	0.004789	0.004008	0.003769	0.004951	0.005088	0.005820	0.004722	0.003720	0.005322	0.003682	
340	0.004477	0.003169	0.003650	0.005065	0.004764	0.005573	0.004401	0.003949	0.005186	0.004903	
345	0.004241	0.003339	0.004236	0.004799	0.004474	0.004522	0.004558	0.004782	0.005662	0.004146	
350	0.004817	0.003835	0.004314	0.004965	0.004545	0.005182	0.005467	0.004330	0.005522	0.003982	
355	0.004607	0.004320	0.003340	0.005293	0.004881	0.006082	0.004654	0.005032	0.005549	0.004548	
360	0.004870	0.003551	0.003960	0.005781	0.005724	0.005382	0.005002	0.004064	0.005420	0.004595	
365	0.004428	0.003362	0.004203	0.006268	0.005565	0.005713	0.005592	0.004292	0.005908	0.003808	
370	0.004612	0.003341	0.003707	0.004842	0.004799	0.005794	0.006210	0.004275	0.007477	0.004494	
375	0.004290	0.002625	0.003179	0.004419	0.004221	0.005815	0.004562	0.003717	0.007086	0.004546	
380	0.003620	0.003596	0.004644	0.004103	0.004624	0.005482	0.005943	0.003316	0.006441	0.004006	
385	0.003236	0.003461	0.003747	0.004585	0.004319	0.006190	0.005051	0.003709	0.006833	0.003640	
390	0.004178	0.003566	0.004400	0.005862	0.004934	0.005846	0.005863	0.004181	0.007181	0.004228	
395	0.005213	0.003500	0.003987	0.005953	0.004916	0.005993	0.007285	0.003966	0.006899	0.003462	
400	0.003716	0.003914	0.003863	0.006309	0.005690	0.005911	0.007557	0.004519	0.006054	0.004065	
405	0.004234	0.003755	0.003578	0.005628	0.005516	0.006973	0.005953	0.004981	0.004699	0.004417	
410	0.006363	0.003762	0.003139	0.005100	0.004707	0.006023	0.005733	0.004697	0.005466	0.004675	
415	0.004545	0.004041	0.003452	0.005081	0.004563	0.006574	0.005810	0.003938	0.005874	0.003335	
420	0.006030	0.003384	0.004181	0.004913	0.004280	0.006102	0.005561	0.003885	0.005275	0.003795	
425	0.004865	0.003812	0.003286	0.005250	0.004857	0.006210	0.005272	0.004394	0.005187	0.003903	
430	0.003974	0.003149	0.004266	0.004792	0.004880	0.005885	0.005180	0.004229	0.006120	0.003371	
435	0.004012	0.004040	0.004332	0.003993	0.005201	0.005419	0.004670	0.004772	0.005331	0.004210	
440	0.004750	0.004094	0.003856	0.005125	0.004744	0.005875	0.004132	0.004446	0.005872	0.004044	
445	0.005013	0.004736	0.003631	0.004197	0.004167	0.006320	0.003818	0.003848	0.005181	0.004582	
450	0.006928	0.005752	0.003616	0.005404	0.005016	0.005835	0.004113	0.004650	0.006252	0.004144	
455	0.006574	0.004955	0.004558	0.005033	0.004486	0.006110	0.003346	0.004250	0.005994	0.005405	
460	0.007172	0.003881	0.005159	0.005541	0.005289	0.005499	0.004283	0.005229	0.006171	0.004770	
465	0.006289	0.005111	0.004755	0.004801	0.005308	0.004511	0.003432	0.005056	0.005440	0.005059	
470	0.005568	0.005444	0.005475	0.003736	0.004620	0.005642	0.004371	0.004251	0.004887	0.005808	
475	0.005533	0.006262	0.006272	0.003971	0.005826	0.004683	0.003937	0.004540	0.005409	0.005071	
480	0.006257	0.006486	0.005662	0.004308	0.006113	0.004444	0.004733	0.004786	0.005380	0.003987	
485	0.006456	0.005509	0.005082	0.006567	0.005915	0.004377	0.004328	0.005448	0.006056	0.004703	
490	0.006042	0.005312	0.005616	0.005764	0.006245	0.004864	0.004372	0.004868	0.005464	0.004003	
495	0.006319	0.005053	0.005861	0.005099	0.005258	0.004352	0.003132	0.004800	0.005351	0.003382	
500	0.006383	0.003826	0.005527	0.005660	0.005451	0.005249	0.004841	0.004967	0.004647	0.003188	
505	0.005757	0.003459	0.004662	0.004492	0.004497	0.005158	0.005109	0.005306	0.005106	0.003665	
510	0.006037	0.005231	0.004820	0.004220	0.004821	0.005102	0.005277	0.004605	0.004563	0.003369	
515	0.006023	0.005609	0.004648	0.003643	0.004285	0.005387	0.005838	0.005248	0.005002	0.003750	
520	0.005886	0.005572	0.004296	0.004963	0.004673	0.004495	0.005899	0.004357	0.004965	0.004201	
525	0.006355	0.005303	0.004200	0.005889	0.004389	0.004457	0.006136	0.004050	0.004719	0.004250	
530	0.005728	0.004961	0.004410	0.005440	0.004009	0.004630	0.006660	0.004738	0.004233	0.004067	
535	0.006131	0.006008	0.005322	0.005323	0.004669	0.005908	0.005100	0.005529	0.003698	0.004283	
540	0.006223	0.006147	0.004930	0.004577	0.004735	0.006788	0.005382	0.005588	0.003941	0.004767	
545	0.005662	0.005964	0.005021	0.004440	0.004644	0.007401	0.005767	0.006442	0.004628	0.004283	
550	0.005425	0.006117	0.004955	0.004327	0.003849	0.006055	0.005953	0.006326	0.005058	0.003929	
555	0.005624	0.005629	0.005350	0.004422	0.003891	0.006253	0.006811	0.004821	0.004716	0.004851	
560	0.005531	0.006712	0.005142	0.003997	0.004251	0.005673	0.007720	0.005019	0.004844	0.005580	
565	0.005462	0.005822	0.004973	0.004881	0.003270	0.005876	0.007525	0.005062	0.005063	0.004637	
570	0.005723	0.005238	0.005398	0.004183	0.003745	0.006745	0.006035	0.005572	0.004809	0.005051	
575	0.005171	0.005361	0.004789	0.004811	0.004616	0.006160	0.005369	0.004919	0.004327	0.005118	
580	0.004486	0.005576	0.004866	0.004512	0.005363	0.006928	0.005025	0.003862	0.005341	0.004859	
585	0.004295	0.006666	0.004928	0.003530	0.004763	0.006840	0.005971	0.004416	0.005986	0.004523	
590	0.004359	0.007158	0.004773	0.004132	0.005379	0.006234	0.006827	0.004430	0.005837	0.004512	
595	0.004687	0.006292	0.005183	0.004787	0.005051	0.006008	0.005449	0.005231	0.005983	0.004624	
600	0.005042	0.006812	0.005617	0.005008	0.005762	0.005963	0.005415	0.004049	0.005588	0.003851	
605	0.004451	0.006148	0.005558	0.005475	0.005208	0.006270	0.005457	0.004525	0.005306	0.002873	
610	0.004268	0.005577	0.005712	0.004664	0.005391	0.006924	0.005444	0.004728	0.005588	0.003503	
615	0.004742	0.005832	0.004782	0.003568	0.005153	0.006164	0.005931	0.004307	0.005629	0.003082	
620	0.004978	0.005482	0.004518	0.004504	0.005189	0.006556	0.005391	0.004998	0.004876	0.003234	
625	0.004270	0.005445	0.004095	0.005003	0.006397	0.006435	0.005407	0.003960	0.005500	0.003466	
630	0.003781	0.005485	0.004466	0.004816	0.007204	0.005398	0.005409	0.003755	0.005870	0.003041	
635	0.003994	0.005114	0.004461	0.005303	0.006153	0.005279	0.004920	0.004237	0.005882	0.004132	
640	0.004200	0.006197	0.004660	0.004709	0.005642	0.005247	0.005292	0.004803	0.006168	0.003920	
645	0.004071	0.005750	0.004788	0.005073	0.005580	0.004831	0.004438	0.004627	0.006088	0.003743	
650	0.003813	0.005813	0.004900	0.005640	0.005312	0.005655	0.005726	0.004837	0.006788	0.003473	
655	0.003844	0.006483	0.004791	0.005345	0.004942	0.005213	0.006248	0.005367	0.007186	0.004136	
660	0.004193	0.006469	0.004511	0.004711	0.005047	0.004953	0.006190	0.005810	0.006882	0.003245	
665	0.004647	0.006248	0.003834	0.005205	0.005203	0.004848	0.005690	0.005806	0.006587	0.002923	
670	0.004135	0.006485	0.004133	0.004282	0.005532	0.004335	0.005978	0.006298	0.006491	0.003069	
675	0.004125	0.005991	0.003655	0.004689	0.005059	0.004955	0.005567	0.005743	0.005912	0.003732	
680	0.004336	0.006249	0.004543	0.004668	0.005609	0.004525	0.004579	0.006161	0.006044	0.004378	
685	0.005052	0.006916	0.003781	0.004926	0.005278	0.004207	0.005135	0.004660	0.007189	0.004420	
690	0.004532	0.007590	0.004240	0.004668	0.004862	0.004826	0.004335	0.004849	0.007049	0.003852	
695	0.005220	0.007117	0.004096	0.004339	0.004941	0.004378	0.005327	0.005147	0.006584	0.003932	
700	0.004429	0.006439	0.005739	0.004838	0.005607	0.004893	0.004435	0.005834	0.007946	0.003890	
705	0.004971	0.006542	0.006093	0.005333	0.004753	0.005154	0.004295	0.006202	0.007387	0.004346	
710	0.004867	0.006933	0.005426	0.005409	0.004923	0.004386	0.004624	0.006329	0.007031	0.004005	
715	0.005124	0.006861	0.005515	0.005740	0.005371	0.004380	0.004205	0.006487	0.006274	0.004677	
720	0.004923	0.005992	0.005905	0.005095	0.004836	0.004631	0.004618	0.005889	0.006369	0.004335	
725	0.005181	0.006007	0.006180	0.005143	0.004820	0.005219	0.004705	0.005226	0.006305	0.005081	
730	0.005526	0.006400	0.005632	0.004583	0.005362	0.005420	0.005127	0.004596	0.006135	0.005788	
735	0.004687	0.006270	0.005888	0.004648	0.004389	0.005110	0.005740	0.005205	0.007179	0.005135	
740	0.004766	0.005871	0.005203	0.004099	0.004504	0.005283	0.006069	0.005369	0.006733	0.004491	
745	0.004551	0.005738	0.005109	0.004188	0.004331	0.005437	0.006060	0.005598	0.008189	0.004834	
750	0.005110	0.005018	0.005542	0.004612	0.004249	0.006073	0.005983	0.005968	0.007976	0.004918	
755	0.004148	0.005120	0.005462	0.005194	0.004743	0.006076	0.005833	0.005564	0.007987	0.004916	
760	0.004540	0.005620	0.005532	0.005100	0.004940	0.006881	0.006266	0.004101	0.007154	0.005876	
765	0.004948	0.006068	0.005598	0.004161	0.005736	0.006386	0.006082	0.004232	0.007343	0.005811	
770	0.004574	0.006900	0.005859	0.005353	0.004645	0.005399	0.006487	0.005180	0.006572	0.004995	
775	0.005141	0.006875	0.006387	0.005371	0.004369	0.005370	0.005577	0.004436	0.007845	0.005315	
780	0.005033	0.005885	0.006275	0.006148	0.004646	0.005082	0.005868	0.004803	0.007823	0.005811	
785	0.005224	0.006213	0.005226	0.005673	0.003191	0.004628	0.005631	0.005996	0.007608	0.005458	
790	0.005626	0.005337	0.005193	0.005887	0.002970	0.004435	0.005467	0.005604	0.007572	0.005423	
795	0.005167	0.004785	0.005159	0.005499	0.003347	0.004435	0.005433	0.005568	0.007174	0.005787	
800	0.005589	0.004598	0.004617	0.005129	0.005127	0.004893	0.005192	0.005360	0.007500	0.005772	
805	0.004696	0.004464	0.005384	0.005534	0.004458	0.005233	0.006008	0.005556	0.006225	0.005732	
810	0.005484	0.005049	0.005511	0.005729	0.004530	0.005544	0.005846	0.006044	0.005975	0.006080	
815	0.005824	0.004619	0.005799	0.005798	0.004488	0.004676	0.005168	0.005623	0.006518	0.006104	
820	0.004941	0.004690	0.004829	0.005593	0.005043	0.005463	0.005919	0.004897	0.005170	0.004928	
825	0.005881	0.005001	0.004936	0.005151	0.005137	0.004856	0.006520	0.004847	0.005429	0.006312	
830	0.005620	0.003745	0.004510	0.005079	0.004961	0.005773	0.005651	0.005429	0.005008	0.005716	
835	0.005225	0.003667	0.005406	0.004129	0.005926	0.005663	0.005860	0.005435	0.004742	0.005213	
840	0.004147	0.003713	0.005620	0.004167	0.005504	0.005926	0.005457	0.004955	0.005399	0.006044	
845	0.004202	0.003568	0.005500	0.005077	0.005202	0.005598	0.006823	0.005133	0.006636	0.005755	
850	0.004451	0.003869	0.005845	0.005066	0.005019	0.005929	0.006536	0.005577	0.006403	0.004978	
855	0.005375	0.004211	0.005127	0.005745	0.005148	0.005649	0.005815	0.004771	0.006526	0.005609	
860	0.005813	0.004611	0.004804	0.004644	0.005644	0.005467	0.006239	0.004884	0.006403	0.005727	
865	0.005530	0.004476	0.004606	0.004503	0.005078	0.005044	0.006561	0.004748	0.006552	0.004881	
870	0.005236	0.003821	0.005042	0.004440	0.005082	0.005431	0.006966	0.004254	0.006667	0.004266	
875	0.005837	0.004453	0.005063	0.004605	0.004575	0.005084	0.007413	0.004635	0.005704	0.004806	
880	0.005790	0.003779	0.005201	0.005187	0.004421	0.005392	0.006805	0.004771	0.005150	0.005352	
885	0.005799	0.005035	0.004872	0.004895	0.003818	0.005161	0.006902	0.005284	0.004980	0.005431	
890	0.006249	0.005482	0.004560	0.004035	0.003446	0.004537	0.006808	0.005094	0.004811	0.004203	
895	0.007008	0.005024	0.004221	0.004506	0.004289	0.004506	0.006791	0.004790	0.005258	0.004820	
900	0.006553	0.004957	0.004629	0.004408	0.004017	0.004326	0.006481	0.004628	0.005623	0.004002	
905	0.006365	0.004654	0.005464	0.004963	0.004481	0.005140	0.006458	0.004756	0.004938	0.004922	
910	0.005855	0.006589	0.006523	0.004710	0.005067	0.005255	0.005977	0.003781	0.004928	0.005358	
915	0.006773	0.005655	0.005628	0.005300	0.004429	0.005498	0.005245	0.004390	0.005329	0.005537	
920	0.006114	0.006209	0.006074	0.004807	0.005953	0.005208	0.005559	0.004416	0.005329	0.005240	
925	0.006343	0.005920	0.006019	0.004222	0.004950	0.005719	0.005970	0.004097	0.006108	0.004993	
930	0.006446	0.005168	0.006413	0.005702	0.004446	0.005183	0.005657	0.004679	0.006017	0.005196	
935	0.004798	0.005669	0.006525	0.004377	0.004818	0.005368	0.005736	0.004795	0.006276	0.004460	
940	0.005109	0.006265	0.006113	0.004535	0.004791	0.005560	0.004954	0.004642	0.006155	0.005756	
945	0.006466	0.005766	0.005451	0.005377	0.004913	0.004802	0.004510	0.005180	0.006042	0.005024	
950	0.006954	0.006300	0.005474	0.005826	0.003997	0.005428	0.005179	0.005690	0.005650	0.003747	
955	0.006291	0.006634	0.005993	0.005208	0.004607	0.005766	0.005150	0.006189	0.006459	0.003622	
960	0.006974	0.006528	0.005977	0.005562	0.004212	0.006210	0.005927	0.004948	0.006714	0.003598	
965	0.006557	0.005711	0.004978	0.006099	0.003581	0.005859	0.006311	0.005302	0.006010	0.002910	
970	0.006601	0.005241	0.004571	0.005654	0.003756	0.006155	0.006865	0.004582	0.005524	0.003689	
975	0.006968	0.004598	0.004221	0.005137	0.004167	0.005125	0.006935	0.004595	0.005156	0.003251	
980	0.006450	0.004878	0.004709	0.004395	0.004584	0.006050	0.006399	0.004517	0.005287	0.003369	
985	0.006034	0.005133	0.004897	0.003974	0.003980	0.004630	0.006308	0.005572	0.004635	0.004015	
990	0.004729	0.005449	0.005985	0.005350	0.003933	0.005859	0.005853	0.006639	0.005435	0.004880	
995	0.004876	0.005004	0.004808	0.004028	0.003968	0.005639	0.005159	0.006426	0.006693	0.004973	
1000	0.005545	0.004722	0.004792	0.004702	0.004544	0.005880	0.004586	0.005805	0.007210	0.005874	
1005	0.005961	0.004484	0.004840	0.004359	0.004629	0.006031	0.003900	0.006208	0.005986	0.005530	
1010	0.004830	0.003928	0.005281	0.004931	0.003961	0.006379	0.004465	0.005092	0.005762	0.005551	
1015	0.005544	0.004124	0.004861	0.004681	0.004499	0.005797	0.004857	0.005430	0.005820	0.004992	
1020	0.004869	0.004012	0.004653	0.004480	0.005121	0.005573	0.004583	0.005287	0.005822	0.004546	
1025	0.005521	0.003781	0.004568	0.004503	0.004478	0.005295	0.004445	0.006170	0.005405	0.005794	
1030	0.006140	0.004063	0.004002	0.004195	0.004442	0.005189	0.004310	0.005947	0.005741	0.005200	
1035	0.005905	0.003319	0.003763	0.004740	0.004929	0.005073	0.004471	0.005877	0.005986	0.005513	
1040	0.005597	0.004425	0.004954	0.005030	0.006419	0.004888	0.003758	0.005751	0.005730	0.005244	
1045	0.005779	0.003912	0.004635	0.004653	0.005678	0.004926	0.004787	0.005502	0.005379	0.005525	
1050	0.005625	0.005351	0.004492	0.005269	0.006098	0.005610	0.004391	0.006129	0.005973	0.006058	
1055	0.005027	0.004248	0.004761	0.005138	0.004756	0.005383	0.003911	0.006324	0.005939	0.006125	
1060	0.006241	0.004497	0.005114	0.004790	0.005212	0.004333	0.004637	0.006618	0.006755	0.005748	
1065	0.005067	0.004099	0.005740	0.005014	0.005250	0.005002	0.004486	0.006015	0.006224	0.005273	
1070	0.005259	0.003811	0.005036	0.004155	0.004694	0.005282	0.004597	0.005863	0.006499	0.005621	
1075	0.005508	0.003192	0.004596	0.004624	0.005385	0.004967	0.005241	0.006408	0.006943	0.005293	
1080	0.005045	0.003112	0.004232	0.005019	0.004929	0.005331	0.004906	0.006527	0.005883	0.005635	
1085	0.004930	0.003755	0.005167	0.004894	0.004724	0.004708	0.004107	0.007179	0.005622	0.006185	
1090	0.004911	0.004315	0.004768	0.005020	0.004986	0.005613	0.005175	0.007416	0.004969	0.006049	
1095	0.004445	0.003654	0.004931	0.004304	0.004623	0.005454	0.004365	0.006677	0.004550	0.005890	
1100	0.005156	0.005007	0.005697	0.004974	0.005134	0.003889	0.003614	0.006289	0.004669	0.005840	
1105	0.004846	0.005396	0.004358	0.004999	0.006095	0.003801	0.004606	0.006756	0.004807	0.006246	
1110	0.004984	0.005546	0.005120	0.003875	0.006029	0.004430	0.004693	0.006618	0.005078	0.006208	
1115	0.005678	0.006084	0.004829	0.004677	0.006264	0.003802	0.005560	0.006616	0.004175	0.006739	
1120	0.005613	0.005682	0.004765	0.004727	0.006096	0.004991	0.004351	0.007081	0.004805	0.005841	
1125	0.004792	0.005151	0.004048	0.005311	0.005289	0.004389	0.006129	0.006164	0.005262	0.006878	
1130	0.004331	0.005594	0.003843	0.004743	0.005808	0.004523	0.005163	0.006184	0.005438	0.005854	
1135	0.004709	0.007067	0.004080	0.005036	0.006025	0.005589	0.004985	0.005994	0.004819	0.005809	
1140	0.004419	0.005888	0.005282	0.005048	0.005314	0.005557	0.004400	0.005907	0.004116	0.005778	
1145	0.004587	0.005393	0.005547	0.004746	0.005535	0.005396	0.003952	0.005692	0.004962	0.005851	
1150	0.004586	0.005505	0.005224	0.004866	0.004174	0.005248	0.003745	0.006144	0.005533	0.005822	
1155	0.004396	0.006080	0.004759	0.004469	0.004533	0.004480	0.004620	0.005867	0.006223	0.005490	
1160	0.003465	0.005930	0.005039	0.004170	0.004906	0.003719	0.005819	0.004496	0.005283	0.005732	
1165	0.003801	0.005491	0.004535	0.003968	0.005365	0.004623	0.006030	0.005395	0.004985	0.005392	
1170	0.003611	0.005638	0.004067	0.004267	0.005139	0.004586	0.005828	0.004444	0.005766	0.006047	
1175	0.004366	0.005577	0.004063	0.004012	0.005025	0.003863	0.006837	0.005307	0.005593	0.005484	
1180	0.004204	0.005132	0.004122	0.003389	0.004880	0.004726	0.005871	0.006237	0.005333	0.004743	
1185	0.003976	0.005541	0.004646	0.003854	0.004241	0.004256	0.007235	0.006171	0.005439	0.004637	
1190	0.004165	0.004888	0.005380	0.004591	0.004227	0.004107	0.007410	0.006794	0.005568	0.005910	
1195	0.004337	0.004117	0.005320	0.003783	0.004265	0.004804	0.006979	0.007906	0.006441	0.005743	
1200	0.003917	0.004270	0.006948	0.004590	0.004386	0.004521	0.006860	0.006662	0.005654	0.006323	
1205	0.004486	0.004242	0.006317	0.005301	0.003937	0.005362	0.006068	0.006065	0.005588	0.005530	
1210	0.004342	0.004094	0.005604	0.004092	0.004138	0.004322	0.005781	0.005390	0.005261	0.004246	
1215	0.004630	0.003741	0.005402	0.004755	0.005113	0.004079	0.005384	0.005386	0.005623	0.003483	
1220	0.005298	0.004593	0.005254	0.004224	0.004867	0.005209	0.006038	0.006013	0.005338	0.003413	
1225	0.005333	0.004148	0.005481	0.003264	0.004363	0.005618	0.006355	0.005407	0.006252	0.003868	
1230	0.003622	0.004055	0.005267	0.003440	0.003549	0.005805	0.005404	0.004967	0.005452	0.003583	
1235	0.004608	0.004589	0.004641	0.004002	0.004674	0.005576	0.006650	0.005261	0.005888	0.003679	
1240	0.005263	0.004061	0.003884	0.003788	0.004807	0.005332	0.006215	0.004927	0.007115	0.004297	
1245	0.004353	0.004269	0.005349	0.003909	0.004518	0.006837	0.006431	0.004803	0.005808	0.004296	
1250	0.005051	0.003722	0.004648	0.003972	0.004954	0.006747	0.007519	0.004141	0.005688	0.004644	
1255	0.004319	0.004672	0.004681	0.003972	0.005896	0.006702	0.007192	0.004980	0.005015	0.005143	
1260	0.005246	0.004934	0.005232	0.003949	0.004605	0.006374	0.007046	0.005030	0.003417	0.005700	
1265	0.005074	0.004066	0.005366	0.005268	0.003843	0.006679	0.007431	0.004996	0.005057	0.006076	
1270	0.004625	0.004022	0.004211	0.005634	0.003555	0.006174	0.007754	0.005641	0.004620	0.005368	
1275	0.005149	0.003874	0.004370	0.004587	0.004352	0.006580	0.007099	0.005475	0.004348	0.004819	
1280	0.004001	0.004282	0.004447	0.004380	0.004239	0.006242	0.006979	0.006361	0.004104	0.005180	
1285	0.004127	0.004781	0.003938	0.004430	0.005036	0.005800	0.005972	0.005280	0.004399	0.005738	
1290	0.004920	0.005509	0.004518	0.004511	0.005528	0.006489	0.006081	0.006104	0.004335	0.004922	
1295	0.004843	0.004684	0.004110	0.003883	0.006098	0.006969	0.006848	0.005414	0.004156	0.004576	
1300	0.004684	0.005512	0.004335	0.004518	0.005554	0.006995	0.007251	0.006826	0.004371	0.005016	
1305	0.004926	0.005157	0.004237	0.005732	0.005437	0.005898	0.006996	0.005993	0.005094	0.005063	
1310	0.003847	0.005548	0.004645	0.004286	0.004973	0.005933	0.006972	0.005752	0.005082	0.005180	
1315	0.004818	0.005003	0.005278	0.004249	0.004716	0.005928	0.006408	0.005868	0.005186	0.005239	
1320	0.004348	0.005468	0.005130	0.004245	0.005296	0.005476	0.006190	0.005200	0.004644	0.004949	
1325	0.005595	0.004533	0.004785	0.003694	0.004747	0.004834	0.006528	0.004851	0.005687	0.004097	
1330	0.005315	0.005426	0.003792	0.003641	0.004380	0.005425	0.005568	0.004125	0.005268	0.005142	
1335	0.004681	0.004977	0.003814	0.003529	0.004361	0.005649	0.005664	0.004823	0.003921	0.004298	
1340	0.005146	0.004884	0.002826	0.004420	0.005959	0.005386	0.005732	0.005140	0.003813	0.004357	
1345	0.005253	0.004372	0.003575	0.004889	0.005438	0.004681	0.005679	0.005082	0.003834	0.004555	
1350	0.005371	0.004676	0.003634	0.005047	0.005221	0.005206	0.005165	0.005394	0.004291	0.005502	
1355	0.005631	0.005459	0.003373	0.004701	0.005075	0.004941	0.005737	0.005380	0.004381	0.005066	
1360	0.005517	0.005603	0.003884	0.004896	0.004412	0.005384	0.006330	0.004838	0.005177	0.004831	
1365	0.004959	0.005244	0.003207	0.004435	0.005518	0.004309	0.005517	0.005395	0.005335	0.004992	
1370	0.004083	0.005495	0.003146	0.005145	0.005035	0.005580	0.004823	0.005473	0.004530	0.005014	
1375	0.004674	0.005152	0.003263	0.005201	0.004651	0.004993	0.004357	0.006164	0.005452	0.004954	
1380	0.003955	0.005501	0.003214	0.004455	0.004650	0.005390	0.004123	0.005808	0.005586	0.004218	
1385	0.003523	0.004905	0.004330	0.004607	0.006212	0.005717	0.005018	0.006637	0.005376	0.003761	
1390	0.003260	0.004932	0.004362	0.003909	0.006774	0.005329	0.004949	0.006987	0.005110	0.004625	
1395	0.004610	0.004068	0.004264	0.004638	0.006398	0.005689	0.004623	0.007049	0.004686	0.006032	
1400	0.004552	0.004838	0.003925	0.004861	0.006687	0.006111	0.004392	0.006772	0.005253	0.004903	
1405	0.004192	0.004565	0.004115	0.003675	0.006808	0.006151	0.004598	0.005686	0.005014	0.004630	
1410	0.004155	0.005244	0.004668	0.004199	0.006371	0.005829	0.004810	0.005039	0.004240	0.004186	
1415	0.005806	0.004879	0.004436	0.003948	0.006994	0.006317	0.006110	0.005642	0.003034	0.004390	
1420	0.004585	0.005433	0.004530	0.003795	0.006725	0.006139	0.005360	0.005771	0.003751	0.004232	
1425	0.004466	0.005696	0.003716	0.004105	0.005397	0.005945	0.006432	0.005350	0.004407	0.004717	
1430	0.003236	0.006162	0.004089	0.004118	0.005502	0.006232	0.005785	0.005218	0.004601	0.004900	
1435	0.004581	0.005814	0.004339	0.004374	0.005258	0.005673	0.006156	0.005443	0.003875	0.005315	
1440	0.004335	0.005182	0.004244	0.004606	0.005105	0.005852	0.005064	0.005171	0.003968	0.004631	
1445	0.004885	0.006149	0.003821	0.003858	0.004936	0.005977	0.005755	0.004963	0.003651	0.004221	
1450	0.003983	0.005482	0.003654	0.003531	0.006177	0.005974	0.005683	0.004911	0.004137	0.003624	
1455	0.004555	0.005914	0.002763	0.004176	0.004875	0.006267	0.005542	0.004741	0.004835	0.003584	
1460	0.004284	0.005984	0.003491	0.003234	0.005531	0.006101	0.005282	0.004474	0.005439	0.003893	
1465	0.003680	0.005680	0.003659	0.003721	0.005196	0.007178	0.005018	0.004370	0.004998	0.004201	
1470	0.003943	0.005775	0.003183	0.004347	0.005658	0.006785	0.004627	0.004833	0.004671	0.003905	
1475	0.004731	0.006362	0.003628	0.003525	0.006828	0.006937	0.004023	0.006192	0.005249	0.003285	
1480	0.005340	0.005492	0.004594	0.003388	0.006544	0.007246	0.004102	0.005186	0.004789	0.002420	
1485	0.005193	0.005504	0.004678	0.003238	0.006736	0.006792	0.005240	0.004743	0.004750	0.003361	
1490	0.004733	0.005192	0.004664	0.003293	0.006369	0.005322	0.005202	0.004483	0.004935	0.004145	
1495	0.003767	0.005085	0.004002	0.003704	0.005514	0.004864	0.006078	0.005744	0.004908	0.004513	
1500	0.003887	0.005057	0.004332	0.003792	0.005949	0.005459	0.005350	0.006061	0.005189	0.004538	
1505	0.004484	0.005250	0.005200	0.003570	0.005811	0.005612	0.005046	0.004783	0.005873	0.004390	
1510	0.004800	0.004679	0.004841	0.004055	0.005571	0.004798	0.005592	0.004567	0.006139	0.004346	
1515	0.006185	0.004968	0.005258	0.003815	0.005462	0.004966	0.005341	0.005053	0.007064	0.004373	
1520	0.004236	0.005651	0.004947	0.003861	0.006055	0.005471	0.005254	0.006394	0.005843	0.004072	
1525	0.004538	0.004753	0.005107	0.004443	0.006133	0.004755	0.005028	0.006467	0.007196	0.004436	
1530	0.005015	0.005569	0.004254	0.004927	0.005505	0.005698	0.005600	0.006937	0.006416	0.004147	
1535	0.004810	0.005142	0.004783	0.004659	0.006199	0.006097	0.005158	0.007086	0.006539	0.003936	
1540	0.004977	0.004991	0.005353	0.005203	0.005159	0.005780	0.004741	0.006950	0.006424	0.004464	
1545	0.005237	0.004554	0.004612	0.004665	0.004592	0.006388	0.005994	0.006104	0.006628	0.004429	
1550	0.005590	0.004548	0.004769	0.003729	0.005386	0.006473	0.005700	0.006757	0.006250	0.004537	
1555	0.005003	0.005094	0.004618	0.004423	0.004888	0.005848	0.005486	0.005204	0.005933	0.003846	
1560	0.004206	0.005059	0.005553	0.003837	0.005279	0.005504	0.006123	0.005251	0.004798	0.004738	
1565	0.004482	0.005723	0.005292	0.003795	0.005709	0.006052	0.006128	0.004714	0.004928	0.005225	
1570	0.004376	0.006286	0.004881	0.004439	0.005851	0.005956	0.006370	0.005226	0.004372	0.004786	
1575	0.004555	0.006358	0.005674	0.004279	0.005603	0.006485	0.006824	0.005038	0.005230	0.005246	
1580	0.004978	0.006436	0.004301	0.004275	0.005436	0.007111	0.007324	0.005265	0.005335	0.005297	
1585	0.003638	0.005740	0.004348	0.003599	0.005666	0.005803	0.006776	0.005558	0.004152	0.005059	
1590	0.003395	0.005483	0.005364	0.004048	0.005819	0.005572	0.005082	0.005351	0.004886	0.006345	
1595	0.003390	0.004608	0.004721	0.004091	0.005648	0.005710	0.005885	0.005397	0.005514	0.004187	
1600	0.003423	0.005024	0.005611	0.003869	0.006938	0.005339	0.005654	0.006101	0.005846	0.004092	
1605	0.003900	0.005239	0.004549	0.003790	0.006903	0.004992	0.005605	0.006168	0.005803	0.004153	
1610	0.004065	0.005597	0.003873	0.004162	0.005947	0.004532	0.004902	0.006035	0.005156	0.004495	
1615	0.003710	0.005238	0.004547	0.003675	0.007595	0.004770	0.004834	0.006188	0.005455	0.005614	
1620	0.004126	0.005090	0.004952	0.003337	0.007385	0.005713	0.005040	0.007427	0.005311	0.005909	
1625	0.005365	0.005837	0.005477	0.003305	0.007542	0.006349	0.005784	0.006959	0.005710	0.004901	
1630	0.004785	0.005205	0.005434	0.003951	0.007231	0.006292	0.005262	0.006131	0.005347	0.004330	
1635	0.004387	0.004303	0.004919	0.004601	0.006328	0.005549	0.005872	0.006638	0.005763	0.003904	
1640	0.004261	0.005663	0.005028	0.004459	0.006965	0.005130	0.005600	0.006346	0.005127	0.004266	
1645	0.004209	0.005835	0.005166	0.004567	0.007049	0.005214	0.005648	0.005977	0.005722	0.004583	
1650	0.004541	0.004561	0.006927	0.004046	0.007300	0.005286	0.005124	0.006185	0.004595	0.005226	
1655	0.005086	0.005234	0.006317	0.003737	0.007325	0.006060	0.005206	0.006857	0.004744	0.005375	
1660	0.005766	0.004660	0.005495	0.004313	0.005774	0.007181	0.004825	0.005459	0.004254	0.004144	
1665	0.005648	0.005290	0.004944	0.004435	0.006221	0.006329	0.005788	0.005382	0.004550	0.003788	
1670	0.005941	0.005702	0.004731	0.004161	0.005691	0.006364	0.004735	0.004648	0.004869	0.003928	
1675	0.005687	0.006249	0.004689	0.003738	0.006011	0.005726	0.005555	0.005141	0.004073	0.004987	
1680	0.005767	0.005672	0.004557	0.004070	0.006446	0.006063	0.005416	0.004815	0.004299	0.005780	
1685	0.006085	0.005976	0.004355	0.003893	0.005851	0.005104	0.005233	0.005481	0.003787	0.005787	
1690	0.004940	0.005334	0.004587	0.003434	0.005722	0.005057	0.004432	0.004896	0.003633	0.005417	
1695	0.005199	0.005108	0.004863	0.004839	0.005271	0.005448	0.004716	0.005027	0.004921	0.005517	
1700	0.005994	0.005390	0.005008	0.003747	0.005347	0.005348	0.005492	0.004862	0.004688	0.005498	
1705	0.006262	0.006193	0.004633	0.004128	0.005504	0.005976	0.006193	0.004717	0.003973	0.004963	
1710	0.005228	0.006596	0.004502	0.004766	0.005479	0.005796	0.005569	0.004925	0.004068	0.004841	
1715	0.004750	0.005220	0.004212	0.003398	0.005680	0.005271	0.005229	0.004964	0.004088	0.005384	
1720	0.005871	0.005009	0.004516	0.003761	0.005586	0.005051	0.006020	0.005520	0.003845	0.006008	
1725	0.005142	0.004674	0.005054	0.004114	0.006381	0.004903	0.005128	0.004609	0.004400	0.006733	
1730	0.004866	0.005273	0.004581	0.004414	0.006576	0.004558	0.005292	0.004129	0.004024	0.007136	
1735	0.005481	0.005508	0.004574	0.004401	0.006832	0.004224	0.006445	0.004561	0.003731	0.007303	
1740	0.005074	0.005326	0.003730	0.004610	0.006497	0.004407	0.005673	0.004626	0.003340	0.005809	
1745	0.005006	0.004961	0.005157	0.004738	0.006904	0.004412	0.005487	0.004268	0.004284	0.006511	
1750	0.005643	0.005120	0.005002	0.005317	0.006014	0.005007	0.006197	0.004199	0.004341	0.006303	
1755	0.005716	0.005332	0.004396	0.005161	0.006919	0.004844	0.005833	0.004282	0.004906	0.005531	
1760	0.006437	0.004921	0.004476	0.005515	0.006221	0.005088	0.005964	0.004919	0.005361	0.006580	
1765	0.006262	0.005244	0.003608	0.005245	0.006426	0.004624	0.005584	0.005259	0.005393	0.005375	
1770	0.005968	0.005150	0.003752	0.005006	0.006019	0.005224	0.006068	0.005074	0.005675	0.004850	
1775	0.006144	0.005112	0.004776	0.005536	0.005660	0.004396	0.005669	0.004762	0.005069	0.004694	
1780	0.005573	0.005590	0.004482	0.005385	0.005769	0.005676	0.006055	0.005235	0.004596	0.005016	
1785	0.005587	0.005333	0.005410	0.006064	0.005614	0.005059	0.006003	0.005006	0.005060	0.004565	
1790	0.005468	0.005233	0.004618	0.004693	0.005388	0.005694	0.005398	0.005193	0.006467	0.004734	
1795	0.005647	0.005139	0.004703	0.004487	0.005349	0.005035	0.005560	0.005111	0.006540	0.004358	
1800	0.005603	0.004656	0.004858	0.004323	0.005588	0.005643	0.004872	0.005795	0.006793	0.005196	
1805	0.004618	0.005352	0.005566	0.005100	0.005399	0.005432	0.006538	0.005180	0.006976	0.005393	
1810	0.005381	0.006163	0.005992	0.005741	0.005350	0.005901	0.006056	0.004137	0.006647	0.004651	
1815	0.006098	0.006209	0.004680	0.006249	0.005202	0.007202	0.005009	0.004491	0.006511	0.004310	
1820	0.005137	0.006209	0.004358	0.007322	0.005593	0.006275	0.006179	0.004229	0.006041	0.004800	
1825	0.004642	0.006699	0.004405	0.006837	0.005566	0.005726	0.005572	0.005428	0.006881	0.004648	
1830	0.005289	0.005754	0.004164	0.007304	0.004494	0.006058	0.005832	0.005065	0.005877	0.004632	
1835	0.005197	0.007160	0.005140	0.005212	0.005784	0.006333	0.005878	0.005487	0.005982	0.004633	
1840	0.005351	0.005354	0.005222	0.005035	0.005588	0.006140	0.005606	0.004831	0.007086	0.005341	
1845	0.005237	0.004155	0.004359	0.005839	0.005706	0.005482	0.005579	0.003937	0.006608	0.004857	
1850	0.004902	0.005366	0.004390	0.004425	0.006457	0.005720	0.004354	0.003763	0.006432	0.005582	
1855	0.005298	0.004603	0.005033	0.005087	0.005670	0.005019	0.004245	0.003784	0.005326	0.005328	
1860	0.004696	0.005659	0.005317	0.004286	0.005842	0.004872	0.004500	0.004028	0.005181	0.005644	
1865	0.005150	0.005759	0.004878	0.004552	0.005964	0.004729	0.003746	0.003874	0.006017	0.005120	
1870	0.004924	0.005117	0.003491	0.005124	0.005774	0.005190	0.003968	0.004486	0.006020	0.005540	
1875	0.004484	0.005727	0.004177	0.005267	0.006280	0.005043	0.005066	0.004616	0.006367	0.005352	
1880	0.005043	0.005639	0.004285	0.005422	0.006864	0.005509	0.005123	0.005167	0.006046	0.004752	
1885	0.005516	0.006069	0.004044	0.005216	0.007073	0.005230	0.005326	0.003878	0.006588	0.005176	
1890	0.005857	0.007164	0.004456	0.005734	0.007443	0.004835	0.005264	0.003298	0.005875	0.005468	
1895	0.006456	0.006763	0.004739	0.005127	0.006282	0.005754	0.005415	0.004546	0.005472	0.005055	
1900	0.006235	0.005723	0.004463	0.005269	0.006289	0.006601	0.004688	0.005584	0.005478	0.004424	
1905	0.005455	0.006242	0.004688	0.005024	0.006024	0.006848	0.005514	0.004990	0.005614	0.004711	
1910	0.005865	0.005634	0.004726	0.005200	0.006451	0.005855	0.006774	0.005291	0.005687	0.005671	
1915	0.005705	0.005394	0.004040	0.005157	0.006513	0.005684	0.006147	0.004453	0.005216	0.005203	
1920	0.005607	0.005314	0.003797	0.005925	0.006311	0.005005	0.006004	0.005436	0.004632	0.004644	
1925	0.005107	0.004787	0.003495	0.005392	0.006648	0.005482	0.005035	0.006403	0.005126	0.004690	
1930	0.005844	0.005043	0.003697	0.006262	0.005821	0.006207	0.003658	0.005132	0.005746	0.005012	
1935	0.006675	0.005268	0.004207	0.004873	0.006195	0.006323	0.004214	0.004571	0.005860	0.005297	
1940	0.005719	0.005036	0.004786	0.005364	0.006072	0.005858	0.003619	0.004159	0.005096	0.005785	
1945	0.005769	0.005709	0.003558	0.005262	0.006047	0.006171	0.004684	0.004426	0.005141	0.005592	
1950	0.005389	0.005195	0.004071	0.004667	0.005650	0.005256	0.003731	0.004420	0.004686	0.004796	
1955	0.005470	0.004899	0.004348	0.004949	0.006259	0.005810	0.003363	0.003902	0.004386	0.004458	
1960	0.005117	0.005255	0.004056	0.004717	0.005752	0.004250	0.003324	0.003777	0.004248	0.004777	
1965	0.004550	0.004574	0.004700	0.005274	0.006015	0.003900	0.003624	0.005504	0.004530	0.005030	
1970	0.005452	0.004841	0.003747	0.004919	0.005690	0.003437	0.003825	0.005415	0.004288	0.004614	
1975	0.006278	0.004189	0.004091	0.006129	0.006742	0.004375	0.003974	0.004926	0.004147	0.004397	
1980	0.006095	0.005139	0.004449	0.005375	0.006783	0.004479	0.004349	0.005128	0.004998	0.003970	
1985	0.005862	0.005653	0.004330	0.005484	0.007630	0.004208	0.004887	0.004541	0.005763	0.004350	
1990	0.006163	0.005929	0.004598	0.005698	0.007553	0.004529	0.004912	0.005482	0.006060	0.004980	
1995	0.005656	0.005476	0.005187	0.005547	0.006817	0.003820	0.004899	0.004851	0.007097	0.004924	
2000	0.005842	0.004673	0.005429	0.005525	0.006772	0.004010	0.005327	0.004889	0.006716	0.004236	
2005	0.005152	0.004787	0.005698	0.005263	0.006152	0.004399	0.005538	0.004539	0.006034	0.004753	
2010	0.004808	0.005252	0.004891	0.004963	0.006894	0.003732	0.004915	0.004809	0.005085	0.004845	
2015	0.004245	0.004894	0.005374	0.004250	0.006070	0.004202	0.005134	0.005709	0.005224	0.005422	
2020	0.004842	0.004072	0.004059	0.004295	0.006612	0.004045	0.005135	0.006723	0.003633	0.005484	
2025	0.004952	0.004120	0.004511	0.004938	0.005494	0.003743	0.005382	0.005361	0.004602	0.004667	
2030	0.005854	0.004061	0.004034	0.005557	0.004646	0.003414	0.005126	0.005141	0.005664	0.004704	
2035	0.005097	0.004028	0.003579	0.004992	0.005638	0.003800	0.006020	0.005705	0.005280	0.005189	
2040	0.004493	0.004798	0.004281	0.005228	0.006199	0.004928	0.004523	0.005835	0.005680	0.005838	
2045	0.005124	0.005040	0.003878	0.004562	0.006144	0.005698	0.004456	0.004860	0.005543	0.005171	
2050	0.005233	0.004894	0.004371	0.004500	0.006480	0.005527	0.005055	0.004993	0.005187	0.005865	
2055	0.004910	0.005207	0.004621	0.004756	0.006378	0.005644	0.005463	0.005821	0.005191	0.005958	
2060	0.004488	0.005225	0.004934	0.004282	0.006064	0.005135	0.005344	0.006823	0.004757	0.007175	
2065	0.004842	0.004841	0.005515	0.003737	0.006114	0.003958	0.005137	0.007064	0.005240	0.005509	
2070	0.005373	0.004168	0.005289	0.004517	0.005318	0.005024	0.005454	0.006346	0.005142	0.006346	
2075	0.005223	0.003851	0.005204	0.004629	0.004787	0.005383	0.005274	0.005288	0.004818	0.005607	
2080	0.005484	0.004798	0.004149	0.004574	0.004748	0.006111	0.004736	0.004941	0.003382	0.005851	
2085	0.004463	0.004486	0.004481	0.005579	0.006059	0.005729	0.003799	0.004948	0.003965	0.005264	
2090	0.004556	0.005001	0.004438	0.006331	0.005733	0.005610	0.003644	0.005419	0.004919	0.006363	
2095	0.003836	0.004289	0.004822	0.005028	0.004779	0.005020	0.003333	0.005595	0.003566	0.006552	
2100	0.005345	0.005222	0.005749	0.005716	0.004912	0.005530	0.003391	0.005971	0.004230	0.005961	
2105	0.005220	0.005463	0.006431	0.006152	0.004133	0.005733	0.002832	0.005240	0.004001	0.006430	
2110	0.005387	0.005015	0.006154	0.004957	0.003382	0.005611	0.003819	0.004577	0.003749	0.005952	
2115	0.005515	0.005308	0.005927	0.004237	0.003996	0.005365	0.003764	0.005606	0.003285	0.006141	
2120	0.005088	0.004820	0.005590	0.004523	0.004918	0.005332	0.003689	0.004938	0.003705	0.005541	
2125	0.005353	0.004293	0.004879	0.004583	0.004563	0.005124	0.004006	0.005556	0.003868	0.006197	
2130	0.005580	0.005100	0.005531	0.005138	0.004591	0.005693	0.004001	0.004266	0.004249	0.005737	
2135	0.005405	0.004942	0.004409	0.004524	0.005349	0.005709	0.003686	0.004135	0.005391	0.005477	
2140	0.005535	0.005039	0.004868	0.004260	0.005680	0.004504	0.004300	0.004948	0.005001	0.005429	
2145	0.005355	0.003933	0.004768	0.004060	0.005223	0.004563	0.004785	0.005967	0.005258	0.004591	
2150	0.005406	0.004103	0.004468	0.004731	0.005247	0.003930	0.004627	0.005994	0.004353	0.005095	
2155	0.005649	0.005277	0.004335	0.005809	0.004621	0.004757	0.005314	0.005719	0.004710	0.004606	
2160	0.004790	0.005408	0.004869	0.006403	0.005053	0.004233	0.004474	0.005015	0.005080	0.005270	
2165	0.004217	0.006373	0.004981	0.006518	0.004672	0.004558	0.004531	0.006172	0.004231	0.005182	
2170	0.003390	0.006741	0.005152	0.006697	0.005593	0.005270	0.004774	0.005093	0.004480	0.005404	
2175	0.003672	0.005398	0.005473	0.005861	0.005613	0.005097	0.005051	0.006039	0.004055	0.005596	
2180	0.003461	0.004284	0.004503	0.006406	0.005100	0.005202	0.005942	0.005520	0.005142	0.006403	
2185	0.003802	0.005916	0.005050	0.006410	0.005176	0.005294	0.006987	0.006170	0.005046	0.006824	
2190	0.004930	0.006169	0.004642	0.006501	0.004395	0.004825	0.006769	0.006977	0.004366	0.007208	
2195	0.004832	0.005726	0.004502	0.005837	0.005656	0.004486	0.007405	0.006004	0.004521	0.007432	
2200	0.005765	0.005876	0.004749	0.006013	0.005961	0.005518	0.006618	0.005690	0.004676	0.006610	
2205	0.005632	0.005584	0.004289	0.005964	0.005370	0.005610	0.007346	0.005237	0.005194	0.007000	
2210	0.005538	0.005928	0.004223	0.004235	0.005773	0.006044	0.006441	0.005921	0.006043	0.006606	
2215	0.006387	0.004866	0.005470	0.004941	0.005285	0.006035	0.005379	0.005360	0.005025	0.007708	
2220	0.006257	0.005374	0.005233	0.005898	0.005663	0.005305	0.006035	0.005250	0.004569	0.007977	
2225	0.005500	0.005440	0.005339	0.006907	0.005052	0.004584	0.005513	0.005479	0.005203	0.007552	
2230	0.006052	0.005506	0.005509	0.006833	0.005141	0.005304	0.005640	0.005525	0.005734	0.007720	
2235	0.005081	0.005505	0.005282	0.006370	0.005444	0.005198	0.006435	0.006421	0.005078	0.007516	
2240	0.005333	0.005571	0.005106	0.006269	0.005333	0.004547	0.006023	0.004358	0.005087	0.007469	
2245	0.004726	0.005361	0.005519	0.006133	0.005650	0.004450	0.005358	0.005671	0.004629	0.007228	
2250	0.004716	0.005795	0.006091	0.005707	0.005084	0.004251	0.005125	0.004960	0.004728	0.006477	
2255	0.003863	0.006294	0.005437	0.006276	0.004740	0.004781	0.005752	0.005865	0.005157	0.006471	
2260	0.004559	0.005324	0.005819	0.006154	0.004549	0.003998	0.006703	0.005858	0.004580	0.006447	
2265	0.005034	0.005592	0.005576	0.005355	0.004520	0.004294	0.006101	0.005329	0.004739	0.005633	
2270	0.004391	0.004640	0.004685	0.004497	0.004951	0.003961	0.005724	0.005595	0.004768	0.004656	
2275	0.004616	0.006055	0.005358	0.004872	0.004103	0.004802	0.006178	0.005478	0.004570	0.004585	
2280	0.004059	0.004906	0.005645	0.004623	0.004188	0.004434	0.006099	0.005520	0.005210	0.004601	
2285	0.004213	0.004097	0.005143	0.004109	0.003986	0.004687	0.005809	0.005907	0.004450	0.005039	
2290	0.003693	0.005284	0.006226	0.004881	0.003872	0.003903	0.005165	0.006247	0.004309	0.005974	
2295	0.004102	0.005597	0.006436	0.004555	0.003754	0.004326	0.005468	0.005502	0.005499	0.004786	
2300	0.004953	0.005807	0.005802	0.004635	0.004138	0.004522	0.005113	0.005571	0.005744	0.004604	
2305	0.004745	0.006245	0.006933	0.005008	0.003171	0.004808	0.004768	0.005473	0.005745	0.005187	
2310	0.004166	0.004876	0.005569	0.005715	0.003887	0.004987	0.004338	0.005478	0.005105	0.004782	
2315	0.004168	0.004422	0.005387	0.004680	0.004143	0.005007	0.004693	0.003918	0.005315	0.004578	
2320	0.004363	0.005660	0.006057	0.004624	0.004684	0.005133	0.004754	0.004053	0.005608	0.004355	
2325	0.004222	0.004732	0.007630	0.004915	0.004017	0.005052	0.004175	0.004183	0.005289	0.003993	
2330	0.004553	0.004186	0.006090	0.005408	0.003799	0.005208	0.004375	0.003786	0.005859	0.004780	
2335	0.004689	0.004141	0.006682	0.005425	0.003810	0.004199	0.004323	0.004274	0.005230	0.004776	
2340	0.004657	0.004082	0.006822	0.004773	0.003861	0.004642	0.006022	0.004083	0.005430	0.004861	
2345	0.005471	0.005312	0.007405	0.004782	0.004004	0.005084	0.005195	0.004817	0.005170	0.004099	
2350	0.004647	0.004274	0.006119	0.005120	0.004440	0.004526	0.004099	0.005034	0.004759	0.004795	
2355	0.006377	0.005804	0.005186	0.005176	0.004369	0.003962	0.003931	0.004855	0.005242	0.004206	
2360	0.005140	0.005938	0.004965	0.005420	0.003896	0.003651	0.004881	0.005307	0.005741	0.004030	
2365	0.005163	0.005785	0.005382	0.005674	0.004709	0.004043	0.005336	0.005907	0.005542	0.004957	
2370	0.005389	0.005132	0.005617	0.005240	0.005257	0.003750	0.005569	0.004708	0.005384	0.004861	
2375	0.005522	0.004815	0.004961	0.005498	0.005792	0.003737	0.005577	0.005413	0.004666	0.005438	
2380	0.004865	0.004419	0.005638	0.004564	0.005326	0.004516	0.004820	0.005744	0.005372	0.004695	
2385	0.005581	0.005157	0.005801	0.005618	0.006406	0.004588	0.005206	0.005516	0.005074	0.004315	
2390	0.004207	0.005348	0.004974	0.005644	0.006515	0.004946	0.005575	0.004728	0.006140	0.004598	
2395	0.004821	0.005788	0.004556	0.005851	0.005439	0.004592	0.004565	0.004297	0.006987	0.004421	
2400	0.003958	0.004787	0.004972	0.005007	0.005589	0.003941	0.004888	0.005208	0.005030	0.004453	
2405	0.003911	0.004707	0.005688	0.004993	0.005189	0.005600	0.005038	0.005452	0.005825	0.004387	
2410	0.004762	0.005005	0.005820	0.004757	0.005862	0.004717	0.005202	0.005505	0.005241	0.004202	
2415	0.005544	0.005042	0.004847	0.005062	0.005081	0.004679	0.004689	0.005485	0.004596	0.004643	
2420	0.005312	0.005691	0.004885	0.004977	0.005002	0.004978	0.004984	0.007342	0.004908	0.004991	
2425	0.005144	0.005159	0.005001	0.004429	0.005505	0.003631	0.005324	0.007707	0.004794	0.005905	
2430	0.004897	0.004608	0.004984	0.005379	0.005708	0.004805	0.004904	0.007177	0.003993	0.004810	
2435	0.004613	0.004464	0.004931	0.005069	0.005528	0.004788	0.005872	0.007031	0.003862	0.005000	
2440	0.004294	0.004203	0.005500	0.004219	0.005901	0.004548	0.005286	0.005515	0.004382	0.005042	
2445	0.003957	0.005499	0.005695	0.005114	0.004926	0.003772	0.005747	0.006070	0.004320	0.005685	
2450	0.003882	0.006155	0.006363	0.004420	0.004473	0.004966	0.006003	0.006548	0.004753	0.005579	
2455	0.003631	0.005756	0.005998	0.005161	0.004114	0.005240	0.006162	0.005800	0.004631	0.005057	
2460	0.003236	0.005578	0.006455	0.004678	0.003657	0.004482	0.006013	0.005011	0.004536	0.005247	
2465	0.005371	0.005950	0.005413	0.004918	0.003873	0.005962	0.004528	0.005276	0.003550	0.004506	
2470	0.005034	0.005718	0.006589	0.006399	0.005174	0.005194	0.005048	0.005473	0.004055	0.003875	
2475	0.006235	0.005303	0.006848	0.007172	0.005632	0.004260	0.004864	0.004592	0.005391	0.004631	
2480	0.005910	0.004503	0.005859	0.005665	0.005658	0.004414	0.004643	0.004425	0.005528	0.004592	
2485	0.004917	0.004777	0.006022	0.005676	0.005579	0.005532	0.004118	0.005352	0.004257	0.004113	
2490	0.005463	0.004480	0.006345	0.004771	0.004624	0.005143	0.004089	0.004933	0.004807	0.004989	
2495	0.006166	0.004396	0.006231	0.003909	0.005295	0.005325	0.003153	0.004595	0.004830	0.004596	
2500	0.005783	0.004149	0.006459	0.004389	0.005197	0.004219	0.002835	0.005036	0.004951	0.003947	
2505	0.005308	0.004162	0.006557	0.005009	0.005739	0.003808	0.004005	0.004953	0.003978	0.003554	
2510	0.005104	0.004297	0.006684	0.004625	0.005620	0.004796	0.004564	0.005567	0.003865	0.003223	
2515	0.006628	0.004661	0.005678	0.004683	0.005578	0.005495	0.003262	0.004870	0.004708	0.004578	
2520	0.006472	0.004841	0.004392	0.004223	0.004624	0.004909	0.004518	0.003944	0.004227	0.004450	
2525	0.005785	0.004819	0.004846	0.004135	0.005174	0.004658	0.004294	0.003953	0.004987	0.004728	
2530	0.007263	0.004709	0.003583	0.004573	0.004402	0.004498	0.005143	0.004330	0.005088	0.004418	
2535	0.006399	0.004370	0.004622	0.004111	0.005268	0.004362	0.004242	0.004380	0.005966	0.004438	
2540	0.007738	0.005687	0.003854	0.004450	0.006084	0.004453	0.004595	0.003899	0.005278	0.004296	
2545	0.006868	0.004657	0.004033	0.005481	0.005337	0.004516	0.004566	0.005089	0.004848	0.004983	
2550	0.005816	0.004449	0.004047	0.005311	0.005123	0.004647	0.004097	0.005415	0.005072	0.004125	
2555	0.006188	0.004974	0.004613	0.005305	0.005474	0.005054	0.004491	0.004787	0.004841	0.003286	
2560	0.005513	0.005228	0.004345	0.005592	0.005715	0.005422	0.003778	0.006010	0.004910	0.003557	
2565	0.005803	0.005551	0.004305	0.004938	0.004635	0.005443	0.004069	0.006049	0.004150	0.003130	
2570	0.006661	0.005602	0.004172	0.004715	0.004855	0.005925	0.003298	0.004389	0.003146	0.003541	
2575	0.005967	0.004829	0.004384	0.005069	0.005023	0.005160	0.003141	0.004782	0.003628	0.003860	
2580	0.006466	0.005044	0.005385	0.005510	0.004911	0.004771	0.003256	0.004974	0.004074	0.003615	
2585	0.005932	0.005656	0.004825	0.006037	0.003499	0.005172	0.003919	0.005023	0.003714	0.004238	
2590	0.005530	0.004652	0.004579	0.005157	0.003812	0.005621	0.003856	0.005712	0.003694	0.003577	
2595	0.005721	0.004712	0.004812	0.004756	0.004289	0.004992	0.004048	0.005244	0.004242	0.004237	
2600	0.005929	0.004628	0.004440	0.005466	0.004249	0.004680	0.004713	0.005216	0.004239	0.004521	
2605	0.006786	0.003786	0.004923	0.004850	0.004527	0.004644	0.004652	0.005635	0.004757	0.003692	
2610	0.006800	0.003901	0.005126	0.004141	0.005005	0.004458	0.004771	0.005351	0.005168	0.004142	
2615	0.006326	0.003957	0.004805	0.005170	0.004983	0.005228	0.004212	0.005993	0.005853	0.003575	
2620	0.005649	0.004757	0.005110	0.004739	0.004287	0.004497	0.004286	0.005047	0.005602	0.004490	
2625	0.004464	0.005116	0.004283	0.003919	0.004749	0.004437	0.005022	0.004985	0.005252	0.004318	
2630	0.004283	0.005518	0.004161	0.003710	0.004968	0.004668	0.004210	0.005129	0.004655	0.004303	
2635	0.004512	0.005773	0.004415	0.004641	0.004867	0.004681	0.004577	0.004888	0.005049	0.004881	
2640	0.004660	0.005926	0.003440	0.004455	0.004945	0.005035	0.004361	0.004691	0.004707	0.006053	
2645	0.004681	0.005369	0.005230	0.004326	0.005188	0.006315	0.005019	0.004338	0.005458	0.006327	
2650	0.004592	0.004805	0.005076	0.004751	0.005106	0.005414	0.005718	0.004517	0.005890	0.006247	
2655	0.004733	0.005469	0.003853	0.004811	0.005365	0.004410	0.005256	0.004525	0.005020	0.005915	
2660	0.004737	0.005448	0.004669	0.005196	0.005803	0.006051	0.005437	0.004555	0.004429	0.005969	
2665	0.004781	0.005462	0.003409	0.004628	0.005548	0.006148	0.005064	0.004204	0.004381	0.005079	
2670	0.005881	0.005451	0.003900	0.004326	0.005539	0.006919	0.005242	0.004258	0.004920	0.005162	
2675	0.006894	0.005546	0.003704	0.004617	0.006218	0.006150	0.004801	0.005252	0.004635	0.005088	
2680	0.006174	0.004992	0.004052	0.005211	0.005679	0.004757	0.003983	0.006727	0.005162	0.004649	
2685	0.005082	0.005292	0.004640	0.004560	0.005114	0.004473	0.003274	0.005598	0.005904	0.004450	
2690	0.004212	0.004535	0.004794	0.004882	0.004186	0.005517	0.003983	0.006091	0.005576	0.004887	
2695	0.004567	0.005025	0.004016	0.005559	0.003711	0.005260	0.003953	0.005547	0.005249	0.005268	
2700	0.004739	0.005373	0.004692	0.006655	0.004138	0.005347	0.004324	0.005760	0.005428	0.004151	
2705	0.005354	0.004591	0.005413	0.005885	0.003777	0.004790	0.003727	0.006685	0.005036	0.004465	
2710	0.006955	0.005378	0.005658	0.005908	0.005200	0.004833	0.004279	0.006003	0.005485	0.004693	
2715	0.006098	0.005231	0.005177	0.006131	0.005163	0.005104	0.004168	0.005490	0.005681	0.003403	
2720	0.005274	0.004696	0.005358	0.006665	0.004278	0.004370	0.004052	0.004056	0.006007	0.004016	
2725	0.004108	0.004428	0.004918	0.005492	0.004029	0.005031	0.004804	0.004766	0.005070	0.004631	
2730	0.004723	0.004635	0.004589	0.005901	0.003972	0.005047	0.004049	0.005469	0.004979	0.004628	
2735	0.005014	0.004717	0.005635	0.006393	0.005139	0.005425	0.004166	0.004739	0.004929	0.004684	
2740	0.004575	0.005498	0.006753	0.005617	0.005268	0.005619	0.004699	0.004899	0.004678	0.003626	
2745	0.004952	0.004674	0.006603	0.005796	0.005299	0.004785	0.004225	0.005325	0.004202	0.004138	
2750	0.005093	0.004212	0.007225	0.005070	0.005391	0.005110	0.004886	0.006044	0.003144	0.004551	
2755	0.005645	0.005462	0.005485	0.005113	0.005283	0.005675	0.004531	0.004791	0.002990	0.005066	
2760	0.005415	0.005425	0.006165	0.005602	0.005056	0.005719	0.004500	0.004772	0.003497	0.006195	
2765	0.005778	0.005295	0.005557	0.006327	0.005632	0.004805	0.004651	0.005067	0.003670	0.005542	
2770	0.005442	0.004240	0.005702	0.004975	0.004811	0.004381	0.005508	0.005122	0.003495	0.006132	
2775	0.006394	0.004121	0.005552	0.006613	0.004443	0.004398	0.004590	0.004978	0.004075	0.005263	
2780	0.006341	0.004222	0.005205	0.006180	0.003622	0.005179	0.004352	0.004590	0.003611	0.005056	
2785	0.005912	0.003691	0.004054	0.005891	0.004300	0.005520	0.004369	0.003441	0.004040	0.004357	
2790	0.005086	0.003938	0.005480	0.006632	0.003240	0.005646	0.004867	0.004271	0.003815	0.004986	
2795	0.005638	0.003010	0.004937	0.006715	0.002771	0.004804	0.005014	0.004679	0.003683	0.005436	
2800	0.005658	0.003845	0.004265	0.006837	0.003434	0.004938	0.006011	0.005198	0.004225	0.004486	
2805	0.005611	0.003943	0.003810	0.006414	0.003888	0.005275	0.005822	0.005513	0.005004	0.005503	
2810	0.005157	0.003166	0.004754	0.006783	0.004656	0.005801	0.005170	0.003626	0.004901	0.004304	
2815	0.004870	0.004729	0.003909	0.006127	0.005020	0.005798	0.005645	0.003813	0.004776	0.004205	
2820	0.005039	0.003591	0.004371	0.005663	0.004007	0.005892	0.005322	0.004565	0.005729	0.003755	
2825	0.004362	0.004408	0.004858	0.004625	0.004068	0.005827	0.006057	0.004748	0.005504	0.003967	
2830	0.004488	0.003724	0.004849	0.005336	0.003864	0.005795	0.005349	0.005268	0.004563	0.004092	
2835	0.004782	0.005223	0.003926	0.005443	0.004425	0.005627	0.005984	0.005016	0.005552	0.003550	
2840	0.004640	0.004929	0.004595	0.005006	0.004897	0.006864	0.005564	0.005382	0.005340	0.004829	
2845	0.005933	0.004523	0.004754	0.004923	0.005596	0.007242	0.005851	0.005612	0.005993	0.004190	
2850	0.005463	0.005017	0.004454	0.005299	0.005349	0.006164	0.006473	0.004841	0.006584	0.002756	
2855	0.005377	0.004491	0.005092	0.004760	0.004447	0.005851	0.005986	0.005952	0.005531	0.004210	
2860	0.005620	0.005334	0.005689	0.004674	0.005163	0.005470	0.006868	0.005039	0.005964	0.004020	
2865	0.004889	0.004620	0.004988	0.005058	0.006141	0.004964	0.006858	0.004234	0.006183	0.004381	
2870	0.004737	0.004474	0.005412	0.004888	0.004731	0.005281	0.005202	0.004254	0.006699	0.003375	
2875	0.003957	0.004850	0.004788	0.004370	0.006089	0.005619	0.005393	0.005581	0.006032	0.003386	
2880	0.005406	0.005097	0.004808	0.004544	0.006301	0.005932	0.004723	0.004546	0.005261	0.003244	
2885	0.004285	0.005733	0.005037	0.004511	0.004917	0.005981	0.005011	0.004731	0.006208	0.003689	
2890	0.004016	0.005732	0.004408	0.004739	0.005136	0.006367	0.005119	0.003948	0.005371	0.003066	
2895	0.004212	0.004955	0.004649	0.004432	0.005310	0.006769	0.006050	0.003603	0.005693	0.003148	
2900	0.004478	0.004897	0.005114	0.004874	0.005039	0.005728	0.006644	0.003306	0.005080	0.004342	
2905	0.004524	0.004542	0.004255	0.004616	0.005309	0.005619	0.006003	0.003758	0.005043	0.004798	
2910	0.003306	0.004412	0.004899	0.003799	0.004993	0.006456	0.005126	0.003959	0.006622	0.004782	
2915	0.004441	0.004705	0.005385	0.005578	0.004803	0.006068	0.005796	0.004955	0.004958	0.004591	
2920	0.004433	0.004709	0.005435	0.005708	0.004769	0.006159	0.005117	0.004757	0.004661	0.004734	
2925	0.003854	0.003959	0.004841	0.005239	0.004733	0.005166	0.004972	0.005006	0.003639	0.005363	
2930	0.004142	0.004001	0.004341	0.005045	0.003309	0.006777	0.004554	0.004955	0.004467	0.006198	
2935	0.004773	0.004416	0.004063	0.004047	0.003692	0.006293	0.004201	0.004562	0.004865	0.004955	
2940	0.003763	0.004461	0.004032	0.004162	0.004533	0.005329	0.003527	0.004801	0.005308	0.004736	
2945	0.004682	0.005036	0.004340	0.004190	0.004017	0.005198	0.003975	0.003822	0.004311	0.003895	
2950	0.004446	0.005239	0.003966	0.004220	0.004703	0.005362	0.004289	0.003878	0.004011	0.004659	
2955	0.005367	0.004938	0.004178	0.004984	0.004115	0.005951	0.004250	0.003436	0.004732	0.004098	
2960	0.006108	0.004677	0.004006	0.004537	0.004607	0.005390	0.004130	0.003172	0.005378	0.004746	
2965	0.005299	0.004256	0.004205	0.004863	0.005834	0.006087	0.004771	0.003351	0.004945	0.004818	
2970	0.005093	0.005552	0.004092	0.004108	0.004469	0.005737	0.005569	0.003385	0.005737	0.004588	
2975	0.004192	0.005556	0.004220	0.003822	0.004791	0.005449	0.006613	0.003362	0.005290	0.004368	
2980	0.005190	0.005479	0.005180	0.004124	0.003737	0.005419	0.007213	0.004551	0.004024	0.004922	
2985	0.005051	0.005627	0.004589	0.005142	0.003695	0.005920	0.006562	0.004437	0.003793	0.004513	
2990	0.004180	0.004831	0.004922	0.004189	0.003141	0.006155	0.006353	0.004168	0.003910	0.004896	
2995	0.004827	0.005902	0.005296	0.003705	0.004474	0.005281	0.005584	0.004177	0.004460	0.004712	
3000	0.003843	0.005682	0.005604	0.004136	0.005655	0.005874	0.005294	0.003941	0.005002	0.004647	
