T	rep_1	rep_2	rep_3	rep_4	rep_5	rep_6	rep_7	rep_8	rep_9	rep_10
5	0.000000	0.000000	0.000000	0.000000	0.000000	0.000000	0.000000	0.000000	0.000000	0.000000	
10	0.000000	0.000000	0.000000	0.000000	0.000000	0.000000	0.000000	0.000000	0.000000	0.000000	
15	0.000000	0.000000	0.000000	0.000000	0.000000	0.000000	0.000000	0.000000	0.000000	0.000000	
20	0.000000	0.000000	0.000000	0.000000	0.000000	0.000000	0.000000	0.000000	0.000000	0.000000	
25	0.000000	0.000000	0.000000	0.000000	0.000000	0.000000	0.000000	0.000000	0.000000	0.000000	
30	0.000000	0.000000	0.000000	0.000000	0.000000	0.000000	0.000000	0.000000	0.000000	0.000000	
35	0.000000	0.000000	0.000000	0.000000	0.000000	0.000000	0.000000	0.000000	0.000000	0.000000	
40	0.000000	0.000000	0.000000	0.000000	0.000000	0.000000	0.000000	0.000000	0.000000	0.000000	
45	0.000000	0.000000	0.000000	0.000000	0.000000	0.000000	0.000000	0.000000	0.000000	0.000000	
50	0.000000	0.000000	0.000000	0.000000	0.000000	0.000000	0.000000	0.000000	0.000000	0.000000	
55	0.000000	0.000000	0.000000	0.000000	0.000000	0.000000	0.000000	0.000000	0.000000	0.000000	
60	0.000000	0.000000	0.000000	0.000000	0.000000	0.000000	0.000000	0.000000	0.000000	0.000000	
65	0.000000	0.000000	0.000000	0.000000	0.000000	0.000000	0.000000	0.000000	0.000000	0.000000	
70	0.000000	0.000000	0.000000	0.000000	0.000000	0.000000	0.000000	0.000000	0.000000	0.000000	
75	0.000000	0.000000	0.000000	0.000000	0.000000	0.000000	0.000000	0.000000	0.000000	0.000000	
80	0.000000	0.000000	0.000000	0.000000	0.000000	0.000000	0.000000	0.000000	0.000000	0.000000	
85	0.000000	0.000000	0.000000	0.000000	0.000000	0.000000	0.000000	0.000000	0.000000	0.000000	
90	0.000000	0.000000	0.000000	0.000000	0.000000	0.000000	0.000000	0.000000	0.000000	0.000000	
95	0.000000	0.000000	0.000000	0.000000	0.000000	0.000000	0.000000	0.000000	0.000000	0.000000	
100	0.000000	0.000000	0.000000	0.000000	0.000000	0.000000	0.000000	0.000000	0.000000	0.000000	
105	0.001592	0.000532	0.004034	0.000662	0.002075	0.000913	0.001844	0.002427	0.001506	0.000544	
110	0.003281	0.002606	0.005571	0.003581	0.005388	0.003025	0.003426	0.007304	0.002740	0.002915	
115	0.006983	0.005578	0.008940	0.007241	0.009099	0.006136	0.006066	0.007246	0.003989	0.003643	
120	0.006871	0.008982	0.015528	0.008982	0.015684	0.009272	0.008131	0.011212	0.006838	0.009438	
125	0.006813	0.016873	0.020763	0.015001	0.017730	0.015746	0.013547	0.014768	0.007215	0.013372	
130	0.008927	0.017587	0.019557	0.014550	0.022864	0.023254	0.018275	0.016736	0.014771	0.016326	
135	0.013190	0.021933	0.022273	0.010557	0.032839	0.025912	0.019520	0.018261	0.022674	0.023561	
140	0.021283	0.024311	0.021268	0.016642	0.033720	0.029912	0.022939	0.025138	0.022348	0.022930	
145	0.032529	0.027315	0.022039	0.021721	0.038624	0.037265	0.025589	0.032323	0.024956	0.028706	
150	0.038350	0.029166	0.024777	0.032970	0.040745	0.040828	0.035203	0.035426	0.036086	0.034156	
155	0.051684	0.039692	0.026288	0.034914	0.039758	0.040543	0.037262	0.044874	0.042288	0.037813	
160	0.059611	0.046876	0.029119	0.036445	0.042574	0.043579	0.040477	0.049490	0.051046	0.040604	
165	0.062867	0.053135	0.029911	0.043200	0.041942	0.046188	0.041039	0.049223	0.050694	0.042626	
170	0.067604	0.053364	0.036555	0.051907	0.052682	0.045438	0.048161	0.055109	0.059901	0.047459	
175	0.076436	0.055225	0.040731	0.056997	0.051894	0.048169	0.051528	0.056844	0.068867	0.052414	
180	0.078651	0.052937	0.039603	0.062544	0.052674	0.050805	0.056952	0.061643	0.071647	0.060435	
185	0.079087	0.056942	0.040756	0.060413	0.055833	0.052529	0.059029	0.059310	0.072436	0.063067	
190	0.068326	0.059383	0.042566	0.062896	0.056536	0.054798	0.054879	0.058697	0.073811	0.063184	
195	0.069134	0.059671	0.044628	0.063199	0.056017	0.055874	0.056693	0.059485	0.076171	0.062533	
200	0.065308	0.063940	0.045583	0.063656	0.056885	0.054318	0.059076	0.063977	0.080258	0.063385	
205	0.064323	0.061317	0.054083	0.062302	0.059160	0.054085	0.061851	0.061146	0.075152	0.067909	
210	0.062313	0.062042	0.051999	0.062459	0.061326	0.056327	0.060178	0.062833	0.075575	0.067682	
215	0.059847	0.057452	0.057961	0.064804	0.067766	0.056777	0.060508	0.065753	0.076515	0.067598	
220	0.060377	0.059396	0.059701	0.061530	0.063965	0.060335	0.067713	0.069967	0.073779	0.063482	
225	0.061578	0.059143	0.051591	0.067730	0.067850	0.062654	0.062524	0.068163	0.074452	0.063817	
230	0.066340	0.055199	0.052813	0.068810	0.074395	0.060918	0.065805	0.066878	0.075774	0.065060	
235	0.063327	0.056010	0.048946	0.064696	0.067064	0.059579	0.074663	0.072468	0.072386	0.069788	
240	0.062485	0.059201	0.051546	0.061193	0.063494	0.065259	0.077171	0.067920	0.075733	0.068128	
245	0.063086	0.058615	0.053268	0.059586	0.061259	0.067608	0.075185	0.070534	0.077533	0.070720	
250	0.067978	0.056921	0.050218	0.062024	0.057677	0.071305	0.075495	0.068323	0.075251	0.069778	
255	0.062109	0.060132	0.050443	0.066839	0.051612	0.068630	0.074525	0.067901	0.073615	0.072455	
260	0.063132	0.053844	0.050546	0.066074	0.054433	0.069397	0.076902	0.069330	0.072505	0.078849	
265	0.062864	0.056076	0.054966	0.066674	0.053046	0.070213	0.069735	0.071800	0.077378	0.077590	
270	0.065440	0.058049	0.052902	0.066219	0.055309	0.071715	0.069520	0.067170	0.083522	0.078297	
275	0.063921	0.058129	0.058347	0.064656	0.052120	0.071874	0.070102	0.065913	0.084261	0.074627	
280	0.065472	0.057730	0.061889	0.064598	0.051256	0.066754	0.072874	0.068656	0.089733	0.080073	
285	0.061316	0.060446	0.060250	0.063065	0.046201	0.071588	0.071903	0.071357	0.084399	0.077666	
290	0.057208	0.058987	0.065374	0.064287	0.047715	0.074099	0.070369	0.070753	0.083963	0.075592	
295	0.057976	0.056498	0.060901	0.064479	0.048740	0.071724	0.071344	0.066894	0.081472	0.075282	
300	0.060879	0.058039	0.060533	0.060768	0.051310	0.067887	0.073397	0.072585	0.083259	0.077935	
305	0.063821	0.056027	0.062188	0.065542	0.054192	0.070598	0.073290	0.073590	0.086054	0.082690	
310	0.066958	0.064918	0.063625	0.065566	0.056734	0.069246	0.075011	0.073981	0.081226	0.083128	
315	0.064389	0.056502	0.063331	0.066169	0.058967	0.074568	0.076091	0.077646	0.079016	0.084927	
320	0.063343	0.053859	0.061559	0.066776	0.060428	0.073896	0.069244	0.080826	0.081107	0.082229	
325	0.063550	0.054945	0.060119	0.066799	0.057701	0.074512	0.070831	0.079422	0.080614	0.084474	
330	0.067113	0.058389	0.062834	0.065401	0.059488	0.075216	0.066587	0.080603	0.082556	0.083948	
335	0.071985	0.060358	0.065440	0.070146	0.061108	0.073032	0.070298	0.086341	0.082744	0.082341	
340	0.077203	0.065463	0.062982	0.071799	0.062306	0.071015	0.073526	0.088630	0.083456	0.079935	
345	0.073267	0.063585	0.061918	0.069399	0.065993	0.075769	0.072811	0.086479	0.080180	0.075630	
350	0.071271	0.062077	0.066164	0.072108	0.061939	0.076635	0.075295	0.086033	0.078323	0.074506	
355	0.074346	0.062267	0.068140	0.072378	0.058904	0.075213	0.071678	0.087826	0.083187	0.075729	
360	0.073704	0.059935	0.066781	0.072521	0.064282	0.075335	0.067918	0.091649	0.083780	0.074671	
365	0.074525	0.060302	0.060716	0.074162	0.063467	0.074235	0.071278	0.088145	0.079636	0.073081	
370	0.074881	0.063645	0.058606	0.074578	0.061164	0.073840	0.068177	0.085195	0.083518	0.071826	
375	0.070728	0.062282	0.060853	0.071847	0.065389	0.067499	0.071692	0.084963	0.080978	0.071418	
380	0.069019	0.064538	0.064402	0.074579	0.065347	0.068984	0.072295	0.084669	0.080798	0.074003	
385	0.071794	0.068828	0.058112	0.075464	0.073420	0.071411	0.075235	0.085164	0.083362	0.074554	
390	0.071897	0.069176	0.058833	0.077731	0.074823	0.073546	0.071959	0.085944	0.085327	0.077281	
395	0.067763	0.068527	0.063388	0.072775	0.072248	0.072380	0.068001	0.086254	0.081440	0.076899	
400	0.069818	0.069398	0.059949	0.078070	0.069546	0.077879	0.072584	0.088388	0.077196	0.076471	
405	0.070224	0.072883	0.060427	0.078094	0.069331	0.081806	0.066493	0.087530	0.082475	0.079959	
410	0.069593	0.071579	0.060757	0.075008	0.067674	0.080694	0.070809	0.086177	0.077247	0.077962	
415	0.079472	0.072905	0.061019	0.073626	0.069842	0.083344	0.068034	0.084882	0.074191	0.074729	
420	0.082404	0.066990	0.061974	0.072823	0.071450	0.083576	0.069276	0.083185	0.075940	0.076490	
425	0.083591	0.065715	0.065344	0.072929	0.071672	0.085615	0.066600	0.085399	0.078349	0.076549	
430	0.082686	0.070134	0.065657	0.069583	0.070832	0.086522	0.067176	0.083931	0.079923	0.072624	
435	0.083036	0.081422	0.067204	0.070555	0.066784	0.084972	0.071977	0.083821	0.077926	0.071940	
440	0.082774	0.086215	0.065212	0.074981	0.063841	0.086200	0.077359	0.079021	0.077508	0.072735	
445	0.080113	0.085920	0.058876	0.079939	0.062803	0.089217	0.080145	0.080520	0.079425	0.071690	
450	0.076404	0.082572	0.059972	0.080000	0.062623	0.091199	0.080958	0.085735	0.080660	0.070228	
455	0.075539	0.079067	0.059772	0.081113	0.064679	0.092451	0.078691	0.083432	0.081383	0.071066	
460	0.077033	0.078451	0.058086	0.081080	0.060216	0.085737	0.078040	0.081668	0.084138	0.070176	
465	0.078284	0.078427	0.059089	0.080200	0.066835	0.088544	0.077367	0.079196	0.083686	0.072129	
470	0.077427	0.076517	0.056048	0.078251	0.066611	0.089945	0.075496	0.081527	0.087474	0.072514	
475	0.084022	0.077405	0.058463	0.075787	0.064260	0.093120	0.075046	0.084104	0.089192	0.075840	
480	0.086320	0.079466	0.058378	0.073748	0.071723	0.091814	0.080346	0.086639	0.085330	0.075838	
485	0.087856	0.072130	0.063605	0.075846	0.071314	0.088961	0.080380	0.084176	0.086843	0.078022	
490	0.079230	0.072064	0.061541	0.076120	0.070657	0.083463	0.085803	0.080036	0.087778	0.078290	
495	0.087168	0.074196	0.063080	0.073907	0.073847	0.085388	0.085212	0.077330	0.087238	0.077418	
500	0.089897	0.077738	0.064696	0.074969	0.075076	0.083057	0.082392	0.075316	0.085349	0.081453	
505	0.084581	0.078102	0.059561	0.076564	0.071121	0.083649	0.085648	0.077823	0.088284	0.086007	
510	0.081242	0.085424	0.061381	0.077069	0.072392	0.084774	0.084626	0.079853	0.086138	0.086355	
515	0.081020	0.088287	0.063175	0.072802	0.072808	0.079702	0.088372	0.083235	0.084378	0.090636	
520	0.082362	0.087527	0.064304	0.075007	0.073636	0.079636	0.089015	0.085026	0.085977	0.090616	
525	0.084045	0.082797	0.060651	0.068870	0.075069	0.076439	0.087755	0.081215	0.084501	0.083010	
530	0.094249	0.082600	0.061794	0.067676	0.072552	0.077653	0.090120	0.083036	0.086911	0.079943	
535	0.097660	0.085390	0.059843	0.065829	0.071604	0.079921	0.090996	0.080512	0.092268	0.077964	
540	0.095106	0.085651	0.063281	0.064772	0.075899	0.076316	0.093651	0.079619	0.094126	0.072536	
545	0.096023	0.083884	0.063530	0.064944	0.078794	0.076208	0.091945	0.079778	0.096023	0.073435	
550	0.099801	0.085302	0.063136	0.069271	0.077339	0.075943	0.085145	0.076970	0.093038	0.079745	
555	0.102452	0.083082	0.066545	0.068407	0.074566	0.077245	0.084436	0.080953	0.091424	0.077074	
560	0.100738	0.085696	0.068611	0.068390	0.075776	0.078805	0.075646	0.076666	0.092407	0.079329	
565	0.100488	0.083558	0.064621	0.066141	0.077140	0.077418	0.071730	0.077727	0.093023	0.078114	
570	0.098455	0.079515	0.061028	0.065095	0.077420	0.077483	0.068245	0.075326	0.090775	0.075461	
575	0.099119	0.081775	0.061642	0.066873	0.078722	0.081045	0.069918	0.075043	0.084806	0.071611	
580	0.092746	0.082233	0.062262	0.067078	0.076475	0.080625	0.076925	0.080481	0.087897	0.075502	
585	0.091262	0.081170	0.062235	0.069481	0.083007	0.082155	0.074390	0.080144	0.086266	0.072050	
590	0.091101	0.082163	0.066708	0.070627	0.084238	0.088121	0.076370	0.080747	0.087000	0.072536	
595	0.087775	0.078758	0.066122	0.071497	0.080583	0.082858	0.076240	0.078467	0.082824	0.073753	
600	0.088863	0.082500	0.064254	0.072886	0.078837	0.078976	0.075500	0.080711	0.082953	0.074473	
605	0.088223	0.077012	0.066100	0.071125	0.078046	0.078132	0.070910	0.082990	0.082056	0.070984	
610	0.088439	0.073537	0.068729	0.071337	0.077400	0.083793	0.069936	0.087149	0.081251	0.071651	
615	0.085786	0.074852	0.064979	0.071935	0.076490	0.082870	0.065454	0.089689	0.083003	0.072037	
620	0.092531	0.078456	0.064489	0.072875	0.073944	0.079675	0.065560	0.085650	0.081712	0.080459	
625	0.089558	0.074407	0.065002	0.070241	0.070486	0.082282	0.068551	0.086568	0.077474	0.073184	
630	0.091816	0.072491	0.064223	0.064493	0.072321	0.081460	0.068201	0.081338	0.079433	0.069968	
635	0.088819	0.073035	0.068502	0.066466	0.072730	0.081195	0.067428	0.076567	0.078500	0.072353	
640	0.092469	0.070916	0.068775	0.062760	0.071496	0.081719	0.070203	0.076575	0.075137	0.071223	
645	0.083765	0.067839	0.076851	0.063860	0.070936	0.082488	0.067988	0.080436	0.070329	0.065399	
650	0.087541	0.071574	0.076908	0.064708	0.074461	0.082088	0.066760	0.079627	0.072295	0.066889	
655	0.089110	0.069405	0.066588	0.065863	0.075583	0.079362	0.065739	0.078351	0.076974	0.063470	
660	0.088860	0.069756	0.065162	0.069229	0.075927	0.080325	0.066311	0.080122	0.078199	0.064024	
665	0.087350	0.076187	0.069271	0.068662	0.074887	0.080357	0.068020	0.076080	0.074207	0.066687	
670	0.085768	0.072980	0.073533	0.066135	0.071540	0.075694	0.069399	0.072915	0.076728	0.074611	
675	0.089859	0.071025	0.077309	0.065479	0.069621	0.077060	0.067749	0.073776	0.074998	0.075448	
680	0.085523	0.073068	0.081228	0.064769	0.066791	0.076395	0.073244	0.073284	0.078114	0.074421	
685	0.079494	0.073750	0.077786	0.070130	0.062615	0.079013	0.073052	0.075232	0.079176	0.074395	
690	0.080637	0.073582	0.071330	0.077086	0.059001	0.079669	0.070867	0.076800	0.082757	0.070247	
695	0.081329	0.068213	0.066333	0.074374	0.060519	0.082217	0.071081	0.074477	0.077816	0.067458	
700	0.084175	0.068136	0.063579	0.075244	0.058285	0.082358	0.070194	0.078871	0.074651	0.065548	
705	0.082458	0.064589	0.067269	0.075378	0.059201	0.080015	0.069340	0.077665	0.071849	0.062650	
710	0.080346	0.065929	0.069312	0.074279	0.060036	0.076558	0.074584	0.081026	0.070346	0.061953	
715	0.083435	0.069214	0.074407	0.073961	0.062679	0.075195	0.073197	0.080507	0.071823	0.061591	
720	0.082304	0.071774	0.078023	0.075331	0.064750	0.077433	0.071617	0.076542	0.076930	0.061927	
725	0.084940	0.073457	0.074323	0.074000	0.065272	0.077429	0.070726	0.077915	0.076323	0.060029	
730	0.083602	0.072481	0.075863	0.077232	0.069738	0.084181	0.068454	0.077084	0.078083	0.060130	
735	0.086616	0.072901	0.074059	0.077785	0.069451	0.084549	0.070982	0.083166	0.080160	0.058061	
740	0.086123	0.076240	0.068905	0.076970	0.067092	0.079673	0.075309	0.080037	0.082867	0.057878	
745	0.086895	0.077225	0.064988	0.074029	0.064965	0.076155	0.077305	0.074969	0.081918	0.059632	
750	0.090655	0.073621	0.067329	0.075558	0.061427	0.080143	0.085121	0.071215	0.085480	0.054306	
755	0.089263	0.070415	0.069124	0.074796	0.062361	0.080392	0.087773	0.068351	0.086694	0.055659	
760	0.090330	0.072454	0.068016	0.073939	0.064896	0.085715	0.088851	0.069983	0.087522	0.056968	
765	0.091047	0.072167	0.063149	0.068486	0.067014	0.087034	0.086183	0.073715	0.089606	0.059869	
770	0.090312	0.074061	0.063104	0.066290	0.061994	0.090285	0.084992	0.075390	0.086363	0.066465	
775	0.086808	0.077523	0.063563	0.068176	0.063541	0.089720	0.084724	0.072663	0.082340	0.064077	
780	0.084723	0.074104	0.062792	0.065076	0.065091	0.087517	0.086678	0.071759	0.086010	0.063938	
785	0.082943	0.072058	0.064135	0.065404	0.069801	0.092231	0.083659	0.073649	0.086997	0.064638	
790	0.081427	0.068537	0.065109	0.066107	0.070213	0.089894	0.079660	0.072765	0.088017	0.069626	
795	0.083054	0.072327	0.068295	0.063516	0.072165	0.086951	0.079542	0.072088	0.086063	0.068591	
800	0.084342	0.069738	0.068101	0.068713	0.074171	0.088014	0.079944	0.071123	0.088379	0.072944	
805	0.084404	0.064564	0.066128	0.067392	0.071412	0.089622	0.078003	0.068532	0.083410	0.072229	
810	0.088452	0.066211	0.068001	0.065717	0.074446	0.091245	0.078333	0.069663	0.082497	0.071634	
815	0.089946	0.068711	0.066686	0.064847	0.077634	0.093340	0.080269	0.071138	0.080213	0.066394	
820	0.088144	0.067755	0.068996	0.064571	0.073739	0.089987	0.078101	0.069475	0.083430	0.064217	
825	0.086991	0.068476	0.070726	0.062386	0.072424	0.093594	0.083569	0.068719	0.079410	0.067418	
830	0.085297	0.072375	0.071309	0.067046	0.071662	0.091530	0.085118	0.067176	0.079593	0.066769	
835	0.087231	0.074340	0.077722	0.071089	0.076151	0.096897	0.084176	0.066156	0.075525	0.066276	
840	0.086825	0.069239	0.073852	0.069285	0.077194	0.096228	0.087859	0.063831	0.080124	0.064736	
845	0.091116	0.069185	0.070288	0.075828	0.077448	0.102629	0.088482	0.064542	0.079310	0.060195	
850	0.088439	0.062984	0.073493	0.070521	0.074996	0.102063	0.092192	0.065494	0.075337	0.063134	
855	0.090162	0.064128	0.072050	0.073247	0.075868	0.099035	0.090702	0.065897	0.075406	0.063799	
860	0.085059	0.067023	0.074026	0.065299	0.072727	0.093992	0.093261	0.066916	0.077378	0.065587	
865	0.086133	0.065313	0.080678	0.066622	0.070230	0.090242	0.089083	0.069529	0.078110	0.064389	
870	0.081014	0.068040	0.086996	0.065240	0.072799	0.090607	0.091169	0.069989	0.075142	0.063277	
875	0.080260	0.070800	0.086122	0.065941	0.068373	0.090389	0.087481	0.070178	0.070634	0.064656	
880	0.079006	0.071352	0.088017	0.068732	0.069211	0.093238	0.082540	0.073119	0.072896	0.063529	
885	0.077495	0.073184	0.090065	0.068561	0.069484	0.091975	0.083533	0.078586	0.073684	0.065021	
890	0.078406	0.073161	0.094956	0.067019	0.069696	0.091213	0.082987	0.079661	0.069434	0.061023	
895	0.082127	0.071443	0.097783	0.073446	0.067563	0.091288	0.082843	0.081478	0.077798	0.059947	
900	0.080589	0.070213	0.097189	0.072194	0.067301	0.090378	0.087952	0.080962	0.074689	0.061314	
905	0.078295	0.074387	0.091142	0.076013	0.063264	0.088518	0.089060	0.077702	0.071899	0.059373	
910	0.080700	0.067532	0.092372	0.072176	0.059427	0.092003	0.085922	0.068945	0.070558	0.062224	
915	0.078750	0.068370	0.094041	0.073828	0.060409	0.090143	0.086908	0.069209	0.072338	0.062951	
920	0.077652	0.067502	0.095207	0.072043	0.060817	0.087342	0.086336	0.071227	0.073858	0.065244	
925	0.080032	0.069841	0.093937	0.072362	0.059657	0.086930	0.082647	0.079967	0.075600	0.066521	
930	0.080867	0.068011	0.095838	0.068792	0.061488	0.084013	0.082875	0.082457	0.075517	0.066904	
935	0.080538	0.068374	0.097835	0.067575	0.060250	0.084927	0.081947	0.078441	0.072589	0.071898	
940	0.082773	0.067161	0.097126	0.068237	0.064983	0.082617	0.077468	0.078533	0.075432	0.070866	
945	0.083399	0.067386	0.098549	0.068385	0.066491	0.083635	0.077238	0.080917	0.072925	0.068510	
950	0.084243	0.063342	0.094716	0.068274	0.073414	0.088049	0.078294	0.076257	0.074985	0.067913	
955	0.086673	0.066234	0.093807	0.070804	0.078582	0.089937	0.079207	0.076248	0.072362	0.070655	
960	0.088931	0.067359	0.094831	0.068106	0.070848	0.088677	0.079904	0.083615	0.069006	0.071138	
965	0.085356	0.074603	0.094708	0.069912	0.074494	0.088510	0.080577	0.089312	0.067310	0.068110	
970	0.082786	0.073466	0.097218	0.071019	0.077812	0.084802	0.079025	0.088481	0.071180	0.071014	
975	0.087339	0.075751	0.091606	0.071745	0.069594	0.082101	0.076508	0.088462	0.075015	0.070572	
980	0.083270	0.074249	0.091134	0.076025	0.068607	0.080128	0.074737	0.086911	0.073064	0.071216	
985	0.081565	0.071362	0.090245	0.073733	0.066442	0.079650	0.077204	0.079841	0.073947	0.069464	
990	0.080539	0.071103	0.092434	0.071429	0.066389	0.079722	0.078358	0.076858	0.077783	0.070358	
995	0.076340	0.069319	0.090293	0.074755	0.067265	0.082279	0.079664	0.078522	0.074784	0.069546	
1000	0.077929	0.070908	0.090637	0.077870	0.067531	0.081765	0.078171	0.078419	0.075881	0.070590	
1005	0.077052	0.072084	0.087227	0.076111	0.070191	0.079564	0.076410	0.086222	0.079856	0.078891	
1010	0.074015	0.071593	0.084399	0.074920	0.069379	0.082444	0.075113	0.088753	0.080860	0.074484	
1015	0.078857	0.070178	0.085977	0.073845	0.069748	0.077876	0.080268	0.094064	0.080694	0.069863	
1020	0.077809	0.071271	0.090157	0.072243	0.068042	0.074722	0.077505	0.087184	0.080166	0.070710	
1025	0.083270	0.071905	0.090504	0.073063	0.070147	0.075787	0.080014	0.090891	0.076503	0.068650	
1030	0.079949	0.072450	0.087877	0.072028	0.068214	0.076895	0.080285	0.093663	0.073428	0.070786	
1035	0.077239	0.071455	0.090590	0.073326	0.068197	0.079603	0.084878	0.094329	0.076443	0.070855	
1040	0.079663	0.066929	0.089828	0.076025	0.072237	0.076196	0.088178	0.093224	0.075367	0.072459	
1045	0.081622	0.065227	0.090007	0.075177	0.072398	0.071072	0.084632	0.089964	0.071673	0.072065	
1050	0.083000	0.064690	0.088218	0.079382	0.070786	0.075788	0.084552	0.092277	0.074172	0.074551	
1055	0.084531	0.066240	0.087740	0.079325	0.071422	0.067532	0.085338	0.090120	0.073784	0.072324	
1060	0.082941	0.065556	0.086306	0.075036	0.070946	0.071089	0.087979	0.087154	0.072334	0.072311	
1065	0.087312	0.069938	0.087020	0.078858	0.075252	0.070236	0.089950	0.084520	0.072999	0.069402	
1070	0.087851	0.073695	0.088148	0.079095	0.076234	0.071114	0.088397	0.081885	0.070469	0.069203	
1075	0.091049	0.078686	0.089214	0.084925	0.076828	0.070851	0.090379	0.076230	0.068231	0.070120	
1080	0.085280	0.082311	0.089516	0.086527	0.074841	0.072470	0.089244	0.075381	0.067124	0.068788	
1085	0.088359	0.079244	0.086963	0.081268	0.076903	0.071043	0.087054	0.076705	0.067783	0.070638	
1090	0.086140	0.076207	0.086598	0.083621	0.074797	0.067855	0.085264	0.074619	0.067939	0.076320	
1095	0.084945	0.074146	0.082778	0.082482	0.076548	0.064923	0.084954	0.069804	0.068841	0.076641	
1100	0.085158	0.074300	0.083461	0.084598	0.074714	0.062743	0.081595	0.066853	0.070088	0.074459	
1105	0.083584	0.076145	0.078407	0.085924	0.078011	0.065263	0.080515	0.065292	0.069602	0.075999	
1110	0.077170	0.074563	0.080917	0.083964	0.078971	0.064801	0.075840	0.062067	0.068652	0.074220	
1115	0.081182	0.074910	0.083817	0.083971	0.076487	0.065432	0.076260	0.065937	0.069676	0.075466	
1120	0.080569	0.082915	0.084485	0.083721	0.075668	0.064623	0.074374	0.067043	0.070974	0.073364	
1125	0.085458	0.084609	0.083250	0.091106	0.080941	0.064077	0.071734	0.068877	0.071884	0.077770	
1130	0.089878	0.079889	0.076247	0.092682	0.079493	0.062540	0.069829	0.067062	0.072890	0.079451	
1135	0.084223	0.080627	0.077298	0.092489	0.080684	0.063258	0.072312	0.066272	0.073470	0.080266	
1140	0.086102	0.082963	0.076274	0.091624	0.080171	0.065762	0.077815	0.068674	0.071000	0.081233	
1145	0.080655	0.081554	0.072559	0.087841	0.081281	0.065063	0.080161	0.068366	0.071237	0.075659	
1150	0.087466	0.081706	0.078200	0.087016	0.077709	0.064590	0.078137	0.070075	0.070936	0.073730	
1155	0.091955	0.085876	0.077212	0.085087	0.081290	0.067912	0.078435	0.071709	0.067110	0.073629	
1160	0.089347	0.087499	0.080480	0.089215	0.082901	0.067459	0.075553	0.071985	0.068511	0.073862	
1165	0.092259	0.085861	0.077928	0.088871	0.079983	0.061593	0.079851	0.071373	0.066307	0.071066	
1170	0.089758	0.081363	0.079140	0.090796	0.082348	0.060486	0.081612	0.071475	0.066898	0.076454	
1175	0.089069	0.082155	0.076444	0.090146	0.084175	0.061236	0.079167	0.075063	0.066899	0.073891	
1180	0.091360	0.084803	0.075756	0.086388	0.082539	0.062913	0.077655	0.071053	0.065690	0.074953	
1185	0.090721	0.082133	0.074809	0.083418	0.082278	0.064630	0.073313	0.073377	0.072135	0.072920	
1190	0.090213	0.077979	0.074533	0.085397	0.086229	0.066826	0.072903	0.069551	0.071574	0.074394	
1195	0.090441	0.076441	0.074387	0.083705	0.088950	0.065032	0.074099	0.068852	0.072271	0.073198	
1200	0.090234	0.077044	0.076543	0.083708	0.082581	0.064890	0.076530	0.071421	0.071218	0.073641	
1205	0.090242	0.077916	0.078675	0.087680	0.081793	0.062438	0.078541	0.072482	0.068981	0.075112	
1210	0.087581	0.075777	0.079424	0.088397	0.078964	0.061836	0.076695	0.071890	0.066302	0.079362	
1215	0.084745	0.077577	0.075443	0.086231	0.075523	0.063854	0.082175	0.073196	0.068045	0.076427	
1220	0.081499	0.075403	0.077112	0.086100	0.076530	0.062028	0.086680	0.073877	0.065829	0.075346	
1225	0.077862	0.070989	0.075119	0.080957	0.077470	0.066567	0.088399	0.077838	0.064344	0.069521	
1230	0.075955	0.069334	0.076448	0.082602	0.079251	0.063157	0.080674	0.083972	0.063369	0.070296	
1235	0.076832	0.064516	0.078165	0.082358	0.074479	0.065209	0.075196	0.084793	0.065691	0.071712	
1240	0.078276	0.063757	0.073547	0.082134	0.073125	0.068906	0.074290	0.087949	0.063860	0.076278	
1245	0.075517	0.064590	0.076236	0.081585	0.072068	0.070529	0.072380	0.085563	0.068026	0.077829	
1250	0.077380	0.063830	0.073664	0.085094	0.076008	0.070382	0.075310	0.086215	0.064754	0.077879	
1255	0.081747	0.063119	0.068684	0.084868	0.073746	0.068755	0.071433	0.092447	0.066574	0.074947	
1260	0.083896	0.064300	0.065721	0.084495	0.071658	0.072602	0.072958	0.088474	0.065932	0.075127	
1265	0.089527	0.064511	0.070088	0.081149	0.072015	0.071943	0.072111	0.093631	0.069169	0.070853	
1270	0.087767	0.069029	0.067590	0.081226	0.070806	0.069784	0.069487	0.085108	0.072484	0.072954	
1275	0.085026	0.073650	0.067908	0.083462	0.069585	0.067149	0.069080	0.092821	0.067834	0.072576	
1280	0.084353	0.071832	0.069820	0.078555	0.070110	0.070989	0.069920	0.090128	0.067732	0.077684	
1285	0.082831	0.068062	0.067502	0.079285	0.074102	0.070742	0.068004	0.087252	0.070283	0.075188	
1290	0.082547	0.071738	0.068437	0.079293	0.075104	0.072326	0.071776	0.086645	0.067996	0.079463	
1295	0.081124	0.072536	0.073757	0.081949	0.081721	0.072167	0.072323	0.091027	0.065108	0.082806	
1300	0.080770	0.074694	0.073377	0.087053	0.081479	0.074155	0.070091	0.082927	0.062666	0.081104	
1305	0.082618	0.072424	0.076538	0.085372	0.082247	0.074580	0.070343	0.079726	0.062446	0.076974	
1310	0.087096	0.072727	0.078776	0.084363	0.085829	0.075795	0.071227	0.082325	0.063850	0.081878	
1315	0.082450	0.070954	0.076158	0.077811	0.085995	0.075890	0.069417	0.082001	0.065817	0.081973	
1320	0.082963	0.069279	0.079825	0.079499	0.080332	0.074256	0.069821	0.079441	0.070732	0.078615	
1325	0.085633	0.067924	0.080260	0.076771	0.079703	0.072486	0.070454	0.080659	0.069984	0.079658	
1330	0.083998	0.068372	0.084440	0.082451	0.082844	0.074880	0.068686	0.082046	0.071671	0.079266	
1335	0.081571	0.067817	0.086338	0.078563	0.081400	0.075444	0.071614	0.079782	0.068610	0.078463	
1340	0.080938	0.066975	0.085585	0.073487	0.082480	0.072581	0.069064	0.082964	0.063718	0.077367	
1345	0.079212	0.066974	0.085434	0.079055	0.081825	0.077703	0.068204	0.084784	0.062277	0.076940	
1350	0.076946	0.066070	0.085987	0.073502	0.088035	0.081268	0.066652	0.082058	0.063632	0.076325	
1355	0.075415	0.067042	0.087967	0.073426	0.084992	0.082633	0.067912	0.083055	0.065044	0.075337	
1360	0.074407	0.067574	0.087500	0.081468	0.086209	0.082540	0.065373	0.083877	0.062925	0.073647	
1365	0.072421	0.068686	0.089012	0.079756	0.083642	0.080017	0.066305	0.084073	0.063746	0.071899	
1370	0.073880	0.068832	0.087819	0.078606	0.080899	0.077832	0.066770	0.083155	0.064638	0.069847	
1375	0.077852	0.066214	0.086915	0.075407	0.085277	0.079965	0.065539	0.082293	0.064384	0.067787	
1380	0.072650	0.066158	0.086552	0.074979	0.079829	0.081144	0.063436	0.081912	0.063205	0.070997	
1385	0.072378	0.067033	0.092424	0.075586	0.083688	0.080955	0.059507	0.082594	0.059500	0.068227	
1390	0.083078	0.067381	0.088648	0.079355	0.081174	0.084118	0.056314	0.083257	0.060670	0.065914	
1395	0.078795	0.068063	0.085585	0.079191	0.081191	0.087725	0.056958	0.081712	0.060523	0.066090	
1400	0.080191	0.063518	0.088407	0.079533	0.083356	0.089769	0.059984	0.089067	0.063745	0.066828	
1405	0.071555	0.063970	0.085726	0.081162	0.085247	0.086085	0.060092	0.087764	0.065934	0.064703	
1410	0.071698	0.064104	0.085998	0.077247	0.083857	0.085880	0.058190	0.089822	0.066445	0.061104	
1415	0.068417	0.063585	0.085975	0.076518	0.081980	0.087130	0.060248	0.087660	0.066846	0.060189	
1420	0.067669	0.063808	0.086691	0.070381	0.079908	0.086942	0.064188	0.090441	0.066117	0.060909	
1425	0.068342	0.069311	0.083569	0.071386	0.077673	0.083801	0.066250	0.091139	0.069617	0.062106	
1430	0.068356	0.066863	0.081691	0.069616	0.079514	0.084161	0.065878	0.092848	0.070673	0.063355	
1435	0.069532	0.070558	0.079859	0.068241	0.078726	0.082390	0.068615	0.087282	0.072306	0.062937	
1440	0.073999	0.067651	0.082294	0.071103	0.082906	0.082550	0.066798	0.086296	0.073712	0.063824	
1445	0.077340	0.065254	0.082361	0.069100	0.084574	0.085678	0.067735	0.084234	0.072164	0.065484	
1450	0.076887	0.066681	0.083222	0.066624	0.089290	0.087301	0.066534	0.087417	0.074054	0.070999	
1455	0.077305	0.066473	0.087668	0.068370	0.087716	0.087983	0.068009	0.079750	0.071049	0.070192	
1460	0.077129	0.067067	0.085530	0.072543	0.084914	0.084006	0.071440	0.080261	0.069265	0.072386	
1465	0.081594	0.065983	0.084356	0.072456	0.079549	0.082472	0.073292	0.079926	0.066236	0.071587	
1470	0.073859	0.068737	0.082224	0.071998	0.080454	0.080102	0.078674	0.076282	0.068275	0.074211	
1475	0.078691	0.068101	0.082105	0.071137	0.082165	0.081107	0.084453	0.080501	0.069203	0.076468	
1480	0.078243	0.068041	0.080765	0.076063	0.085273	0.078704	0.084914	0.078927	0.064887	0.076605	
1485	0.074069	0.069243	0.082265	0.070245	0.082463	0.081093	0.082808	0.075592	0.067071	0.069852	
1490	0.072931	0.067379	0.082413	0.069816	0.081045	0.081196	0.085444	0.074283	0.068590	0.072643	
1495	0.075304	0.067981	0.084306	0.073402	0.073755	0.078537	0.087317	0.074863	0.067683	0.068359	
1500	0.078694	0.070875	0.083683	0.075220	0.074649	0.080622	0.089432	0.071264	0.067685	0.068876	
1505	0.076936	0.070268	0.077000	0.071084	0.078351	0.080212	0.095058	0.069060	0.067626	0.065855	
1510	0.078967	0.070561	0.072205	0.069967	0.083737	0.074010	0.093906	0.068046	0.071451	0.065343	
1515	0.076383	0.068733	0.071157	0.069902	0.083723	0.075796	0.091297	0.067961	0.064641	0.064860	
1520	0.083369	0.071540	0.071243	0.069826	0.086625	0.073673	0.087551	0.069415	0.065140	0.065341	
1525	0.079168	0.068958	0.071353	0.066439	0.085097	0.077221	0.085166	0.064964	0.064316	0.068776	
1530	0.078432	0.070146	0.065992	0.067723	0.086283	0.078542	0.081320	0.061276	0.061935	0.067847	
1535	0.083825	0.071775	0.066839	0.064426	0.085309	0.078455	0.079145	0.064181	0.065652	0.069661	
1540	0.083252	0.069806	0.066423	0.063419	0.085999	0.076638	0.073523	0.065124	0.065565	0.069157	
1545	0.079735	0.068642	0.059906	0.063183	0.086464	0.076923	0.070850	0.061708	0.067044	0.067481	
1550	0.078263	0.067998	0.055314	0.062617	0.085569	0.079528	0.071045	0.061251	0.062704	0.064334	
1555	0.075097	0.073603	0.056388	0.058834	0.078166	0.077484	0.071750	0.064423	0.063424	0.064753	
1560	0.080358	0.071576	0.061226	0.059704	0.081280	0.078553	0.072856	0.063346	0.068089	0.065263	
1565	0.075855	0.066806	0.066216	0.064610	0.082441	0.075258	0.073041	0.064727	0.066871	0.064462	
1570	0.076202	0.069076	0.062578	0.068642	0.084542	0.078899	0.070503	0.065892	0.066944	0.064367	
1575	0.076514	0.066041	0.066374	0.073572	0.081164	0.075818	0.071209	0.065395	0.065787	0.065707	
1580	0.079756	0.066361	0.063820	0.068929	0.080303	0.071291	0.074225	0.064594	0.067530	0.063315	
1585	0.075203	0.066568	0.063097	0.068902	0.079099	0.071856	0.071804	0.061626	0.069497	0.071428	
1590	0.075850	0.065673	0.061482	0.069578	0.079854	0.070725	0.071187	0.062971	0.068767	0.074437	
1595	0.085474	0.068559	0.063761	0.069206	0.078909	0.071255	0.070964	0.063635	0.069004	0.069404	
1600	0.081407	0.066073	0.063090	0.074527	0.076799	0.072439	0.068043	0.065142	0.072072	0.066189	
1605	0.081328	0.065953	0.060875	0.070685	0.077618	0.075782	0.067879	0.066815	0.065362	0.064072	
1610	0.080524	0.066874	0.058122	0.071523	0.076467	0.073729	0.075974	0.063851	0.068524	0.065409	
1615	0.078485	0.065447	0.058362	0.078843	0.072951	0.073903	0.072639	0.062766	0.066208	0.064820	
1620	0.083953	0.067488	0.059088	0.081812	0.072000	0.070659	0.074629	0.065589	0.066775	0.067500	
1625	0.083638	0.060329	0.061684	0.083842	0.070290	0.077533	0.071804	0.061494	0.063142	0.069151	
1630	0.083598	0.062131	0.061613	0.085960	0.071968	0.080717	0.071959	0.062736	0.063593	0.066179	
1635	0.082825	0.059160	0.061303	0.085699	0.072557	0.076005	0.077117	0.064431	0.062052	0.072967	
1640	0.081691	0.060611	0.061592	0.085693	0.078475	0.073391	0.077016	0.063405	0.059648	0.072508	
1645	0.085475	0.061257	0.068541	0.083435	0.074992	0.073579	0.080313	0.061867	0.060470	0.071910	
1650	0.084748	0.065121	0.067063	0.086650	0.070580	0.077634	0.079727	0.068231	0.062263	0.074668	
1655	0.087860	0.064479	0.067830	0.086422	0.072272	0.077995	0.082411	0.067898	0.059435	0.077686	
1660	0.088674	0.064451	0.071443	0.087536	0.074223	0.076556	0.084447	0.064399	0.061965	0.075935	
1665	0.086385	0.067068	0.067831	0.088866	0.071873	0.081879	0.082747	0.068923	0.064340	0.072511	
1670	0.085121	0.066667	0.067202	0.086352	0.071397	0.080413	0.085240	0.068289	0.065801	0.072917	
1675	0.086072	0.067064	0.070837	0.089372	0.070068	0.076744	0.085980	0.064831	0.067267	0.072441	
1680	0.086540	0.067656	0.070812	0.089441	0.070492	0.074945	0.090149	0.061371	0.064728	0.075695	
1685	0.080546	0.064835	0.070044	0.092165	0.073003	0.075126	0.089687	0.064077	0.065008	0.075240	
1690	0.086402	0.066789	0.072426	0.085684	0.075167	0.079608	0.087844	0.061362	0.067557	0.073406	
1695	0.091238	0.066249	0.070640	0.080451	0.080358	0.078800	0.084476	0.067543	0.069342	0.069384	
1700	0.088453	0.069194	0.067901	0.078889	0.084985	0.080461	0.083848	0.067826	0.067099	0.068212	
1705	0.087843	0.066056	0.068669	0.075429	0.082049	0.075634	0.084119	0.066904	0.064195	0.067015	
1710	0.088461	0.067180	0.068453	0.077535	0.079311	0.074865	0.088684	0.068217	0.062321	0.064206	
1715	0.089225	0.065923	0.067210	0.079777	0.081214	0.074528	0.090541	0.063944	0.064282	0.064948	
1720	0.089730	0.065704	0.067179	0.084367	0.081224	0.074714	0.091022	0.067013	0.066415	0.062443	
1725	0.091462	0.068730	0.066677	0.085561	0.082661	0.075139	0.087888	0.065310	0.067500	0.061355	
1730	0.088954	0.075885	0.065915	0.085469	0.083473	0.078293	0.087215	0.066403	0.066299	0.060535	
1735	0.087074	0.077024	0.066554	0.079656	0.081045	0.078491	0.085820	0.067696	0.066822	0.060655	
1740	0.085998	0.074956	0.062646	0.079049	0.077746	0.083173	0.085313	0.064980	0.068511	0.061920	
1745	0.083701	0.075905	0.067041	0.081698	0.078123	0.082703	0.088230	0.068639	0.064463	0.064656	
1750	0.083206	0.073600	0.066624	0.083097	0.075397	0.084953	0.086913	0.065903	0.064898	0.064749	
1755	0.081318	0.070795	0.065304	0.084455	0.079058	0.084806	0.080218	0.071246	0.064567	0.071292	
1760	0.085388	0.067956	0.064358	0.082673	0.082752	0.081096	0.080267	0.072687	0.066286	0.064182	
1765	0.085667	0.067897	0.071549	0.083281	0.084890	0.080185	0.081356	0.068406	0.069938	0.065617	
1770	0.084436	0.064081	0.069819	0.082181	0.080784	0.074238	0.083387	0.070755	0.068127	0.072381	
1775	0.080485	0.066745	0.068794	0.077478	0.080001	0.073019	0.085579	0.071095	0.065858	0.074534	
1780	0.078549	0.068166	0.068068	0.077143	0.080332	0.075649	0.084356	0.067638	0.064547	0.073798	
1785	0.070470	0.069483	0.068048	0.071309	0.078022	0.078637	0.081176	0.071166	0.064025	0.073713	
1790	0.067079	0.065434	0.065887	0.065425	0.076039	0.082047	0.078392	0.074964	0.064487	0.073005	
1795	0.071328	0.066436	0.066670	0.066636	0.079155	0.080589	0.076664	0.076535	0.065029	0.072667	
1800	0.069920	0.069173	0.069188	0.069753	0.084315	0.075316	0.081249	0.077260	0.065674	0.078207	
1805	0.073333	0.069848	0.069116	0.068453	0.082315	0.076195	0.081907	0.077279	0.062826	0.077379	
1810	0.075550	0.068807	0.066172	0.068304	0.075996	0.074162	0.084506	0.081940	0.063154	0.078459	
1815	0.073369	0.066552	0.067455	0.067713	0.076370	0.078574	0.087002	0.082624	0.062963	0.077702	
1820	0.073538	0.063836	0.065700	0.068298	0.077034	0.079065	0.088813	0.083386	0.062014	0.078509	
1825	0.077232	0.065398	0.064952	0.076461	0.080269	0.082331	0.088115	0.080771	0.063453	0.076658	
1830	0.075652	0.064532	0.065114	0.071949	0.085299	0.076448	0.087370	0.077124	0.061686	0.077269	
1835	0.074462	0.063187	0.065538	0.073997	0.082052	0.074217	0.084882	0.074974	0.064742	0.078351	
1840	0.078892	0.058849	0.066020	0.074141	0.085120	0.074506	0.084501	0.076091	0.067984	0.077603	
1845	0.080987	0.057839	0.064416	0.074897	0.087556	0.071909	0.082360	0.073760	0.072497	0.076325	
1850	0.084135	0.058281	0.066556	0.075999	0.094443	0.073132	0.079583	0.074453	0.074531	0.075971	
1855	0.082553	0.055166	0.068058	0.078347	0.087024	0.073144	0.082753	0.077459	0.075555	0.076522	
1860	0.079201	0.057081	0.067126	0.075397	0.086408	0.071982	0.078391	0.077600	0.074241	0.076254	
1865	0.076624	0.053717	0.069475	0.076440	0.085117	0.070663	0.076452	0.080708	0.069530	0.077145	
1870	0.076595	0.052116	0.074177	0.076649	0.086073	0.068928	0.078276	0.079927	0.067048	0.080912	
1875	0.078302	0.055170	0.070658	0.075309	0.081502	0.072391	0.079466	0.079489	0.063320	0.079013	
1880	0.081909	0.058905	0.070416	0.074445	0.080959	0.076580	0.079248	0.077217	0.068194	0.075305	
1885	0.080720	0.057314	0.073439	0.076195	0.078962	0.074794	0.078280	0.074436	0.071165	0.071997	
1890	0.077644	0.055839	0.075541	0.076416	0.080692	0.074190	0.073496	0.073169	0.068008	0.073092	
1895	0.078439	0.054932	0.079837	0.074869	0.080380	0.077946	0.072418	0.073159	0.068972	0.069710	
1900	0.076741	0.053620	0.082673	0.075400	0.077345	0.076917	0.071866	0.071964	0.068548	0.071292	
1905	0.077458	0.056496	0.082226	0.074375	0.077527	0.076876	0.072413	0.069711	0.069874	0.071650	
1910	0.078483	0.061436	0.079908	0.077227	0.077099	0.075432	0.075650	0.074050	0.072547	0.070208	
1915	0.076239	0.061316	0.080450	0.080459	0.079420	0.078003	0.070917	0.073351	0.071459	0.068823	
1920	0.072284	0.062176	0.080634	0.077899	0.078828	0.079182	0.069363	0.074879	0.068392	0.068059	
1925	0.073790	0.060319	0.080272	0.078060	0.078946	0.078079	0.068792	0.067141	0.071149	0.063594	
1930	0.074158	0.062290	0.076233	0.082856	0.078640	0.082226	0.065692	0.069248	0.072668	0.065245	
1935	0.073631	0.065969	0.075974	0.083572	0.078383	0.081516	0.068313	0.070686	0.069889	0.068115	
1940	0.078899	0.066255	0.072848	0.082923	0.082228	0.080512	0.069106	0.069449	0.070168	0.067326	
1945	0.078409	0.066365	0.078158	0.084843	0.084398	0.080645	0.073157	0.070173	0.068748	0.066623	
1950	0.076248	0.067357	0.073750	0.083001	0.086709	0.080025	0.073936	0.073008	0.070492	0.064083	
1955	0.074946	0.062602	0.073842	0.086654	0.084009	0.077569	0.070083	0.076594	0.069041	0.064364	
1960	0.075257	0.057477	0.076119	0.086481	0.082974	0.075471	0.070102	0.075740	0.070093	0.066058	
1965	0.074688	0.060480	0.076082	0.080578	0.081004	0.078290	0.072201	0.074590	0.068389	0.069007	
1970	0.072017	0.064501	0.075505	0.081086	0.080049	0.082750	0.071237	0.077357	0.071801	0.068401	
1975	0.074049	0.058362	0.075203	0.080811	0.075128	0.083574	0.070649	0.075705	0.071954	0.065381	
1980	0.071530	0.058965	0.078745	0.085318	0.080258	0.082151	0.069520	0.077545	0.070429	0.064400	
1985	0.072062	0.055857	0.080237	0.087713	0.081674	0.080884	0.072897	0.077998	0.071759	0.061286	
1990	0.073072	0.054852	0.078919	0.082266	0.076370	0.085784	0.073471	0.078143	0.069657	0.058439	
1995	0.070781	0.057636	0.076746	0.080654	0.070927	0.079897	0.075913	0.076927	0.067354	0.060166	
2000	0.068575	0.052967	0.072098	0.091429	0.074004	0.078365	0.075482	0.075814	0.067444	0.057740	
2005	0.067625	0.053741	0.072809	0.089983	0.072027	0.077255	0.077933	0.076493	0.066374	0.056559	
2010	0.065178	0.055019	0.078529	0.094483	0.073709	0.073327	0.077244	0.078453	0.064400	0.055737	
2015	0.066795	0.060537	0.082242	0.089264	0.072692	0.075068	0.079671	0.079918	0.065296	0.059329	
2020	0.061444	0.059754	0.080914	0.089135	0.074732	0.075083	0.074726	0.076198	0.065591	0.058823	
2025	0.063164	0.062729	0.081568	0.083965	0.077824	0.074119	0.076406	0.077883	0.067214	0.056771	
2030	0.063530	0.068188	0.081222	0.082952	0.077342	0.072639	0.077562	0.076629	0.073643	0.056293	
2035	0.059510	0.067302	0.084046	0.084490	0.076225	0.071686	0.078174	0.076499	0.073009	0.056929	
2040	0.059347	0.068307	0.085268	0.085048	0.074757	0.073266	0.081449	0.079035	0.072121	0.061666	
2045	0.062956	0.069809	0.087001	0.086381	0.072603	0.074618	0.086099	0.073542	0.071795	0.062801	
2050	0.065816	0.067557	0.089480	0.091423	0.074397	0.075015	0.080652	0.072504	0.073365	0.064987	
2055	0.069910	0.065781	0.089836	0.082074	0.075691	0.075096	0.081218	0.077660	0.070522	0.062577	
2060	0.071196	0.061075	0.091533	0.085104	0.077871	0.074982	0.077574	0.080522	0.071575	0.062300	
2065	0.071392	0.062262	0.088899	0.087596	0.078583	0.075968	0.072656	0.083362	0.070689	0.064863	
2070	0.070449	0.061178	0.089740	0.091928	0.076611	0.077496	0.071909	0.080222	0.073789	0.062095	
2075	0.071974	0.061521	0.092141	0.091918	0.081634	0.078569	0.074063	0.076639	0.072297	0.057292	
2080	0.068610	0.061052	0.092209	0.090539	0.078627	0.072035	0.077564	0.076647	0.070128	0.057994	
2085	0.071014	0.065156	0.087061	0.089761	0.073542	0.074523	0.076463	0.077511	0.072628	0.054976	
2090	0.073667	0.063383	0.084962	0.088430	0.070195	0.072369	0.077220	0.077835	0.068313	0.056010	
2095	0.073978	0.060748	0.082230	0.084536	0.073377	0.073737	0.076404	0.078423	0.067995	0.058145	
2100	0.076188	0.058631	0.087002	0.083226	0.077993	0.072267	0.075379	0.077512	0.070431	0.057839	
2105	0.072998	0.059015	0.086408	0.084356	0.083103	0.069313	0.079173	0.077825	0.075455	0.058007	
2110	0.075009	0.059517	0.085226	0.080251	0.082604	0.067970	0.080617	0.072220	0.070549	0.059527	
2115	0.079508	0.058977	0.087414	0.081521	0.077194	0.067528	0.078718	0.072442	0.074495	0.060225	
2120	0.079059	0.058636	0.083399	0.083203	0.080367	0.064782	0.079235	0.074628	0.073132	0.055713	
2125	0.078901	0.058430	0.085818	0.084918	0.075190	0.067777	0.086051	0.075241	0.072159	0.055483	
2130	0.077618	0.062333	0.083874	0.084408	0.075227	0.067080	0.082370	0.075113	0.070690	0.054419	
2135	0.075245	0.062055	0.086120	0.079713	0.074530	0.068348	0.081336	0.074253	0.073120	0.055234	
2140	0.076160	0.064769	0.084428	0.081911	0.076214	0.062088	0.075865	0.073105	0.076176	0.054696	
2145	0.072533	0.064092	0.083949	0.085956	0.081200	0.062670	0.079037	0.071149	0.077244	0.055277	
2150	0.075447	0.061533	0.085433	0.087484	0.080191	0.062024	0.082032	0.064297	0.075525	0.054502	
2155	0.076396	0.061781	0.081282	0.087157	0.081179	0.062746	0.078714	0.063231	0.074916	0.057004	
2160	0.078497	0.062860	0.078645	0.085968	0.080517	0.061600	0.077037	0.066452	0.072494	0.056714	
2165	0.074078	0.061047	0.079954	0.086581	0.079650	0.062946	0.077315	0.067127	0.074808	0.055002	
2170	0.073060	0.064104	0.082591	0.091240	0.081138	0.064628	0.076671	0.065752	0.077928	0.056162	
2175	0.077245	0.068169	0.080509	0.093462	0.083169	0.060620	0.074843	0.062267	0.086397	0.055040	
2180	0.080532	0.064754	0.079834	0.092777	0.082549	0.062100	0.075065	0.063791	0.089348	0.051835	
2185	0.080800	0.064768	0.082924	0.092839	0.079211	0.059820	0.075959	0.063494	0.091963	0.052385	
2190	0.087796	0.066570	0.083103	0.090506	0.072947	0.056945	0.074068	0.061442	0.085278	0.053691	
2195	0.084230	0.067605	0.083016	0.091801	0.074956	0.058852	0.076371	0.066016	0.087212	0.049895	
2200	0.080997	0.073453	0.088705	0.088001	0.076018	0.059404	0.076068	0.066477	0.082084	0.049714	
2205	0.081509	0.063691	0.087546	0.090768	0.075359	0.060114	0.080100	0.066907	0.072457	0.052123	
2210	0.085026	0.064497	0.088154	0.091869	0.076586	0.063151	0.082808	0.063565	0.077933	0.054322	
2215	0.085605	0.063120	0.089017	0.093454	0.076501	0.059851	0.080489	0.066027	0.077322	0.052574	
2220	0.085986	0.066927	0.087115	0.099319	0.077621	0.060978	0.080021	0.066172	0.074422	0.053042	
2225	0.079764	0.067587	0.087691	0.097942	0.075086	0.064702	0.076970	0.069626	0.069509	0.055243	
2230	0.080169	0.062837	0.087601	0.097223	0.071034	0.072971	0.072412	0.070369	0.066195	0.056216	
2235	0.077323	0.063028	0.090891	0.097665	0.070455	0.072813	0.070048	0.065941	0.066538	0.055448	
2240	0.083490	0.065526	0.084968	0.097662	0.073311	0.074696	0.074072	0.066214	0.066057	0.052238	
2245	0.086644	0.063375	0.083073	0.087737	0.072544	0.082301	0.073587	0.066756	0.067158	0.050767	
2250	0.082477	0.062821	0.083954	0.087650	0.072742	0.079169	0.072375	0.067068	0.067068	0.050723	
2255	0.083172	0.066591	0.085472	0.090060	0.071616	0.075557	0.073462	0.068136	0.071261	0.047475	
2260	0.082603	0.064062	0.089308	0.089016	0.067508	0.077718	0.074788	0.068121	0.071974	0.049002	
2265	0.082880	0.068642	0.093750	0.084839	0.066281	0.076401	0.075322	0.069179	0.073706	0.051297	
2270	0.085994	0.062846	0.094874	0.087586	0.067606	0.073347	0.071956	0.070842	0.077062	0.053481	
2275	0.085741	0.061518	0.093301	0.087577	0.069199	0.072243	0.071014	0.074126	0.075105	0.055464	
2280	0.080595	0.060242	0.093863	0.085772	0.074406	0.073047	0.069234	0.076120	0.074930	0.051321	
2285	0.081953	0.057492	0.095743	0.081474	0.075159	0.067140	0.067876	0.074937	0.074238	0.049854	
2290	0.083629	0.060084	0.095450	0.076814	0.071982	0.066289	0.067490	0.073571	0.073740	0.054538	
2295	0.082582	0.064593	0.091902	0.075951	0.073315	0.063646	0.069206	0.073803	0.072813	0.056352	
2300	0.086993	0.065603	0.091177	0.081229	0.075558	0.064809	0.072124	0.076083	0.073588	0.057624	
2305	0.092215	0.067761	0.095067	0.080335	0.070176	0.059873	0.071029	0.078471	0.070667	0.056977	
2310	0.089137	0.069261	0.092639	0.075993	0.070056	0.063772	0.067288	0.075263	0.069220	0.056715	
2315	0.085513	0.070583	0.093023	0.074180	0.070689	0.063905	0.065382	0.076403	0.067815	0.056355	
2320	0.083683	0.066894	0.095526	0.073416	0.067182	0.063541	0.064926	0.075103	0.069780	0.058416	
2325	0.084274	0.064565	0.088903	0.073550	0.066398	0.064129	0.066767	0.076569	0.070472	0.056773	
2330	0.083447	0.062416	0.083464	0.075209	0.067379	0.067397	0.060232	0.073683	0.067451	0.057385	
2335	0.083117	0.063423	0.082170	0.074363	0.070659	0.063093	0.064045	0.072347	0.066249	0.058228	
2340	0.079702	0.062946	0.086775	0.075914	0.071060	0.060070	0.067201	0.070349	0.065580	0.056476	
2345	0.081331	0.062818	0.089611	0.072230	0.068407	0.059807	0.068088	0.071469	0.065746	0.056345	
2350	0.080980	0.067654	0.087272	0.070639	0.068808	0.062447	0.064414	0.075501	0.067489	0.057849	
2355	0.079675	0.071200	0.086237	0.072464	0.066120	0.065613	0.064224	0.073213	0.068095	0.059859	
2360	0.080880	0.068540	0.086146	0.076139	0.070545	0.067471	0.066590	0.068514	0.068545	0.059550	
2365	0.080383	0.066213	0.084409	0.082212	0.069680	0.070477	0.059525	0.071238	0.067837	0.061527	
2370	0.079493	0.069253	0.085784	0.079198	0.068561	0.068997	0.057045	0.071701	0.070899	0.061935	
2375	0.080621	0.064382	0.083564	0.081032	0.068290	0.067954	0.056125	0.071145	0.074575	0.063643	
2380	0.080126	0.064719	0.081200	0.081039	0.068836	0.064174	0.057609	0.068070	0.072867	0.067169	
2385	0.080110	0.069306	0.082292	0.081067	0.069619	0.069369	0.056924	0.069177	0.076525	0.064414	
2390	0.080509	0.072865	0.084256	0.086586	0.070470	0.067809	0.057483	0.068342	0.073460	0.061407	
2395	0.080581	0.067146	0.086595	0.084072	0.066518	0.070657	0.060334	0.067443	0.070566	0.057333	
2400	0.075522	0.069114	0.095109	0.081058	0.064685	0.069687	0.063858	0.067198	0.067913	0.058513	
2405	0.072706	0.070539	0.094490	0.081432	0.065443	0.068398	0.065868	0.072262	0.068993	0.062475	
2410	0.072587	0.074653	0.089190	0.080386	0.065998	0.065212	0.068332	0.075586	0.070412	0.058346	
2415	0.074053	0.079366	0.090394	0.087569	0.064036	0.066948	0.068594	0.075231	0.070198	0.063059	
2420	0.075010	0.076828	0.087622	0.093661	0.068277	0.062950	0.068462	0.075088	0.071633	0.067360	
2425	0.073794	0.077144	0.092756	0.092486	0.071560	0.062591	0.072053	0.077053	0.069473	0.064357	
2430	0.069680	0.083618	0.091665	0.090068	0.073441	0.060485	0.069910	0.075310	0.070050	0.063758	
2435	0.073181	0.078279	0.091508	0.088265	0.074443	0.063417	0.069941	0.076601	0.068841	0.060567	
2440	0.076743	0.072177	0.091206	0.084099	0.068297	0.062803	0.070416	0.078208	0.068425	0.060102	
2445	0.073200	0.075192	0.086053	0.087605	0.072419	0.065424	0.068683	0.082804	0.070501	0.063438	
2450	0.073924	0.078772	0.089365	0.086664	0.070937	0.066873	0.068041	0.079796	0.075934	0.065027	
2455	0.077096	0.081703	0.088428	0.088270	0.070025	0.062778	0.071134	0.078561	0.069622	0.066020	
2460	0.072528	0.077863	0.089593	0.085628	0.071423	0.063766	0.069749	0.078900	0.073487	0.067525	
2465	0.073268	0.080688	0.087754	0.086249	0.068512	0.060391	0.071056	0.077288	0.066428	0.067090	
2470	0.071592	0.075188	0.090367	0.086663	0.071939	0.061833	0.071606	0.074082	0.066494	0.071882	
2475	0.069300	0.073283	0.086175	0.091280	0.072374	0.066327	0.069379	0.071733	0.068673	0.074526	
2480	0.071101	0.074625	0.079179	0.089838	0.072471	0.061014	0.071689	0.074287	0.066766	0.074646	
2485	0.078843	0.077382	0.078512	0.088865	0.070733	0.061764	0.069008	0.078802	0.064422	0.074141	
2490	0.081081	0.079684	0.076652	0.089926	0.073092	0.066526	0.073108	0.078624	0.064944	0.079967	
2495	0.084844	0.080620	0.075724	0.092852	0.076904	0.066651	0.071355	0.081914	0.062474	0.076549	
2500	0.082943	0.083863	0.074749	0.095089	0.077109	0.070668	0.073616	0.079915	0.062480	0.081040	
2505	0.077109	0.081504	0.071578	0.094010	0.076678	0.070439	0.077717	0.079201	0.066669	0.078815	
2510	0.072951	0.082277	0.068701	0.096095	0.078678	0.070639	0.077425	0.081044	0.068144	0.074544	
2515	0.074654	0.083902	0.071074	0.093759	0.075641	0.071673	0.075102	0.083019	0.067016	0.073861	
2520	0.075562	0.080932	0.071795	0.098121	0.073777	0.071353	0.075218	0.087488	0.064569	0.075865	
2525	0.070816	0.079887	0.071064	0.096505	0.070676	0.072025	0.075315	0.085723	0.065022	0.070876	
2530	0.066736	0.079849	0.071070	0.095992	0.068262	0.074628	0.073570	0.083472	0.061133	0.069512	
2535	0.067210	0.081649	0.067433	0.102414	0.068967	0.074998	0.073774	0.084603	0.062534	0.066879	
2540	0.068126	0.079228	0.068030	0.096659	0.069158	0.074047	0.071436	0.083132	0.062379	0.069352	
2545	0.067371	0.081485	0.068797	0.092562	0.069869	0.072450	0.073413	0.082558	0.061952	0.066862	
2550	0.071285	0.082065	0.069649	0.094824	0.073416	0.069735	0.071715	0.085127	0.060629	0.066915	
2555	0.068236	0.075781	0.071033	0.097099	0.072789	0.067451	0.074117	0.087206	0.062544	0.065955	
2560	0.068297	0.080279	0.071118	0.101399	0.073206	0.064384	0.068544	0.086488	0.062737	0.068313	
2565	0.070822	0.082547	0.074831	0.099173	0.073891	0.060465	0.067095	0.086834	0.063577	0.072660	
2570	0.073940	0.084166	0.074684	0.102905	0.072373	0.062570	0.066492	0.089846	0.068200	0.072963	
2575	0.073941	0.083979	0.073517	0.104939	0.068296	0.061486	0.065940	0.088095	0.072656	0.073948	
2580	0.074182	0.082532	0.075768	0.102272	0.071374	0.063301	0.062844	0.084977	0.070512	0.071036	
2585	0.073675	0.078356	0.075676	0.098339	0.067629	0.064824	0.067134	0.086145	0.067520	0.066534	
2590	0.075131	0.079189	0.076321	0.103356	0.064453	0.064350	0.067867	0.087610	0.070892	0.072148	
2595	0.081005	0.077260	0.079436	0.103620	0.065490	0.063427	0.063897	0.090575	0.072315	0.068951	
2600	0.077313	0.079201	0.085156	0.101201	0.064240	0.064802	0.061517	0.091253	0.070618	0.067259	
2605	0.072142	0.075282	0.086446	0.097803	0.065171	0.064534	0.064157	0.091485	0.064728	0.065794	
2610	0.069161	0.076244	0.084043	0.098614	0.066554	0.066229	0.063453	0.093672	0.063652	0.068801	
2615	0.073037	0.079476	0.083267	0.096839	0.066542	0.066048	0.064209	0.093303	0.060900	0.067476	
2620	0.075060	0.079612	0.079334	0.090303	0.064648	0.070390	0.064621	0.088959	0.057696	0.064862	
2625	0.074901	0.078199	0.083209	0.091174	0.066031	0.068017	0.067673	0.091822	0.056009	0.063412	
2630	0.074691	0.078040	0.080610	0.094139	0.061647	0.067354	0.073618	0.087845	0.059379	0.064021	
2635	0.076163	0.076955	0.084976	0.092113	0.057271	0.071370	0.071835	0.084575	0.057185	0.067003	
2640	0.075668	0.078804	0.082778	0.092910	0.059120	0.074060	0.068177	0.083944	0.058794	0.064773	
2645	0.073715	0.076893	0.080651	0.088004	0.062463	0.076904	0.071780	0.084636	0.060140	0.065707	
2650	0.074531	0.079871	0.080272	0.093463	0.059074	0.070335	0.074377	0.082646	0.060623	0.067992	
2655	0.073975	0.079521	0.080399	0.091864	0.059051	0.072386	0.079084	0.081880	0.064879	0.067230	
2660	0.069397	0.080562	0.079966	0.088806	0.057209	0.075927	0.077172	0.078903	0.064198	0.067663	
2665	0.068088	0.083871	0.084094	0.092342	0.057469	0.073458	0.074231	0.078902	0.062628	0.065453	
2670	0.067526	0.086363	0.085916	0.096534	0.058910	0.070908	0.073121	0.080267	0.065325	0.064073	
2675	0.066870	0.086627	0.086297	0.087048	0.063692	0.068803	0.074148	0.078284	0.064294	0.062442	
2680	0.070752	0.086255	0.086181	0.080595	0.066881	0.064837	0.074361	0.081271	0.063593	0.063611	
2685	0.070376	0.080903	0.089004	0.080245	0.071158	0.063111	0.077811	0.080981	0.063346	0.064986	
2690	0.069860	0.078577	0.088599	0.083091	0.072028	0.067274	0.076241	0.082448	0.063776	0.062882	
2695	0.066702	0.073176	0.090804	0.087320	0.072110	0.068511	0.074778	0.080991	0.060713	0.067326	
2700	0.067190	0.072618	0.089165	0.089071	0.072366	0.062000	0.067554	0.081819	0.063919	0.064873	
2705	0.065359	0.074053	0.091923	0.087607	0.071126	0.064683	0.069469	0.079100	0.063786	0.063054	
2710	0.064203	0.072869	0.086929	0.088937	0.071137	0.064627	0.069552	0.078328	0.063407	0.062193	
2715	0.065425	0.071918	0.091294	0.091795	0.068463	0.062871	0.065104	0.075611	0.066401	0.060272	
2720	0.067484	0.067342	0.089883	0.092758	0.062057	0.065426	0.064180	0.076769	0.069053	0.061718	
2725	0.064434	0.066700	0.086160	0.098947	0.060404	0.063098	0.062730	0.077158	0.072054	0.061926	
2730	0.063455	0.068806	0.083759	0.102883	0.064801	0.064116	0.068521	0.072952	0.070682	0.059285	
2735	0.064568	0.066951	0.083080	0.098828	0.065931	0.066956	0.070576	0.071597	0.065198	0.063000	
2740	0.064633	0.066345	0.085423	0.102843	0.067568	0.069857	0.067541	0.071319	0.066708	0.060038	
2745	0.065419	0.068281	0.086248	0.099816	0.067567	0.068493	0.070067	0.068453	0.064512	0.063262	
2750	0.069633	0.067397	0.084984	0.098688	0.065609	0.071289	0.066453	0.069745	0.064786	0.062845	
2755	0.074685	0.069786	0.083221	0.099579	0.064599	0.068363	0.067931	0.068527	0.064009	0.062150	
2760	0.073276	0.068272	0.085166	0.100215	0.069553	0.070639	0.075157	0.072533	0.064425	0.059948	
2765	0.072861	0.066826	0.080810	0.100468	0.066619	0.070655	0.079342	0.071371	0.062657	0.065044	
2770	0.070881	0.068571	0.078816	0.105186	0.069006	0.067729	0.074625	0.072136	0.061995	0.064933	
2775	0.069611	0.071874	0.081327	0.108491	0.065948	0.068349	0.068833	0.071982	0.062401	0.064440	
2780	0.070299	0.067110	0.079527	0.108679	0.070866	0.073873	0.065402	0.071231	0.060592	0.065537	
2785	0.069024	0.066722	0.079719	0.110203	0.067313	0.070586	0.065896	0.069341	0.062669	0.066704	
2790	0.068134	0.065597	0.079793	0.106952	0.069549	0.064472	0.068025	0.070822	0.061259	0.068524	
2795	0.064903	0.064789	0.083645	0.106618	0.069166	0.066595	0.066300	0.070316	0.061696	0.062071	
2800	0.066375	0.067900	0.083224	0.111932	0.070875	0.064626	0.067744	0.070334	0.061014	0.056430	
2805	0.064395	0.066782	0.080500	0.106696	0.068317	0.066741	0.065757	0.070017	0.061196	0.054285	
2810	0.066152	0.066241	0.083543	0.099462	0.072753	0.069291	0.065462	0.069420	0.060570	0.051266	
2815	0.067895	0.062540	0.079802	0.094188	0.070645	0.065487	0.063138	0.067359	0.063264	0.052980	
2820	0.067685	0.063074	0.082024	0.088492	0.069715	0.062635	0.064170	0.068140	0.064785	0.050131	
2825	0.067021	0.061073	0.085578	0.092246	0.073024	0.061536	0.065804	0.064496	0.068817	0.055014	
2830	0.064046	0.061782	0.085700	0.092716	0.069932	0.059595	0.065035	0.064157	0.071546	0.055976	
2835	0.066325	0.063589	0.083460	0.098142	0.072845	0.063935	0.064534	0.063584	0.067263	0.060212	
2840	0.063382	0.061133	0.086061	0.093505	0.076920	0.067198	0.066186	0.061543	0.067777	0.068170	
2845	0.065652	0.062702	0.084588	0.089869	0.075494	0.072861	0.065758	0.063167	0.067683	0.064696	
2850	0.063934	0.062703	0.085517	0.087344	0.081652	0.074617	0.067872	0.065032	0.069235	0.062238	
2855	0.063521	0.064747	0.087228	0.088711	0.080958	0.074261	0.069615	0.063031	0.074963	0.068215	
2860	0.065434	0.068906	0.084651	0.093669	0.083134	0.076885	0.067701	0.071564	0.076498	0.068642	
2865	0.067269	0.068446	0.087012	0.093038	0.076132	0.075542	0.066721	0.066906	0.073032	0.064818	
2870	0.065455	0.068835	0.088808	0.092205	0.075925	0.075799	0.065543	0.064525	0.072251	0.063325	
2875	0.066480	0.067173	0.091473	0.091781	0.075117	0.073415	0.064710	0.063104	0.071663	0.066293	
2880	0.065857	0.063581	0.087184	0.087104	0.073158	0.078407	0.066080	0.064603	0.074347	0.064894	
2885	0.069829	0.063012	0.083742	0.087836	0.069159	0.082768	0.067250	0.062699	0.072393	0.063337	
2890	0.073057	0.061125	0.083258	0.086375	0.071300	0.079538	0.065939	0.062538	0.072178	0.065090	
2895	0.075596	0.065853	0.085697	0.085300	0.073652	0.077653	0.063744	0.062308	0.069660	0.064327	
2900	0.072544	0.065766	0.084739	0.075809	0.079092	0.077572	0.058952	0.056287	0.066888	0.068550	
2905	0.070761	0.065571	0.084186	0.074666	0.077094	0.074142	0.062358	0.054952	0.062360	0.072017	
2910	0.070600	0.063659	0.086773	0.080403	0.078480	0.075084	0.063918	0.054881	0.058427	0.071961	
2915	0.066614	0.061274	0.083274	0.079131	0.082624	0.076097	0.062321	0.052622	0.059324	0.071556	
2920	0.064660	0.059789	0.085259	0.076443	0.085760	0.080837	0.065090	0.056082	0.059968	0.074414	
2925	0.066425	0.061134	0.087252	0.079331	0.087316	0.080158	0.067919	0.056293	0.062185	0.068868	
2930	0.063112	0.062912	0.083507	0.074680	0.086350	0.078736	0.072138	0.057896	0.064081	0.070952	
2935	0.063788	0.068602	0.078029	0.077533	0.082103	0.075693	0.071447	0.056988	0.065550	0.069943	
2940	0.062867	0.069337	0.076484	0.074306	0.081346	0.072393	0.071213	0.057738	0.062142	0.074864	
2945	0.063894	0.072781	0.076625	0.076692	0.078052	0.073876	0.072497	0.056897	0.064409	0.075097	
2950	0.062756	0.071434	0.082168	0.074886	0.074941	0.073822	0.072807	0.055814	0.065806	0.071104	
2955	0.066506	0.070299	0.081683	0.074732	0.076369	0.075035	0.074631	0.057641	0.064157	0.073046	
2960	0.065141	0.067798	0.080255	0.071691	0.069011	0.075699	0.071622	0.060572	0.063857	0.071520	
2965	0.068702	0.070687	0.082099	0.071773	0.069439	0.075617	0.070286	0.064122	0.069484	0.069759	
2970	0.068431	0.064509	0.086751	0.071792	0.067277	0.075377	0.071727	0.067528	0.066111	0.071823	
2975	0.069001	0.064216	0.089398	0.075574	0.069443	0.071105	0.071476	0.069915	0.065596	0.070519	
2980	0.065474	0.065148	0.090994	0.078137	0.069419	0.069702	0.074131	0.068673	0.065108	0.071701	
2985	0.063141	0.064901	0.091784	0.069983	0.071782	0.066781	0.073807	0.069977	0.066820	0.064480	
2990	0.069642	0.064163	0.091738	0.069538	0.067584	0.065810	0.069271	0.071690	0.069056	0.067241	
2995	0.066168	0.063472	0.091348	0.071209	0.069695	0.069895	0.065598	0.070831	0.067971	0.069125	
3000	0.067212	0.062434	0.086533	0.071624	0.071681	0.070645	0.063455	0.070265	0.064415	0.064228	
