T	rep_1	rep_2	rep_3	rep_4	rep_5	rep_6	rep_7	rep_8	rep_9	rep_10
5	0.000000	0.000000	0.000000	0.000000	0.000000	0.000000	0.000000	0.000000	0.000000	0.000000	
10	0.000000	0.000000	0.000000	0.000000	0.000000	0.000000	0.000000	0.000000	0.000000	0.000000	
15	0.000000	0.000000	0.000000	0.000000	0.000000	0.000000	0.000000	0.000000	0.000000	0.000000	
20	0.000000	0.000000	0.000000	0.000000	0.000000	0.000000	0.000000	0.000000	0.000000	0.000000	
25	0.000000	0.000000	0.000000	0.000000	0.000000	0.000000	0.000000	0.000000	0.000000	0.000000	
30	0.000000	0.000000	0.000000	0.000000	0.000000	0.000000	0.000000	0.000000	0.000000	0.000000	
35	0.000000	0.000000	0.000000	0.000000	0.000000	0.000000	0.000000	0.000000	0.000000	0.000000	
40	0.000000	0.000000	0.000000	0.000000	0.000000	0.000000	0.000000	0.000000	0.000000	0.000000	
45	0.000000	0.000000	0.000000	0.000000	0.000000	0.000000	0.000000	0.000000	0.000000	0.000000	
50	0.000000	0.000000	0.000000	0.000000	0.000000	0.000000	0.000000	0.000000	0.000000	0.000000	
55	0.000000	0.000000	0.000000	0.000000	0.000000	0.000000	0.000000	0.000000	0.000000	0.000000	
60	0.000000	0.000000	0.000000	0.000000	0.000000	0.000000	0.000000	0.000000	0.000000	0.000000	
65	0.000000	0.000000	0.000000	0.000000	0.000000	0.000000	0.000000	0.000000	0.000000	0.000000	
70	0.000000	0.000000	0.000000	0.000000	0.000000	0.000000	0.000000	0.000000	0.000000	0.000000	
75	0.000000	0.000000	0.000000	0.000000	0.000000	0.000000	0.000000	0.000000	0.000000	0.000000	
80	0.000000	0.000000	0.000000	0.000000	0.000000	0.000000	0.000000	0.000000	0.000000	0.000000	
85	0.000000	0.000000	0.000000	0.000000	0.000000	0.000000	0.000000	0.000000	0.000000	0.000000	
90	0.000000	0.000000	0.000000	0.000000	0.000000	0.000000	0.000000	0.000000	0.000000	0.000000	
95	0.000000	0.000000	0.000000	0.000000	0.000000	0.000000	0.000000	0.000000	0.000000	0.000000	
100	0.000000	0.000000	0.000000	0.000000	0.000000	0.000000	0.000000	0.000000	0.000000	0.000000	
105	0.000000	0.000000	0.000000	0.000000	0.000000	0.000000	0.000000	0.000000	0.000000	0.000000	
110	0.000000	0.000000	0.000000	0.000000	0.000000	0.000000	0.000000	0.000000	0.000000	0.000000	
115	0.000000	0.000000	0.000000	0.000000	0.000000	0.000000	0.000000	0.000000	0.000000	0.000000	
120	0.000000	0.000000	0.000000	0.000000	0.000000	0.000000	0.000000	0.000000	0.000000	0.000000	
125	0.000000	0.000000	0.000000	0.000000	0.000000	0.000000	0.000000	0.000000	0.000000	0.000000	
130	0.000000	0.000000	0.000000	0.000000	0.000000	0.000000	0.000000	0.000000	0.000000	0.000000	
135	0.000000	0.000000	0.000000	0.000000	0.000000	0.000000	0.000000	0.000000	0.000000	0.000000	
140	0.000000	0.000000	0.000000	0.000000	0.000000	0.000000	0.000000	0.000000	0.000000	0.000000	
145	0.000000	0.000000	0.000000	0.000000	0.000000	0.000000	0.000000	0.000000	0.000000	0.000000	
150	0.000000	0.000000	0.000000	0.000000	0.000000	0.000000	0.000000	0.000000	0.000000	0.000000	
155	0.000000	0.000000	0.000000	0.000000	0.000000	0.000000	0.000000	0.000000	0.000000	0.000000	
160	0.000000	0.000000	0.000000	0.000000	0.000000	0.000000	0.000000	0.000000	0.000000	0.000000	
165	0.000000	0.000000	0.000000	0.000000	0.000000	0.000000	0.000000	0.000000	0.000000	0.000000	
170	0.000000	0.000000	0.000000	0.000000	0.000000	0.000000	0.000000	0.000000	0.000000	0.000000	
175	0.000000	0.000000	0.000000	0.000000	0.000000	0.000000	0.000000	0.000000	0.000000	0.000000	
180	0.000000	0.000000	0.000000	0.000000	0.000000	0.000000	0.000000	0.000000	0.000000	0.000000	
185	0.000000	0.000000	0.000000	0.000000	0.000000	0.000000	0.000000	0.000000	0.000000	0.000000	
190	0.000000	0.000000	0.000000	0.000000	0.000000	0.000000	0.000000	0.000000	0.000000	0.000000	
195	0.000000	0.000000	0.000000	0.000000	0.000000	0.000000	0.000000	0.000000	0.000000	0.000000	
200	0.000000	0.000000	0.000000	0.000000	0.000000	0.000000	0.000000	0.000000	0.000000	0.000000	
205	0.000754	0.001398	0.001711	0.000961	0.002187	0.001127	0.000855	0.001466	0.002350	0.001254	
210	0.001306	0.001879	0.003276	0.002518	0.003597	0.002650	0.002382	0.003170	0.002418	0.001701	
215	0.002761	0.002177	0.003567	0.002832	0.005041	0.002595	0.003544	0.004818	0.003710	0.001852	
220	0.003981	0.003521	0.003294	0.004516	0.005223	0.001641	0.003588	0.005354	0.003598	0.003583	
225	0.004377	0.004142	0.004776	0.007465	0.004802	0.002518	0.004333	0.003992	0.004150	0.004323	
230	0.004812	0.004637	0.005341	0.005805	0.005606	0.002936	0.004732	0.003475	0.004798	0.003791	
235	0.005378	0.004425	0.005470	0.005647	0.005806	0.003249	0.005489	0.003262	0.006000	0.004616	
240	0.004691	0.005068	0.005116	0.004147	0.004936	0.003725	0.005772	0.003379	0.005512	0.004693	
245	0.004667	0.004861	0.006631	0.003440	0.004861	0.003582	0.006885	0.004914	0.008545	0.003932	
250	0.005942	0.005524	0.005584	0.004823	0.003551	0.004030	0.005727	0.004692	0.008199	0.003337	
255	0.003975	0.006231	0.005745	0.006225	0.003869	0.003729	0.005042	0.004214	0.009896	0.004491	
260	0.005303	0.007063	0.004475	0.007753	0.005075	0.005327	0.005061	0.003885	0.008391	0.003432	
265	0.006043	0.007418	0.004822	0.005597	0.007166	0.006384	0.006271	0.003549	0.007778	0.004557	
270	0.005448	0.007541	0.005232	0.007637	0.006600	0.006005	0.006703	0.003772	0.008486	0.004311	
275	0.006180	0.008111	0.005581	0.006973	0.006685	0.007896	0.007636	0.005561	0.008473	0.005545	
280	0.005828	0.008142	0.005994	0.006334	0.006878	0.007606	0.007229	0.006032	0.008759	0.004028	
285	0.006138	0.007973	0.004148	0.008961	0.006957	0.006622	0.007359	0.005963	0.008632	0.003734	
290	0.005109	0.005889	0.007938	0.005853	0.003962	0.007284	0.006752	0.005640	0.009068	0.003129	
295	0.007132	0.006183	0.005341	0.005725	0.004311	0.007761	0.008325	0.005440	0.009537	0.003376	
300	0.009080	0.005312	0.007325	0.005082	0.004276	0.008177	0.008951	0.005272	0.008149	0.005058	
305	0.009011	0.006023	0.007522	0.006276	0.004502	0.007500	0.005827	0.005568	0.007521	0.006573	
310	0.008533	0.004404	0.008419	0.005685	0.004515	0.006617	0.004422	0.004651	0.009840	0.004568	
315	0.006079	0.005138	0.007819	0.005068	0.004521	0.006676	0.005258	0.005983	0.008345	0.006168	
320	0.008367	0.006235	0.007872	0.003564	0.004470	0.005923	0.005121	0.006014	0.007522	0.006190	
325	0.005986	0.006610	0.008279	0.004070	0.005864	0.004900	0.006044	0.008403	0.005974	0.005862	
330	0.006138	0.005715	0.007397	0.005890	0.005553	0.005720	0.007426	0.010638	0.005330	0.005741	
335	0.006706	0.005006	0.008774	0.007576	0.007178	0.007179	0.007520	0.009870	0.004506	0.006892	
340	0.006118	0.005505	0.008241	0.006596	0.007524	0.007411	0.008479	0.006355	0.005948	0.005899	
345	0.005224	0.005720	0.009195	0.005726	0.006831	0.008602	0.006640	0.006703	0.006483	0.007200	
350	0.005616	0.005310	0.008626	0.005370	0.008918	0.011339	0.008386	0.007252	0.005768	0.008399	
355	0.006085	0.005078	0.009500	0.005447	0.009240	0.008421	0.007229	0.008904	0.005547	0.008777	
360	0.007424	0.005889	0.008131	0.003985	0.008429	0.005265	0.007906	0.006944	0.005476	0.008657	
365	0.007129	0.006627	0.007725	0.004840	0.008989	0.005587	0.009139	0.008468	0.005084	0.008228	
370	0.009531	0.006797	0.007233	0.006540	0.007876	0.006921	0.008522	0.009448	0.003874	0.008616	
375	0.009453	0.005797	0.005858	0.005190	0.007724	0.004957	0.010567	0.010459	0.003471	0.007318	
380	0.008367	0.005626	0.004158	0.005816	0.005696	0.003418	0.009000	0.010271	0.005171	0.008055	
385	0.006981	0.006218	0.004843	0.005307	0.006669	0.004739	0.009899	0.009626	0.004254	0.007621	
390	0.008095	0.006607	0.006188	0.005510	0.006113	0.002937	0.009369	0.007633	0.006107	0.009833	
395	0.007430	0.006590	0.006064	0.007493	0.006873	0.004517	0.008624	0.007834	0.007765	0.008192	
400	0.007661	0.006343	0.006191	0.007078	0.008293	0.006905	0.008584	0.008832	0.004484	0.008465	
405	0.007636	0.006097	0.006938	0.006720	0.007980	0.006864	0.007279	0.009050	0.005842	0.007156	
410	0.008040	0.006584	0.006719	0.005967	0.007273	0.006910	0.006622	0.008043	0.004874	0.007376	
415	0.008381	0.006022	0.005496	0.005381	0.009858	0.005739	0.006177	0.005015	0.006856	0.007618	
420	0.009212	0.006558	0.007496	0.006384	0.009986	0.005403	0.007498	0.006005	0.007745	0.006294	
425	0.008053	0.006150	0.008873	0.006367	0.007943	0.005047	0.008010	0.006028	0.007241	0.008249	
430	0.008611	0.006172	0.008538	0.007107	0.008024	0.004509	0.007993	0.007062	0.006838	0.008284	
435	0.008466	0.006770	0.007485	0.008026	0.009405	0.004077	0.008294	0.007082	0.006056	0.008106	
440	0.009388	0.006378	0.008389	0.007307	0.009046	0.004457	0.008508	0.007617	0.007099	0.007158	
445	0.010219	0.007506	0.007401	0.006180	0.008240	0.006095	0.008008	0.009046	0.008869	0.007645	
450	0.009423	0.006756	0.006426	0.006663	0.005394	0.004953	0.007434	0.008135	0.009250	0.006418	
455	0.008321	0.007949	0.005649	0.006692	0.007314	0.006394	0.008212	0.010691	0.010537	0.007927	
460	0.007423	0.008243	0.005819	0.005487	0.007026	0.005763	0.008080	0.009667	0.010238	0.006042	
465	0.008578	0.007291	0.008323	0.004551	0.006741	0.007138	0.007619	0.007619	0.013105	0.006069	
470	0.009205	0.006100	0.007745	0.004599	0.007496	0.006507	0.007616	0.008701	0.013104	0.005895	
475	0.010287	0.007296	0.007897	0.005123	0.006322	0.006634	0.007850	0.008860	0.011179	0.005049	
480	0.010896	0.007834	0.007513	0.003688	0.007550	0.004563	0.008380	0.008219	0.009236	0.007942	
485	0.010274	0.008114	0.007004	0.003680	0.007442	0.004090	0.010748	0.007308	0.009122	0.009585	
490	0.008065	0.008741	0.008072	0.003114	0.008401	0.006949	0.009682	0.006130	0.009496	0.008292	
495	0.007624	0.010757	0.008589	0.002773	0.007439	0.008010	0.009279	0.007112	0.008508	0.007747	
500	0.006866	0.008745	0.007148	0.004845	0.006461	0.007674	0.010618	0.006056	0.009912	0.006315	
505	0.005384	0.009199	0.005347	0.007552	0.006052	0.007276	0.012404	0.006354	0.009717	0.003632	
510	0.008052	0.009401	0.005386	0.006430	0.007689	0.007612	0.014265	0.006166	0.010812	0.003897	
515	0.007515	0.008365	0.005205	0.005677	0.006278	0.008004	0.012033	0.006815	0.011295	0.004332	
520	0.008710	0.009099	0.006097	0.006089	0.007030	0.008157	0.011930	0.006877	0.011536	0.005158	
525	0.007473	0.010354	0.007203	0.005612	0.007686	0.010179	0.009587	0.006375	0.010903	0.003853	
530	0.008461	0.010023	0.007774	0.005222	0.007836	0.012429	0.011166	0.006759	0.010699	0.004434	
535	0.008137	0.009167	0.009444	0.004203	0.010211	0.011451	0.009909	0.007852	0.009225	0.006251	
540	0.007484	0.007748	0.008313	0.005491	0.012433	0.012978	0.010298	0.008460	0.009537	0.005566	
545	0.005116	0.007667	0.008029	0.004413	0.012124	0.012349	0.010121	0.009925	0.008754	0.005387	
550	0.004910	0.006853	0.010490	0.005702	0.011353	0.012842	0.007909	0.012419	0.008064	0.005834	
555	0.005038	0.006168	0.006190	0.006339	0.011064	0.009421	0.009063	0.010038	0.006777	0.005000	
560	0.006229	0.005438	0.005996	0.007656	0.009531	0.009502	0.009098	0.009024	0.008046	0.006825	
565	0.006496	0.005265	0.006100	0.007096	0.009196	0.011477	0.011318	0.008047	0.010818	0.006507	
570	0.005475	0.007012	0.004945	0.007504	0.010097	0.009027	0.011201	0.008204	0.009857	0.006107	
575	0.004918	0.008223	0.005527	0.008019	0.011236	0.007285	0.009579	0.010459	0.011251	0.007729	
580	0.005103	0.007873	0.006605	0.008231	0.010168	0.007753	0.011658	0.010042	0.011010	0.009168	
585	0.005053	0.008831	0.005536	0.008565	0.010333	0.005797	0.010664	0.010118	0.010429	0.009383	
590	0.004853	0.007231	0.006775	0.007096	0.010452	0.005887	0.009150	0.008836	0.009785	0.009571	
595	0.006154	0.005365	0.008049	0.007056	0.007544	0.006728	0.008587	0.008018	0.010555	0.010094	
600	0.008912	0.006420	0.008590	0.006389	0.009089	0.008117	0.007969	0.007303	0.010974	0.008129	
605	0.008648	0.007296	0.007249	0.006026	0.009569	0.007277	0.007159	0.006607	0.011275	0.008810	
610	0.007872	0.007594	0.007624	0.005317	0.007882	0.006412	0.006749	0.008457	0.011534	0.011795	
615	0.007444	0.008249	0.008510	0.005218	0.008919	0.009277	0.007198	0.008442	0.012962	0.008570	
620	0.006976	0.008321	0.008158	0.005800	0.007812	0.011364	0.006208	0.009960	0.012847	0.008629	
625	0.007123	0.010893	0.009861	0.007818	0.006900	0.008635	0.007350	0.009098	0.011758	0.009032	
630	0.006982	0.011366	0.010709	0.007758	0.005100	0.008071	0.009256	0.008953	0.008264	0.009568	
635	0.007543	0.009289	0.007620	0.006361	0.004567	0.006257	0.008446	0.010408	0.008184	0.007848	
640	0.005640	0.008739	0.007870	0.006511	0.006386	0.008469	0.010125	0.009550	0.008066	0.007357	
645	0.007188	0.009149	0.006607	0.005673	0.007363	0.009287	0.008541	0.007771	0.007680	0.007344	
650	0.006906	0.010211	0.007307	0.005528	0.008262	0.010168	0.009042	0.007823	0.009417	0.006961	
655	0.007615	0.008588	0.006007	0.005215	0.007679	0.010242	0.008781	0.007584	0.009039	0.006718	
660	0.005576	0.007874	0.007393	0.003824	0.006321	0.010943	0.010004	0.008138	0.007074	0.005643	
665	0.005144	0.007343	0.007092	0.004786	0.006070	0.010970	0.009849	0.008963	0.008352	0.005505	
670	0.004940	0.007907	0.009514	0.006215	0.003914	0.013081	0.009157	0.009840	0.008798	0.008038	
675	0.008174	0.007295	0.009869	0.006271	0.006020	0.013747	0.009526	0.009283	0.010474	0.008367	
680	0.008773	0.008556	0.011769	0.006719	0.006555	0.012542	0.008261	0.009397	0.008517	0.010027	
685	0.008112	0.006659	0.009816	0.008582	0.006783	0.011411	0.008238	0.010059	0.010147	0.009123	
690	0.009270	0.006732	0.010316	0.005761	0.004786	0.011064	0.008846	0.010216	0.009236	0.006412	
695	0.010093	0.007553	0.010695	0.008373	0.005183	0.009344	0.007636	0.009960	0.008752	0.007302	
700	0.011108	0.006311	0.011047	0.006893	0.005654	0.010406	0.007101	0.012617	0.009640	0.006043	
705	0.008281	0.008942	0.010149	0.007597	0.004838	0.008435	0.006466	0.011495	0.008889	0.006462	
710	0.006154	0.008101	0.009752	0.008682	0.004799	0.008748	0.006929	0.010429	0.010084	0.007502	
715	0.004490	0.008582	0.008899	0.009797	0.005167	0.009274	0.006990	0.009242	0.011527	0.008790	
720	0.006316	0.008710	0.006226	0.010027	0.003994	0.008497	0.009303	0.009357	0.009419	0.007995	
725	0.006523	0.009426	0.007389	0.010502	0.004849	0.009239	0.008663	0.009615	0.008897	0.008938	
730	0.006531	0.008367	0.008658	0.010537	0.005395	0.010467	0.009979	0.008719	0.008527	0.009030	
735	0.005104	0.006733	0.007990	0.008408	0.005743	0.010304	0.008098	0.008411	0.008251	0.009769	
740	0.006302	0.009028	0.010103	0.008904	0.005916	0.011802	0.007451	0.008445	0.006863	0.009630	
745	0.007173	0.009349	0.009753	0.008140	0.005834	0.012383	0.009334	0.008931	0.006773	0.006984	
750	0.009355	0.012009	0.008933	0.006650	0.005220	0.011480	0.009025	0.007838	0.006158	0.007085	
755	0.009246	0.010967	0.008465	0.005605	0.005332	0.009989	0.007101	0.006531	0.004613	0.006890	
760	0.008309	0.010198	0.008351	0.005529	0.005798	0.010502	0.006444	0.007905	0.004886	0.006727	
765	0.008056	0.010837	0.006989	0.006386	0.005183	0.009501	0.007116	0.008975	0.006240	0.008092	
770	0.009185	0.009976	0.006722	0.007094	0.007107	0.009066	0.006777	0.009795	0.006330	0.006540	
775	0.007062	0.010236	0.008217	0.005938	0.007237	0.008838	0.008239	0.008156	0.006522	0.007037	
780	0.006962	0.009235	0.008855	0.007345	0.006232	0.009461	0.008418	0.007622	0.005725	0.008253	
785	0.005250	0.008931	0.011034	0.007959	0.006777	0.008434	0.006504	0.005349	0.006406	0.010064	
790	0.008108	0.009126	0.012062	0.007439	0.010183	0.007356	0.006200	0.004863	0.006766	0.011730	
795	0.008227	0.008188	0.010324	0.007858	0.011473	0.008071	0.007537	0.005329	0.007013	0.011314	
800	0.008514	0.010084	0.010225	0.007187	0.013036	0.008278	0.007431	0.008550	0.008900	0.010085	
805	0.009891	0.010342	0.008588	0.006556	0.009801	0.007827	0.008226	0.008805	0.008813	0.008495	
810	0.009505	0.010887	0.006819	0.009144	0.011683	0.008413	0.009566	0.007726	0.008460	0.006489	
815	0.010347	0.008693	0.006246	0.008920	0.010469	0.006071	0.008809	0.005588	0.009928	0.007629	
820	0.007568	0.008550	0.006718	0.007822	0.013333	0.007572	0.008880	0.005664	0.006595	0.008373	
825	0.007680	0.009134	0.007299	0.007340	0.012189	0.007024	0.007104	0.006266	0.007241	0.006783	
830	0.008518	0.009379	0.007348	0.009066	0.011539	0.007511	0.006770	0.008173	0.006267	0.006883	
835	0.009511	0.008574	0.008167	0.008393	0.013267	0.007675	0.006474	0.009523	0.006133	0.007620	
840	0.008202	0.009280	0.009418	0.007741	0.011422	0.009863	0.006293	0.010425	0.008100	0.006583	
845	0.009721	0.012909	0.008856	0.005883	0.012233	0.010762	0.005432	0.012168	0.008101	0.006591	
850	0.010031	0.012063	0.009424	0.006208	0.010940	0.009227	0.005388	0.012813	0.005562	0.008580	
855	0.009512	0.012529	0.007529	0.006874	0.009217	0.013358	0.005072	0.011429	0.008442	0.007704	
860	0.010314	0.011833	0.008036	0.007104	0.007508	0.014522	0.006615	0.012401	0.011294	0.005763	
865	0.011209	0.009795	0.007194	0.006851	0.009264	0.013348	0.007594	0.009239	0.011730	0.004635	
870	0.009177	0.009706	0.008492	0.010186	0.006793	0.016253	0.009007	0.008869	0.010553	0.004791	
875	0.008723	0.012163	0.009517	0.009055	0.006293	0.017552	0.009875	0.009871	0.010613	0.004575	
880	0.006619	0.012044	0.008155	0.009104	0.004889	0.015772	0.009955	0.009738	0.011636	0.005608	
885	0.006497	0.011655	0.006586	0.010047	0.004430	0.011985	0.009122	0.008306	0.010850	0.004429	
890	0.007012	0.013231	0.007118	0.010853	0.005071	0.010512	0.009892	0.007496	0.011609	0.004841	
895	0.006965	0.014687	0.007502	0.010368	0.005323	0.009254	0.011798	0.007124	0.011879	0.004188	
900	0.008347	0.014975	0.006783	0.012438	0.004832	0.009391	0.010138	0.010052	0.011792	0.006044	
905	0.010725	0.015458	0.006418	0.012392	0.006762	0.008498	0.009139	0.010262	0.014294	0.005712	
910	0.011214	0.015548	0.006977	0.010786	0.005866	0.008802	0.011711	0.011241	0.013776	0.007763	
915	0.009893	0.012752	0.006858	0.008459	0.005415	0.007048	0.012518	0.012320	0.013951	0.010106	
920	0.009115	0.013529	0.007472	0.009138	0.004705	0.008006	0.009695	0.009606	0.014317	0.008376	
925	0.009773	0.011174	0.007768	0.008664	0.005798	0.009066	0.010696	0.010453	0.011264	0.009736	
930	0.008452	0.009667	0.006404	0.010228	0.006267	0.008029	0.007950	0.008244	0.010261	0.011990	
935	0.009252	0.010813	0.005879	0.008674	0.006418	0.009030	0.006183	0.007424	0.010478	0.010046	
940	0.008095	0.007658	0.006624	0.007458	0.005877	0.009588	0.005712	0.011154	0.009123	0.009360	
945	0.008230	0.008814	0.007739	0.006265	0.008330	0.009364	0.006685	0.010511	0.010149	0.008540	
950	0.008860	0.007923	0.008168	0.006440	0.007695	0.008330	0.007555	0.007604	0.009108	0.009540	
955	0.010444	0.006371	0.009054	0.005817	0.006878	0.007223	0.008000	0.008150	0.009291	0.010201	
960	0.011191	0.007757	0.008954	0.005365	0.007617	0.006280	0.008859	0.009282	0.010295	0.011476	
965	0.010241	0.007985	0.006771	0.006660	0.007488	0.006450	0.009965	0.008134	0.010192	0.012962	
970	0.010693	0.007239	0.005465	0.008571	0.006468	0.008693	0.007491	0.008771	0.011499	0.013002	
975	0.010348	0.006456	0.005861	0.007312	0.007521	0.007516	0.007223	0.008978	0.012555	0.014485	
980	0.010383	0.006787	0.007552	0.008071	0.006101	0.005514	0.006202	0.006051	0.011615	0.011802	
985	0.009602	0.008281	0.006949	0.006675	0.006663	0.004894	0.007564	0.006532	0.012965	0.010666	
990	0.008624	0.007205	0.007623	0.006693	0.006239	0.005344	0.007762	0.006112	0.012972	0.010742	
995	0.008800	0.005797	0.008383	0.007547	0.008621	0.004849	0.006492	0.004849	0.015670	0.010239	
1000	0.007300	0.005559	0.008232	0.007738	0.008838	0.005508	0.009135	0.005530	0.013240	0.010130	
1005	0.006732	0.006844	0.009690	0.007379	0.010248	0.006082	0.009948	0.006115	0.011050	0.008284	
1010	0.005698	0.008083	0.008476	0.007739	0.007655	0.006170	0.009702	0.006723	0.010773	0.010220	
1015	0.006970	0.006349	0.007862	0.006371	0.006795	0.005967	0.007664	0.006700	0.011245	0.009067	
1020	0.005659	0.004855	0.009587	0.005076	0.005608	0.007321	0.007661	0.005934	0.011669	0.009106	
1025	0.004882	0.004663	0.011738	0.004115	0.006634	0.005058	0.007881	0.007754	0.010590	0.010217	
1030	0.005976	0.005117	0.011493	0.004955	0.008456	0.006811	0.008496	0.007718	0.010339	0.009359	
1035	0.005741	0.006565	0.010689	0.004086	0.009422	0.005995	0.008542	0.007355	0.010954	0.008413	
1040	0.006820	0.008489	0.012406	0.003980	0.009469	0.008194	0.006913	0.009364	0.011006	0.010251	
1045	0.005983	0.008084	0.013578	0.006208	0.008722	0.008664	0.007322	0.008763	0.011578	0.010198	
1050	0.006070	0.007405	0.013747	0.006202	0.010338	0.008568	0.007880	0.011135	0.010284	0.011358	
1055	0.006463	0.007301	0.012202	0.005566	0.011288	0.010304	0.009208	0.010651	0.012973	0.010951	
1060	0.006405	0.007335	0.011950	0.006490	0.011074	0.010797	0.008212	0.013552	0.014205	0.010124	
1065	0.008914	0.007730	0.010598	0.007047	0.012808	0.009169	0.008160	0.010828	0.014268	0.011855	
1070	0.008810	0.008206	0.008824	0.008086	0.011004	0.007572	0.007602	0.010030	0.014659	0.012470	
1075	0.008699	0.008610	0.009259	0.007932	0.012005	0.008135	0.006775	0.008809	0.012118	0.011085	
1080	0.007443	0.008700	0.009059	0.012502	0.011990	0.010704	0.008286	0.011401	0.008392	0.009776	
1085	0.007734	0.010686	0.008404	0.009313	0.011282	0.007350	0.007562	0.012002	0.007672	0.010763	
1090	0.008094	0.010987	0.007401	0.008959	0.009610	0.009073	0.005760	0.011124	0.007985	0.010740	
1095	0.008860	0.013736	0.005382	0.008288	0.008974	0.009190	0.006356	0.010399	0.007135	0.011280	
1100	0.010289	0.014051	0.006107	0.010269	0.009862	0.009418	0.005921	0.010014	0.005728	0.011779	
1105	0.010523	0.014172	0.007515	0.008843	0.009029	0.007409	0.006184	0.009628	0.007977	0.012139	
1110	0.010135	0.013373	0.006544	0.008113	0.008992	0.005879	0.006400	0.010276	0.008790	0.013485	
1115	0.008389	0.012818	0.007035	0.007688	0.010967	0.005687	0.006772	0.010080	0.008014	0.014902	
1120	0.010671	0.010904	0.005659	0.008273	0.011374	0.005984	0.005386	0.008924	0.008545	0.013647	
1125	0.011706	0.010486	0.006574	0.008840	0.010786	0.005437	0.005416	0.010592	0.008444	0.014896	
1130	0.013094	0.011570	0.006396	0.008857	0.010778	0.005319	0.006045	0.011376	0.007170	0.013307	
1135	0.010926	0.010563	0.006453	0.009633	0.010923	0.006743	0.005457	0.010299	0.007401	0.013221	
1140	0.010372	0.010827	0.005298	0.011202	0.011340	0.005509	0.008234	0.010587	0.007458	0.011485	
1145	0.009228	0.013485	0.006625	0.010460	0.010619	0.006680	0.006492	0.011361	0.009301	0.010908	
1150	0.010659	0.010989	0.007799	0.011717	0.010425	0.007054	0.006176	0.011526	0.010813	0.010226	
1155	0.012103	0.010006	0.007074	0.007436	0.010730	0.009612	0.004851	0.010873	0.007727	0.010339	
1160	0.011961	0.008846	0.004578	0.007893	0.012795	0.009689	0.005679	0.010110	0.008872	0.013106	
1165	0.010306	0.009124	0.006244	0.007723	0.013136	0.008986	0.005327	0.011804	0.009127	0.011474	
1170	0.009305	0.010150	0.005157	0.008675	0.012133	0.009143	0.004509	0.011840	0.007650	0.011709	
1175	0.010312	0.011620	0.004626	0.007147	0.014963	0.007446	0.003935	0.011820	0.008208	0.012644	
1180	0.011242	0.013158	0.005913	0.008333	0.014219	0.007506	0.004642	0.008802	0.006994	0.010163	
1185	0.007644	0.013242	0.005933	0.009707	0.014052	0.007936	0.006691	0.008851	0.007587	0.010192	
1190	0.007238	0.010765	0.005527	0.010243	0.013583	0.008041	0.007361	0.008597	0.008321	0.010049	
1195	0.007935	0.010943	0.005150	0.011801	0.013311	0.006680	0.007141	0.008664	0.006995	0.009932	
1200	0.010129	0.009643	0.004940	0.010905	0.012862	0.008635	0.005874	0.008991	0.006861	0.008732	
1205	0.010149	0.010210	0.005157	0.011071	0.013742	0.007219	0.006182	0.008596	0.005747	0.010272	
1210	0.011982	0.008355	0.005055	0.009739	0.014864	0.008543	0.005294	0.008635	0.005064	0.010061	
1215	0.010162	0.010133	0.005350	0.008547	0.018948	0.011000	0.006936	0.009027	0.006798	0.009999	
1220	0.009316	0.010009	0.008225	0.009228	0.019238	0.008683	0.007251	0.009322	0.006295	0.011320	
1225	0.010051	0.007928	0.006009	0.009849	0.016447	0.008833	0.005273	0.008798	0.008354	0.013476	
1230	0.012074	0.008498	0.005502	0.011310	0.018761	0.007804	0.005408	0.009561	0.005648	0.013480	
1235	0.011032	0.008033	0.007652	0.012502	0.018450	0.009750	0.006727	0.011460	0.005924	0.012239	
1240	0.009743	0.007469	0.006668	0.010966	0.018935	0.007890	0.005238	0.011936	0.009118	0.009133	
1245	0.011186	0.007463	0.006695	0.010496	0.018963	0.009913	0.006318	0.010134	0.008632	0.009781	
1250	0.013692	0.007886	0.006609	0.011241	0.016873	0.009774	0.006040	0.011563	0.009308	0.007414	
1255	0.011155	0.006759	0.006789	0.009940	0.016704	0.010509	0.006563	0.010939	0.010476	0.009595	
1260	0.010915	0.007727	0.007963	0.011176	0.017493	0.010003	0.006688	0.009906	0.011391	0.011624	
1265	0.010515	0.009716	0.008692	0.010559	0.015779	0.009508	0.010468	0.011137	0.009621	0.011661	
1270	0.011079	0.009084	0.008167	0.011709	0.012288	0.009270	0.010324	0.011279	0.008613	0.011942	
1275	0.009870	0.008216	0.008847	0.011313	0.013659	0.010262	0.010410	0.012850	0.008658	0.012312	
1280	0.008474	0.008878	0.010488	0.011044	0.012161	0.010049	0.009916	0.012912	0.008779	0.012186	
1285	0.009673	0.008695	0.012096	0.010974	0.012314	0.012711	0.009077	0.013625	0.007297	0.014129	
1290	0.009169	0.010204	0.012485	0.011065	0.014138	0.014328	0.008184	0.008642	0.005941	0.010861	
1295	0.008676	0.010045	0.011098	0.010289	0.013014	0.013317	0.006862	0.007299	0.006703	0.010062	
1300	0.008331	0.007067	0.009572	0.010589	0.014030	0.009253	0.007207	0.008052	0.007566	0.009556	
1305	0.008455	0.005737	0.009442	0.010442	0.015550	0.009948	0.006297	0.006242	0.008701	0.008093	
1310	0.011263	0.006132	0.009085	0.009523	0.015113	0.009979	0.006769	0.006329	0.007966	0.008331	
1315	0.011013	0.006788	0.009355	0.010052	0.014234	0.010066	0.007845	0.007134	0.007608	0.008575	
1320	0.009506	0.006394	0.010295	0.010499	0.013410	0.009147	0.009086	0.007427	0.008613	0.009344	
1325	0.009606	0.007509	0.010672	0.011680	0.014473	0.009369	0.009098	0.005978	0.008900	0.009131	
1330	0.009016	0.007420	0.010166	0.010938	0.014529	0.007514	0.011004	0.005812	0.009673	0.010810	
1335	0.009027	0.006839	0.011497	0.013053	0.014333	0.006677	0.009314	0.006991	0.009906	0.008401	
1340	0.008628	0.007102	0.010312	0.012423	0.014249	0.006477	0.011603	0.008063	0.009892	0.005761	
1345	0.008126	0.008653	0.011113	0.012757	0.014104	0.007685	0.009562	0.006400	0.011115	0.005662	
1350	0.007850	0.008996	0.008846	0.011491	0.013076	0.008928	0.007720	0.005829	0.010622	0.006147	
1355	0.009484	0.007742	0.010554	0.011486	0.014628	0.008813	0.008078	0.007168	0.013464	0.006849	
1360	0.008179	0.007802	0.010655	0.011212	0.015417	0.010089	0.007562	0.008742	0.015795	0.007724	
1365	0.009239	0.006657	0.011075	0.012213	0.014202	0.010058	0.007631	0.009077	0.014423	0.007874	
1370	0.009120	0.007599	0.008863	0.009148	0.014846	0.010625	0.008367	0.009181	0.012753	0.008235	
1375	0.011048	0.006521	0.010355	0.008378	0.013091	0.006431	0.008051	0.007214	0.014374	0.007188	
1380	0.010606	0.007894	0.011234	0.007536	0.012047	0.006732	0.008666	0.008654	0.014880	0.008783	
1385	0.009439	0.007194	0.008940	0.006232	0.012154	0.004865	0.009232	0.009903	0.011299	0.006942	
1390	0.008917	0.007479	0.008246	0.006275	0.010349	0.004355	0.006487	0.009451	0.009150	0.005915	
1395	0.009789	0.006291	0.007319	0.008774	0.011228	0.003236	0.006252	0.009296	0.009530	0.006836	
1400	0.009441	0.007803	0.009412	0.009067	0.011572	0.004392	0.007618	0.010358	0.010205	0.005677	
1405	0.009732	0.007081	0.007695	0.008008	0.012039	0.006241	0.010218	0.007695	0.010395	0.005774	
1410	0.008964	0.006767	0.006917	0.007184	0.011980	0.005626	0.009197	0.007840	0.009957	0.006371	
1415	0.009649	0.005667	0.006549	0.007342	0.011297	0.005109	0.009474	0.008311	0.010755	0.007242	
1420	0.008732	0.004497	0.007057	0.005962	0.011769	0.004667	0.009828	0.007591	0.011071	0.010422	
1425	0.007445	0.006327	0.007317	0.008616	0.011187	0.004340	0.010722	0.008627	0.010565	0.009091	
1430	0.006871	0.006825	0.007168	0.007817	0.012123	0.004257	0.009316	0.008626	0.010534	0.009534	
1435	0.006792	0.007988	0.006550	0.007798	0.012552	0.003852	0.009424	0.005100	0.010088	0.009011	
1440	0.006688	0.008355	0.006772	0.008106	0.010983	0.004843	0.009325	0.006433	0.010521	0.011310	
1445	0.008962	0.009694	0.006997	0.008711	0.010526	0.004683	0.009824	0.006048	0.009746	0.009001	
1450	0.007589	0.008743	0.008844	0.007200	0.012611	0.005947	0.009531	0.006886	0.010254	0.009034	
1455	0.006955	0.008661	0.008550	0.007456	0.011664	0.006258	0.009090	0.006756	0.009894	0.007368	
1460	0.008626	0.008337	0.007906	0.007251	0.013503	0.007586	0.010070	0.006164	0.008752	0.009208	
1465	0.007573	0.008409	0.007426	0.006868	0.011640	0.007114	0.009153	0.007469	0.010672	0.008755	
1470	0.008493	0.007726	0.009047	0.006272	0.010878	0.007990	0.007430	0.005641	0.013709	0.007807	
1475	0.010086	0.008102	0.007735	0.006411	0.009688	0.005759	0.006085	0.007777	0.011292	0.006920	
1480	0.008635	0.008711	0.007872	0.006824	0.008096	0.008853	0.006666	0.007781	0.010496	0.005671	
1485	0.007038	0.007259	0.008847	0.004668	0.010505	0.009642	0.006494	0.007186	0.011335	0.004004	
1490	0.007181	0.009499	0.009373	0.005348	0.012060	0.007041	0.006716	0.007248	0.010851	0.005629	
1495	0.006800	0.009283	0.010544	0.007867	0.009260	0.005596	0.007936	0.007518	0.009300	0.004675	
1500	0.007855	0.011184	0.010157	0.008809	0.007562	0.007667	0.007974	0.008140	0.010554	0.004270	
1505	0.008220	0.012471	0.012855	0.006144	0.010099	0.006352	0.007666	0.009170	0.010938	0.006328	
1510	0.007784	0.011293	0.013583	0.006423	0.009193	0.005383	0.007241	0.009060	0.009605	0.007893	
1515	0.007806	0.007397	0.012720	0.005655	0.010347	0.007417	0.007525	0.009407	0.008048	0.007174	
1520	0.009308	0.006826	0.013612	0.007703	0.008701	0.007487	0.008604	0.009268	0.008774	0.005834	
1525	0.008646	0.005696	0.011142	0.008594	0.009356	0.005888	0.008577	0.008602	0.007316	0.006857	
1530	0.008572	0.006831	0.012611	0.008847	0.008437	0.006533	0.009171	0.008233	0.006607	0.008421	
1535	0.007772	0.006887	0.012641	0.008808	0.009536	0.007407	0.010123	0.007499	0.005931	0.005535	
1540	0.009334	0.005757	0.011674	0.008211	0.009959	0.006256	0.008394	0.006735	0.005888	0.006556	
1545	0.008706	0.006096	0.010797	0.007108	0.010623	0.008353	0.007572	0.006854	0.005434	0.006654	
1550	0.008141	0.006566	0.012277	0.007485	0.009908	0.007484	0.007409	0.006540	0.005213	0.006868	
1555	0.009631	0.006612	0.010865	0.006623	0.009365	0.010997	0.007567	0.007222	0.005675	0.007605	
1560	0.010164	0.006075	0.011625	0.006508	0.007202	0.012860	0.005594	0.010275	0.005225	0.009528	
1565	0.009389	0.007513	0.011547	0.007910	0.007181	0.012820	0.005437	0.009230	0.007542	0.007880	
1570	0.008634	0.007155	0.010293	0.009017	0.008603	0.012975	0.005778	0.008357	0.007904	0.009255	
1575	0.008208	0.008501	0.007270	0.006815	0.008206	0.010112	0.005683	0.008958	0.008335	0.008949	
1580	0.010167	0.007494	0.006910	0.006903	0.010882	0.010767	0.005253	0.009368	0.006012	0.009791	
1585	0.012138	0.009716	0.008364	0.005524	0.008844	0.010888	0.009352	0.007490	0.006771	0.009446	
1590	0.009252	0.010265	0.009713	0.007081	0.008097	0.011711	0.010531	0.008120	0.006484	0.009973	
1595	0.008955	0.007985	0.008155	0.008428	0.010155	0.012819	0.008429	0.007448	0.007240	0.008752	
1600	0.008846	0.009369	0.008623	0.009795	0.011802	0.011483	0.008263	0.006965	0.005846	0.010008	
1605	0.009115	0.010908	0.009507	0.014092	0.011144	0.010250	0.006934	0.008436	0.006868	0.010066	
1610	0.009353	0.008741	0.009227	0.015744	0.011061	0.010979	0.007562	0.008941	0.006462	0.009899	
1615	0.010994	0.008764	0.008865	0.014772	0.007948	0.011795	0.006525	0.006812	0.006754	0.007114	
1620	0.009268	0.009975	0.009743	0.011707	0.008392	0.009965	0.007146	0.007411	0.004506	0.008005	
1625	0.009030	0.010710	0.012286	0.013459	0.008281	0.008527	0.007325	0.007355	0.004457	0.008856	
1630	0.009224	0.011015	0.011344	0.013986	0.008956	0.007616	0.008030	0.009571	0.005576	0.008102	
1635	0.008064	0.010691	0.011111	0.013781	0.008159	0.008536	0.005917	0.009121	0.006287	0.008474	
1640	0.009089	0.010201	0.010894	0.014699	0.006641	0.007527	0.007183	0.010627	0.006377	0.007191	
1645	0.009669	0.011510	0.012697	0.011240	0.007756	0.005962	0.006954	0.009292	0.006258	0.007130	
1650	0.006707	0.010053	0.011879	0.011599	0.007621	0.007717	0.007896	0.007622	0.005674	0.008056	
1655	0.006242	0.010994	0.013143	0.010001	0.006747	0.007236	0.008668	0.007346	0.005239	0.008510	
1660	0.006293	0.011173	0.009369	0.009496	0.007466	0.005462	0.010972	0.007414	0.006880	0.006937	
1665	0.006770	0.010346	0.008727	0.010029	0.007030	0.005829	0.008617	0.006122	0.006615	0.005593	
1670	0.005688	0.009676	0.011246	0.008947	0.008466	0.006304	0.008752	0.005644	0.007394	0.005931	
1675	0.007136	0.009909	0.011725	0.009259	0.008962	0.005139	0.010322	0.005626	0.006844	0.006749	
1680	0.007525	0.008407	0.010195	0.011039	0.008801	0.004873	0.010557	0.007109	0.007947	0.006677	
1685	0.007251	0.009472	0.011117	0.009596	0.009156	0.007690	0.011005	0.007167	0.008069	0.007407	
1690	0.007213	0.008720	0.009954	0.008159	0.006695	0.007728	0.010760	0.006928	0.009010	0.006772	
1695	0.006228	0.009481	0.010393	0.008001	0.007481	0.006980	0.008845	0.005744	0.007922	0.007922	
1700	0.007053	0.007746	0.009562	0.009578	0.008157	0.007886	0.008649	0.008480	0.009180	0.007511	
1705	0.005266	0.008795	0.008416	0.009118	0.008241	0.006482	0.008569	0.007751	0.007978	0.007238	
1710	0.005109	0.008280	0.008640	0.009449	0.008776	0.008237	0.009740	0.009971	0.008306	0.008053	
1715	0.004539	0.010234	0.009359	0.010220	0.008681	0.009433	0.008324	0.009971	0.007227	0.007511	
1720	0.006353	0.010209	0.008134	0.011520	0.009030	0.010422	0.011378	0.010244	0.008517	0.008571	
1725	0.006883	0.011339	0.008141	0.012741	0.008485	0.010467	0.011021	0.011339	0.007283	0.012459	
1730	0.005382	0.011101	0.010708	0.012521	0.007520	0.009225	0.010179	0.011112	0.007241	0.010267	
1735	0.004770	0.010523	0.008876	0.013994	0.009479	0.009778	0.010758	0.012787	0.007092	0.009577	
1740	0.005695	0.009748	0.009337	0.014109	0.008717	0.007399	0.009296	0.013257	0.007598	0.009290	
1745	0.005536	0.009009	0.009008	0.011787	0.007283	0.008593	0.009649	0.011487	0.010308	0.009107	
1750	0.006539	0.007352	0.009377	0.008318	0.007476	0.007849	0.009385	0.010228	0.009949	0.006958	
1755	0.006830	0.009213	0.009804	0.007900	0.008030	0.008473	0.007337	0.007869	0.009412	0.005238	
1760	0.007250	0.008819	0.009917	0.007528	0.006488	0.008691	0.006267	0.008282	0.009930	0.006321	
1765	0.007816	0.008638	0.011027	0.010046	0.008150	0.008625	0.005556	0.007753	0.009434	0.007937	
1770	0.005755	0.010435	0.015006	0.007247	0.006690	0.010029	0.005808	0.008040	0.008855	0.008592	
1775	0.006782	0.009811	0.015450	0.008489	0.009013	0.010317	0.006184	0.009557	0.010607	0.009419	
1780	0.007818	0.010524	0.014986	0.009732	0.010543	0.012084	0.006822	0.008579	0.009314	0.010216	
1785	0.007656	0.009836	0.014432	0.009755	0.010131	0.012413	0.006959	0.010853	0.008808	0.008458	
1790	0.007676	0.008357	0.011779	0.009879	0.007067	0.011577	0.006463	0.010804	0.007942	0.007347	
1795	0.008814	0.008696	0.009588	0.009764	0.007060	0.011083	0.007385	0.010175	0.005889	0.007439	
1800	0.009360	0.010503	0.009102	0.009333	0.007963	0.011863	0.006396	0.009639	0.004142	0.006469	
1805	0.007721	0.011744	0.009032	0.008289	0.007933	0.012310	0.005072	0.008749	0.004166	0.006636	
1810	0.006976	0.013935	0.010759	0.008303	0.007504	0.011436	0.007150	0.009261	0.004081	0.006483	
1815	0.006388	0.012760	0.009391	0.007127	0.007301	0.011021	0.006586	0.009434	0.005158	0.006687	
1820	0.006729	0.012953	0.009269	0.007431	0.007487	0.010529	0.008234	0.008040	0.004359	0.006794	
1825	0.006389	0.010510	0.010829	0.009104	0.007063	0.008507	0.006983	0.007916	0.006037	0.006819	
1830	0.008450	0.007560	0.008470	0.008921	0.007556	0.008695	0.006439	0.008961	0.005800	0.007697	
1835	0.008793	0.006327	0.008022	0.009325	0.008814	0.005285	0.007586	0.007650	0.005615	0.008299	
1840	0.008526	0.007323	0.008000	0.011192	0.009831	0.006367	0.008625	0.006796	0.004811	0.008585	
1845	0.006782	0.006682	0.007923	0.010195	0.010037	0.007680	0.007071	0.005842	0.005468	0.010280	
1850	0.005070	0.007125	0.008860	0.009186	0.011550	0.008220	0.005869	0.007672	0.006680	0.008648	
1855	0.007139	0.007217	0.010708	0.009185	0.010404	0.007906	0.006208	0.008549	0.007961	0.008709	
1860	0.004714	0.005315	0.010391	0.009780	0.009108	0.008592	0.006919	0.009450	0.006903	0.008020	
1865	0.006494	0.006835	0.009251	0.007526	0.009053	0.009909	0.008269	0.010049	0.007135	0.008245	
1870	0.008370	0.005671	0.007621	0.007056	0.007895	0.010851	0.008028	0.009177	0.006685	0.007284	
1875	0.008378	0.005156	0.007660	0.006421	0.007884	0.011075	0.007547	0.008004	0.008159	0.008262	
1880	0.008990	0.005847	0.008308	0.007130	0.007273	0.009478	0.006994	0.008910	0.006928	0.006296	
1885	0.009615	0.005761	0.007239	0.007179	0.005082	0.008493	0.008759	0.008013	0.007322	0.005742	
1890	0.012020	0.006121	0.008024	0.007533	0.004581	0.007573	0.007105	0.009504	0.009728	0.007006	
1895	0.012446	0.004927	0.009438	0.008495	0.005075	0.008124	0.005659	0.010561	0.008490	0.009086	
1900	0.011883	0.005461	0.009841	0.007814	0.005762	0.006886	0.005244	0.011965	0.008394	0.008427	
1905	0.010540	0.004046	0.008062	0.006887	0.007407	0.006430	0.006673	0.009151	0.007855	0.008921	
1910	0.009684	0.003378	0.007603	0.006266	0.006034	0.005878	0.007937	0.007494	0.008305	0.008094	
1915	0.010550	0.005051	0.007739	0.005792	0.007670	0.006145	0.010232	0.008695	0.008968	0.007644	
1920	0.009243	0.005684	0.006796	0.005305	0.007622	0.004239	0.008511	0.007573	0.008069	0.009382	
1925	0.009675	0.007043	0.008033	0.007124	0.007162	0.004984	0.008781	0.010180	0.006888	0.007757	
1930	0.010091	0.006985	0.009007	0.009401	0.005940	0.006972	0.011111	0.009087	0.006742	0.008490	
1935	0.009456	0.009662	0.009888	0.008733	0.006859	0.009001	0.009445	0.010839	0.006555	0.007817	
1940	0.007490	0.009327	0.009140	0.009993	0.006612	0.008191	0.009207	0.009686	0.006411	0.007908	
1945	0.009583	0.005818	0.008461	0.008296	0.006173	0.007693	0.008164	0.007429	0.006895	0.008063	
1950	0.010727	0.005898	0.006763	0.007407	0.005559	0.007164	0.008269	0.008277	0.006184	0.006474	
1955	0.008404	0.005272	0.008655	0.007740	0.005072	0.010182	0.008608	0.007229	0.007588	0.005593	
1960	0.009223	0.006416	0.008709	0.009989	0.005181	0.009683	0.009947	0.008807	0.006079	0.008860	
1965	0.006789	0.005498	0.009221	0.009876	0.006140	0.008897	0.009944	0.009923	0.007106	0.009474	
1970	0.006776	0.005314	0.009061	0.010787	0.007335	0.010794	0.012020	0.009172	0.007837	0.009620	
1975	0.006482	0.006691	0.006557	0.009395	0.008099	0.010315	0.011104	0.010960	0.006734	0.008371	
1980	0.007021	0.005585	0.007521	0.007515	0.007078	0.008544	0.010431	0.012059	0.007683	0.006717	
1985	0.008295	0.007605	0.004497	0.007186	0.007574	0.008942	0.010652	0.011936	0.008250	0.005814	
1990	0.005967	0.007585	0.004339	0.007291	0.008480	0.007827	0.011333	0.011405	0.007902	0.005964	
1995	0.007616	0.008217	0.005398	0.006802	0.009917	0.008018	0.009121	0.010323	0.009568	0.005711	
2000	0.009539	0.007241	0.006244	0.006602	0.008430	0.005687	0.005997	0.010474	0.007744	0.007491	
2005	0.008047	0.006656	0.005342	0.007871	0.007168	0.007078	0.006781	0.009374	0.007469	0.007959	
2010	0.007458	0.006940	0.004699	0.007998	0.005687	0.008639	0.005033	0.007963	0.007668	0.008999	
2015	0.007216	0.008388	0.005578	0.007567	0.006951	0.005909	0.006094	0.008106	0.007430	0.005454	
2020	0.007193	0.008266	0.007206	0.008962	0.006202	0.008150	0.006750	0.007842	0.010817	0.006573	
2025	0.007517	0.009191	0.007307	0.010622	0.007116	0.009137	0.007928	0.006905	0.007882	0.006587	
2030	0.008877	0.010590	0.007389	0.009166	0.008790	0.011808	0.008265	0.008813	0.007625	0.008086	
2035	0.006868	0.010143	0.007752	0.007695	0.008108	0.009339	0.007254	0.008946	0.008262	0.008368	
2040	0.007637	0.008840	0.008568	0.007408	0.007979	0.009586	0.007808	0.009682	0.006744	0.008823	
2045	0.009454	0.009258	0.007339	0.007122	0.007242	0.008753	0.006100	0.009766	0.005479	0.007329	
2050	0.007565	0.009997	0.006971	0.008693	0.007350	0.008311	0.005039	0.010943	0.006507	0.008674	
2055	0.006460	0.011886	0.007956	0.010334	0.006361	0.010299	0.005855	0.009879	0.005813	0.008195	
2060	0.008634	0.011758	0.009534	0.009171	0.006899	0.009261	0.007978	0.012450	0.006929	0.007551	
2065	0.010026	0.011423	0.007653	0.008920	0.005311	0.010700	0.008609	0.014641	0.006842	0.006961	
2070	0.010192	0.010053	0.007461	0.010024	0.005106	0.012093	0.007592	0.011679	0.006601	0.007675	
2075	0.009401	0.010444	0.008116	0.008710	0.005840	0.012122	0.007323	0.011450	0.005890	0.009229	
2080	0.007333	0.009717	0.007157	0.008659	0.005876	0.009937	0.009984	0.012190	0.005092	0.006763	
2085	0.008454	0.009221	0.007009	0.007240	0.006306	0.010901	0.009748	0.012836	0.006391	0.007570	
2090	0.007918	0.010374	0.008349	0.006581	0.005600	0.008927	0.010498	0.012378	0.005275	0.008822	
2095	0.007765	0.008672	0.008101	0.010039	0.007168	0.007935	0.010979	0.013232	0.005613	0.007666	
2100	0.007999	0.008242	0.006548	0.008782	0.006731	0.008804	0.009437	0.010113	0.005539	0.009093	
2105	0.008166	0.008163	0.005978	0.007888	0.006916	0.007885	0.009640	0.011822	0.005286	0.009008	
2110	0.009084	0.008195	0.007499	0.009722	0.007136	0.009605	0.010241	0.010642	0.004083	0.009184	
2115	0.006716	0.010675	0.007449	0.010720	0.005846	0.007994	0.009607	0.011682	0.004816	0.008783	
2120	0.006471	0.010994	0.006400	0.010560	0.007665	0.008185	0.009046	0.010470	0.006759	0.008894	
2125	0.006921	0.009344	0.005784	0.009570	0.007827	0.007252	0.010634	0.007985	0.006388	0.010686	
2130	0.005908	0.010177	0.007158	0.009024	0.005939	0.007114	0.010670	0.008324	0.005820	0.010758	
2135	0.006708	0.008944	0.007273	0.009619	0.005924	0.006556	0.008527	0.007633	0.005919	0.012348	
2140	0.006175	0.008687	0.007411	0.008659	0.005910	0.006658	0.006960	0.008044	0.007572	0.010133	
2145	0.007037	0.007795	0.008009	0.006837	0.006828	0.007037	0.006831	0.008936	0.006485	0.007980	
2150	0.007748	0.008413	0.008999	0.007795	0.006025	0.006178	0.007146	0.008922	0.006698	0.007333	
2155	0.008803	0.007855	0.009471	0.007051	0.005430	0.007786	0.006542	0.007639	0.008709	0.007939	
2160	0.008215	0.008186	0.008762	0.007970	0.005113	0.006965	0.006760	0.008096	0.009455	0.007609	
2165	0.008130	0.009348	0.011342	0.007094	0.005214	0.008396	0.006553	0.008614	0.008788	0.007806	
2170	0.007841	0.007307	0.008427	0.007425	0.003914	0.010058	0.006987	0.007572	0.008387	0.007960	
2175	0.007403	0.007760	0.010943	0.008457	0.004406	0.010232	0.008130	0.007021	0.008048	0.007344	
2180	0.006488	0.009134	0.011097	0.008593	0.006495	0.011843	0.007678	0.010072	0.009176	0.007800	
2185	0.007596	0.008423	0.010450	0.006773	0.007747	0.008962	0.006322	0.008379	0.008401	0.009168	
2190	0.006323	0.007265	0.010812	0.006685	0.008629	0.010038	0.005944	0.007369	0.009955	0.008052	
2195	0.006521	0.007981	0.009437	0.007512	0.008734	0.008625	0.004488	0.008050	0.009779	0.009600	
2200	0.005805	0.009227	0.008286	0.008729	0.008236	0.007981	0.005015	0.005778	0.007926	0.008799	
2205	0.006874	0.011246	0.008389	0.006860	0.009624	0.008183	0.006709	0.006499	0.010056	0.009019	
2210	0.007776	0.009073	0.007673	0.006926	0.011862	0.006923	0.009282	0.007959	0.009768	0.009596	
2215	0.008411	0.010517	0.007298	0.009492	0.013123	0.005477	0.006591	0.007662	0.010347	0.010825	
2220	0.008849	0.008237	0.007434	0.009022	0.012200	0.006540	0.009248	0.006611	0.012340	0.009311	
2225	0.009564	0.007892	0.007874	0.008872	0.012218	0.004983	0.009948	0.005280	0.009379	0.010315	
2230	0.009267	0.008401	0.006710	0.007824	0.012601	0.006633	0.010087	0.004864	0.008294	0.010593	
2235	0.009105	0.008255	0.006803	0.009060	0.008432	0.007609	0.008388	0.004455	0.007363	0.009852	
2240	0.008996	0.008355	0.007388	0.007900	0.007802	0.006922	0.007197	0.005358	0.007052	0.011315	
2245	0.009346	0.008907	0.008253	0.008089	0.006296	0.005922	0.005317	0.006610	0.006980	0.012751	
2250	0.008211	0.007126	0.008813	0.008463	0.006185	0.007178	0.007717	0.007904	0.006619	0.012839	
2255	0.007870	0.008179	0.008147	0.008783	0.007315	0.008431	0.007325	0.007889	0.005868	0.014641	
2260	0.006485	0.008835	0.007948	0.007846	0.008847	0.007694	0.007620	0.006357	0.006187	0.014929	
2265	0.006059	0.010441	0.006176	0.007855	0.007138	0.007744	0.007729	0.005369	0.006338	0.013652	
2270	0.008109	0.010883	0.006108	0.009994	0.006501	0.009600	0.007037	0.006403	0.005212	0.013369	
2275	0.009603	0.012891	0.007762	0.009249	0.006541	0.008246	0.006355	0.006262	0.004889	0.012879	
2280	0.008778	0.011577	0.009141	0.009510	0.007316	0.008743	0.006782	0.006024	0.006264	0.012936	
2285	0.007750	0.013575	0.006329	0.009132	0.010523	0.008325	0.006706	0.004832	0.007796	0.012898	
2290	0.009716	0.010571	0.006250	0.011550	0.008824	0.009442	0.008166	0.007870	0.009654	0.014441	
2295	0.010704	0.011573	0.004942	0.009555	0.008695	0.008712	0.009866	0.006720	0.008699	0.012365	
2300	0.010804	0.011288	0.005688	0.009887	0.009209	0.009481	0.009035	0.004742	0.009430	0.011709	
2305	0.010759	0.009855	0.004536	0.009718	0.008990	0.008685	0.011270	0.005074	0.008594	0.010499	
2310	0.011538	0.009010	0.004132	0.008341	0.007440	0.008342	0.012110	0.006713	0.006977	0.010461	
2315	0.011376	0.012846	0.005094	0.008711	0.009655	0.008497	0.009068	0.007785	0.006871	0.011522	
2320	0.012504	0.013163	0.004632	0.007527	0.009206	0.009110	0.011245	0.009360	0.007820	0.012671	
2325	0.014042	0.011721	0.006216	0.006441	0.010384	0.008042	0.010230	0.008278	0.008420	0.012122	
2330	0.013106	0.012340	0.008482	0.006568	0.011106	0.009939	0.008693	0.008053	0.007851	0.012833	
2335	0.009355	0.009419	0.007243	0.006987	0.011960	0.008111	0.008521	0.006028	0.007215	0.012564	
2340	0.008838	0.010297	0.004478	0.007357	0.012719	0.007974	0.008450	0.006901	0.007259	0.012081	
2345	0.009331	0.009934	0.005198	0.008742	0.010717	0.007983	0.008931	0.007336	0.006270	0.010005	
2350	0.007576	0.011826	0.007604	0.009781	0.008897	0.006946	0.007918	0.007527	0.006593	0.009930	
2355	0.007187	0.011760	0.008337	0.008095	0.012576	0.007077	0.010317	0.005500	0.007408	0.012100	
2360	0.008525	0.012458	0.007665	0.008002	0.012637	0.009061	0.010533	0.004862	0.008608	0.011097	
2365	0.008412	0.010740	0.010177	0.008210	0.014107	0.008841	0.008419	0.006394	0.011536	0.012888	
2370	0.009754	0.009627	0.008251	0.008540	0.012788	0.007336	0.009118	0.006331	0.012227	0.011463	
2375	0.011220	0.009491	0.009575	0.008126	0.012907	0.008885	0.007195	0.006956	0.011374	0.011193	
2380	0.011449	0.009276	0.009943	0.007995	0.012535	0.009159	0.007116	0.006722	0.009705	0.009345	
2385	0.012369	0.010640	0.011694	0.008862	0.012022	0.008376	0.007785	0.006628	0.009333	0.010472	
2390	0.009989	0.010274	0.010055	0.008235	0.010258	0.009980	0.007821	0.009475	0.009425	0.010321	
2395	0.011336	0.009242	0.008633	0.005017	0.009590	0.008722	0.007126	0.010659	0.008703	0.010425	
2400	0.011265	0.008304	0.010380	0.005411	0.010354	0.009808	0.005745	0.008112	0.008186	0.009364	
2405	0.009854	0.008793	0.010504	0.006101	0.009247	0.009368	0.006349	0.008856	0.010799	0.008835	
2410	0.010695	0.007537	0.010563	0.008089	0.007596	0.008014	0.007544	0.008190	0.008270	0.008666	
2415	0.011749	0.006833	0.007105	0.007065	0.009098	0.008067	0.008022	0.007341	0.007873	0.008658	
2420	0.009886	0.006121	0.008218	0.008355	0.009414	0.007718	0.007533	0.005722	0.007793	0.009361	
2425	0.008635	0.006504	0.008940	0.007055	0.008468	0.006679	0.008364	0.006616	0.007874	0.009049	
2430	0.007535	0.007917	0.009996	0.006538	0.009083	0.006292	0.010649	0.007153	0.007133	0.010487	
2435	0.008141	0.010196	0.010350	0.005978	0.010694	0.006353	0.009117	0.006403	0.008381	0.009167	
2440	0.007310	0.011064	0.011161	0.007155	0.009921	0.006677	0.007849	0.007035	0.007199	0.007592	
2445	0.007358	0.008509	0.009405	0.006520	0.009169	0.006538	0.007520	0.006048	0.007472	0.006773	
2450	0.007335	0.008805	0.010322	0.009722	0.008558	0.006410	0.009834	0.005570	0.008110	0.009580	
2455	0.006764	0.006657	0.007153	0.008453	0.009723	0.010677	0.009431	0.005009	0.005369	0.010943	
2460	0.007680	0.007021	0.006164	0.008230	0.008785	0.010310	0.008290	0.004048	0.005529	0.011473	
2465	0.007112	0.008726	0.005426	0.007341	0.011257	0.010417	0.008272	0.005604	0.005525	0.012509	
2470	0.007300	0.008345	0.005892	0.007513	0.009916	0.011589	0.007654	0.005799	0.007559	0.012761	
2475	0.008522	0.007504	0.006194	0.010061	0.009198	0.012642	0.007249	0.005561	0.007958	0.013242	
2480	0.007308	0.008147	0.007684	0.008024	0.009201	0.012382	0.007672	0.004181	0.010473	0.013572	
2485	0.008777	0.007919	0.006731	0.006029	0.010432	0.010952	0.007645	0.005302	0.009127	0.013161	
2490	0.009405	0.007570	0.006512	0.006219	0.010710	0.009575	0.008037	0.004991	0.007328	0.011483	
2495	0.008164	0.008421	0.007085	0.008329	0.010385	0.009469	0.007825	0.005129	0.007457	0.012740	
2500	0.007482	0.007361	0.009453	0.009257	0.010849	0.008703	0.007454	0.004281	0.007101	0.011647	
2505	0.008839	0.008985	0.009588	0.009242	0.011502	0.009582	0.006789	0.006106	0.007607	0.011755	
2510	0.010329	0.008733	0.011884	0.010191	0.010709	0.010820	0.007129	0.007258	0.008585	0.011094	
2515	0.010678	0.008322	0.009026	0.010315	0.010825	0.010473	0.008413	0.007530	0.008570	0.012902	
2520	0.008669	0.011645	0.008021	0.009977	0.009831	0.008534	0.010654	0.008137	0.009460	0.012186	
2525	0.009828	0.007812	0.008250	0.008536	0.010859	0.009848	0.010110	0.009300	0.008046	0.008964	
2530	0.010529	0.006873	0.006506	0.008875	0.010881	0.010468	0.009878	0.010432	0.008501	0.012112	
2535	0.013994	0.005945	0.007088	0.009538	0.010259	0.010587	0.011707	0.011855	0.010278	0.011935	
2540	0.011269	0.006009	0.009508	0.008627	0.009872	0.010938	0.009331	0.008858	0.011410	0.010883	
2545	0.009331	0.006004	0.009072	0.008957	0.010211	0.010222	0.007237	0.010489	0.012098	0.009514	
2550	0.009242	0.005904	0.010009	0.008509	0.011142	0.011213	0.008111	0.010307	0.013838	0.009246	
2555	0.008357	0.005953	0.010514	0.008625	0.011402	0.009156	0.008223	0.012270	0.012158	0.007716	
2560	0.008504	0.005543	0.009851	0.009451	0.010700	0.009740	0.009438	0.009487	0.011833	0.007911	
2565	0.009881	0.005114	0.011887	0.009630	0.012724	0.008347	0.010401	0.009793	0.011444	0.008441	
2570	0.010002	0.006584	0.011015	0.008429	0.012486	0.010627	0.011156	0.009166	0.009552	0.010280	
2575	0.010049	0.007282	0.010226	0.007025	0.014043	0.011384	0.016116	0.007425	0.009051	0.011238	
2580	0.009755	0.008537	0.009793	0.006230	0.012987	0.012468	0.016409	0.008026	0.008671	0.010347	
2585	0.008745	0.009187	0.007639	0.008541	0.013369	0.010607	0.015915	0.007547	0.008271	0.012303	
2590	0.008216	0.007894	0.008311	0.007948	0.013263	0.009569	0.014798	0.008970	0.008919	0.012912	
2595	0.007164	0.006396	0.009121	0.008722	0.015144	0.008727	0.016878	0.008453	0.007078	0.012383	
2600	0.006366	0.007111	0.011139	0.007978	0.011053	0.008347	0.017682	0.008450	0.007737	0.010722	
2605	0.009346	0.006679	0.009310	0.009042	0.010382	0.010492	0.017584	0.008379	0.007818	0.008476	
2610	0.008315	0.008967	0.008166	0.007996	0.011499	0.010646	0.016533	0.007582	0.007019	0.009359	
2615	0.009057	0.008940	0.008596	0.008368	0.012853	0.009748	0.016888	0.006852	0.006438	0.007345	
2620	0.008202	0.007787	0.007465	0.007837	0.012705	0.008349	0.014359	0.006960	0.009255	0.008508	
2625	0.006850	0.009190	0.006786	0.009181	0.011304	0.008514	0.014628	0.004775	0.009355	0.010024	
2630	0.005000	0.010011	0.008415	0.011178	0.012603	0.009252	0.013673	0.006277	0.010402	0.011258	
2635	0.005457	0.008688	0.006787	0.010844	0.011034	0.008496	0.012423	0.008073	0.010695	0.011144	
2640	0.006249	0.008345	0.007444	0.010974	0.009079	0.007284	0.011183	0.010245	0.010533	0.009950	
2645	0.006480	0.007907	0.007079	0.010637	0.010346	0.007199	0.009793	0.009608	0.011993	0.010666	
2650	0.007607	0.009847	0.006532	0.010934	0.010925	0.008733	0.009653	0.009541	0.010970	0.009532	
2655	0.006682	0.010514	0.007298	0.012153	0.009845	0.008264	0.008852	0.008946	0.011733	0.008256	
2660	0.009086	0.010892	0.007699	0.012364	0.012958	0.009259	0.009368	0.008673	0.011998	0.009842	
2665	0.007734	0.010891	0.007703	0.010868	0.011818	0.009246	0.008758	0.009512	0.011750	0.010527	
2670	0.007519	0.009312	0.005130	0.010732	0.012305	0.008341	0.009396	0.009314	0.011441	0.010503	
2675	0.007091	0.009862	0.005403	0.009845	0.012528	0.008555	0.008705	0.009924	0.010843	0.013552	
2680	0.006710	0.007761	0.006487	0.010536	0.013700	0.006973	0.007412	0.009274	0.009756	0.013289	
2685	0.006836	0.008680	0.004842	0.008622	0.013178	0.007169	0.006152	0.010434	0.008318	0.011102	
2690	0.007175	0.008588	0.006926	0.009177	0.013617	0.008350	0.006795	0.008902	0.010401	0.009763	
2695	0.005929	0.007730	0.009044	0.010060	0.012059	0.009232	0.005911	0.008921	0.009943	0.010558	
2700	0.006581	0.008084	0.008181	0.009086	0.014973	0.008924	0.005418	0.007706	0.010525	0.010583	
2705	0.006315	0.007623	0.007958	0.009590	0.012315	0.009338	0.005346	0.008266	0.010972	0.011101	
2710	0.007174	0.008815	0.008028	0.008681	0.015512	0.008526	0.008128	0.010332	0.010795	0.009389	
2715	0.007610	0.007778	0.006386	0.009278	0.014057	0.006378	0.007378	0.010390	0.008244	0.008037	
2720	0.007218	0.009280	0.006106	0.009411	0.010951	0.007987	0.006001	0.012713	0.007908	0.008545	
2725	0.006770	0.011725	0.007627	0.009960	0.008864	0.008239	0.006231	0.010636	0.006786	0.007330	
2730	0.006665	0.013506	0.006226	0.009324	0.009983	0.007398	0.006693	0.009385	0.007410	0.007707	
2735	0.007211	0.012044	0.005226	0.009856	0.009301	0.008030	0.006955	0.011291	0.009269	0.007299	
2740	0.006764	0.014106	0.005030	0.010688	0.010556	0.008804	0.006677	0.010552	0.009539	0.009615	
2745	0.009067	0.015444	0.006368	0.009550	0.009222	0.007287	0.006287	0.010730	0.010450	0.009731	
2750	0.007986	0.010986	0.006760	0.011269	0.010626	0.007045	0.007459	0.007876	0.011108	0.009601	
2755	0.006229	0.011855	0.006096	0.011612	0.010518	0.009298	0.006800	0.008320	0.009473	0.007989	
2760	0.006090	0.010628	0.006752	0.012213	0.007565	0.009493	0.008523	0.009155	0.009439	0.008093	
2765	0.005484	0.010800	0.005932	0.011181	0.006353	0.007889	0.008133	0.009493	0.007751	0.007646	
2770	0.006223	0.012230	0.006271	0.010217	0.006551	0.008952	0.006253	0.011909	0.007969	0.007735	
2775	0.007100	0.012060	0.007950	0.010619	0.006440	0.010004	0.005614	0.009680	0.009332	0.006437	
2780	0.010408	0.012941	0.004779	0.009470	0.006318	0.009441	0.005676	0.009277	0.009535	0.006327	
2785	0.009265	0.011385	0.005773	0.008083	0.005298	0.011097	0.005783	0.008372	0.007634	0.008879	
2790	0.009595	0.012272	0.005747	0.007590	0.005132	0.013481	0.007100	0.008211	0.006846	0.007617	
2795	0.008640	0.012699	0.006950	0.007845	0.006118	0.014467	0.007306	0.009731	0.007364	0.008364	
2800	0.008496	0.014806	0.008567	0.010072	0.007100	0.011537	0.007561	0.008854	0.008050	0.006197	
2805	0.008085	0.009803	0.007149	0.010544	0.006104	0.009757	0.008353	0.009237	0.009246	0.007773	
2810	0.007029	0.010840	0.008624	0.008273	0.007213	0.010509	0.008517	0.009180	0.007939	0.007032	
2815	0.011365	0.011256	0.010769	0.006434	0.007079	0.012035	0.006819	0.008679	0.010828	0.007683	
2820	0.009311	0.010091	0.008339	0.009008	0.005959	0.011662	0.007607	0.008907	0.008998	0.009477	
2825	0.007906	0.010000	0.008091	0.008797	0.006667	0.012552	0.006121	0.007468	0.008284	0.007852	
2830	0.008089	0.009027	0.007064	0.010721	0.006316	0.011874	0.007295	0.007909	0.008065	0.007881	
2835	0.007694	0.008080	0.006966	0.009197	0.006873	0.011428	0.007192	0.009578	0.006444	0.007416	
2840	0.008238	0.008202	0.008709	0.007380	0.007359	0.012002	0.005773	0.013441	0.005902	0.007390	
2845	0.008509	0.007737	0.006377	0.007518	0.007675	0.011931	0.007018	0.010266	0.006134	0.006702	
2850	0.007729	0.007331	0.005344	0.009134	0.006986	0.010055	0.007135	0.009067	0.005510	0.006276	
2855	0.007846	0.007172	0.006495	0.010439	0.006312	0.011528	0.008018	0.008593	0.004307	0.008319	
2860	0.006653	0.006150	0.006118	0.010186	0.005554	0.010192	0.008512	0.011296	0.005002	0.009120	
2865	0.006416	0.010014	0.005746	0.009334	0.004481	0.012133	0.008936	0.012171	0.006558	0.007931	
2870	0.006315	0.009290	0.004739	0.010658	0.004030	0.012165	0.006713	0.011759	0.007492	0.007277	
2875	0.006418	0.010032	0.003727	0.010841	0.005776	0.012954	0.010276	0.012553	0.007594	0.005523	
2880	0.007730	0.009745	0.004197	0.012087	0.007370	0.011930	0.009010	0.013928	0.008007	0.005286	
2885	0.007007	0.009685	0.005101	0.012453	0.007731	0.012077	0.009426	0.015638	0.005355	0.007757	
2890	0.006722	0.007998	0.005315	0.011223	0.007513	0.010720	0.008685	0.013462	0.006402	0.008757	
2895	0.005213	0.007303	0.006269	0.008458	0.005065	0.010592	0.008074	0.014079	0.006601	0.009205	
2900	0.005554	0.008146	0.009325	0.009428	0.004986	0.010404	0.007061	0.013368	0.007440	0.009902	
2905	0.006724	0.008687	0.009154	0.008485	0.005538	0.009256	0.006657	0.011423	0.009184	0.012199	
2910	0.008948	0.008669	0.008032	0.008400	0.005961	0.009657	0.007198	0.010036	0.009112	0.013455	
2915	0.009046	0.008789	0.007760	0.008373	0.007501	0.008998	0.007827	0.010236	0.009575	0.010309	
2920	0.007258	0.008594	0.006980	0.010963	0.007070	0.008822	0.008025	0.010576	0.010356	0.008818	
2925	0.009507	0.009887	0.005626	0.009130	0.006139	0.009971	0.007650	0.008238	0.012065	0.009632	
2930	0.007996	0.007133	0.006013	0.008094	0.005492	0.009527	0.009187	0.008995	0.010486	0.008916	
2935	0.007176	0.008451	0.004819	0.008524	0.006365	0.007850	0.011100	0.010724	0.010359	0.011206	
2940	0.006844	0.008379	0.004391	0.007628	0.005879	0.008580	0.007919	0.009825	0.008406	0.011547	
2945	0.006596	0.008954	0.004809	0.008145	0.008049	0.008150	0.006626	0.013281	0.008738	0.012182	
2950	0.007508	0.009743	0.004395	0.008546	0.008333	0.008524	0.007470	0.013731	0.009921	0.012590	
2955	0.007833	0.008705	0.005113	0.010930	0.007608	0.009538	0.007268	0.013158	0.010346	0.009805	
2960	0.006577	0.008181	0.003869	0.009864	0.010184	0.010238	0.008449	0.013021	0.010075	0.009522	
2965	0.007471	0.009789	0.004415	0.008528	0.009095	0.009972	0.008942	0.011880	0.010883	0.009470	
2970	0.011037	0.011020	0.007280	0.006792	0.010812	0.010284	0.008854	0.012214	0.011894	0.008766	
2975	0.009004	0.009606	0.006251	0.007536	0.010072	0.009795	0.010776	0.010534	0.009974	0.008356	
2980	0.008480	0.010263	0.006634	0.007417	0.008640	0.011120	0.009697	0.009372	0.009023	0.010002	
2985	0.008153	0.009659	0.006566	0.007251	0.006097	0.008878	0.009199	0.008846	0.007374	0.009881	
2990	0.008190	0.009209	0.005576	0.005620	0.006762	0.009834	0.010443	0.008661	0.008496	0.011262	
2995	0.007820	0.010265	0.006493	0.007312	0.006749	0.009223	0.009446	0.009836	0.010023	0.010117	
3000	0.005446	0.008791	0.006321	0.008492	0.006879	0.008724	0.008818	0.008592	0.009571	0.009416	
