T	rep_1	rep_2	rep_3	rep_4	rep_5	rep_6	rep_7	rep_8	rep_9	rep_10
5	0.085829	0.089558	0.105654	0.094368	0.088579	0.077218	0.101716	0.093637	0.088421	0.101693	
10	0.225947	0.188270	0.182085	0.316570	0.202008	0.221533	0.209965	0.212725	0.236104	0.244186	
15	0.287342	0.294591	0.268731	0.361628	0.264386	0.305403	0.288915	0.267584	0.306755	0.305933	
20	0.361220	0.380935	0.430311	0.391061	0.349984	0.379099	0.441525	0.366818	0.431581	0.351846	
25	0.489941	0.476280	0.493681	0.447447	0.432733	0.455524	0.524333	0.451653	0.506610	0.431142	
30	0.579354	0.556325	0.525563	0.519022	0.534811	0.520636	0.561080	0.505992	0.556422	0.512960	
35	0.633081	0.617536	0.569314	0.587068	0.627208	0.569579	0.599427	0.558250	0.606068	0.582921	
40	0.667893	0.660707	0.635853	0.654410	0.695990	0.611529	0.651398	0.616880	0.661716	0.656773	
45	0.695913	0.691100	0.699456	0.722447	0.748414	0.650342	0.710110	0.664088	0.705066	0.729698	
50	0.725756	0.718853	0.747266	0.769640	0.791222	0.687812	0.761305	0.700187	0.730936	0.776660	
55	0.762945	0.746697	0.772261	0.805644	0.820460	0.729994	0.799306	0.730745	0.752029	0.803283	
60	0.795348	0.770097	0.793296	0.825641	0.833887	0.774634	0.819987	0.756359	0.774073	0.819853	
65	0.819538	0.789361	0.804388	0.837651	0.846807	0.813059	0.837416	0.787160	0.790180	0.831806	
70	0.839182	0.815226	0.817056	0.851389	0.856072	0.837318	0.846747	0.811957	0.806653	0.839841	
75	0.847050	0.831876	0.824290	0.859549	0.859891	0.855235	0.858731	0.827664	0.821689	0.848580	
80	0.850786	0.842966	0.834604	0.865123	0.863830	0.858590	0.866286	0.838317	0.834501	0.854115	
85	0.857294	0.851199	0.841434	0.871034	0.866667	0.866650	0.865707	0.847309	0.844585	0.855857	
90	0.863563	0.858662	0.845409	0.869771	0.865049	0.869225	0.865001	0.854762	0.848192	0.857628	
95	0.864839	0.866050	0.846943	0.870349	0.868733	0.869095	0.867517	0.856986	0.852855	0.862207	
100	0.865173	0.868850	0.854670	0.873050	0.869967	0.870830	0.868315	0.863051	0.854886	0.865622	
105	0.859247	0.869760	0.853210	0.871320	0.869700	0.872921	0.870217	0.866994	0.859520	0.865328	
110	0.856743	0.865718	0.853157	0.866724	0.864593	0.870226	0.868791	0.867888	0.858669	0.864486	
115	0.850525	0.858139	0.849343	0.863770	0.864007	0.863212	0.862132	0.863648	0.859162	0.861165	
120	0.840144	0.843757	0.844586	0.854966	0.855638	0.856141	0.853012	0.855114	0.847753	0.853316	
125	0.827431	0.822910	0.829680	0.836610	0.845010	0.839483	0.841231	0.845108	0.833420	0.835684	
130	0.805795	0.794611	0.816020	0.815466	0.826992	0.819139	0.820923	0.831779	0.809571	0.812010	
135	0.786230	0.761835	0.790224	0.784368	0.807722	0.797222	0.792854	0.810089	0.787034	0.784401	
140	0.757836	0.729156	0.761946	0.746061	0.787334	0.772885	0.760654	0.786163	0.766092	0.756992	
145	0.731751	0.687962	0.736527	0.714430	0.765802	0.748014	0.731073	0.753297	0.745899	0.729691	
150	0.705037	0.658218	0.715241	0.686109	0.743188	0.725582	0.709312	0.722270	0.724053	0.698394	
155	0.669915	0.627564	0.689398	0.655839	0.719329	0.704030	0.687234	0.691087	0.696818	0.662667	
160	0.632323	0.606579	0.670531	0.637419	0.688591	0.683185	0.666448	0.664119	0.666063	0.625557	
165	0.604366	0.595212	0.651869	0.624696	0.654239	0.649811	0.642559	0.635901	0.633981	0.598026	
170	0.580625	0.578752	0.633987	0.613054	0.626971	0.610266	0.621858	0.603130	0.607858	0.572684	
175	0.558541	0.564785	0.615669	0.602234	0.594568	0.562457	0.603101	0.581071	0.589364	0.550592	
180	0.538439	0.555893	0.605098	0.590944	0.559686	0.514851	0.584309	0.562943	0.579739	0.530908	
185	0.517361	0.542434	0.586612	0.584138	0.519844	0.468243	0.565556	0.544786	0.562433	0.516139	
190	0.492515	0.530527	0.570070	0.572198	0.487122	0.426717	0.547292	0.533556	0.545171	0.507225	
195	0.467041	0.519479	0.556879	0.557260	0.458541	0.397182	0.531012	0.518120	0.529310	0.498153	
200	0.442689	0.507313	0.534384	0.537823	0.434512	0.374273	0.512483	0.506414	0.512841	0.485071	
205	0.417675	0.490308	0.512920	0.520454	0.410289	0.350869	0.491230	0.492752	0.498170	0.468710	
210	0.399217	0.469857	0.494044	0.502562	0.390412	0.325283	0.478760	0.475478	0.482928	0.454441	
215	0.375901	0.449635	0.477505	0.488356	0.365615	0.301391	0.457711	0.458521	0.463873	0.444508	
220	0.360517	0.428075	0.456172	0.468482	0.336357	0.271293	0.444872	0.438934	0.448356	0.428510	
225	0.343945	0.408377	0.437073	0.452020	0.306702	0.250590	0.435827	0.424496	0.430997	0.408337	
230	0.328981	0.385816	0.417213	0.427398	0.271996	0.223936	0.420755	0.401087	0.400648	0.377527	
235	0.310662	0.366121	0.401360	0.410642	0.241930	0.208503	0.409459	0.382671	0.371480	0.355053	
240	0.294426	0.339721	0.380311	0.390574	0.215695	0.197653	0.397438	0.359886	0.340955	0.330059	
245	0.280167	0.318781	0.362500	0.373342	0.194371	0.196636	0.381026	0.342672	0.314872	0.313861	
250	0.266008	0.291888	0.342623	0.352363	0.180274	0.199405	0.370641	0.331232	0.294497	0.294682	
255	0.253922	0.260549	0.324889	0.338389	0.170806	0.204045	0.354919	0.313894	0.275118	0.278787	
260	0.244624	0.241573	0.308255	0.320288	0.168971	0.213377	0.342968	0.299748	0.263097	0.263744	
265	0.237958	0.230689	0.296569	0.306949	0.173724	0.221607	0.328233	0.286419	0.254671	0.255867	
270	0.237719	0.230548	0.282849	0.296110	0.189397	0.230417	0.316796	0.275118	0.244780	0.244999	
275	0.237315	0.239823	0.274523	0.288864	0.206192	0.242174	0.308477	0.266377	0.243198	0.233971	
280	0.237546	0.244558	0.267762	0.280943	0.222610	0.240294	0.298598	0.263402	0.249706	0.231828	
285	0.244436	0.258401	0.254222	0.270394	0.239685	0.257856	0.289923	0.255178	0.250936	0.231251	
290	0.242022	0.266875	0.249366	0.265292	0.257454	0.267863	0.278531	0.256898	0.254891	0.235911	
295	0.249347	0.279395	0.246628	0.256983	0.262429	0.276270	0.271700	0.254513	0.254944	0.251167	
300	0.242902	0.283881	0.243112	0.250522	0.269181	0.293889	0.271063	0.259004	0.258334	0.253083	
305	0.244880	0.293350	0.248475	0.247488	0.286889	0.301458	0.271642	0.267893	0.261713	0.261828	
310	0.255177	0.309875	0.250962	0.245828	0.309556	0.307140	0.271243	0.267293	0.266845	0.266951	
315	0.267645	0.317386	0.256210	0.248985	0.322434	0.314064	0.276025	0.270729	0.274364	0.284589	
320	0.271807	0.330357	0.266072	0.253220	0.333583	0.325117	0.283100	0.279861	0.282970	0.299948	
325	0.269581	0.332383	0.279004	0.260039	0.336158	0.340599	0.281849	0.284503	0.279955	0.310977	
330	0.274215	0.336604	0.276017	0.270039	0.344245	0.350337	0.281029	0.286525	0.282610	0.321655	
335	0.281057	0.344089	0.277748	0.267452	0.341049	0.351577	0.283953	0.290868	0.288936	0.327128	
340	0.297640	0.348460	0.283800	0.276127	0.352606	0.358710	0.289001	0.287255	0.295620	0.334295	
345	0.307766	0.354727	0.296150	0.289171	0.354961	0.363427	0.296972	0.298234	0.307761	0.340638	
350	0.316164	0.354122	0.303414	0.287295	0.364719	0.364563	0.303463	0.294253	0.310935	0.340323	
355	0.318054	0.359212	0.312874	0.297491	0.364692	0.359372	0.301155	0.303313	0.317679	0.342421	
360	0.319093	0.361941	0.317618	0.300391	0.371995	0.367963	0.294140	0.302079	0.322707	0.344976	
365	0.320959	0.359850	0.327021	0.306739	0.376874	0.366907	0.296391	0.302544	0.332214	0.358052	
370	0.317135	0.358020	0.334102	0.305771	0.383578	0.372379	0.292450	0.306638	0.337286	0.363169	
375	0.318717	0.349998	0.331333	0.312922	0.385937	0.378772	0.301416	0.306849	0.331872	0.368414	
380	0.322031	0.357344	0.328871	0.313278	0.383835	0.375777	0.302377	0.314841	0.335035	0.368849	
385	0.326612	0.354044	0.333597	0.321316	0.374872	0.378848	0.304036	0.320871	0.342308	0.369881	
390	0.334641	0.353153	0.328932	0.332371	0.379359	0.378247	0.307830	0.321403	0.338702	0.358841	
395	0.337848	0.352649	0.335813	0.335621	0.378325	0.372003	0.317988	0.326828	0.341871	0.358316	
400	0.335851	0.353130	0.334928	0.345481	0.377106	0.375277	0.324073	0.328335	0.342173	0.364854	
405	0.343550	0.356114	0.337637	0.346542	0.379680	0.375756	0.321049	0.332820	0.345198	0.361648	
410	0.343708	0.358662	0.340042	0.348565	0.377999	0.370326	0.313166	0.336558	0.344483	0.365738	
415	0.350358	0.360541	0.339775	0.352605	0.374506	0.357263	0.320504	0.337858	0.339881	0.363371	
420	0.349247	0.351781	0.342842	0.357766	0.368853	0.358141	0.325474	0.338275	0.336262	0.363279	
425	0.353977	0.348286	0.335600	0.360381	0.368156	0.358565	0.328507	0.341244	0.332823	0.360606	
430	0.351005	0.347980	0.334734	0.363399	0.362671	0.352322	0.334126	0.335451	0.339953	0.359680	
435	0.356288	0.354388	0.332377	0.364152	0.358210	0.343564	0.332335	0.335109	0.344911	0.357369	
440	0.355155	0.357206	0.324875	0.359285	0.353342	0.338197	0.336768	0.339960	0.343798	0.360166	
445	0.352208	0.358366	0.331015	0.360782	0.354028	0.329352	0.330697	0.341860	0.351040	0.351868	
450	0.352182	0.361531	0.336505	0.361718	0.360314	0.318266	0.335700	0.342746	0.349901	0.353381	
455	0.353251	0.353456	0.334125	0.366426	0.348089	0.309447	0.335016	0.337289	0.349682	0.349509	
460	0.348491	0.344610	0.322198	0.363998	0.340016	0.316091	0.329332	0.338336	0.351073	0.345057	
465	0.342127	0.332933	0.324982	0.357815	0.330573	0.324258	0.329178	0.348013	0.351546	0.344855	
470	0.340633	0.326461	0.328209	0.360141	0.325296	0.325279	0.332318	0.351773	0.348152	0.350748	
475	0.333976	0.330498	0.324666	0.367214	0.328820	0.328807	0.333517	0.344214	0.344319	0.342525	
480	0.338244	0.329065	0.312430	0.358057	0.323677	0.326292	0.327348	0.343914	0.341769	0.335216	
485	0.333936	0.325901	0.322631	0.345242	0.322059	0.334665	0.318719	0.350817	0.341905	0.336528	
490	0.333974	0.327189	0.324219	0.337090	0.321889	0.336253	0.312593	0.347482	0.327954	0.341808	
495	0.332887	0.323818	0.320453	0.324689	0.320090	0.338008	0.309757	0.349101	0.335454	0.345936	
500	0.334436	0.315192	0.328701	0.322376	0.318786	0.343513	0.304296	0.339454	0.341605	0.341031	
505	0.330162	0.313067	0.334150	0.316889	0.312314	0.339474	0.303696	0.337882	0.343135	0.346702	
510	0.323575	0.312071	0.332015	0.318374	0.311449	0.339114	0.304112	0.335296	0.338291	0.349208	
515	0.329490	0.322129	0.340611	0.312054	0.304540	0.340714	0.307531	0.345442	0.331690	0.336293	
520	0.328012	0.313869	0.333912	0.321233	0.314273	0.344556	0.315989	0.346993	0.329473	0.322400	
525	0.326285	0.321847	0.334283	0.317816	0.313703	0.353758	0.314086	0.337042	0.325379	0.315137	
530	0.331692	0.315067	0.334652	0.319065	0.315721	0.362158	0.315346	0.336987	0.328342	0.311277	
535	0.335329	0.317621	0.334719	0.314037	0.325820	0.362627	0.312530	0.338957	0.330403	0.302296	
540	0.333426	0.324429	0.325089	0.307356	0.332766	0.363820	0.318805	0.336522	0.331176	0.298553	
545	0.331530	0.322572	0.315506	0.294676	0.341304	0.372377	0.323541	0.335602	0.327392	0.305640	
550	0.327279	0.317762	0.317671	0.293526	0.340870	0.371783	0.322287	0.340858	0.323835	0.308396	
555	0.329876	0.325702	0.321655	0.286617	0.337530	0.371887	0.322995	0.342340	0.322289	0.313488	
560	0.331445	0.324533	0.328022	0.292001	0.337640	0.368744	0.317830	0.337563	0.328574	0.314745	
565	0.331099	0.323289	0.326941	0.294161	0.344832	0.359759	0.324186	0.344516	0.330747	0.333324	
570	0.329956	0.329102	0.330273	0.302259	0.344556	0.354831	0.328438	0.348989	0.336396	0.325673	
575	0.330551	0.327512	0.332725	0.296930	0.344741	0.355794	0.331815	0.348914	0.332297	0.327187	
580	0.334735	0.323252	0.339413	0.301452	0.345849	0.365219	0.328123	0.344257	0.327959	0.327259	
585	0.340066	0.323973	0.339092	0.309497	0.342921	0.358976	0.331804	0.339769	0.327855	0.331551	
590	0.339915	0.324598	0.336536	0.320194	0.352686	0.358352	0.330854	0.339687	0.332043	0.326528	
595	0.334717	0.331770	0.333988	0.324546	0.347204	0.355615	0.330408	0.351296	0.330496	0.335069	
600	0.337226	0.328049	0.331279	0.330679	0.352294	0.340825	0.331921	0.357901	0.337128	0.333375	
605	0.333446	0.332566	0.338888	0.339624	0.350815	0.337101	0.334846	0.357777	0.340932	0.324781	
610	0.329519	0.328960	0.338626	0.343166	0.339060	0.326471	0.337859	0.361752	0.337816	0.323618	
615	0.319552	0.337428	0.340706	0.349604	0.332211	0.327975	0.343832	0.359912	0.346174	0.342113	
620	0.336061	0.335788	0.339487	0.352701	0.329643	0.322811	0.337251	0.359074	0.343010	0.345980	
625	0.337067	0.332709	0.328872	0.355551	0.322377	0.318102	0.337869	0.358748	0.346859	0.345327	
630	0.332544	0.339034	0.329818	0.350692	0.322323	0.314358	0.338304	0.360769	0.347225	0.345370	
635	0.335053	0.347015	0.321933	0.355185	0.332968	0.324375	0.337736	0.359938	0.353455	0.351409	
640	0.342993	0.343543	0.317892	0.355832	0.330242	0.328968	0.335169	0.359928	0.345175	0.356715	
645	0.345870	0.338826	0.313733	0.356326	0.332123	0.335681	0.334423	0.364861	0.335745	0.366758	
650	0.338622	0.342218	0.320055	0.358366	0.336001	0.322064	0.336241	0.368374	0.346207	0.365151	
655	0.330382	0.334775	0.324479	0.360819	0.327986	0.323843	0.337440	0.360471	0.349753	0.358562	
660	0.329901	0.329603	0.321411	0.369233	0.332120	0.328665	0.332313	0.356030	0.349955	0.360729	
665	0.316297	0.326674	0.320685	0.365570	0.325661	0.335132	0.341261	0.354581	0.347992	0.359267	
670	0.309660	0.320602	0.327588	0.369087	0.325619	0.333182	0.344419	0.354264	0.349964	0.355021	
675	0.317559	0.327201	0.329948	0.368155	0.333546	0.332645	0.350974	0.347532	0.350820	0.348551	
680	0.312567	0.326300	0.326536	0.372636	0.338476	0.332100	0.357683	0.347769	0.348175	0.354747	
685	0.317936	0.325209	0.333252	0.368674	0.337418	0.324624	0.355333	0.345468	0.342902	0.355918	
690	0.316274	0.328893	0.338314	0.362243	0.336077	0.330540	0.351348	0.344602	0.342131	0.356749	
695	0.317198	0.331878	0.336169	0.350921	0.331574	0.323617	0.348063	0.347012	0.345513	0.348174	
700	0.313264	0.331678	0.339874	0.341104	0.342180	0.321720	0.340702	0.349566	0.346385	0.342699	
705	0.323879	0.329885	0.331955	0.334460	0.343204	0.315699	0.342559	0.346163	0.342380	0.340310	
710	0.333278	0.336332	0.329586	0.330897	0.344814	0.315163	0.333855	0.341208	0.336788	0.338714	
715	0.332803	0.328312	0.331338	0.333449	0.345847	0.322637	0.325209	0.337525	0.327304	0.334776	
720	0.336175	0.331745	0.339348	0.324551	0.352629	0.331375	0.330560	0.337548	0.314570	0.328142	
725	0.342923	0.337964	0.338085	0.319201	0.351917	0.331162	0.335447	0.337513	0.312570	0.331871	
730	0.341777	0.343873	0.340198	0.323307	0.345743	0.330741	0.322709	0.327940	0.303425	0.338661	
735	0.343764	0.347272	0.341241	0.326828	0.332702	0.330021	0.320803	0.325266	0.312917	0.340685	
740	0.339478	0.343379	0.338687	0.331449	0.334564	0.327450	0.317042	0.333979	0.309119	0.335733	
745	0.341606	0.344173	0.336918	0.336108	0.332490	0.332014	0.311910	0.336141	0.305531	0.328034	
750	0.342019	0.337656	0.332773	0.334411	0.330779	0.333356	0.307383	0.339314	0.306438	0.319133	
755	0.335804	0.333294	0.323030	0.339709	0.328060	0.338560	0.310974	0.340875	0.315425	0.319401	
760	0.335861	0.331735	0.324586	0.335294	0.328119	0.344550	0.314679	0.331452	0.327826	0.307410	
765	0.334506	0.320955	0.328342	0.334348	0.324332	0.344720	0.322767	0.336342	0.339380	0.300417	
770	0.341176	0.330192	0.329566	0.340152	0.318280	0.353295	0.320314	0.337096	0.333658	0.298673	
775	0.339983	0.326297	0.330393	0.331892	0.314107	0.355027	0.325940	0.335033	0.334785	0.311392	
780	0.340552	0.323886	0.328235	0.338120	0.304272	0.352667	0.328207	0.337034	0.333974	0.306029	
785	0.330719	0.323830	0.321895	0.344862	0.319909	0.345217	0.324133	0.324944	0.332226	0.307432	
790	0.336224	0.312346	0.328657	0.338470	0.322563	0.347447	0.332451	0.318509	0.337078	0.304050	
795	0.330878	0.313935	0.329531	0.343475	0.323285	0.344561	0.332777	0.316971	0.341901	0.308713	
800	0.329866	0.317416	0.335617	0.341032	0.326649	0.344093	0.335724	0.315198	0.334105	0.310364	
805	0.319480	0.315878	0.339508	0.332620	0.331936	0.338769	0.330826	0.313341	0.332160	0.313130	
810	0.332270	0.321253	0.337457	0.327638	0.327244	0.333095	0.334275	0.305171	0.333143	0.313253	
815	0.329798	0.321540	0.342803	0.329718	0.322102	0.333783	0.337772	0.315942	0.335166	0.316375	
820	0.331648	0.321978	0.343629	0.327380	0.328552	0.322833	0.333842	0.321530	0.337425	0.317981	
825	0.327058	0.325671	0.346036	0.329462	0.330788	0.327601	0.337473	0.323084	0.335929	0.314204	
830	0.329537	0.324402	0.345919	0.331396	0.336040	0.322027	0.332017	0.319926	0.330400	0.313673	
835	0.325089	0.325464	0.338621	0.330263	0.339255	0.325123	0.333392	0.314624	0.331563	0.312073	
840	0.335498	0.329353	0.332476	0.334094	0.340066	0.326277	0.332205	0.315875	0.330094	0.317128	
845	0.322933	0.322298	0.346055	0.336618	0.343514	0.324345	0.329389	0.316365	0.339536	0.316087	
850	0.332049	0.320193	0.350713	0.334743	0.343758	0.332332	0.324562	0.323442	0.341271	0.319309	
855	0.328521	0.322842	0.346283	0.327414	0.346000	0.331442	0.328607	0.329128	0.335167	0.322291	
860	0.332780	0.329854	0.341672	0.328726	0.346762	0.335945	0.327422	0.327990	0.340094	0.326886	
865	0.328668	0.330844	0.347196	0.321571	0.351644	0.334747	0.319733	0.331685	0.332387	0.339536	
870	0.328736	0.325598	0.341221	0.318862	0.350595	0.341331	0.323903	0.336163	0.333327	0.344708	
875	0.339152	0.323951	0.334497	0.313445	0.350431	0.333370	0.328444	0.343870	0.331516	0.354192	
880	0.333616	0.331363	0.340524	0.311628	0.356376	0.326236	0.331777	0.347790	0.323164	0.357418	
885	0.329636	0.325601	0.340165	0.318424	0.348033	0.324884	0.328851	0.349992	0.323514	0.354637	
890	0.337752	0.325713	0.338703	0.325815	0.353944	0.339563	0.329374	0.353844	0.324514	0.360941	
895	0.330337	0.331919	0.342917	0.317725	0.358175	0.348384	0.326304	0.351974	0.325419	0.355563	
900	0.338062	0.326810	0.332828	0.320819	0.360361	0.342696	0.326150	0.352384	0.312732	0.348886	
905	0.332125	0.326406	0.326678	0.319887	0.367507	0.331857	0.326207	0.354710	0.305656	0.356682	
910	0.335220	0.333419	0.330632	0.321569	0.363381	0.327915	0.331252	0.352589	0.317244	0.341355	
915	0.333032	0.335803	0.327513	0.324672	0.360554	0.318101	0.329967	0.347524	0.318131	0.340359	
920	0.329167	0.330124	0.331316	0.321987	0.352230	0.316098	0.332871	0.352909	0.322407	0.334237	
925	0.330887	0.324926	0.328311	0.325835	0.348845	0.315720	0.335561	0.349351	0.324843	0.325084	
930	0.319951	0.329737	0.326050	0.321298	0.345793	0.315049	0.339805	0.354129	0.338489	0.316991	
935	0.317820	0.325242	0.325514	0.328253	0.344363	0.322337	0.346136	0.343744	0.339359	0.316646	
940	0.321784	0.333951	0.327725	0.330153	0.344928	0.320696	0.357575	0.349904	0.344284	0.316735	
945	0.321515	0.338503	0.317169	0.333786	0.343899	0.331281	0.358676	0.350806	0.343209	0.320173	
950	0.341147	0.329236	0.317657	0.324957	0.344532	0.328824	0.362846	0.346951	0.346435	0.322369	
955	0.340694	0.334266	0.318944	0.324636	0.352357	0.332330	0.358049	0.348066	0.354069	0.315878	
960	0.335057	0.336360	0.313294	0.318342	0.348767	0.335730	0.363489	0.345477	0.351523	0.318132	
965	0.337098	0.331811	0.316467	0.312393	0.347735	0.342881	0.363247	0.343651	0.354373	0.313879	
970	0.329182	0.324615	0.321438	0.315151	0.344842	0.337977	0.355151	0.348210	0.344062	0.308596	
975	0.324271	0.313754	0.320118	0.314141	0.339249	0.335576	0.343831	0.352857	0.333711	0.310313	
980	0.330366	0.315508	0.324591	0.312851	0.344078	0.341236	0.343076	0.355302	0.341376	0.307288	
985	0.326865	0.320428	0.326124	0.303620	0.333033	0.350333	0.351435	0.349628	0.339115	0.311826	
990	0.334809	0.320027	0.324959	0.306247	0.336987	0.352457	0.345307	0.343958	0.329579	0.319065	
995	0.333025	0.323795	0.329484	0.301992	0.332769	0.359094	0.349878	0.332597	0.329011	0.317276	
1000	0.330669	0.314245	0.331125	0.303703	0.331114	0.355999	0.349431	0.326894	0.340033	0.317870	
1005	0.333702	0.312432	0.326477	0.315188	0.324056	0.352432	0.347432	0.321725	0.337990	0.319624	
1010	0.315039	0.316812	0.330091	0.319703	0.326274	0.351147	0.343086	0.314877	0.338287	0.317325	
1015	0.314002	0.324300	0.329927	0.326200	0.323960	0.345270	0.335694	0.315641	0.342338	0.322694	
1020	0.319977	0.321309	0.336218	0.337101	0.316931	0.347019	0.328181	0.314778	0.340646	0.318889	
1025	0.325723	0.327189	0.340917	0.340578	0.304814	0.342763	0.322741	0.310797	0.339625	0.332118	
1030	0.314388	0.329430	0.336670	0.345359	0.299086	0.345084	0.321624	0.310550	0.337654	0.329829	
1035	0.320189	0.333938	0.331260	0.345633	0.307219	0.336255	0.319207	0.318804	0.340853	0.321051	
1040	0.317380	0.333081	0.337714	0.346210	0.306199	0.334245	0.318003	0.326376	0.342119	0.316226	
1045	0.320731	0.329915	0.345997	0.339170	0.306040	0.330943	0.304676	0.326300	0.337434	0.311927	
1050	0.307957	0.330520	0.338593	0.343850	0.307202	0.340413	0.318821	0.328707	0.333214	0.314339	
1055	0.310508	0.327451	0.340081	0.336705	0.295925	0.330028	0.313741	0.340250	0.336074	0.317356	
1060	0.313487	0.328457	0.336442	0.335164	0.299002	0.337388	0.302118	0.341450	0.342223	0.315659	
1065	0.317722	0.328359	0.337424	0.339165	0.292924	0.342147	0.296277	0.331245	0.339949	0.314371	
1070	0.326201	0.328904	0.338646	0.332828	0.297839	0.338502	0.296516	0.344530	0.330180	0.311572	
1075	0.329816	0.325122	0.335720	0.325495	0.301924	0.346014	0.289057	0.348831	0.330356	0.324219	
1080	0.331742	0.322014	0.333847	0.323788	0.306850	0.341431	0.293041	0.348716	0.339402	0.321793	
1085	0.331257	0.317047	0.335373	0.324654	0.311280	0.337238	0.302239	0.353628	0.344546	0.325073	
1090	0.337999	0.324201	0.329306	0.325885	0.306463	0.353093	0.301483	0.351100	0.336607	0.327160	
1095	0.338784	0.321351	0.319713	0.324649	0.317485	0.356008	0.310488	0.343818	0.331443	0.313278	
1100	0.335302	0.321726	0.323890	0.321368	0.324426	0.359152	0.313110	0.349640	0.329893	0.306613	
1105	0.335666	0.322929	0.312458	0.321556	0.329382	0.357304	0.317930	0.350453	0.323632	0.306290	
1110	0.333840	0.325756	0.311798	0.319259	0.329045	0.351456	0.324949	0.342253	0.321576	0.299142	
1115	0.337565	0.336422	0.311527	0.317243	0.332531	0.348802	0.321039	0.344772	0.319648	0.308400	
1120	0.332066	0.339987	0.307733	0.314170	0.339668	0.358263	0.317458	0.339454	0.305568	0.321628	
1125	0.337658	0.340670	0.307725	0.316245	0.336254	0.361141	0.319389	0.337473	0.307166	0.321273	
1130	0.331096	0.344821	0.316561	0.314141	0.350985	0.363689	0.319005	0.334968	0.312724	0.324056	
1135	0.317172	0.347512	0.320672	0.319307	0.352073	0.357917	0.323270	0.327178	0.318195	0.326340	
1140	0.322267	0.345113	0.324371	0.317800	0.359151	0.361821	0.327407	0.314164	0.325893	0.328754	
1145	0.321082	0.338247	0.331630	0.327726	0.368338	0.367000	0.335151	0.309456	0.330963	0.336242	
1150	0.323841	0.335916	0.329138	0.327449	0.363971	0.364636	0.343371	0.310859	0.334376	0.336309	
1155	0.317804	0.330412	0.319606	0.338191	0.364956	0.357305	0.347140	0.306928	0.334992	0.338105	
1160	0.315712	0.309647	0.317671	0.330722	0.363448	0.352963	0.341188	0.296796	0.333830	0.338582	
1165	0.325246	0.319207	0.323212	0.340034	0.360253	0.346631	0.339021	0.295038	0.329918	0.342293	
1170	0.324740	0.320270	0.328279	0.347241	0.357161	0.347579	0.334983	0.298607	0.327146	0.346826	
1175	0.319967	0.319633	0.319585	0.342982	0.352950	0.337266	0.335236	0.300574	0.335829	0.344872	
1180	0.317604	0.316230	0.325889	0.342407	0.347843	0.332629	0.332275	0.302152	0.345241	0.348354	
1185	0.316009	0.316415	0.312834	0.353566	0.354884	0.326662	0.336065	0.298020	0.347397	0.342808	
1190	0.316786	0.317423	0.329996	0.345595	0.353000	0.324452	0.332061	0.307398	0.349697	0.345530	
1195	0.320349	0.325404	0.335950	0.342541	0.351801	0.323214	0.336587	0.309129	0.341976	0.339992	
1200	0.322469	0.321047	0.330506	0.348127	0.359645	0.312572	0.333625	0.314525	0.334712	0.338894	
1205	0.321276	0.319959	0.332792	0.349291	0.358960	0.314507	0.334246	0.316080	0.328615	0.337704	
1210	0.316995	0.326684	0.333007	0.347246	0.350847	0.317794	0.341356	0.323509	0.331031	0.334727	
1215	0.316584	0.326822	0.338001	0.341833	0.350414	0.320151	0.343931	0.323006	0.326857	0.333321	
1220	0.316285	0.328670	0.336719	0.338817	0.358288	0.319080	0.343596	0.326278	0.321564	0.331800	
1225	0.314387	0.341615	0.335774	0.345741	0.354885	0.317674	0.347115	0.332195	0.319688	0.336625	
1230	0.312813	0.337181	0.338517	0.353586	0.346614	0.315637	0.344733	0.326520	0.312131	0.344669	
1235	0.318013	0.330836	0.329978	0.356005	0.338821	0.310331	0.335766	0.323915	0.310216	0.349555	
1240	0.321494	0.324945	0.338739	0.357500	0.342004	0.311570	0.332315	0.319664	0.312451	0.353476	
1245	0.328247	0.323445	0.346670	0.354312	0.342594	0.313502	0.327960	0.319667	0.320778	0.349932	
1250	0.324262	0.319645	0.346325	0.349454	0.341184	0.308726	0.327361	0.319600	0.319434	0.343564	
1255	0.314302	0.321934	0.345957	0.348958	0.330255	0.306711	0.330017	0.319947	0.319352	0.334819	
1260	0.313654	0.321467	0.340096	0.350603	0.331102	0.311079	0.326417	0.316135	0.328263	0.336321	
1265	0.313586	0.316119	0.332654	0.342741	0.333815	0.317749	0.322277	0.323029	0.329699	0.336194	
1270	0.300065	0.317844	0.338239	0.346285	0.331367	0.307460	0.319175	0.326400	0.334794	0.331691	
1275	0.306496	0.316502	0.335482	0.330654	0.323994	0.306189	0.320260	0.320844	0.336052	0.329953	
1280	0.307772	0.317030	0.344678	0.333711	0.321849	0.307338	0.324618	0.318926	0.331455	0.339838	
1285	0.319373	0.316097	0.343841	0.323346	0.330391	0.305096	0.323877	0.334708	0.338614	0.332380	
1290	0.313260	0.336018	0.328541	0.323413	0.335266	0.306232	0.318282	0.340436	0.344289	0.335480	
1295	0.312834	0.331183	0.327667	0.326057	0.336757	0.309818	0.333044	0.344517	0.339522	0.322315	
1300	0.317053	0.332437	0.332103	0.332863	0.333258	0.309426	0.341707	0.349977	0.339805	0.315710	
1305	0.317334	0.332322	0.332201	0.326491	0.340457	0.312814	0.342595	0.360386	0.340332	0.311274	
1310	0.311766	0.330785	0.332372	0.329774	0.343555	0.316506	0.348984	0.364204	0.349403	0.311566	
1315	0.313208	0.324645	0.340683	0.331388	0.351071	0.318597	0.354182	0.370118	0.350969	0.308979	
1320	0.312611	0.312360	0.337017	0.326183	0.331902	0.319386	0.355139	0.371443	0.350880	0.309904	
1325	0.321151	0.318412	0.346992	0.322187	0.336078	0.321036	0.352728	0.376377	0.346753	0.315084	
1330	0.320083	0.324013	0.334335	0.318462	0.338171	0.326185	0.356252	0.374330	0.343833	0.317816	
1335	0.314285	0.318243	0.327766	0.322873	0.332837	0.330160	0.352530	0.377095	0.344879	0.322163	
1340	0.324008	0.321883	0.328717	0.318165	0.337943	0.335096	0.351531	0.361477	0.342890	0.323220	
1345	0.333986	0.309098	0.333158	0.320339	0.330993	0.339486	0.352365	0.351778	0.334932	0.321199	
1350	0.332900	0.309377	0.337699	0.319291	0.317746	0.332670	0.350402	0.352871	0.328874	0.321878	
1355	0.334817	0.309035	0.332769	0.310296	0.320403	0.334095	0.342549	0.351893	0.332614	0.323154	
1360	0.344035	0.310742	0.335906	0.315625	0.324713	0.332387	0.330814	0.344877	0.327216	0.324752	
1365	0.341768	0.308346	0.332028	0.314504	0.326958	0.322355	0.342003	0.329208	0.326515	0.324751	
1370	0.339208	0.308536	0.336849	0.313509	0.318236	0.328411	0.350166	0.325695	0.324539	0.313625	
1375	0.340966	0.313532	0.330857	0.319201	0.312280	0.336231	0.356868	0.334965	0.323685	0.310569	
1380	0.338980	0.315839	0.323222	0.321558	0.310032	0.333211	0.352191	0.337527	0.326904	0.323019	
1385	0.339873	0.322642	0.325035	0.323535	0.320027	0.327291	0.351368	0.341603	0.324458	0.320868	
1390	0.346993	0.327939	0.321549	0.326126	0.322478	0.327678	0.348430	0.339412	0.316732	0.327921	
1395	0.344421	0.331789	0.325249	0.331815	0.323654	0.331941	0.348202	0.340953	0.314139	0.324661	
1400	0.340240	0.322682	0.324093	0.338926	0.327798	0.333210	0.341175	0.344691	0.315691	0.308025	
1405	0.336732	0.317813	0.329101	0.341736	0.340630	0.330299	0.344906	0.337007	0.310227	0.322456	
1410	0.339056	0.325032	0.330175	0.336556	0.340706	0.323395	0.335877	0.341541	0.310266	0.323458	
1415	0.343779	0.330755	0.326385	0.335107	0.342756	0.325393	0.339443	0.349089	0.312687	0.334963	
1420	0.347566	0.332312	0.330065	0.339614	0.347209	0.323160	0.331748	0.341182	0.314302	0.330646	
1425	0.344364	0.334737	0.338252	0.335807	0.345985	0.318239	0.334844	0.344349	0.309443	0.326046	
1430	0.338887	0.337442	0.332562	0.333998	0.343599	0.322230	0.337713	0.351677	0.305388	0.329596	
1435	0.340668	0.334143	0.331835	0.343975	0.338551	0.323277	0.336732	0.357666	0.317229	0.344884	
1440	0.337235	0.334496	0.321043	0.344662	0.348657	0.319611	0.341375	0.343211	0.318556	0.346900	
1445	0.338753	0.345266	0.318869	0.352399	0.349625	0.315994	0.336199	0.349410	0.314584	0.355320	
1450	0.345377	0.352546	0.328668	0.355197	0.352923	0.313458	0.335191	0.343272	0.331890	0.344381	
1455	0.332100	0.358670	0.333974	0.355572	0.351520	0.314959	0.343130	0.345368	0.337832	0.339407	
1460	0.324467	0.351274	0.339307	0.350953	0.353407	0.309041	0.341612	0.337977	0.339857	0.337069	
1465	0.333572	0.344790	0.334974	0.350204	0.347286	0.311107	0.343121	0.338654	0.338137	0.338847	
1470	0.332435	0.333885	0.326534	0.348179	0.340208	0.311853	0.339269	0.345192	0.340589	0.335800	
1475	0.334795	0.336641	0.327412	0.335446	0.336659	0.308869	0.328158	0.342446	0.342836	0.337708	
1480	0.340787	0.326559	0.331800	0.336224	0.336961	0.315678	0.315652	0.340202	0.343755	0.341322	
1485	0.345320	0.328900	0.325623	0.336420	0.324437	0.317111	0.314884	0.339441	0.336301	0.338187	
1490	0.348478	0.335099	0.309866	0.329950	0.319622	0.303755	0.318292	0.343240	0.340275	0.341660	
1495	0.349241	0.329038	0.297834	0.332675	0.315261	0.316833	0.317419	0.346906	0.331322	0.341391	
1500	0.336225	0.325727	0.298252	0.325844	0.314381	0.315435	0.322124	0.349867	0.323972	0.334331	
1505	0.327922	0.327597	0.300580	0.328828	0.317801	0.310328	0.329036	0.360266	0.327730	0.333461	
1510	0.329215	0.329436	0.296637	0.325167	0.323718	0.318453	0.334705	0.357827	0.333809	0.327633	
1515	0.337173	0.330024	0.288222	0.333573	0.325360	0.325341	0.324007	0.368025	0.326247	0.323715	
1520	0.330762	0.331668	0.289529	0.341977	0.319725	0.319008	0.329883	0.369157	0.329823	0.324791	
1525	0.333583	0.337429	0.289248	0.337109	0.317497	0.318851	0.321559	0.367780	0.328905	0.324268	
1530	0.326270	0.338466	0.296170	0.333751	0.321876	0.320515	0.317640	0.360631	0.320358	0.318054	
1535	0.318617	0.343446	0.297511	0.335003	0.326473	0.320089	0.315531	0.355333	0.323128	0.313008	
1540	0.317795	0.333731	0.299716	0.341760	0.309447	0.323385	0.314537	0.345503	0.325197	0.308925	
1545	0.307786	0.343272	0.305416	0.334662	0.320095	0.332107	0.330200	0.351579	0.320465	0.311018	
1550	0.310783	0.340376	0.317151	0.330243	0.313511	0.333599	0.335105	0.359078	0.323674	0.314412	
1555	0.308390	0.338771	0.324648	0.336332	0.321331	0.333354	0.336488	0.357615	0.327746	0.316414	
1560	0.316397	0.348620	0.330336	0.338523	0.325012	0.336322	0.338328	0.352354	0.332626	0.316980	
1565	0.315084	0.347760	0.335757	0.334081	0.327957	0.339290	0.338950	0.355096	0.333134	0.318956	
1570	0.319792	0.341491	0.331101	0.333339	0.326142	0.335247	0.345322	0.343946	0.333308	0.315443	
1575	0.324042	0.345696	0.333903	0.333590	0.338692	0.335756	0.346805	0.340059	0.323392	0.311715	
1580	0.332240	0.331561	0.340114	0.334111	0.340277	0.346433	0.342150	0.340637	0.313988	0.315766	
1585	0.335917	0.334086	0.345844	0.329194	0.339896	0.348836	0.340247	0.339028	0.328459	0.313743	
1590	0.337553	0.337192	0.351844	0.320954	0.340924	0.343848	0.349337	0.342892	0.331187	0.331450	
1595	0.342252	0.326228	0.365820	0.326432	0.334337	0.348281	0.348016	0.347459	0.330314	0.336717	
1600	0.340530	0.325436	0.362949	0.320555	0.328998	0.350547	0.345391	0.333126	0.330506	0.351641	
1605	0.336718	0.327433	0.354421	0.319168	0.328511	0.359459	0.347568	0.345259	0.332827	0.357546	
1610	0.334579	0.331970	0.355970	0.322423	0.334184	0.358657	0.346583	0.339717	0.333503	0.361097	
1615	0.326730	0.336849	0.349170	0.328166	0.337939	0.365354	0.338615	0.336150	0.339878	0.358586	
1620	0.333913	0.340655	0.344915	0.330419	0.331002	0.368361	0.335079	0.333896	0.338740	0.349531	
1625	0.326940	0.338741	0.344225	0.331628	0.321462	0.367619	0.338580	0.335498	0.338589	0.354679	
1630	0.323160	0.336860	0.340027	0.332142	0.329777	0.369511	0.338471	0.328340	0.337841	0.343778	
1635	0.322070	0.333198	0.332800	0.335393	0.325937	0.360518	0.336037	0.334622	0.337432	0.336413	
1640	0.333040	0.334845	0.319070	0.338957	0.324513	0.359150	0.337275	0.336259	0.347508	0.336998	
1645	0.329121	0.331002	0.321450	0.345763	0.318681	0.361265	0.336773	0.335578	0.347370	0.340119	
1650	0.335759	0.327744	0.323807	0.337453	0.325100	0.360176	0.337466	0.334458	0.344672	0.329077	
1655	0.334694	0.333121	0.321663	0.335642	0.328170	0.354975	0.344570	0.330383	0.330807	0.335055	
1660	0.335477	0.326764	0.321628	0.333433	0.329810	0.346021	0.351491	0.327177	0.333803	0.325212	
1665	0.338544	0.335594	0.329240	0.328293	0.333977	0.341185	0.354070	0.329669	0.336815	0.329168	
1670	0.336485	0.324822	0.332633	0.321867	0.333790	0.337137	0.353566	0.326243	0.337554	0.334451	
1675	0.339921	0.317339	0.336037	0.324078	0.339058	0.337401	0.353875	0.325942	0.328764	0.337066	
1680	0.343753	0.312540	0.330298	0.338869	0.340992	0.338599	0.351722	0.324677	0.331617	0.339843	
1685	0.337950	0.314345	0.328627	0.335192	0.341449	0.336124	0.354305	0.335637	0.334728	0.337375	
1690	0.329549	0.332626	0.324299	0.334181	0.341748	0.336289	0.346254	0.341069	0.336284	0.341038	
1695	0.334842	0.332055	0.323437	0.336528	0.348806	0.330316	0.350979	0.337472	0.329728	0.328335	
1700	0.326960	0.337094	0.322341	0.344209	0.343599	0.332115	0.359526	0.342326	0.335004	0.322832	
1705	0.333611	0.332469	0.317397	0.341648	0.345560	0.320827	0.362070	0.341872	0.339491	0.318427	
1710	0.332435	0.342485	0.308567	0.348466	0.349900	0.314747	0.359073	0.339455	0.335447	0.297682	
1715	0.341561	0.339949	0.303430	0.350739	0.350652	0.313364	0.353764	0.335152	0.332052	0.301917	
1720	0.340371	0.348768	0.307324	0.344902	0.352921	0.306444	0.349621	0.328490	0.327669	0.304173	
1725	0.345009	0.349313	0.310275	0.342295	0.359674	0.302111	0.352076	0.324970	0.332621	0.305744	
1730	0.343420	0.348776	0.314313	0.337522	0.363412	0.295111	0.347272	0.335962	0.341469	0.293254	
1735	0.339243	0.351521	0.315636	0.337882	0.362916	0.298589	0.337977	0.341859	0.340375	0.301095	
1740	0.340157	0.352862	0.318333	0.337403	0.358549	0.299844	0.335468	0.345368	0.340482	0.308852	
1745	0.335661	0.357167	0.308151	0.340846	0.354264	0.304390	0.343434	0.344907	0.342722	0.310450	
1750	0.337068	0.355466	0.308519	0.339934	0.348029	0.310481	0.343218	0.343621	0.345315	0.300606	
1755	0.334440	0.351409	0.309534	0.338513	0.343209	0.316040	0.340524	0.349334	0.346996	0.314414	
1760	0.331667	0.351093	0.314678	0.330867	0.346031	0.324527	0.332466	0.352305	0.349737	0.314349	
1765	0.331038	0.357017	0.314435	0.328248	0.347837	0.331693	0.331239	0.340803	0.358942	0.314708	
1770	0.322029	0.368328	0.315903	0.323267	0.345193	0.344103	0.329652	0.332202	0.358745	0.325265	
1775	0.324469	0.371059	0.336768	0.323455	0.345087	0.346510	0.334105	0.333332	0.354744	0.327359	
1780	0.324388	0.358809	0.342061	0.321599	0.339164	0.346267	0.332256	0.334317	0.357798	0.317050	
1785	0.326140	0.353601	0.342002	0.327066	0.329455	0.346752	0.331285	0.336160	0.361481	0.314219	
1790	0.327429	0.351686	0.336273	0.320573	0.336287	0.346815	0.338461	0.332517	0.366883	0.314801	
1795	0.321682	0.344178	0.336524	0.321165	0.335832	0.350512	0.337984	0.329381	0.368495	0.321199	
1800	0.321621	0.350990	0.330589	0.329658	0.330789	0.355534	0.334490	0.325363	0.363013	0.313262	
1805	0.321105	0.349233	0.325932	0.333959	0.327108	0.359923	0.331828	0.332827	0.353946	0.313628	
1810	0.331007	0.347142	0.332564	0.338710	0.327439	0.360337	0.334778	0.331124	0.346573	0.309438	
1815	0.336300	0.339287	0.336680	0.326821	0.320019	0.364395	0.330914	0.329975	0.349825	0.315797	
1820	0.332588	0.341178	0.330179	0.328597	0.322791	0.365385	0.328697	0.340143	0.346728	0.315138	
1825	0.333625	0.334657	0.335683	0.333703	0.322387	0.371144	0.320181	0.344369	0.337716	0.320685	
1830	0.326435	0.328269	0.338415	0.336752	0.327210	0.375712	0.310789	0.340586	0.347373	0.322855	
1835	0.331331	0.323835	0.351526	0.338392	0.323749	0.377177	0.314308	0.354688	0.351025	0.324635	
1840	0.333531	0.319703	0.364874	0.344313	0.329588	0.365075	0.301522	0.358921	0.353987	0.325982	
1845	0.334025	0.324210	0.361838	0.341653	0.338289	0.368444	0.295524	0.362836	0.346873	0.327733	
1850	0.329504	0.325073	0.361611	0.338794	0.333193	0.359766	0.300766	0.371145	0.347373	0.338948	
1855	0.328083	0.330120	0.365255	0.331373	0.327159	0.358730	0.300370	0.369637	0.345724	0.347556	
1860	0.332113	0.324646	0.357803	0.339358	0.323787	0.341312	0.308265	0.374449	0.341547	0.354059	
1865	0.342092	0.330961	0.350577	0.336033	0.332645	0.337053	0.313463	0.370878	0.334738	0.364817	
1870	0.346336	0.328076	0.348517	0.334518	0.330393	0.338204	0.333834	0.361418	0.329691	0.366051	
1875	0.353025	0.333238	0.340068	0.329972	0.323254	0.343129	0.331221	0.361234	0.316080	0.365699	
1880	0.337723	0.333800	0.333274	0.324263	0.327108	0.343758	0.341219	0.357727	0.314658	0.369486	
1885	0.340877	0.332753	0.325904	0.318443	0.331514	0.341069	0.347551	0.346171	0.320931	0.368770	
1890	0.344088	0.337596	0.317936	0.319229	0.340497	0.344239	0.336864	0.365273	0.316408	0.366647	
1895	0.350010	0.337255	0.315374	0.305333	0.342145	0.342230	0.337173	0.359220	0.320863	0.359863	
1900	0.353478	0.334277	0.314097	0.306872	0.341426	0.335099	0.343023	0.348361	0.318321	0.356008	
1905	0.349673	0.333765	0.323587	0.306340	0.329049	0.342785	0.341945	0.353820	0.314913	0.352639	
1910	0.346072	0.334758	0.324291	0.318583	0.332323	0.334291	0.333633	0.349798	0.322198	0.353963	
1915	0.352293	0.334085	0.320432	0.316156	0.332902	0.330971	0.326718	0.344208	0.317600	0.347912	
1920	0.358627	0.320384	0.321189	0.321989	0.335144	0.334261	0.329350	0.347428	0.324274	0.345713	
1925	0.365726	0.311770	0.315605	0.322316	0.338474	0.338493	0.328651	0.345115	0.312968	0.340636	
1930	0.367570	0.306921	0.315791	0.326619	0.345931	0.331080	0.324114	0.354032	0.323686	0.336121	
1935	0.367819	0.312564	0.315331	0.327934	0.348880	0.326317	0.318302	0.359679	0.324338	0.332476	
1940	0.367779	0.313705	0.321248	0.328954	0.345848	0.317816	0.321505	0.355434	0.320208	0.336850	
1945	0.372075	0.310407	0.325206	0.329623	0.344478	0.323947	0.317177	0.360684	0.327640	0.339185	
1950	0.367820	0.310127	0.328025	0.333021	0.348201	0.322484	0.336284	0.349290	0.323432	0.344540	
1955	0.360042	0.308805	0.331186	0.340218	0.350371	0.326937	0.326511	0.352169	0.329194	0.339624	
1960	0.352889	0.312611	0.330544	0.338985	0.353479	0.333871	0.324364	0.350047	0.330160	0.330776	
1965	0.344210	0.308908	0.330274	0.342210	0.349782	0.330540	0.329121	0.345638	0.342056	0.318993	
1970	0.344805	0.317134	0.332454	0.338339	0.352765	0.336996	0.325189	0.336148	0.342756	0.321460	
1975	0.335509	0.318380	0.329174	0.333445	0.360623	0.346127	0.323743	0.333405	0.336887	0.323360	
1980	0.327856	0.323300	0.332572	0.332965	0.364243	0.355231	0.334169	0.324918	0.335576	0.320915	
1985	0.325036	0.319962	0.338216	0.325530	0.360070	0.348467	0.335048	0.322794	0.332081	0.321384	
1990	0.316204	0.323394	0.341182	0.319130	0.353800	0.346604	0.325808	0.322437	0.328437	0.321177	
1995	0.312217	0.319944	0.342851	0.324385	0.354990	0.345782	0.326279	0.310561	0.331374	0.326110	
2000	0.316380	0.318328	0.348116	0.326664	0.351499	0.351713	0.328218	0.300279	0.333553	0.335962	
2005	0.309952	0.315807	0.345862	0.331216	0.351816	0.345085	0.326228	0.301130	0.333702	0.336309	
2010	0.309817	0.311286	0.343775	0.331458	0.350645	0.343521	0.328527	0.311389	0.322971	0.335936	
2015	0.320227	0.318571	0.343494	0.334760	0.352168	0.335083	0.329801	0.308716	0.333434	0.344456	
2020	0.308478	0.319374	0.334253	0.340140	0.349880	0.331301	0.329116	0.307458	0.340759	0.340267	
2025	0.314814	0.320931	0.335183	0.327435	0.342750	0.333052	0.321759	0.303692	0.339904	0.344255	
2030	0.309306	0.325662	0.318794	0.335146	0.337418	0.326733	0.334639	0.300541	0.344977	0.349151	
2035	0.304678	0.331883	0.309984	0.344873	0.326397	0.333150	0.341069	0.315013	0.336959	0.350888	
2040	0.316069	0.335140	0.324573	0.341749	0.329248	0.330081	0.344996	0.324559	0.331211	0.354779	
2045	0.322809	0.344231	0.323684	0.343915	0.322132	0.339483	0.342778	0.324493	0.334379	0.351763	
2050	0.320845	0.345874	0.328376	0.346334	0.318707	0.348517	0.347515	0.327275	0.326233	0.347596	
2055	0.307288	0.350194	0.333745	0.353809	0.326469	0.345444	0.353297	0.332957	0.337437	0.350172	
2060	0.304697	0.352935	0.325008	0.355693	0.322793	0.343633	0.359292	0.323540	0.330744	0.351301	
2065	0.304337	0.357623	0.323320	0.354355	0.322935	0.339595	0.350759	0.323167	0.334543	0.351442	
2070	0.306536	0.356144	0.329020	0.353267	0.322735	0.355351	0.345650	0.329692	0.333242	0.348361	
2075	0.311254	0.363742	0.337155	0.348360	0.324494	0.358553	0.336683	0.330021	0.331246	0.349194	
2080	0.306073	0.358221	0.337580	0.345278	0.332169	0.347596	0.339431	0.339496	0.332006	0.349613	
2085	0.315212	0.356181	0.338078	0.347449	0.346822	0.339345	0.332448	0.346682	0.334752	0.348760	
2090	0.316789	0.351046	0.343713	0.340236	0.344348	0.344876	0.337721	0.349512	0.332385	0.357212	
2095	0.317730	0.352311	0.339700	0.350429	0.341348	0.348148	0.328325	0.365227	0.334687	0.363861	
2100	0.310061	0.348014	0.353135	0.346403	0.336840	0.351209	0.337410	0.369575	0.332105	0.364189	
2105	0.313971	0.348656	0.344553	0.349438	0.341306	0.350080	0.332196	0.365726	0.323281	0.354993	
2110	0.313303	0.348119	0.337294	0.346566	0.345090	0.347935	0.333522	0.366733	0.321512	0.358382	
2115	0.309192	0.354600	0.339226	0.347786	0.346316	0.350815	0.332102	0.371042	0.320737	0.352186	
2120	0.322837	0.347666	0.345052	0.346672	0.342019	0.344341	0.329803	0.364009	0.312516	0.346831	
2125	0.328054	0.330601	0.335891	0.337588	0.342633	0.339391	0.335557	0.359981	0.309864	0.346969	
2130	0.330620	0.329693	0.343292	0.333890	0.342597	0.338576	0.335434	0.363245	0.305932	0.352068	
2135	0.339044	0.327223	0.342603	0.331869	0.340041	0.342507	0.335841	0.360226	0.301734	0.355245	
2140	0.344265	0.319373	0.351904	0.329259	0.349187	0.337484	0.326637	0.356282	0.309113	0.356088	
2145	0.341047	0.325092	0.353880	0.323750	0.356780	0.326795	0.319197	0.352679	0.311051	0.349113	
2150	0.345940	0.322366	0.351291	0.313213	0.349179	0.327184	0.324192	0.341881	0.308524	0.341089	
2155	0.342815	0.333105	0.353866	0.312483	0.345094	0.343598	0.315857	0.346522	0.305151	0.333294	
2160	0.347243	0.321574	0.357058	0.306730	0.343659	0.355663	0.314139	0.344987	0.313562	0.333810	
2165	0.351983	0.327058	0.343845	0.307120	0.343611	0.352458	0.311204	0.343041	0.310061	0.334148	
2170	0.350923	0.334741	0.342928	0.312574	0.342824	0.350157	0.321704	0.348591	0.316380	0.338385	
2175	0.355136	0.338251	0.346557	0.313640	0.341558	0.359311	0.322557	0.356189	0.315038	0.332408	
2180	0.357427	0.350380	0.345281	0.307760	0.335908	0.356695	0.330188	0.358521	0.312056	0.332403	
2185	0.356128	0.352670	0.331345	0.307377	0.321805	0.349834	0.332427	0.349442	0.313912	0.327828	
2190	0.357197	0.355309	0.337201	0.308803	0.316965	0.351303	0.335797	0.343102	0.310895	0.320277	
2195	0.355166	0.353841	0.346419	0.313031	0.307313	0.352278	0.339745	0.342055	0.319286	0.328104	
2200	0.351128	0.360747	0.354920	0.310386	0.304801	0.348158	0.337171	0.330343	0.326515	0.321810	
2205	0.356690	0.356943	0.350928	0.307239	0.300487	0.352200	0.337472	0.313438	0.334812	0.331702	
2210	0.347376	0.353938	0.353650	0.310779	0.313168	0.345856	0.324797	0.313972	0.332792	0.326363	
2215	0.349955	0.349167	0.357275	0.308365	0.315869	0.348798	0.320910	0.302096	0.345515	0.336966	
2220	0.345085	0.348953	0.361342	0.321788	0.314433	0.358429	0.320480	0.298060	0.344512	0.330553	
2225	0.339900	0.350637	0.353368	0.315904	0.314231	0.364710	0.320687	0.291622	0.352545	0.325507	
2230	0.332584	0.348864	0.360557	0.314600	0.317142	0.361212	0.327023	0.291865	0.351396	0.324550	
2235	0.339149	0.354724	0.363498	0.313477	0.312984	0.356446	0.333696	0.297199	0.353531	0.329567	
2240	0.339302	0.361706	0.356585	0.318130	0.314140	0.351615	0.336647	0.299614	0.353291	0.331868	
2245	0.329165	0.350290	0.362112	0.323625	0.317106	0.332633	0.341008	0.294345	0.355797	0.325643	
2250	0.328508	0.352380	0.351244	0.330959	0.330628	0.328284	0.343116	0.300361	0.356166	0.324515	
2255	0.321452	0.350649	0.341375	0.329390	0.326830	0.329890	0.342342	0.303908	0.367874	0.319212	
2260	0.310484	0.351632	0.350974	0.337072	0.332673	0.331500	0.352032	0.312442	0.363980	0.314892	
2265	0.311641	0.353909	0.347026	0.329090	0.331500	0.339519	0.351401	0.318813	0.362248	0.314745	
2270	0.298905	0.349839	0.336164	0.332032	0.337914	0.337823	0.345685	0.316358	0.364504	0.319785	
2275	0.292439	0.355971	0.322612	0.340735	0.339779	0.333962	0.337970	0.331912	0.352655	0.322385	
2280	0.296708	0.356715	0.316040	0.339103	0.333784	0.335489	0.333341	0.331727	0.346580	0.324015	
2285	0.295752	0.353214	0.314631	0.339813	0.326779	0.328743	0.331392	0.331102	0.339900	0.318719	
2290	0.312369	0.351532	0.310434	0.343501	0.328059	0.327302	0.332353	0.334553	0.339083	0.316227	
2295	0.326103	0.347072	0.301884	0.339129	0.327926	0.323631	0.323593	0.334959	0.334162	0.313163	
2300	0.314021	0.349320	0.310520	0.328511	0.334021	0.324819	0.310963	0.326297	0.336683	0.317528	
2305	0.318307	0.349464	0.312551	0.330249	0.340900	0.324177	0.314871	0.323536	0.331565	0.314379	
2310	0.332967	0.351064	0.311683	0.332559	0.342857	0.326658	0.324041	0.325102	0.328249	0.327548	
2315	0.328460	0.351774	0.315433	0.333423	0.340864	0.330582	0.328386	0.316206	0.320564	0.320387	
2320	0.331185	0.356436	0.326341	0.337346	0.352036	0.334991	0.335037	0.318077	0.323344	0.326638	
2325	0.333065	0.352913	0.318637	0.344371	0.356225	0.340320	0.329455	0.310293	0.314798	0.324817	
2330	0.333477	0.342936	0.320460	0.348451	0.351938	0.342086	0.331488	0.314188	0.313853	0.326578	
2335	0.334891	0.336473	0.317332	0.343555	0.350823	0.343808	0.333202	0.309843	0.315407	0.325784	
2340	0.333649	0.336950	0.309323	0.344454	0.344125	0.338677	0.339062	0.307223	0.323908	0.319476	
2345	0.330467	0.328171	0.317443	0.338902	0.344690	0.336574	0.329645	0.310633	0.323856	0.314807	
2350	0.329306	0.325265	0.324575	0.338568	0.337706	0.335312	0.322414	0.305703	0.319556	0.314422	
2355	0.330464	0.324871	0.326103	0.343430	0.346736	0.334908	0.319304	0.306150	0.322420	0.318602	
2360	0.335586	0.329129	0.308352	0.345048	0.343385	0.338274	0.319855	0.308181	0.324785	0.327112	
2365	0.341299	0.332805	0.306935	0.335319	0.345143	0.337999	0.322521	0.315744	0.318701	0.338752	
2370	0.327330	0.335715	0.305023	0.339577	0.343252	0.328865	0.321903	0.311864	0.316533	0.344425	
2375	0.321638	0.337780	0.307528	0.334966	0.332950	0.323226	0.335112	0.316204	0.316408	0.343211	
2380	0.320899	0.334778	0.306682	0.344520	0.337588	0.327039	0.333393	0.316332	0.316188	0.342139	
2385	0.327517	0.333494	0.298543	0.343787	0.341527	0.321559	0.336373	0.324793	0.310035	0.352174	
2390	0.321838	0.338481	0.307732	0.342771	0.336537	0.321103	0.333604	0.332272	0.316128	0.349554	
2395	0.308673	0.327501	0.302643	0.341873	0.333040	0.328769	0.335315	0.327382	0.324299	0.352121	
2400	0.310864	0.323508	0.307726	0.344292	0.332554	0.330408	0.337129	0.330506	0.331159	0.341318	
2405	0.311279	0.323057	0.309193	0.341320	0.328958	0.332444	0.330977	0.329621	0.330155	0.342032	
2410	0.300324	0.329067	0.313435	0.341605	0.328357	0.341081	0.335804	0.333358	0.333046	0.342107	
2415	0.300485	0.336170	0.317850	0.342775	0.319153	0.344787	0.337266	0.339983	0.324806	0.335716	
2420	0.290908	0.333751	0.317397	0.347464	0.316352	0.339913	0.336475	0.342302	0.327364	0.332876	
2425	0.286804	0.333259	0.325222	0.343579	0.319110	0.334315	0.336190	0.340614	0.336043	0.337631	
2430	0.282066	0.340008	0.317528	0.349002	0.317880	0.336180	0.334781	0.340845	0.331484	0.338496	
2435	0.287693	0.346864	0.316676	0.349793	0.323882	0.335123	0.333641	0.341944	0.333979	0.345021	
2440	0.293638	0.347209	0.317507	0.348091	0.331510	0.340667	0.336581	0.343572	0.341036	0.345385	
2445	0.297518	0.341036	0.331967	0.350866	0.330115	0.343095	0.344022	0.339318	0.339370	0.340992	
2450	0.301367	0.338027	0.332636	0.342927	0.335655	0.339476	0.346598	0.344126	0.346166	0.343734	
2455	0.307934	0.335330	0.332928	0.335004	0.333946	0.347315	0.348025	0.342272	0.347543	0.343411	
2460	0.315094	0.339399	0.333634	0.337349	0.334815	0.350175	0.339191	0.335341	0.347924	0.339373	
2465	0.319885	0.342035	0.328493	0.338138	0.335590	0.348656	0.352699	0.330882	0.340608	0.334805	
2470	0.323936	0.351875	0.333840	0.330513	0.337020	0.345310	0.344404	0.335920	0.338946	0.341491	
2475	0.323450	0.350719	0.332715	0.333027	0.337924	0.339741	0.352083	0.326455	0.338359	0.339945	
2480	0.323506	0.345260	0.340310	0.334001	0.343315	0.344825	0.346489	0.331431	0.339923	0.345245	
2485	0.323707	0.343222	0.338263	0.329272	0.349252	0.351707	0.348610	0.329184	0.343944	0.349398	
2490	0.314766	0.337053	0.337306	0.322679	0.341510	0.346681	0.342624	0.324782	0.346113	0.343691	
2495	0.325445	0.336438	0.344708	0.326404	0.334858	0.355675	0.339007	0.321843	0.335883	0.351812	
2500	0.329385	0.329915	0.348366	0.323106	0.334523	0.352280	0.331601	0.327428	0.331232	0.351237	
2505	0.332634	0.335254	0.348936	0.336865	0.331272	0.343867	0.329233	0.336232	0.332100	0.349981	
2510	0.340552	0.330603	0.357069	0.332240	0.331612	0.350028	0.329904	0.332231	0.337571	0.339851	
2515	0.336438	0.318747	0.359421	0.332345	0.332430	0.355406	0.322655	0.333293	0.342541	0.332114	
2520	0.344318	0.321636	0.353827	0.329356	0.336473	0.348695	0.323014	0.335011	0.344094	0.334226	
2525	0.351748	0.319904	0.351743	0.328580	0.337023	0.344156	0.325422	0.338417	0.344857	0.330974	
2530	0.348868	0.318417	0.354279	0.330899	0.337530	0.341425	0.326510	0.345387	0.337216	0.331329	
2535	0.336687	0.318967	0.355247	0.322601	0.340678	0.344012	0.324445	0.345400	0.336130	0.324240	
2540	0.338620	0.311066	0.360197	0.326128	0.350468	0.352191	0.333444	0.342410	0.334356	0.328949	
2545	0.334279	0.316060	0.363229	0.333280	0.353087	0.354600	0.341326	0.349935	0.336663	0.320353	
2550	0.335082	0.319475	0.356081	0.337772	0.348044	0.352954	0.341802	0.342867	0.334716	0.318069	
2555	0.330369	0.323738	0.354218	0.346677	0.348338	0.342213	0.332969	0.340833	0.338673	0.317851	
2560	0.328901	0.320312	0.353517	0.339128	0.349049	0.340829	0.331219	0.337707	0.336470	0.320070	
2565	0.329298	0.327628	0.353847	0.341269	0.344476	0.347219	0.327409	0.323415	0.340672	0.323740	
2570	0.330908	0.339526	0.349569	0.339889	0.340734	0.333392	0.322307	0.326204	0.340861	0.318484	
2575	0.336318	0.338246	0.347534	0.339025	0.341792	0.326804	0.332784	0.318674	0.337626	0.317044	
2580	0.338006	0.340269	0.340265	0.335758	0.339726	0.327150	0.336415	0.318334	0.339179	0.325869	
2585	0.331168	0.348642	0.338430	0.329697	0.338593	0.330334	0.335213	0.316245	0.335176	0.335856	
2590	0.330520	0.346386	0.345427	0.313762	0.350387	0.323369	0.323194	0.311397	0.340237	0.328047	
2595	0.329003	0.344366	0.345571	0.322866	0.351171	0.320574	0.327244	0.311864	0.346197	0.328747	
2600	0.335144	0.337950	0.340099	0.311904	0.353104	0.315698	0.325202	0.313075	0.334085	0.330363	
2605	0.333515	0.330111	0.341756	0.316305	0.360682	0.313544	0.316077	0.315694	0.322286	0.328339	
2610	0.331350	0.328493	0.344204	0.317338	0.353560	0.315374	0.314385	0.323330	0.320932	0.336316	
2615	0.330448	0.324869	0.336160	0.320792	0.359932	0.323103	0.309609	0.329846	0.320694	0.348590	
2620	0.331746	0.318826	0.328121	0.318460	0.364642	0.329101	0.314085	0.325197	0.323530	0.355924	
2625	0.325356	0.320732	0.333588	0.312528	0.371241	0.326268	0.324750	0.325814	0.329338	0.369447	
2630	0.328621	0.318843	0.339770	0.311511	0.366534	0.324119	0.324982	0.320332	0.327870	0.364164	
2635	0.322460	0.318827	0.340403	0.310235	0.359359	0.338204	0.321015	0.322221	0.322800	0.368278	
2640	0.320559	0.323072	0.333701	0.304000	0.362319	0.345704	0.308592	0.334070	0.322319	0.370199	
2645	0.315507	0.329263	0.331849	0.309318	0.361081	0.337096	0.304125	0.335967	0.320169	0.362436	
2650	0.311701	0.337721	0.338416	0.302080	0.357708	0.340128	0.311804	0.341348	0.328316	0.362639	
2655	0.310317	0.340141	0.330326	0.298193	0.357855	0.344021	0.312274	0.338345	0.325418	0.368735	
2660	0.317495	0.344273	0.330424	0.305667	0.353322	0.339974	0.314136	0.335142	0.333838	0.368706	
2665	0.320000	0.329043	0.335680	0.309068	0.350051	0.346257	0.326945	0.330083	0.337479	0.374698	
2670	0.319655	0.330760	0.326857	0.305273	0.345466	0.348709	0.330534	0.334132	0.334592	0.370120	
2675	0.312694	0.326426	0.331863	0.311378	0.342174	0.340105	0.332516	0.340445	0.333762	0.369814	
2680	0.319639	0.316334	0.340428	0.312434	0.330015	0.328137	0.332582	0.343420	0.342890	0.368400	
2685	0.314431	0.321437	0.341468	0.323541	0.335712	0.317628	0.324927	0.353355	0.349138	0.358703	
2690	0.317423	0.316108	0.346781	0.326560	0.344332	0.319074	0.329505	0.357132	0.345166	0.350716	
2695	0.317492	0.320750	0.338374	0.336125	0.339566	0.321262	0.334829	0.358358	0.348056	0.350602	
2700	0.324994	0.319212	0.345227	0.335176	0.335050	0.315264	0.330261	0.349469	0.363391	0.358460	
2705	0.328014	0.312123	0.346684	0.334822	0.335443	0.319741	0.330261	0.346907	0.359240	0.351473	
2710	0.330592	0.313218	0.335430	0.336492	0.335249	0.327587	0.329490	0.335960	0.354830	0.355773	
2715	0.340240	0.320918	0.338861	0.334641	0.330194	0.326285	0.331666	0.340822	0.356961	0.349351	
2720	0.339173	0.318195	0.344219	0.334253	0.329160	0.326536	0.329098	0.334298	0.353666	0.349491	
2725	0.339070	0.314485	0.354744	0.337608	0.327844	0.340249	0.338266	0.331038	0.352319	0.350391	
2730	0.341888	0.322874	0.365691	0.341682	0.322931	0.328486	0.333246	0.334418	0.343935	0.350015	
2735	0.340885	0.323677	0.350493	0.340859	0.319206	0.337684	0.335331	0.328482	0.338901	0.348039	
2740	0.346491	0.307177	0.345158	0.348436	0.312892	0.342902	0.326472	0.336750	0.334365	0.352871	
2745	0.352615	0.309818	0.351342	0.337416	0.319503	0.338174	0.317403	0.341420	0.338791	0.355248	
2750	0.353382	0.320985	0.347514	0.334647	0.319611	0.332776	0.328648	0.341650	0.330640	0.355928	
2755	0.356696	0.326767	0.345352	0.329762	0.325348	0.335789	0.327620	0.337627	0.329607	0.352258	
2760	0.362597	0.331225	0.346454	0.324178	0.313148	0.323683	0.320306	0.342693	0.324854	0.350259	
2765	0.352330	0.333291	0.353845	0.326789	0.310602	0.328661	0.321609	0.337951	0.333856	0.356873	
2770	0.349425	0.326327	0.349577	0.324318	0.322999	0.334918	0.334796	0.333632	0.332023	0.354611	
2775	0.341238	0.320529	0.354719	0.334515	0.318694	0.341419	0.332713	0.339185	0.340490	0.344034	
2780	0.336740	0.328018	0.348738	0.327655	0.314819	0.340934	0.331462	0.342630	0.336813	0.350502	
2785	0.336625	0.332361	0.359198	0.327663	0.313449	0.347178	0.329775	0.346315	0.336724	0.358945	
2790	0.333295	0.333256	0.359534	0.320877	0.309630	0.348157	0.332103	0.349896	0.323028	0.364962	
2795	0.325529	0.343076	0.356516	0.314920	0.303175	0.341808	0.335308	0.344539	0.316767	0.358512	
2800	0.323789	0.349446	0.357178	0.312710	0.298860	0.339030	0.331325	0.339060	0.325730	0.354756	
2805	0.314550	0.339207	0.348430	0.317382	0.300327	0.340673	0.334708	0.346581	0.323181	0.356861	
2810	0.316383	0.337907	0.350187	0.316565	0.302235	0.339774	0.341922	0.356711	0.325956	0.356012	
2815	0.318661	0.347983	0.354648	0.309776	0.302032	0.341146	0.347875	0.346823	0.329934	0.351067	
2820	0.317163	0.361091	0.347312	0.314291	0.311939	0.352569	0.347642	0.335593	0.336315	0.357862	
2825	0.319198	0.359409	0.340675	0.318143	0.311069	0.348613	0.349329	0.342651	0.338539	0.360593	
2830	0.319979	0.370173	0.337862	0.325660	0.316505	0.344714	0.356419	0.343889	0.342520	0.352519	
2835	0.320154	0.361995	0.331349	0.326349	0.325956	0.336975	0.349092	0.348394	0.347324	0.343997	
2840	0.324544	0.360676	0.333242	0.335879	0.317752	0.338696	0.349886	0.352923	0.341572	0.332953	
2845	0.330691	0.358938	0.335845	0.338641	0.323854	0.340171	0.340548	0.353692	0.340365	0.328421	
2850	0.334236	0.356879	0.329713	0.334412	0.329065	0.337966	0.339784	0.354468	0.341944	0.335810	
2855	0.327780	0.349375	0.330477	0.339229	0.336868	0.343485	0.333966	0.350265	0.338541	0.342954	
2860	0.333578	0.343178	0.324224	0.344606	0.335441	0.335476	0.338996	0.346953	0.336172	0.345182	
2865	0.340584	0.337722	0.324936	0.343957	0.337775	0.332840	0.338742	0.354818	0.344760	0.348084	
2870	0.346675	0.337410	0.326569	0.341441	0.343689	0.326461	0.341944	0.353887	0.342107	0.344113	
2875	0.349968	0.336133	0.325483	0.340847	0.355154	0.325927	0.344279	0.343666	0.337110	0.340292	
2880	0.349904	0.341773	0.321312	0.352165	0.353634	0.327797	0.344683	0.336616	0.337445	0.339849	
2885	0.352649	0.340952	0.329596	0.355704	0.363076	0.323518	0.340469	0.325107	0.333577	0.339842	
2890	0.346873	0.333030	0.322475	0.353073	0.360891	0.311958	0.333498	0.330602	0.327496	0.328360	
2895	0.341159	0.319738	0.321566	0.340596	0.360975	0.304242	0.333240	0.325140	0.320856	0.326350	
2900	0.343863	0.314152	0.320931	0.332598	0.362236	0.306103	0.336586	0.312612	0.318259	0.323904	
2905	0.344081	0.318259	0.316363	0.336179	0.365724	0.301897	0.339910	0.309169	0.321124	0.315128	
2910	0.341614	0.317853	0.317276	0.341503	0.370628	0.310553	0.348900	0.307021	0.316156	0.306640	
2915	0.346093	0.312161	0.308567	0.339881	0.370870	0.321310	0.348633	0.313155	0.323655	0.317900	
2920	0.344764	0.316463	0.304071	0.343018	0.366104	0.330832	0.346919	0.307967	0.329842	0.314076	
2925	0.337894	0.329173	0.304880	0.341172	0.351623	0.335648	0.344696	0.321160	0.327259	0.318143	
2930	0.335050	0.337066	0.312662	0.334543	0.344926	0.335257	0.349617	0.317796	0.325660	0.317664	
2935	0.327764	0.327869	0.314021	0.336386	0.346568	0.337863	0.357611	0.305814	0.331500	0.320045	
2940	0.314391	0.327295	0.326190	0.335728	0.346489	0.343550	0.354166	0.311642	0.320476	0.327257	
2945	0.305551	0.328218	0.324823	0.336283	0.340424	0.342874	0.343019	0.315075	0.317171	0.330917	
2950	0.299529	0.318002	0.333990	0.337632	0.341688	0.339617	0.347838	0.319126	0.313960	0.334697	
2955	0.297073	0.305307	0.334785	0.325884	0.348377	0.335771	0.341177	0.325846	0.319187	0.329148	
2960	0.309373	0.319370	0.338688	0.336865	0.346085	0.339893	0.340709	0.320658	0.322877	0.327381	
2965	0.314660	0.320074	0.345950	0.332133	0.344926	0.346245	0.337840	0.324899	0.310137	0.327295	
2970	0.313400	0.324644	0.346931	0.326391	0.345400	0.344017	0.334169	0.328086	0.305497	0.326188	
2975	0.324394	0.331461	0.339194	0.334744	0.349099	0.350868	0.330504	0.327520	0.303209	0.326112	
2980	0.319712	0.333949	0.342470	0.339721	0.346753	0.357525	0.331746	0.332142	0.316613	0.325995	
2985	0.336923	0.326848	0.340222	0.339890	0.342861	0.356788	0.333239	0.335438	0.326414	0.327133	
2990	0.334798	0.323578	0.339664	0.338511	0.341617	0.350920	0.329708	0.332098	0.324622	0.333067	
2995	0.330089	0.327195	0.331604	0.339171	0.347866	0.356351	0.330488	0.337114	0.338341	0.330422	
3000	0.326884	0.335573	0.326658	0.331310	0.343860	0.364076	0.326164	0.331231	0.341770	0.336903	
