T	rep_1	rep_2	rep_3	rep_4	rep_5	rep_6	rep_7	rep_8	rep_9	rep_10
5	0.000000	0.000000	0.000000	0.000000	0.000000	0.000000	0.000000	0.000000	0.000000	0.000000	
10	0.000000	0.000000	0.000000	0.000000	0.000000	0.000000	0.000000	0.000000	0.000000	0.000000	
15	0.000000	0.000000	0.000000	0.000000	0.000000	0.000000	0.000000	0.000000	0.000000	0.000000	
20	0.000000	0.000000	0.000000	0.000000	0.000000	0.000000	0.000000	0.000000	0.000000	0.000000	
25	0.000000	0.000000	0.000000	0.000000	0.000000	0.000000	0.000000	0.000000	0.000000	0.000000	
30	0.000000	0.000000	0.000000	0.000000	0.000000	0.000000	0.000000	0.000000	0.000000	0.000000	
35	0.000000	0.000000	0.000000	0.000000	0.000000	0.000000	0.000000	0.000000	0.000000	0.000000	
40	0.000000	0.000000	0.000000	0.000000	0.000000	0.000000	0.000000	0.000000	0.000000	0.000000	
45	0.000000	0.000000	0.000000	0.000000	0.000000	0.000000	0.000000	0.000000	0.000000	0.000000	
50	0.000000	0.000000	0.000000	0.000000	0.000000	0.000000	0.000000	0.000000	0.000000	0.000000	
55	0.000000	0.000000	0.000000	0.000000	0.000000	0.000000	0.000000	0.000000	0.000000	0.000000	
60	0.000000	0.000000	0.000000	0.000000	0.000000	0.000000	0.000000	0.000000	0.000000	0.000000	
65	0.000000	0.000000	0.000000	0.000000	0.000000	0.000000	0.000000	0.000000	0.000000	0.000000	
70	0.000000	0.000000	0.000000	0.000000	0.000000	0.000000	0.000000	0.000000	0.000000	0.000000	
75	0.000000	0.000000	0.000000	0.000000	0.000000	0.000000	0.000000	0.000000	0.000000	0.000000	
80	0.000000	0.000000	0.000000	0.000000	0.000000	0.000000	0.000000	0.000000	0.000000	0.000000	
85	0.000000	0.000000	0.000000	0.000000	0.000000	0.000000	0.000000	0.000000	0.000000	0.000000	
90	0.000000	0.000000	0.000000	0.000000	0.000000	0.000000	0.000000	0.000000	0.000000	0.000000	
95	0.000000	0.000000	0.000000	0.000000	0.000000	0.000000	0.000000	0.000000	0.000000	0.000000	
100	0.000000	0.000000	0.000000	0.000000	0.000000	0.000000	0.000000	0.000000	0.000000	0.000000	
105	0.001919	0.001827	0.001995	0.001606	0.002096	0.001584	0.001543	0.001800	0.001391	0.001732	
110	0.005826	0.003786	0.005435	0.003664	0.006582	0.003997	0.003783	0.004241	0.003366	0.003825	
115	0.009942	0.007390	0.008599	0.006835	0.010263	0.006589	0.006655	0.008695	0.004015	0.006557	
120	0.016286	0.011167	0.011295	0.010512	0.013914	0.010702	0.006906	0.011905	0.005766	0.009324	
125	0.018737	0.015897	0.014063	0.014273	0.020483	0.011953	0.011537	0.015265	0.008106	0.012010	
130	0.021349	0.020355	0.017235	0.017063	0.023115	0.015842	0.012553	0.019632	0.012376	0.012435	
135	0.024359	0.026556	0.019705	0.019930	0.025965	0.018723	0.014484	0.022574	0.017506	0.015842	
140	0.025011	0.031157	0.022164	0.023981	0.031455	0.022129	0.017542	0.027174	0.023076	0.018719	
145	0.030617	0.034562	0.027396	0.026022	0.035218	0.025442	0.023627	0.034152	0.029257	0.022836	
150	0.035706	0.042123	0.029286	0.031096	0.037525	0.029580	0.031634	0.039276	0.033154	0.028944	
155	0.043149	0.047728	0.034361	0.036754	0.043058	0.034391	0.040246	0.044759	0.034549	0.034636	
160	0.047322	0.051077	0.037964	0.038198	0.047175	0.036502	0.046085	0.047556	0.039314	0.039088	
165	0.054380	0.053903	0.042945	0.043100	0.055168	0.037925	0.052585	0.052288	0.046360	0.040149	
170	0.060720	0.059074	0.047585	0.044328	0.059847	0.040003	0.056169	0.056654	0.053363	0.047118	
175	0.064053	0.064035	0.052175	0.050666	0.062626	0.048272	0.061013	0.062502	0.058433	0.051414	
180	0.067489	0.069905	0.055841	0.054557	0.064175	0.052854	0.065921	0.067225	0.061607	0.058237	
185	0.071161	0.074410	0.058129	0.058421	0.070625	0.060699	0.070218	0.068534	0.066480	0.061357	
190	0.078800	0.078786	0.062449	0.062984	0.075433	0.064043	0.070710	0.072883	0.074896	0.065162	
195	0.077213	0.082461	0.064985	0.067389	0.076381	0.071816	0.075828	0.078786	0.075959	0.070012	
200	0.080066	0.084487	0.067977	0.070380	0.081344	0.073341	0.078870	0.081324	0.079593	0.076491	
205	0.084284	0.087645	0.072622	0.073771	0.082594	0.078352	0.080643	0.086025	0.086283	0.078544	
210	0.084009	0.090652	0.076470	0.079141	0.086689	0.083194	0.082415	0.088309	0.087789	0.082313	
215	0.085429	0.092179	0.080454	0.086350	0.086947	0.084445	0.087788	0.091985	0.086857	0.083293	
220	0.088508	0.092229	0.086440	0.090937	0.088947	0.087575	0.090780	0.096977	0.091327	0.084047	
225	0.090441	0.096470	0.090416	0.095948	0.091711	0.089570	0.092479	0.100332	0.094595	0.085167	
230	0.093391	0.101716	0.095217	0.101036	0.095265	0.089918	0.094595	0.104762	0.102652	0.087846	
235	0.096361	0.105842	0.095146	0.103001	0.097255	0.094249	0.098022	0.105823	0.105348	0.091642	
240	0.097005	0.107793	0.100266	0.104968	0.098145	0.098546	0.100133	0.109711	0.108452	0.095009	
245	0.099336	0.111168	0.102722	0.107553	0.102200	0.099189	0.100480	0.111530	0.112175	0.099422	
250	0.099581	0.113663	0.105549	0.110536	0.105465	0.103416	0.103533	0.113304	0.113307	0.102345	
255	0.102498	0.114978	0.112117	0.114625	0.104945	0.104940	0.105094	0.113341	0.114339	0.103637	
260	0.103108	0.118923	0.114827	0.116180	0.108591	0.108367	0.107021	0.115147	0.115616	0.104429	
265	0.105465	0.119885	0.115121	0.123867	0.109996	0.109984	0.110556	0.119322	0.119404	0.105875	
270	0.105817	0.122278	0.116690	0.122287	0.112043	0.111641	0.114457	0.120678	0.120957	0.108679	
275	0.111057	0.122436	0.120817	0.127183	0.111206	0.114657	0.115884	0.123656	0.122239	0.112175	
280	0.113748	0.125396	0.121543	0.130544	0.114767	0.118504	0.115218	0.126286	0.122480	0.116302	
285	0.112973	0.128196	0.123510	0.130327	0.119570	0.117665	0.116670	0.127217	0.122475	0.123470	
290	0.114086	0.131387	0.129086	0.136174	0.118614	0.122367	0.120222	0.127599	0.124218	0.126196	
295	0.114736	0.134369	0.129598	0.139922	0.119020	0.123417	0.123923	0.128341	0.125751	0.127739	
300	0.116634	0.137627	0.133496	0.139853	0.124338	0.126050	0.126093	0.131642	0.130246	0.128512	
305	0.118484	0.140547	0.133660	0.143172	0.126259	0.130463	0.127842	0.133545	0.129719	0.130528	
310	0.119754	0.142593	0.136274	0.145653	0.131142	0.132688	0.130043	0.133030	0.131834	0.133932	
315	0.125480	0.146774	0.133126	0.152686	0.133776	0.135554	0.128413	0.132653	0.135171	0.132032	
320	0.129030	0.148633	0.134703	0.154060	0.139209	0.133464	0.133385	0.133459	0.136884	0.133562	
325	0.131573	0.157374	0.139597	0.157770	0.141769	0.137373	0.136777	0.139163	0.138485	0.136583	
330	0.133542	0.162145	0.139375	0.157258	0.142705	0.136209	0.139840	0.139708	0.136161	0.135975	
335	0.135792	0.165632	0.142789	0.157927	0.139404	0.138975	0.141362	0.138869	0.134261	0.137903	
340	0.140662	0.168024	0.147236	0.161063	0.140603	0.139617	0.143523	0.143374	0.135381	0.139756	
345	0.139822	0.168072	0.147608	0.163990	0.141895	0.138610	0.147963	0.144688	0.138999	0.140505	
350	0.142025	0.174697	0.147567	0.163658	0.146034	0.138879	0.148927	0.147675	0.143271	0.139855	
355	0.144854	0.179843	0.150188	0.167662	0.148642	0.139915	0.149480	0.150158	0.143891	0.144121	
360	0.143983	0.179773	0.155290	0.171049	0.151768	0.150205	0.150489	0.153307	0.146140	0.145551	
365	0.147361	0.185006	0.155095	0.172159	0.159501	0.153818	0.150526	0.151519	0.153699	0.145811	
370	0.153190	0.188330	0.158676	0.174242	0.161386	0.156877	0.153571	0.157837	0.151495	0.145621	
375	0.154634	0.191284	0.159198	0.176604	0.165970	0.158661	0.156383	0.156778	0.155677	0.145510	
380	0.153964	0.191735	0.158622	0.180775	0.170714	0.159934	0.158275	0.162154	0.158373	0.149322	
385	0.155731	0.195292	0.159072	0.180946	0.165656	0.161532	0.159496	0.162353	0.158610	0.149287	
390	0.158438	0.199369	0.159828	0.184390	0.168561	0.162323	0.165569	0.164912	0.162649	0.152191	
395	0.158639	0.201423	0.164217	0.186513	0.171032	0.164493	0.168049	0.167212	0.163215	0.154741	
400	0.160633	0.203075	0.167653	0.185399	0.173159	0.165822	0.168467	0.169665	0.166134	0.156738	
405	0.163719	0.204482	0.168645	0.187135	0.181297	0.168907	0.166775	0.169949	0.169603	0.158984	
410	0.166044	0.206918	0.168998	0.190505	0.182889	0.173066	0.166264	0.176156	0.168819	0.164132	
415	0.161817	0.206475	0.170040	0.191088	0.183498	0.176151	0.167553	0.177345	0.170346	0.164215	
420	0.165881	0.205403	0.171959	0.193304	0.185321	0.176001	0.167607	0.178067	0.173498	0.164327	
425	0.166474	0.207990	0.173842	0.193189	0.187135	0.182128	0.172812	0.178649	0.173996	0.165825	
430	0.168500	0.209981	0.177283	0.192875	0.184601	0.187767	0.177523	0.179118	0.177427	0.169057	
435	0.170804	0.210842	0.178089	0.190819	0.185213	0.186592	0.180303	0.179871	0.176563	0.172906	
440	0.169061	0.209918	0.180269	0.192052	0.188254	0.189786	0.181504	0.180932	0.177858	0.174569	
445	0.165427	0.211480	0.183883	0.197100	0.192633	0.190495	0.180634	0.183561	0.181219	0.176294	
450	0.165969	0.214073	0.188473	0.202823	0.194107	0.192304	0.181684	0.188669	0.184688	0.182319	
455	0.166320	0.212998	0.187675	0.205205	0.195564	0.192809	0.189979	0.193121	0.187349	0.185033	
460	0.168014	0.215506	0.187870	0.205714	0.196506	0.192818	0.186550	0.197353	0.190882	0.186649	
465	0.171331	0.217561	0.191281	0.208842	0.196881	0.199258	0.182813	0.197091	0.194003	0.187703	
470	0.171108	0.218922	0.195997	0.210979	0.199743	0.198903	0.182927	0.196584	0.195141	0.186174	
475	0.169501	0.217029	0.194855	0.210089	0.199955	0.202267	0.189015	0.198007	0.198973	0.186575	
480	0.172645	0.219360	0.199756	0.207558	0.203956	0.202520	0.193681	0.201279	0.198119	0.188744	
485	0.173103	0.221547	0.200106	0.209518	0.204188	0.202641	0.196752	0.197305	0.196489	0.191739	
490	0.173862	0.219504	0.201802	0.208078	0.206645	0.202820	0.196450	0.197280	0.200994	0.189889	
495	0.176721	0.218620	0.202429	0.212657	0.205687	0.202719	0.202252	0.201559	0.200504	0.191280	
500	0.180144	0.218181	0.202479	0.212728	0.205868	0.203640	0.200996	0.204823	0.198418	0.193426	
505	0.180777	0.219352	0.201973	0.213913	0.206495	0.198278	0.200787	0.206006	0.200320	0.198868	
510	0.183077	0.217688	0.204357	0.213469	0.205956	0.198604	0.204264	0.206900	0.202437	0.197853	
515	0.184334	0.215752	0.207054	0.209939	0.208595	0.198696	0.198572	0.208152	0.201103	0.201854	
520	0.183943	0.216698	0.207747	0.212279	0.207866	0.200502	0.202037	0.205827	0.206758	0.204786	
525	0.187082	0.217682	0.209908	0.212943	0.206730	0.201992	0.202705	0.205314	0.206442	0.204313	
530	0.187877	0.218544	0.209125	0.216659	0.213088	0.204472	0.207622	0.202438	0.204249	0.205681	
535	0.184182	0.221678	0.205515	0.220098	0.213760	0.206517	0.210340	0.204215	0.205240	0.206774	
540	0.189191	0.218220	0.204646	0.222605	0.215964	0.209300	0.214787	0.202598	0.204131	0.208353	
545	0.190346	0.216670	0.209090	0.222658	0.220322	0.214175	0.215275	0.203164	0.205586	0.213269	
550	0.193014	0.218281	0.206340	0.219977	0.219344	0.213848	0.219024	0.205716	0.210105	0.216451	
555	0.190117	0.220939	0.207172	0.222532	0.216001	0.216356	0.218057	0.207924	0.210554	0.222960	
560	0.195879	0.221149	0.204830	0.222533	0.218216	0.216330	0.219774	0.207811	0.216508	0.223713	
565	0.192387	0.220284	0.207340	0.225192	0.220715	0.221239	0.219712	0.209364	0.220844	0.225951	
570	0.196686	0.221117	0.210216	0.225524	0.218039	0.218183	0.224941	0.215315	0.222727	0.229714	
575	0.199711	0.220255	0.211358	0.224271	0.221967	0.219426	0.232013	0.209609	0.226491	0.228676	
580	0.200625	0.223894	0.210888	0.225582	0.224005	0.220292	0.233638	0.208456	0.224414	0.231537	
585	0.203532	0.224636	0.214192	0.226499	0.228435	0.218581	0.232252	0.210337	0.224069	0.230689	
590	0.203948	0.226254	0.213619	0.226186	0.225680	0.219932	0.230350	0.207902	0.228134	0.234259	
595	0.202841	0.222679	0.217500	0.227369	0.225734	0.221031	0.233643	0.209094	0.230930	0.236998	
600	0.204322	0.222144	0.220157	0.232730	0.225944	0.224141	0.234919	0.212532	0.231837	0.238596	
605	0.205762	0.226045	0.223699	0.237990	0.227474	0.228019	0.232990	0.212143	0.232048	0.242339	
610	0.200879	0.223978	0.228127	0.238982	0.230547	0.226135	0.232538	0.215116	0.234623	0.243771	
615	0.204592	0.222429	0.228415	0.241126	0.228889	0.222043	0.231625	0.215180	0.236588	0.248590	
620	0.204446	0.227792	0.225920	0.240992	0.232711	0.231041	0.230213	0.213307	0.234008	0.250098	
625	0.205005	0.221020	0.227484	0.244348	0.233161	0.233337	0.228344	0.208918	0.234060	0.245172	
630	0.207794	0.219893	0.230166	0.247305	0.234512	0.234896	0.228100	0.209092	0.236371	0.242664	
635	0.211350	0.217688	0.235127	0.249928	0.238209	0.237482	0.229609	0.208771	0.238517	0.247110	
640	0.209349	0.219308	0.232361	0.249545	0.241633	0.234738	0.231652	0.210516	0.237848	0.250261	
645	0.215375	0.217826	0.233865	0.251849	0.240602	0.230794	0.229321	0.209700	0.238176	0.251632	
650	0.214442	0.219412	0.229851	0.253693	0.239331	0.231876	0.230509	0.211265	0.240958	0.255741	
655	0.216370	0.220782	0.235061	0.256794	0.241782	0.235445	0.234556	0.215105	0.242371	0.258009	
660	0.216939	0.224287	0.237365	0.259933	0.239939	0.240480	0.233592	0.214914	0.244750	0.261164	
665	0.216095	0.226419	0.236669	0.262421	0.244340	0.242952	0.232649	0.220544	0.244148	0.262460	
670	0.215654	0.223483	0.237600	0.263853	0.248752	0.244513	0.228625	0.217199	0.250198	0.261274	
675	0.213710	0.223612	0.237391	0.265570	0.248784	0.248133	0.228361	0.215744	0.252478	0.263119	
680	0.211162	0.223233	0.234872	0.267275	0.249642	0.252429	0.229398	0.217415	0.252842	0.265178	
685	0.216500	0.225322	0.238438	0.264995	0.245595	0.254043	0.229946	0.218542	0.253452	0.264402	
690	0.222683	0.227976	0.236786	0.265867	0.246360	0.253463	0.232995	0.221019	0.253521	0.265718	
695	0.221483	0.225095	0.236419	0.266639	0.246440	0.254015	0.235541	0.219466	0.252325	0.262449	
700	0.219224	0.229454	0.240929	0.265031	0.248689	0.255034	0.235877	0.221849	0.250666	0.267040	
705	0.222581	0.231988	0.236575	0.268124	0.244071	0.255335	0.236766	0.226215	0.251568	0.262183	
710	0.227549	0.231135	0.235384	0.270985	0.244941	0.261403	0.236475	0.231290	0.252556	0.262160	
715	0.226579	0.231445	0.234293	0.269125	0.246019	0.263105	0.238851	0.231621	0.252131	0.261178	
720	0.229407	0.236324	0.238610	0.271069	0.245486	0.259725	0.240250	0.227482	0.254491	0.263379	
725	0.230443	0.237024	0.239335	0.274717	0.246564	0.261718	0.242765	0.229705	0.259811	0.266507	
730	0.226941	0.239661	0.239953	0.278011	0.244467	0.261654	0.243437	0.229688	0.261771	0.262967	
735	0.231034	0.240560	0.241547	0.281884	0.241570	0.263532	0.242613	0.228576	0.264354	0.260520	
740	0.230979	0.244540	0.242549	0.287291	0.243233	0.264705	0.241378	0.227229	0.262355	0.252487	
745	0.232292	0.243605	0.242203	0.283513	0.247170	0.266868	0.239726	0.229138	0.260048	0.252143	
750	0.231951	0.243380	0.240442	0.286190	0.250040	0.268827	0.241534	0.234964	0.265893	0.251256	
755	0.230004	0.242224	0.246667	0.282616	0.248943	0.271208	0.243690	0.235474	0.263666	0.250890	
760	0.235346	0.248588	0.244047	0.287456	0.245832	0.269072	0.244122	0.237129	0.261800	0.246872	
765	0.236900	0.253632	0.241132	0.288472	0.244706	0.272045	0.238783	0.238116	0.262120	0.246715	
770	0.236395	0.256616	0.241466	0.289750	0.248747	0.272399	0.239544	0.240614	0.262187	0.245998	
775	0.237832	0.259627	0.245995	0.291669	0.248608	0.270883	0.235917	0.238811	0.264500	0.248425	
780	0.236915	0.256991	0.249117	0.291391	0.247910	0.272682	0.236907	0.236102	0.266399	0.248436	
785	0.234617	0.258068	0.252180	0.288982	0.245836	0.273386	0.244066	0.236308	0.266163	0.247798	
790	0.237510	0.254243	0.249399	0.286899	0.245713	0.273453	0.242952	0.231053	0.268508	0.247773	
795	0.239626	0.259857	0.250259	0.293655	0.246793	0.281574	0.243158	0.232273	0.270335	0.250000	
800	0.242113	0.265491	0.250129	0.294322	0.250281	0.282667	0.243042	0.233142	0.270312	0.249970	
805	0.239798	0.263113	0.250641	0.297705	0.249453	0.278895	0.242322	0.237891	0.272223	0.248941	
810	0.237809	0.260501	0.248764	0.302525	0.253103	0.271724	0.240187	0.234250	0.275108	0.248669	
815	0.235786	0.262689	0.249614	0.300105	0.255427	0.276166	0.241125	0.236502	0.279604	0.247756	
820	0.237884	0.264821	0.250651	0.302390	0.255509	0.275737	0.243093	0.241016	0.274168	0.247019	
825	0.240785	0.260588	0.252275	0.303612	0.254855	0.275834	0.245165	0.244564	0.277467	0.249334	
830	0.242722	0.259054	0.252470	0.304100	0.253227	0.274708	0.244496	0.243127	0.277441	0.251441	
835	0.244849	0.258763	0.250075	0.303407	0.254610	0.272579	0.248999	0.242594	0.276250	0.251734	
840	0.246370	0.258731	0.251852	0.303930	0.259149	0.271672	0.245711	0.239595	0.275403	0.251065	
845	0.247381	0.263018	0.254235	0.308302	0.261428	0.275244	0.245586	0.238999	0.277250	0.255810	
850	0.250578	0.260939	0.257014	0.307980	0.263222	0.271986	0.245015	0.237901	0.277608	0.257435	
855	0.249180	0.262664	0.258175	0.310037	0.262722	0.271334	0.245562	0.236485	0.276739	0.257795	
860	0.249536	0.263360	0.260955	0.304157	0.264010	0.274343	0.250774	0.236003	0.273462	0.259212	
865	0.251344	0.264430	0.259475	0.304445	0.265831	0.273746	0.255234	0.236289	0.276827	0.257073	
870	0.251803	0.264791	0.258534	0.303803	0.263348	0.272586	0.257137	0.238096	0.282211	0.259864	
875	0.252790	0.265628	0.259497	0.299541	0.264441	0.274297	0.252641	0.240193	0.284201	0.260957	
880	0.256130	0.265880	0.257223	0.301549	0.261587	0.274662	0.254396	0.244975	0.283533	0.264482	
885	0.258739	0.269058	0.256310	0.294951	0.266047	0.275761	0.256797	0.248850	0.280182	0.258883	
890	0.260411	0.270816	0.256980	0.293649	0.268541	0.278104	0.251974	0.249990	0.283475	0.261563	
895	0.263176	0.267567	0.258449	0.300672	0.264377	0.276128	0.247508	0.251273	0.285689	0.262045	
900	0.266317	0.269645	0.259801	0.300918	0.269455	0.273969	0.247784	0.251913	0.284513	0.264757	
905	0.265358	0.270240	0.261356	0.298468	0.270299	0.278379	0.251924	0.252680	0.284966	0.265665	
910	0.270268	0.272500	0.261601	0.297101	0.268813	0.276539	0.253274	0.255493	0.287961	0.261784	
915	0.271044	0.277440	0.262477	0.295086	0.267250	0.278361	0.254279	0.260282	0.283374	0.262349	
920	0.274104	0.276720	0.261063	0.294028	0.268560	0.276769	0.253423	0.258098	0.281136	0.261111	
925	0.271002	0.277694	0.261796	0.297133	0.273769	0.271469	0.255205	0.254215	0.281451	0.259995	
930	0.272769	0.277019	0.264640	0.295312	0.273708	0.273376	0.253727	0.255848	0.284491	0.257554	
935	0.269726	0.271227	0.266237	0.296927	0.275311	0.271069	0.255577	0.256777	0.284140	0.257845	
940	0.270996	0.274852	0.270508	0.297611	0.270480	0.269599	0.252586	0.259222	0.289206	0.261257	
945	0.272804	0.275711	0.273256	0.298687	0.267625	0.271111	0.254878	0.256997	0.292550	0.265718	
950	0.274465	0.273193	0.275504	0.294045	0.267049	0.272869	0.253542	0.260323	0.291702	0.266297	
955	0.269887	0.273440	0.275870	0.295780	0.267318	0.272358	0.253717	0.261542	0.289016	0.266189	
960	0.269038	0.277791	0.278162	0.296762	0.266990	0.273406	0.249567	0.261872	0.290000	0.268587	
965	0.273100	0.276294	0.275587	0.297024	0.264794	0.275291	0.249219	0.264064	0.293312	0.268981	
970	0.274012	0.275954	0.277864	0.297982	0.263281	0.276523	0.254343	0.266619	0.294243	0.270569	
975	0.267725	0.277240	0.278121	0.292883	0.264391	0.277756	0.258190	0.265543	0.294619	0.267304	
980	0.269009	0.283919	0.280136	0.290366	0.267314	0.278952	0.260604	0.266822	0.295869	0.269125	
985	0.269755	0.283576	0.279753	0.289998	0.267132	0.281689	0.264137	0.269263	0.293848	0.273262	
990	0.269978	0.281901	0.280126	0.285985	0.264477	0.285627	0.267640	0.274177	0.296761	0.273888	
995	0.270121	0.284921	0.278119	0.284954	0.266872	0.285188	0.268330	0.276822	0.299832	0.277413	
1000	0.270419	0.282377	0.281092	0.284573	0.265905	0.281613	0.267552	0.279446	0.301836	0.277563	
1005	0.273241	0.281239	0.283411	0.282316	0.268771	0.285763	0.268197	0.278529	0.304503	0.278600	
1010	0.272480	0.280351	0.285270	0.285687	0.265921	0.287483	0.272454	0.275695	0.304846	0.281538	
1015	0.275324	0.279281	0.283899	0.279561	0.269910	0.287247	0.271242	0.278208	0.303711	0.284587	
1020	0.279009	0.284782	0.285409	0.282150	0.272273	0.284201	0.274443	0.279553	0.302198	0.285102	
1025	0.279349	0.282580	0.288652	0.278826	0.273605	0.282858	0.272024	0.280713	0.299174	0.284897	
1030	0.274387	0.288028	0.289984	0.275649	0.268994	0.280635	0.268682	0.283918	0.299105	0.279497	
1035	0.276504	0.286681	0.288418	0.275135	0.268689	0.282790	0.269752	0.288266	0.303002	0.279362	
1040	0.279184	0.282694	0.289023	0.272270	0.269162	0.279308	0.269991	0.284323	0.302520	0.283154	
1045	0.280127	0.277811	0.289706	0.270399	0.268718	0.280373	0.271674	0.287067	0.301787	0.284305	
1050	0.282273	0.278573	0.290347	0.270253	0.269469	0.278979	0.268246	0.287140	0.303261	0.285631	
1055	0.283309	0.279538	0.290872	0.270804	0.266556	0.280393	0.268896	0.285625	0.301943	0.290366	
1060	0.285407	0.274531	0.291106	0.270568	0.266604	0.278079	0.274424	0.288675	0.303733	0.291170	
1065	0.283622	0.278709	0.287737	0.272019	0.270110	0.274535	0.274492	0.290018	0.306307	0.295873	
1070	0.286509	0.275583	0.290521	0.269638	0.268711	0.275589	0.276026	0.292843	0.304333	0.292798	
1075	0.288741	0.276523	0.296076	0.265706	0.268878	0.276885	0.276827	0.294362	0.301027	0.290200	
1080	0.290441	0.278407	0.295251	0.261935	0.273477	0.275391	0.280250	0.294958	0.301288	0.291186	
1085	0.288022	0.277947	0.291406	0.260136	0.271656	0.276981	0.280583	0.291542	0.305206	0.291862	
1090	0.289370	0.273829	0.291912	0.261242	0.275004	0.276349	0.277383	0.291891	0.305730	0.293800	
1095	0.292456	0.274041	0.292924	0.265110	0.273815	0.275678	0.276016	0.294139	0.308694	0.293563	
1100	0.295401	0.274379	0.291046	0.265214	0.279923	0.275258	0.274337	0.297241	0.306416	0.295031	
1105	0.291547	0.276572	0.290921	0.266712	0.280516	0.279785	0.275884	0.297378	0.307089	0.292554	
1110	0.290821	0.280663	0.292469	0.272488	0.281477	0.280031	0.280265	0.296476	0.311548	0.291580	
1115	0.294253	0.284440	0.287451	0.275087	0.283816	0.281983	0.277890	0.297592	0.312551	0.290000	
1120	0.293874	0.288226	0.291538	0.274802	0.285304	0.282598	0.279385	0.292159	0.316323	0.288997	
1125	0.294256	0.288253	0.294400	0.275881	0.285726	0.281596	0.281203	0.293152	0.314297	0.291541	
1130	0.296679	0.286619	0.298802	0.277967	0.287400	0.282465	0.281843	0.288687	0.311409	0.287149	
1135	0.298829	0.284047	0.295394	0.277003	0.285975	0.280017	0.284106	0.288679	0.310437	0.283252	
1140	0.296080	0.285127	0.293297	0.277718	0.285612	0.279124	0.278060	0.288761	0.309594	0.283374	
1145	0.294710	0.286076	0.294109	0.282259	0.284819	0.277169	0.277585	0.291544	0.306981	0.285711	
1150	0.292920	0.289126	0.293804	0.280876	0.285540	0.276027	0.284305	0.289555	0.307442	0.283040	
1155	0.292953	0.288404	0.293454	0.280690	0.285883	0.280245	0.282715	0.291040	0.308293	0.282762	
1160	0.294827	0.288564	0.291497	0.277725	0.282895	0.280604	0.285564	0.292721	0.310447	0.284834	
1165	0.296032	0.288416	0.293113	0.277946	0.280142	0.278442	0.286191	0.294447	0.310028	0.287203	
1170	0.298250	0.288815	0.294139	0.271330	0.281794	0.276095	0.283710	0.290713	0.312876	0.286471	
1175	0.299021	0.285411	0.294925	0.272728	0.279401	0.272681	0.284566	0.290757	0.310595	0.283083	
1180	0.300481	0.286208	0.296707	0.274460	0.283160	0.272928	0.286129	0.290187	0.310796	0.286145	
1185	0.299639	0.290355	0.297856	0.273471	0.280837	0.274158	0.284267	0.289098	0.309727	0.285706	
1190	0.302309	0.289716	0.295045	0.276482	0.282255	0.271960	0.281240	0.290846	0.313007	0.285742	
1195	0.297216	0.286332	0.294229	0.278528	0.281088	0.272690	0.281885	0.294218	0.308816	0.286673	
1200	0.301914	0.284668	0.296276	0.277458	0.281103	0.274599	0.275968	0.295647	0.308742	0.282987	
1205	0.302910	0.287801	0.297760	0.275711	0.278715	0.273365	0.276313	0.297689	0.306762	0.281277	
1210	0.303793	0.289239	0.298399	0.276231	0.276576	0.272716	0.273288	0.297756	0.301970	0.281375	
1215	0.304396	0.289629	0.296152	0.274944	0.277094	0.269773	0.278376	0.294819	0.302888	0.283124	
1220	0.302435	0.284540	0.297349	0.280064	0.276026	0.272197	0.275812	0.299002	0.302584	0.280977	
1225	0.302939	0.285942	0.293035	0.280222	0.273826	0.271849	0.278754	0.301130	0.300088	0.280662	
1230	0.298591	0.284737	0.292058	0.278232	0.280216	0.270808	0.279112	0.299951	0.298613	0.282762	
1235	0.296628	0.286038	0.297966	0.276790	0.280706	0.269243	0.281692	0.302878	0.301431	0.282230	
1240	0.297730	0.286343	0.298040	0.276646	0.287176	0.269375	0.277920	0.305231	0.299539	0.284493	
1245	0.297189	0.286464	0.296956	0.274894	0.288347	0.270748	0.278076	0.300799	0.295670	0.280434	
1250	0.297589	0.287906	0.297000	0.276779	0.288737	0.272182	0.275999	0.302131	0.293486	0.278959	
1255	0.298405	0.287968	0.298724	0.279070	0.285721	0.269877	0.279051	0.301519	0.296220	0.279605	
1260	0.299168	0.287440	0.300242	0.284211	0.287244	0.269314	0.278856	0.300846	0.296041	0.282162	
1265	0.293663	0.287398	0.295844	0.282696	0.285294	0.269253	0.274959	0.300496	0.302264	0.284569	
1270	0.293837	0.286166	0.290891	0.285991	0.285660	0.267328	0.274215	0.298247	0.301919	0.282312	
1275	0.296284	0.286063	0.288847	0.287250	0.283895	0.267135	0.276874	0.297393	0.296740	0.278470	
1280	0.292519	0.283282	0.289554	0.288505	0.283086	0.266825	0.275560	0.299950	0.294718	0.279147	
1285	0.289865	0.283887	0.293305	0.283895	0.279103	0.267914	0.280861	0.298934	0.294677	0.276807	
1290	0.294284	0.280433	0.293382	0.282864	0.279298	0.270205	0.278922	0.296918	0.295175	0.275409	
1295	0.293104	0.278788	0.290926	0.284607	0.279792	0.273987	0.277697	0.299056	0.296232	0.273644	
1300	0.297027	0.278429	0.289348	0.291885	0.278924	0.274705	0.274734	0.300809	0.295053	0.269517	
1305	0.295854	0.275174	0.295850	0.290465	0.277468	0.275549	0.276060	0.297055	0.294150	0.272318	
1310	0.293492	0.275320	0.297234	0.294508	0.280197	0.276376	0.274923	0.300047	0.297391	0.274776	
1315	0.292572	0.276304	0.297144	0.294981	0.280722	0.275408	0.272615	0.301110	0.298548	0.273243	
1320	0.289946	0.277168	0.301079	0.295528	0.281894	0.278653	0.273529	0.300523	0.298174	0.272549	
1325	0.289947	0.279423	0.299351	0.297984	0.280868	0.277836	0.272916	0.299722	0.292528	0.272454	
1330	0.292851	0.278906	0.298948	0.296142	0.280394	0.280152	0.275404	0.298284	0.291589	0.274083	
1335	0.287901	0.282273	0.296910	0.299766	0.278621	0.280954	0.276311	0.296898	0.289617	0.273580	
1340	0.287499	0.280465	0.293579	0.298255	0.274943	0.275282	0.270748	0.296827	0.289051	0.271642	
1345	0.285838	0.280212	0.292128	0.300079	0.272510	0.275512	0.269029	0.292465	0.288910	0.270076	
1350	0.286359	0.282114	0.291448	0.297619	0.270233	0.275166	0.270178	0.297566	0.289830	0.272234	
1355	0.281624	0.278728	0.292533	0.299389	0.270650	0.273681	0.272960	0.299486	0.289340	0.269876	
1360	0.280652	0.277746	0.289609	0.296190	0.268504	0.271257	0.276957	0.299545	0.290783	0.272661	
1365	0.281099	0.276759	0.290148	0.294169	0.273271	0.273240	0.273486	0.303176	0.293368	0.273864	
1370	0.281104	0.273537	0.289539	0.294627	0.276533	0.273216	0.278101	0.297971	0.292921	0.275741	
1375	0.279918	0.272932	0.289432	0.296343	0.279503	0.271578	0.275642	0.301722	0.296794	0.272814	
1380	0.282560	0.270006	0.289243	0.297107	0.280726	0.270689	0.275161	0.302152	0.295911	0.274162	
1385	0.286986	0.270717	0.289393	0.295237	0.277952	0.270218	0.277064	0.303245	0.296793	0.268391	
1390	0.286154	0.268580	0.283576	0.300025	0.275623	0.271631	0.271716	0.302450	0.295079	0.266600	
1395	0.286242	0.270468	0.280184	0.299315	0.276111	0.268595	0.270876	0.304447	0.301503	0.268292	
1400	0.284535	0.270548	0.283037	0.299643	0.277320	0.267702	0.270558	0.303755	0.298548	0.269443	
1405	0.281111	0.264068	0.278837	0.302157	0.276544	0.269637	0.270696	0.299635	0.297876	0.267247	
1410	0.278112	0.267634	0.284114	0.301403	0.274705	0.274468	0.272032	0.300604	0.300218	0.268043	
1415	0.281200	0.267828	0.285724	0.300112	0.271277	0.272430	0.273238	0.297929	0.299201	0.269953	
1420	0.282481	0.265318	0.285368	0.303351	0.272134	0.276571	0.272590	0.298664	0.298088	0.276538	
1425	0.282179	0.260552	0.285208	0.302957	0.272920	0.273603	0.273803	0.303170	0.291084	0.276048	
1430	0.284717	0.259329	0.284617	0.300955	0.269976	0.269358	0.274270	0.299255	0.290231	0.276255	
1435	0.286726	0.261670	0.284135	0.300738	0.273351	0.269652	0.277250	0.296798	0.284511	0.275401	
1440	0.285017	0.262472	0.283306	0.299688	0.275086	0.269974	0.274778	0.299878	0.285676	0.277348	
1445	0.284021	0.259844	0.282397	0.299931	0.276066	0.273981	0.277782	0.299917	0.282923	0.276930	
1450	0.284049	0.262050	0.284253	0.303972	0.275145	0.273602	0.278133	0.301276	0.286898	0.277732	
1455	0.279141	0.262701	0.282484	0.305504	0.274166	0.278030	0.276542	0.301247	0.288667	0.276379	
1460	0.280152	0.267245	0.285840	0.306216	0.271085	0.280677	0.273930	0.298014	0.283463	0.278824	
1465	0.280129	0.268286	0.283939	0.306705	0.270667	0.280601	0.272599	0.294794	0.280918	0.275637	
1470	0.278221	0.263852	0.283136	0.307799	0.274095	0.281237	0.273962	0.290010	0.284570	0.273666	
1475	0.277292	0.264204	0.284981	0.307063	0.272495	0.280416	0.271770	0.289227	0.286583	0.276451	
1480	0.277534	0.266160	0.288809	0.305637	0.275005	0.279163	0.272584	0.288597	0.288243	0.275803	
1485	0.284423	0.264885	0.290896	0.303286	0.276127	0.285128	0.274314	0.290264	0.285246	0.276355	
1490	0.284606	0.261207	0.287630	0.303801	0.276653	0.283724	0.277079	0.286873	0.282311	0.275696	
1495	0.286529	0.262246	0.284607	0.301180	0.281265	0.285042	0.274369	0.288174	0.282563	0.273235	
1500	0.286256	0.261536	0.284534	0.303853	0.283880	0.278295	0.274379	0.291858	0.283279	0.275424	
1505	0.282696	0.262709	0.283147	0.303673	0.283622	0.283501	0.275006	0.292415	0.285142	0.276160	
1510	0.281388	0.262278	0.279181	0.304156	0.278587	0.280719	0.274641	0.288958	0.284447	0.272079	
1515	0.280375	0.263318	0.281207	0.301966	0.277546	0.271881	0.282555	0.285575	0.280582	0.273707	
1520	0.282573	0.261150	0.282722	0.301276	0.277363	0.273390	0.283221	0.289028	0.275939	0.273576	
1525	0.283330	0.261002	0.281602	0.303097	0.276720	0.272678	0.281408	0.286631	0.273928	0.271111	
1530	0.284763	0.258672	0.280989	0.304620	0.272135	0.271933	0.278210	0.288541	0.273992	0.271344	
1535	0.284047	0.259315	0.286435	0.304592	0.274732	0.270754	0.280587	0.286051	0.273930	0.270240	
1540	0.279582	0.262758	0.282965	0.307621	0.274823	0.271402	0.284981	0.285464	0.275458	0.274145	
1545	0.285900	0.263406	0.285738	0.306426	0.276479	0.277477	0.283028	0.280557	0.275807	0.274386	
1550	0.288027	0.265298	0.280268	0.308498	0.280749	0.277865	0.286292	0.285456	0.278005	0.278122	
1555	0.289679	0.267844	0.284157	0.307170	0.278835	0.280010	0.286513	0.282172	0.277425	0.280711	
1560	0.288783	0.264523	0.283675	0.305670	0.277598	0.279341	0.288053	0.284755	0.278450	0.280700	
1565	0.288828	0.264092	0.283201	0.303413	0.277200	0.283098	0.286438	0.284418	0.278209	0.280047	
1570	0.289230	0.265705	0.288846	0.303162	0.275901	0.282497	0.287356	0.284256	0.276698	0.275471	
1575	0.285368	0.261971	0.291692	0.299012	0.277558	0.279322	0.284658	0.280853	0.273774	0.278544	
1580	0.285143	0.264646	0.288897	0.299872	0.276203	0.278162	0.288563	0.281002	0.272470	0.277219	
1585	0.282867	0.268170	0.286035	0.295301	0.276656	0.281220	0.287496	0.278756	0.274285	0.278008	
1590	0.280948	0.271406	0.286460	0.293472	0.273744	0.277288	0.289204	0.270405	0.273994	0.277376	
1595	0.283765	0.277920	0.289189	0.294443	0.279549	0.276605	0.287036	0.269334	0.270880	0.279503	
1600	0.277122	0.281016	0.287263	0.292088	0.278579	0.278434	0.291073	0.268653	0.273158	0.277519	
1605	0.280343	0.277266	0.285794	0.291707	0.280061	0.278820	0.291409	0.270800	0.272581	0.273765	
1610	0.280310	0.277161	0.284527	0.297186	0.279670	0.278083	0.287144	0.271326	0.273261	0.274805	
1615	0.275064	0.272575	0.286395	0.296139	0.282227	0.280953	0.285967	0.276523	0.275013	0.278466	
1620	0.276198	0.276669	0.289137	0.297958	0.282413	0.278046	0.289965	0.270246	0.275778	0.278203	
1625	0.275948	0.273132	0.291978	0.298335	0.281207	0.278801	0.290727	0.267818	0.278124	0.280384	
1630	0.273809	0.275693	0.289743	0.301202	0.280174	0.279389	0.284323	0.268598	0.275811	0.281771	
1635	0.268912	0.276881	0.291186	0.299215	0.281115	0.279216	0.285884	0.265847	0.271711	0.281323	
1640	0.271400	0.282227	0.293225	0.302129	0.278772	0.280146	0.289006	0.265817	0.272908	0.282011	
1645	0.272229	0.284234	0.293163	0.303637	0.277155	0.278871	0.286994	0.264728	0.275163	0.282474	
1650	0.270890	0.284642	0.289865	0.302605	0.276062	0.278262	0.289361	0.264876	0.274744	0.280866	
1655	0.267536	0.280869	0.290090	0.304967	0.278919	0.279016	0.289580	0.267709	0.274564	0.279197	
1660	0.269867	0.281849	0.289234	0.302592	0.275349	0.278432	0.287506	0.268952	0.275225	0.282038	
1665	0.270702	0.283885	0.288656	0.301179	0.276609	0.284276	0.289122	0.270394	0.273734	0.281061	
1670	0.274394	0.281028	0.285526	0.298140	0.272297	0.285454	0.290437	0.269303	0.272626	0.284438	
1675	0.274944	0.277871	0.289299	0.295170	0.273188	0.283514	0.293957	0.271761	0.275549	0.281547	
1680	0.274649	0.276189	0.289729	0.294260	0.268692	0.282763	0.294019	0.271143	0.279252	0.281012	
1685	0.275491	0.280987	0.290364	0.296538	0.267093	0.284135	0.295023	0.269492	0.281081	0.276934	
1690	0.276441	0.279692	0.287420	0.289143	0.268977	0.284776	0.295881	0.265278	0.284834	0.281641	
1695	0.276578	0.286852	0.288798	0.292991	0.268515	0.283767	0.295995	0.267484	0.284349	0.285799	
1700	0.275089	0.287219	0.287442	0.290878	0.270732	0.282969	0.294602	0.268427	0.286864	0.285236	
1705	0.275301	0.292660	0.283582	0.288805	0.273867	0.286803	0.291738	0.271435	0.291701	0.288172	
1710	0.280507	0.297173	0.285312	0.288390	0.273472	0.287585	0.292254	0.271644	0.288425	0.289124	
1715	0.274146	0.296881	0.284940	0.289053	0.274682	0.284611	0.295332	0.271395	0.284444	0.292698	
1720	0.273880	0.293789	0.286311	0.290249	0.272771	0.281909	0.295348	0.270366	0.286530	0.289948	
1725	0.271549	0.289449	0.285125	0.291090	0.271843	0.279323	0.296918	0.268532	0.287978	0.290798	
1730	0.269865	0.288691	0.290385	0.290640	0.271982	0.280801	0.297735	0.268952	0.289685	0.284961	
1735	0.269975	0.288646	0.288227	0.290383	0.269597	0.280571	0.296654	0.269705	0.289032	0.286314	
1740	0.269957	0.290847	0.288017	0.292832	0.270696	0.280053	0.296771	0.273290	0.289161	0.281887	
1745	0.268433	0.289969	0.288618	0.295323	0.270847	0.283569	0.295718	0.273478	0.287723	0.285802	
1750	0.268005	0.291847	0.286529	0.299068	0.272532	0.288530	0.296829	0.271167	0.287028	0.285426	
1755	0.268257	0.293945	0.287551	0.292440	0.270305	0.287624	0.292062	0.269912	0.287066	0.286238	
1760	0.267527	0.293977	0.285083	0.289886	0.273994	0.287089	0.289853	0.269137	0.283012	0.286587	
1765	0.267972	0.293773	0.284441	0.290884	0.272605	0.284260	0.291188	0.273929	0.284418	0.287703	
1770	0.271243	0.295406	0.281076	0.288767	0.269198	0.282660	0.289969	0.273389	0.282888	0.286658	
1775	0.271816	0.292240	0.281172	0.289202	0.268486	0.283038	0.288999	0.272992	0.285184	0.287864	
1780	0.274915	0.291311	0.282540	0.294023	0.266692	0.283878	0.290068	0.277196	0.283894	0.284697	
1785	0.272783	0.289660	0.283513	0.296698	0.265082	0.287960	0.289681	0.270936	0.282279	0.287614	
1790	0.269436	0.288275	0.285478	0.294903	0.262841	0.285510	0.290074	0.271284	0.279787	0.286084	
1795	0.272255	0.286008	0.286485	0.296187	0.261664	0.285283	0.290709	0.271567	0.279936	0.287072	
1800	0.270234	0.284373	0.284115	0.292958	0.266225	0.281995	0.291140	0.268121	0.283728	0.289176	
1805	0.269388	0.287037	0.282697	0.293320	0.267093	0.278578	0.290674	0.262981	0.286878	0.291849	
1810	0.269422	0.285015	0.279379	0.291170	0.268915	0.281234	0.289135	0.267269	0.284868	0.287977	
1815	0.266961	0.286769	0.280966	0.291120	0.272290	0.282176	0.288968	0.267398	0.281598	0.286823	
1820	0.265616	0.284713	0.285117	0.291586	0.272559	0.283597	0.289022	0.269827	0.277222	0.289175	
1825	0.264999	0.282777	0.283124	0.290344	0.275988	0.282365	0.293269	0.270824	0.282054	0.290216	
1830	0.267639	0.285000	0.284852	0.291008	0.276606	0.280363	0.294991	0.271397	0.280336	0.292101	
1835	0.264672	0.286286	0.288346	0.292525	0.275783	0.281231	0.293804	0.271124	0.281057	0.287777	
1840	0.260774	0.286570	0.290119	0.292604	0.275070	0.282709	0.292152	0.270772	0.280141	0.287425	
1845	0.260471	0.286398	0.290115	0.292910	0.275338	0.283505	0.290301	0.270597	0.284450	0.290435	
1850	0.260634	0.286868	0.292183	0.293870	0.275363	0.281180	0.287632	0.273930	0.285677	0.289655	
1855	0.261774	0.285528	0.291232	0.296023	0.274130	0.279683	0.285597	0.276560	0.283975	0.292266	
1860	0.262898	0.286245	0.294057	0.294570	0.275343	0.278628	0.287356	0.271440	0.286098	0.292361	
1865	0.261272	0.283210	0.293779	0.295707	0.273713	0.280509	0.290396	0.271832	0.283390	0.290013	
1870	0.263485	0.281837	0.294343	0.295610	0.269742	0.281446	0.290450	0.276249	0.288253	0.293834	
1875	0.264779	0.281522	0.293028	0.298525	0.266532	0.281243	0.291667	0.274125	0.283780	0.289272	
1880	0.264856	0.281465	0.290619	0.301335	0.270047	0.277421	0.289580	0.277494	0.288351	0.287567	
1885	0.260518	0.280565	0.292968	0.299238	0.271360	0.275792	0.288355	0.277819	0.281987	0.290800	
1890	0.258507	0.280550	0.294663	0.301090	0.271649	0.276439	0.285572	0.281088	0.279890	0.290389	
1895	0.262338	0.282589	0.296791	0.298487	0.271981	0.279534	0.287271	0.281469	0.286211	0.286013	
1900	0.262850	0.282108	0.294507	0.301168	0.273081	0.277859	0.290550	0.279692	0.285361	0.282499	
1905	0.259976	0.283508	0.299227	0.304179	0.273913	0.283196	0.297411	0.283878	0.284041	0.280675	
1910	0.257530	0.280750	0.298133	0.305099	0.272899	0.284030	0.294049	0.284264	0.290493	0.281234	
1915	0.262445	0.279241	0.298451	0.305182	0.272392	0.283864	0.291476	0.284101	0.288831	0.278514	
1920	0.259385	0.275983	0.296145	0.306598	0.272788	0.286175	0.296012	0.280813	0.291390	0.280126	
1925	0.261759	0.277379	0.298021	0.305936	0.270373	0.282478	0.294972	0.285463	0.293356	0.279719	
1930	0.261942	0.274382	0.294863	0.303187	0.270173	0.280347	0.298834	0.290700	0.286898	0.278812	
1935	0.259543	0.273629	0.299594	0.301869	0.271826	0.280208	0.296068	0.293207	0.288898	0.279834	
1940	0.259801	0.277142	0.301820	0.300624	0.272748	0.279127	0.293912	0.295954	0.287556	0.280948	
1945	0.264435	0.276458	0.295456	0.298037	0.269830	0.277909	0.295645	0.297074	0.284615	0.282157	
1950	0.262729	0.279458	0.290465	0.296394	0.269732	0.274138	0.296603	0.295808	0.288986	0.282216	
1955	0.265455	0.281201	0.287742	0.297729	0.269846	0.275370	0.297876	0.296341	0.286380	0.279984	
1960	0.269365	0.283212	0.284145	0.295765	0.270209	0.271939	0.301642	0.292393	0.283710	0.280735	
1965	0.263616	0.283630	0.285109	0.296536	0.271793	0.272525	0.303649	0.292330	0.284033	0.284456	
1970	0.264563	0.282987	0.288381	0.297412	0.272235	0.273444	0.301510	0.296029	0.285495	0.284203	
1975	0.260707	0.280243	0.287539	0.297305	0.268504	0.269798	0.302015	0.299349	0.287000	0.286039	
1980	0.257585	0.281356	0.285968	0.298535	0.268912	0.270676	0.304016	0.298741	0.288933	0.283059	
1985	0.259949	0.277838	0.286034	0.298440	0.273878	0.271647	0.304890	0.300208	0.289342	0.280473	
1990	0.256382	0.282928	0.287020	0.292730	0.271817	0.270368	0.306006	0.296478	0.290054	0.284547	
1995	0.257883	0.280937	0.286864	0.295751	0.266122	0.266912	0.304041	0.298016	0.293269	0.285427	
2000	0.257636	0.280656	0.286095	0.295476	0.268372	0.266853	0.304120	0.296023	0.291225	0.285387	
2005	0.257983	0.283169	0.284675	0.297106	0.268668	0.263221	0.300792	0.295322	0.291703	0.284573	
2010	0.260425	0.285957	0.286692	0.294048	0.267444	0.262221	0.295455	0.294128	0.291277	0.285875	
2015	0.259035	0.288055	0.289321	0.297091	0.268105	0.265258	0.293864	0.294178	0.289569	0.289509	
2020	0.257630	0.285584	0.287934	0.297463	0.272149	0.264172	0.294475	0.297773	0.286515	0.288306	
2025	0.260642	0.285105	0.287877	0.298387	0.271532	0.263363	0.299690	0.294365	0.293247	0.291900	
2030	0.257951	0.288607	0.286965	0.297819	0.274873	0.262908	0.298698	0.294060	0.294460	0.290777	
2035	0.262326	0.287378	0.288797	0.296203	0.274832	0.261895	0.296306	0.293072	0.295794	0.291849	
2040	0.264280	0.289202	0.290141	0.294383	0.274062	0.263726	0.298878	0.292674	0.296012	0.292105	
2045	0.263170	0.289287	0.289350	0.295831	0.277302	0.260774	0.302780	0.295642	0.296405	0.294855	
2050	0.264119	0.286456	0.285175	0.295950	0.276696	0.262183	0.304480	0.296119	0.300425	0.296147	
2055	0.270466	0.285727	0.282243	0.298456	0.274828	0.262056	0.309934	0.294461	0.300506	0.298237	
2060	0.269672	0.286414	0.282465	0.300817	0.276159	0.264502	0.309271	0.292937	0.303726	0.295680	
2065	0.267371	0.287397	0.283150	0.299730	0.278330	0.267609	0.308614	0.296635	0.306366	0.297055	
2070	0.265487	0.287820	0.278922	0.302589	0.276820	0.265460	0.305547	0.300579	0.306327	0.297141	
2075	0.267538	0.289523	0.279953	0.302820	0.277518	0.264457	0.303413	0.297879	0.306457	0.298584	
2080	0.266077	0.282985	0.279191	0.302269	0.273351	0.265586	0.299936	0.299525	0.305454	0.301588	
2085	0.268935	0.283603	0.281507	0.296843	0.275391	0.265510	0.302134	0.299185	0.304718	0.302871	
2090	0.268122	0.282831	0.281352	0.298542	0.274780	0.267381	0.302739	0.301753	0.303066	0.300532	
2095	0.269661	0.283378	0.278998	0.299623	0.276687	0.268313	0.301978	0.301052	0.305279	0.301546	
2100	0.267614	0.283425	0.281336	0.295895	0.277541	0.269378	0.302516	0.297077	0.304549	0.303813	
2105	0.267082	0.281458	0.285742	0.292769	0.277131	0.270549	0.301846	0.299650	0.300236	0.302689	
2110	0.268444	0.281468	0.282404	0.293458	0.277073	0.271444	0.300768	0.299381	0.297760	0.297930	
2115	0.270777	0.281098	0.281366	0.293311	0.278619	0.272687	0.303753	0.303717	0.294255	0.295087	
2120	0.270733	0.282646	0.280722	0.287270	0.280660	0.272518	0.302671	0.302687	0.293373	0.294038	
2125	0.265169	0.277837	0.277365	0.288450	0.278241	0.272112	0.304937	0.305260	0.285791	0.290664	
2130	0.267194	0.280100	0.278817	0.287455	0.279282	0.272596	0.303264	0.308084	0.287630	0.286513	
2135	0.271082	0.279738	0.277677	0.287301	0.274513	0.271520	0.300436	0.308663	0.283728	0.286938	
2140	0.271432	0.277881	0.275268	0.285651	0.275029	0.273110	0.296491	0.309147	0.289761	0.290347	
2145	0.269805	0.278763	0.275732	0.286161	0.280227	0.273378	0.294491	0.307689	0.289410	0.291475	
2150	0.267415	0.280569	0.277007	0.286211	0.281730	0.269779	0.294426	0.307993	0.290712	0.295444	
2155	0.265841	0.275446	0.275555	0.289581	0.282311	0.268701	0.292223	0.308234	0.286566	0.295235	
2160	0.263214	0.277023	0.276387	0.287934	0.286899	0.270054	0.290375	0.308625	0.286232	0.298482	
2165	0.264104	0.275527	0.272090	0.287042	0.289522	0.264704	0.284106	0.308296	0.284727	0.297458	
2170	0.264645	0.274925	0.273440	0.291151	0.286563	0.265804	0.285859	0.311299	0.285181	0.293645	
2175	0.265309	0.270878	0.275859	0.291359	0.286673	0.267291	0.288528	0.303697	0.284723	0.297758	
2180	0.263856	0.269125	0.275009	0.289275	0.284724	0.271384	0.287766	0.309617	0.286654	0.299224	
2185	0.265043	0.272420	0.278234	0.287932	0.288007	0.272151	0.287767	0.307565	0.281538	0.299417	
2190	0.269167	0.277291	0.280769	0.286796	0.287688	0.269091	0.288696	0.306864	0.281927	0.294662	
2195	0.268264	0.278080	0.282944	0.286878	0.289045	0.268972	0.290804	0.304151	0.285454	0.298831	
2200	0.271752	0.280484	0.284626	0.288404	0.291738	0.267813	0.293013	0.304835	0.278892	0.296340	
2205	0.267681	0.276059	0.283156	0.285040	0.288557	0.262413	0.292410	0.301794	0.277310	0.297666	
2210	0.265193	0.278065	0.283952	0.284508	0.284798	0.266359	0.290770	0.299825	0.282336	0.293065	
2215	0.267292	0.277233	0.285944	0.279242	0.282604	0.264921	0.289092	0.300722	0.282877	0.294825	
2220	0.270247	0.276115	0.284670	0.280240	0.287249	0.265778	0.287767	0.298611	0.282572	0.290333	
2225	0.268490	0.275536	0.283499	0.282274	0.283597	0.265614	0.288111	0.301948	0.276673	0.290074	
2230	0.267355	0.276045	0.282355	0.283537	0.281403	0.263862	0.290932	0.300568	0.275053	0.289757	
2235	0.264629	0.277020	0.283548	0.280889	0.284324	0.260224	0.293732	0.299963	0.274361	0.291770	
2240	0.267301	0.275701	0.283324	0.283175	0.283472	0.261537	0.290926	0.298849	0.275132	0.289700	
2245	0.267111	0.276464	0.283189	0.287991	0.283518	0.262887	0.288787	0.301431	0.275768	0.291789	
2250	0.265983	0.279723	0.285931	0.285075	0.284790	0.266772	0.286893	0.298934	0.277821	0.291990	
2255	0.265542	0.278782	0.287057	0.287155	0.281967	0.267915	0.290009	0.301407	0.279836	0.289615	
2260	0.264079	0.281646	0.288434	0.287273	0.280889	0.269562	0.294323	0.296132	0.278583	0.289942	
2265	0.268086	0.276832	0.287570	0.290171	0.279212	0.264796	0.292916	0.292912	0.281468	0.290225	
2270	0.267579	0.278055	0.289763	0.290711	0.282270	0.265331	0.290953	0.291426	0.283712	0.292652	
2275	0.267256	0.275617	0.291376	0.288636	0.282042	0.264741	0.286875	0.295532	0.283460	0.286842	
2280	0.264255	0.272013	0.291827	0.293752	0.284793	0.265081	0.288089	0.293805	0.284914	0.284742	
2285	0.265947	0.274002	0.291298	0.289035	0.289022	0.264761	0.286862	0.293784	0.289827	0.289664	
2290	0.267075	0.271880	0.289130	0.288140	0.289371	0.264348	0.283624	0.292600	0.289244	0.291326	
2295	0.265783	0.274313	0.290654	0.292157	0.290084	0.261479	0.282173	0.291088	0.289059	0.290807	
2300	0.264768	0.271244	0.288747	0.287353	0.288862	0.262556	0.278914	0.292187	0.287006	0.291447	
2305	0.266660	0.275375	0.287517	0.290571	0.294441	0.262551	0.284012	0.293128	0.289826	0.292805	
2310	0.263931	0.275964	0.288503	0.286348	0.295199	0.262935	0.284269	0.295063	0.292100	0.292012	
2315	0.265751	0.273471	0.289223	0.288245	0.293917	0.265754	0.284105	0.300603	0.295345	0.290643	
2320	0.265730	0.274561	0.288379	0.285387	0.294485	0.267385	0.282681	0.298982	0.290568	0.288607	
2325	0.258570	0.271627	0.287667	0.281872	0.293354	0.268617	0.282905	0.293476	0.291049	0.286447	
2330	0.257908	0.272029	0.286954	0.282898	0.291765	0.268145	0.279141	0.297510	0.288477	0.286378	
2335	0.264133	0.271939	0.285899	0.282751	0.290308	0.267608	0.282170	0.295929	0.288699	0.287569	
2340	0.260844	0.272033	0.292544	0.285331	0.292532	0.270118	0.281453	0.295946	0.285615	0.287585	
2345	0.264692	0.274027	0.290635	0.290980	0.295116	0.268602	0.284604	0.292119	0.287233	0.285749	
2350	0.269004	0.273606	0.291637	0.294860	0.297251	0.271417	0.279114	0.290290	0.286027	0.285629	
2355	0.267576	0.274799	0.297630	0.296611	0.295153	0.267400	0.281416	0.288698	0.284626	0.284618	
2360	0.269506	0.277109	0.299783	0.295266	0.297240	0.268107	0.278670	0.289607	0.284635	0.283685	
2365	0.271864	0.275089	0.292513	0.297246	0.297960	0.271171	0.285847	0.290008	0.286712	0.281428	
2370	0.267821	0.277234	0.296835	0.300109	0.296867	0.268447	0.283286	0.286947	0.285775	0.282485	
2375	0.268173	0.279528	0.299577	0.299866	0.293602	0.270931	0.281480	0.287164	0.280875	0.280821	
2380	0.264442	0.275771	0.295670	0.298239	0.297930	0.271350	0.285261	0.289309	0.279716	0.281298	
2385	0.263376	0.275989	0.293528	0.297350	0.298564	0.271570	0.283404	0.292408	0.279994	0.283048	
2390	0.264948	0.270931	0.293379	0.303010	0.296440	0.272717	0.281738	0.287066	0.274221	0.280755	
2395	0.266233	0.270336	0.293250	0.301788	0.296927	0.273288	0.278504	0.288612	0.276761	0.277824	
2400	0.266388	0.273265	0.291337	0.299258	0.299339	0.272373	0.278110	0.286773	0.278000	0.276887	
2405	0.265792	0.270326	0.290458	0.298245	0.300256	0.270773	0.275857	0.286204	0.277036	0.274127	
2410	0.265052	0.272460	0.294440	0.302393	0.303669	0.271461	0.275685	0.290875	0.275849	0.275708	
2415	0.265560	0.270384	0.297061	0.302218	0.309183	0.276562	0.277772	0.288710	0.279745	0.275463	
2420	0.265691	0.268486	0.294009	0.299361	0.312972	0.275914	0.277365	0.291362	0.281036	0.279333	
2425	0.268868	0.267009	0.291702	0.296911	0.313437	0.276403	0.278483	0.292297	0.283755	0.276076	
2430	0.273513	0.270366	0.290175	0.300134	0.312401	0.278586	0.280601	0.293617	0.280028	0.278318	
2435	0.276101	0.272876	0.291608	0.299486	0.311666	0.280019	0.278062	0.296158	0.277921	0.275140	
2440	0.275125	0.272238	0.292606	0.296541	0.314086	0.277931	0.280263	0.298993	0.275245	0.276484	
2445	0.274255	0.269168	0.289600	0.296523	0.316717	0.279225	0.276958	0.300014	0.273792	0.279559	
2450	0.275018	0.268689	0.290131	0.296477	0.316151	0.274732	0.272917	0.302670	0.276239	0.278508	
2455	0.272849	0.270076	0.286579	0.294736	0.314490	0.274528	0.275379	0.303449	0.276716	0.279467	
2460	0.272612	0.271546	0.286598	0.295217	0.313382	0.277854	0.277913	0.303054	0.275606	0.282001	
2465	0.275162	0.266649	0.287738	0.292094	0.315071	0.279986	0.280461	0.304895	0.280661	0.282247	
2470	0.271892	0.269191	0.290679	0.297060	0.316489	0.281045	0.279287	0.302736	0.278424	0.281478	
2475	0.270671	0.267408	0.290719	0.294064	0.311682	0.280794	0.280375	0.303718	0.275381	0.283073	
2480	0.271312	0.267849	0.292320	0.297690	0.313960	0.282847	0.276961	0.304314	0.275484	0.283301	
2485	0.269743	0.271530	0.290611	0.300377	0.311202	0.280634	0.278389	0.299512	0.277245	0.284621	
2490	0.268469	0.267672	0.295046	0.299375	0.310144	0.281212	0.278844	0.302661	0.274315	0.281109	
2495	0.264566	0.266153	0.296644	0.298690	0.313997	0.282676	0.275729	0.302208	0.274988	0.282719	
2500	0.264259	0.265672	0.291293	0.299493	0.312710	0.284364	0.279473	0.301528	0.277929	0.279815	
2505	0.263599	0.260057	0.289630	0.301664	0.308325	0.287010	0.279850	0.298990	0.279607	0.281899	
2510	0.258734	0.260270	0.286896	0.301465	0.304645	0.280668	0.283668	0.302862	0.274399	0.282103	
2515	0.265590	0.261201	0.286606	0.300036	0.305263	0.279710	0.285474	0.302014	0.272242	0.283857	
2520	0.269298	0.264362	0.281694	0.293841	0.306516	0.281674	0.287739	0.303363	0.276599	0.283312	
2525	0.267718	0.263107	0.281607	0.290964	0.304830	0.282367	0.283805	0.303519	0.276270	0.277984	
2530	0.265414	0.263883	0.281977	0.293975	0.303349	0.282285	0.285315	0.300343	0.275766	0.276643	
2535	0.269180	0.262851	0.279313	0.296218	0.306892	0.277206	0.281490	0.301066	0.274010	0.274909	
2540	0.267916	0.263642	0.278389	0.291850	0.300951	0.275822	0.282140	0.299564	0.273196	0.273712	
2545	0.267880	0.267787	0.279454	0.294823	0.300756	0.273727	0.283219	0.302410	0.275385	0.278378	
2550	0.267837	0.265741	0.279829	0.298109	0.295627	0.275324	0.286749	0.304996	0.275735	0.281277	
2555	0.270939	0.268023	0.281048	0.298132	0.293503	0.274335	0.287841	0.304547	0.272664	0.280306	
2560	0.272442	0.267954	0.275759	0.295770	0.292052	0.271114	0.290003	0.304957	0.274466	0.279606	
2565	0.276975	0.269848	0.272838	0.295551	0.292475	0.270025	0.290487	0.305143	0.274302	0.280343	
2570	0.273115	0.266722	0.272746	0.297708	0.288642	0.267961	0.284220	0.302960	0.270742	0.282168	
2575	0.276554	0.269139	0.273452	0.295883	0.289347	0.265341	0.287132	0.303711	0.268375	0.284056	
2580	0.277972	0.268614	0.273388	0.298564	0.290871	0.270179	0.286989	0.307192	0.269115	0.281232	
2585	0.282812	0.267676	0.276047	0.296505	0.291243	0.268979	0.286924	0.301207	0.273281	0.279687	
2590	0.279309	0.265633	0.277552	0.297992	0.290953	0.267018	0.289797	0.302222	0.272965	0.282480	
2595	0.280436	0.268285	0.280807	0.296939	0.294946	0.267660	0.290528	0.302881	0.276449	0.283585	
2600	0.280864	0.265601	0.280052	0.294553	0.293540	0.265045	0.288958	0.300820	0.275494	0.284034	
2605	0.279858	0.265223	0.280649	0.295255	0.297856	0.263081	0.290615	0.302540	0.276609	0.282855	
2610	0.277001	0.271235	0.279727	0.296856	0.298289	0.266588	0.290255	0.300371	0.276426	0.281307	
2615	0.273449	0.268881	0.276925	0.294321	0.300411	0.270530	0.288668	0.297462	0.272527	0.282596	
2620	0.273896	0.272006	0.275292	0.293902	0.298182	0.270872	0.289604	0.298859	0.269616	0.286386	
2625	0.276529	0.268926	0.276134	0.295886	0.298886	0.271298	0.292678	0.297436	0.265956	0.286432	
2630	0.275553	0.272072	0.278019	0.293866	0.294962	0.274950	0.293080	0.301786	0.267589	0.288502	
2635	0.272329	0.270781	0.282430	0.291421	0.297037	0.269138	0.291574	0.301514	0.267819	0.283388	
2640	0.276565	0.272392	0.280982	0.291649	0.296102	0.270137	0.289416	0.302917	0.268988	0.278493	
2645	0.278830	0.272347	0.279898	0.294107	0.295996	0.271457	0.289843	0.306212	0.270702	0.281621	
2650	0.276352	0.270949	0.278217	0.293939	0.297942	0.268350	0.290035	0.303625	0.271380	0.281219	
2655	0.278404	0.269864	0.275477	0.290490	0.299855	0.267864	0.290581	0.305758	0.267772	0.281012	
2660	0.274298	0.268387	0.279529	0.294465	0.301497	0.268692	0.288282	0.303802	0.267685	0.280685	
2665	0.276651	0.267949	0.281641	0.294106	0.303218	0.265667	0.280543	0.302815	0.269013	0.281559	
2670	0.275776	0.273422	0.279673	0.292865	0.302753	0.265466	0.282738	0.302880	0.266771	0.277291	
2675	0.279036	0.269944	0.280752	0.289460	0.304312	0.266563	0.284827	0.304488	0.267973	0.279388	
2680	0.279540	0.270873	0.278841	0.288126	0.306050	0.262629	0.280606	0.305792	0.266391	0.278018	
2685	0.280834	0.269279	0.279814	0.291030	0.307066	0.267686	0.275059	0.302973	0.264894	0.274129	
2690	0.281043	0.269468	0.282495	0.291225	0.305612	0.269850	0.277215	0.303375	0.267236	0.270968	
2695	0.281449	0.269141	0.281367	0.292135	0.304985	0.272028	0.277106	0.301372	0.263109	0.274976	
2700	0.280238	0.265149	0.286044	0.293606	0.307383	0.271652	0.275600	0.300718	0.267096	0.277609	
2705	0.280622	0.265535	0.286780	0.295188	0.304508	0.271077	0.273675	0.298401	0.265966	0.277483	
2710	0.278223	0.270386	0.282634	0.291152	0.306246	0.266102	0.270258	0.296613	0.263124	0.283198	
2715	0.280056	0.270664	0.280491	0.288858	0.306771	0.267575	0.272349	0.298606	0.265345	0.288825	
2720	0.279755	0.268960	0.281125	0.285164	0.307520	0.262476	0.272646	0.294703	0.265345	0.287571	
2725	0.276565	0.269641	0.281145	0.284292	0.307382	0.260532	0.271501	0.293956	0.265634	0.288588	
2730	0.277312	0.271148	0.279081	0.282252	0.304795	0.263576	0.267664	0.290845	0.271855	0.287063	
2735	0.278511	0.267810	0.276400	0.284551	0.305290	0.262701	0.267888	0.286490	0.273019	0.286604	
2740	0.279497	0.271455	0.276578	0.281711	0.305666	0.261255	0.269075	0.288913	0.272836	0.283997	
2745	0.281145	0.272016	0.273252	0.279145	0.303306	0.254439	0.267329	0.290228	0.275722	0.291329	
2750	0.283958	0.272355	0.272292	0.278281	0.309372	0.254470	0.262494	0.290074	0.275244	0.291316	
2755	0.285585	0.271620	0.273730	0.275834	0.310662	0.257786	0.258374	0.288502	0.277639	0.289311	
2760	0.285706	0.269829	0.269275	0.273327	0.308220	0.260541	0.259567	0.287823	0.278984	0.290926	
2765	0.283756	0.271482	0.264061	0.273299	0.310007	0.259537	0.256777	0.290826	0.278335	0.288782	
2770	0.283379	0.270926	0.270246	0.270261	0.311692	0.262701	0.262156	0.293532	0.281052	0.288262	
2775	0.282756	0.271257	0.269517	0.269947	0.311721	0.262409	0.265008	0.294550	0.278292	0.285232	
2780	0.284699	0.268914	0.265486	0.266637	0.310245	0.262415	0.265661	0.293483	0.278867	0.286217	
2785	0.281733	0.272546	0.262840	0.269067	0.306417	0.265375	0.266564	0.300556	0.278702	0.286502	
2790	0.283400	0.273304	0.265871	0.272063	0.307597	0.266708	0.264938	0.302060	0.278312	0.286091	
2795	0.285941	0.272051	0.264359	0.269695	0.303864	0.269068	0.265690	0.300673	0.278017	0.285776	
2800	0.287792	0.271934	0.264744	0.272070	0.304323	0.269538	0.267958	0.301810	0.280854	0.285696	
2805	0.290956	0.269357	0.266763	0.273333	0.302625	0.273798	0.268586	0.303144	0.282476	0.283277	
2810	0.288467	0.269932	0.265874	0.266091	0.301224	0.271401	0.272783	0.300486	0.279412	0.283894	
2815	0.285598	0.266732	0.266285	0.266370	0.302931	0.271342	0.271411	0.304327	0.275393	0.283703	
2820	0.286264	0.266496	0.266224	0.265980	0.302733	0.269013	0.271555	0.304272	0.273447	0.282585	
2825	0.288083	0.268048	0.265127	0.263541	0.298911	0.268275	0.270233	0.300251	0.276320	0.286111	
2830	0.288335	0.269063	0.266736	0.263144	0.297969	0.273116	0.270445	0.303355	0.275843	0.277295	
2835	0.294301	0.273498	0.269038	0.269331	0.294198	0.269420	0.270231	0.300348	0.274541	0.276533	
2840	0.292673	0.274039	0.269756	0.271949	0.293235	0.270681	0.266627	0.300221	0.277686	0.272315	
2845	0.293989	0.275157	0.267339	0.271285	0.292251	0.270630	0.267405	0.297373	0.281472	0.266173	
2850	0.293498	0.272027	0.271283	0.271687	0.291889	0.267241	0.268570	0.299636	0.277621	0.268438	
2855	0.295107	0.274234	0.271184	0.270759	0.290517	0.269809	0.267698	0.298998	0.276733	0.268418	
2860	0.293086	0.275398	0.270876	0.273643	0.292363	0.268022	0.270230	0.298887	0.272888	0.265960	
2865	0.297069	0.275827	0.272254	0.268275	0.291424	0.272653	0.270424	0.297958	0.274355	0.269073	
2870	0.296195	0.273051	0.274534	0.269850	0.293613	0.276049	0.268566	0.300259	0.272235	0.270623	
2875	0.299337	0.275147	0.273127	0.269372	0.295596	0.276042	0.264891	0.299587	0.271537	0.265058	
2880	0.297219	0.279070	0.274241	0.265885	0.290422	0.276090	0.265536	0.305485	0.267072	0.264757	
2885	0.296978	0.279509	0.275132	0.265212	0.290317	0.274196	0.263787	0.305914	0.268534	0.266754	
2890	0.296155	0.277874	0.270697	0.265407	0.289203	0.276416	0.267384	0.304843	0.271205	0.267508	
2895	0.294281	0.282009	0.273826	0.264513	0.287870	0.273137	0.264059	0.301736	0.269084	0.265077	
2900	0.296039	0.285527	0.268937	0.265869	0.287676	0.270661	0.267149	0.300892	0.273000	0.264891	
2905	0.297912	0.282718	0.272265	0.263233	0.285393	0.272996	0.269422	0.299556	0.270323	0.266930	
2910	0.298868	0.281515	0.267939	0.258965	0.287870	0.271160	0.269319	0.298713	0.272031	0.267392	
2915	0.302719	0.278766	0.269224	0.260105	0.289685	0.271063	0.268951	0.301409	0.275567	0.270228	
2920	0.303872	0.284409	0.271332	0.256063	0.294454	0.271305	0.269689	0.299618	0.273757	0.268039	
2925	0.301253	0.283458	0.272385	0.251537	0.297037	0.269499	0.272887	0.298256	0.270672	0.266349	
2930	0.299314	0.286431	0.272810	0.250004	0.300570	0.268411	0.277350	0.299787	0.267602	0.265611	
2935	0.297350	0.287746	0.272079	0.250100	0.300288	0.273252	0.275061	0.304290	0.268236	0.267277	
2940	0.297825	0.284885	0.273299	0.252364	0.297766	0.273068	0.274793	0.306077	0.266605	0.269066	
2945	0.300279	0.283264	0.273421	0.250637	0.295599	0.272559	0.273346	0.305045	0.270318	0.273205	
2950	0.299358	0.281344	0.271894	0.250890	0.295465	0.272475	0.274916	0.308651	0.269645	0.271945	
2955	0.295971	0.282692	0.273030	0.249896	0.297197	0.274993	0.273931	0.309016	0.271635	0.269989	
2960	0.295262	0.281392	0.272712	0.253977	0.296232	0.273097	0.275707	0.310452	0.274139	0.268002	
2965	0.294254	0.277572	0.273680	0.253130	0.294434	0.277991	0.275450	0.310257	0.268013	0.265383	
2970	0.295447	0.278144	0.271753	0.251110	0.290802	0.279024	0.280132	0.309684	0.265251	0.264850	
2975	0.295963	0.278680	0.268496	0.252315	0.287197	0.276736	0.281720	0.306675	0.270150	0.267398	
2980	0.299039	0.280286	0.267018	0.254599	0.285672	0.274661	0.278519	0.308221	0.272713	0.264493	
2985	0.296596	0.278455	0.269350	0.250518	0.284811	0.274480	0.281498	0.311093	0.272808	0.264776	
2990	0.297487	0.279465	0.269847	0.254980	0.281179	0.278967	0.280398	0.312978	0.272375	0.270139	
2995	0.297094	0.280929	0.268611	0.258649	0.282324	0.275776	0.281872	0.312334	0.270038	0.270492	
3000	0.298580	0.283109	0.272759	0.257220	0.279067	0.273347	0.281639	0.313647	0.270194	0.270487	
