T	rep_1	rep_2	rep_3	rep_4	rep_5	rep_6	rep_7	rep_8	rep_9	rep_10
5	0.000000	0.000000	0.000000	0.000000	0.000000	0.000000	0.000000	0.000000	0.000000	0.000000	
10	0.000000	0.000000	0.000000	0.000000	0.000000	0.000000	0.000000	0.000000	0.000000	0.000000	
15	0.000000	0.000000	0.000000	0.000000	0.000000	0.000000	0.000000	0.000000	0.000000	0.000000	
20	0.000000	0.000000	0.000000	0.000000	0.000000	0.000000	0.000000	0.000000	0.000000	0.000000	
25	0.000000	0.000000	0.000000	0.000000	0.000000	0.000000	0.000000	0.000000	0.000000	0.000000	
30	0.000000	0.000000	0.000000	0.000000	0.000000	0.000000	0.000000	0.000000	0.000000	0.000000	
35	0.000000	0.000000	0.000000	0.000000	0.000000	0.000000	0.000000	0.000000	0.000000	0.000000	
40	0.000000	0.000000	0.000000	0.000000	0.000000	0.000000	0.000000	0.000000	0.000000	0.000000	
45	0.000000	0.000000	0.000000	0.000000	0.000000	0.000000	0.000000	0.000000	0.000000	0.000000	
50	0.000000	0.000000	0.000000	0.000000	0.000000	0.000000	0.000000	0.000000	0.000000	0.000000	
55	0.000000	0.000000	0.000000	0.000000	0.000000	0.000000	0.000000	0.000000	0.000000	0.000000	
60	0.000000	0.000000	0.000000	0.000000	0.000000	0.000000	0.000000	0.000000	0.000000	0.000000	
65	0.000000	0.000000	0.000000	0.000000	0.000000	0.000000	0.000000	0.000000	0.000000	0.000000	
70	0.000000	0.000000	0.000000	0.000000	0.000000	0.000000	0.000000	0.000000	0.000000	0.000000	
75	0.000000	0.000000	0.000000	0.000000	0.000000	0.000000	0.000000	0.000000	0.000000	0.000000	
80	0.000000	0.000000	0.000000	0.000000	0.000000	0.000000	0.000000	0.000000	0.000000	0.000000	
85	0.000000	0.000000	0.000000	0.000000	0.000000	0.000000	0.000000	0.000000	0.000000	0.000000	
90	0.000000	0.000000	0.000000	0.000000	0.000000	0.000000	0.000000	0.000000	0.000000	0.000000	
95	0.000000	0.000000	0.000000	0.000000	0.000000	0.000000	0.000000	0.000000	0.000000	0.000000	
100	0.000000	0.000000	0.000000	0.000000	0.000000	0.000000	0.000000	0.000000	0.000000	0.000000	
105	0.002351	0.002138	0.001741	0.002001	0.002013	0.003332	0.002206	0.002521	0.001706	0.002467	
110	0.006123	0.006546	0.006168	0.008625	0.005532	0.008631	0.007963	0.009067	0.007094	0.008175	
115	0.015753	0.018098	0.015345	0.022321	0.014270	0.018133	0.023458	0.021298	0.018655	0.021770	
120	0.034482	0.043050	0.027863	0.043776	0.028760	0.031281	0.042863	0.045495	0.035059	0.037969	
125	0.050876	0.081826	0.038046	0.061663	0.046109	0.046648	0.061620	0.065405	0.050267	0.057375	
130	0.064388	0.116599	0.048155	0.073640	0.060386	0.061221	0.074927	0.070375	0.064599	0.078384	
135	0.079772	0.127557	0.062601	0.086209	0.070928	0.071091	0.088671	0.071757	0.067027	0.098031	
140	0.091837	0.132674	0.082383	0.091718	0.078137	0.077924	0.101792	0.073927	0.068042	0.116183	
145	0.097618	0.137158	0.098831	0.101249	0.084654	0.086413	0.116208	0.083306	0.068025	0.126095	
150	0.104035	0.141984	0.107470	0.110724	0.088888	0.092743	0.126668	0.092497	0.068755	0.135438	
155	0.111240	0.146550	0.114444	0.119993	0.098709	0.097859	0.135933	0.100120	0.073498	0.145417	
160	0.119418	0.152448	0.119801	0.128709	0.113365	0.106173	0.142974	0.108566	0.081550	0.153929	
165	0.131301	0.159688	0.123088	0.137323	0.136229	0.114470	0.147141	0.114016	0.088535	0.158927	
170	0.149243	0.169075	0.127785	0.145884	0.159437	0.121968	0.151609	0.116699	0.100341	0.162995	
175	0.176448	0.181014	0.135609	0.154622	0.182659	0.129820	0.152800	0.123572	0.114917	0.174103	
180	0.199757	0.199312	0.145321	0.162263	0.201266	0.139404	0.158854	0.127662	0.134569	0.181912	
185	0.229019	0.218775	0.157318	0.169064	0.213154	0.149771	0.162651	0.133077	0.153765	0.192209	
190	0.251076	0.239822	0.164876	0.174324	0.222442	0.161303	0.165782	0.140692	0.174161	0.199717	
195	0.266005	0.255804	0.174916	0.182303	0.242393	0.165525	0.173925	0.152252	0.194732	0.212058	
200	0.277828	0.274597	0.184656	0.188728	0.256977	0.173807	0.180876	0.160339	0.213810	0.233880	
205	0.283967	0.289843	0.198033	0.196290	0.285285	0.181420	0.192286	0.185385	0.231315	0.261276	
210	0.287822	0.296683	0.205783	0.205128	0.326464	0.184089	0.198924	0.208706	0.244873	0.296587	
215	0.290332	0.301498	0.215031	0.210364	0.377419	0.190240	0.203999	0.227346	0.253477	0.315279	
220	0.288602	0.304895	0.222225	0.211016	0.388388	0.191566	0.209285	0.241975	0.251730	0.283562	
225	0.281716	0.300795	0.226524	0.214174	0.328875	0.189508	0.205452	0.249380	0.242669	0.253301	
230	0.270442	0.272189	0.228933	0.215647	0.265324	0.180477	0.191251	0.244198	0.234429	0.243502	
235	0.258526	0.236551	0.228780	0.213378	0.228772	0.176927	0.177257	0.223703	0.232095	0.235713	
240	0.245544	0.208336	0.223275	0.205549	0.201966	0.174163	0.162914	0.195500	0.230906	0.233367	
245	0.235783	0.187983	0.218705	0.194359	0.181702	0.173288	0.154940	0.169246	0.230446	0.222142	
250	0.222130	0.178109	0.212249	0.185201	0.162107	0.170103	0.151069	0.147598	0.226983	0.214376	
255	0.211355	0.166553	0.208392	0.177632	0.147773	0.167261	0.145881	0.132814	0.224188	0.206241	
260	0.199476	0.160032	0.205260	0.170068	0.135844	0.165335	0.140785	0.124066	0.223138	0.200260	
265	0.191590	0.155208	0.201684	0.162708	0.133883	0.160697	0.137091	0.118474	0.217912	0.197333	
270	0.186363	0.149620	0.198301	0.155895	0.126949	0.155979	0.132726	0.112572	0.209757	0.186763	
275	0.181090	0.143589	0.195184	0.150866	0.120943	0.150283	0.130722	0.108444	0.204147	0.174609	
280	0.174180	0.135468	0.193057	0.146422	0.118802	0.145567	0.130361	0.109455	0.197982	0.162784	
285	0.172286	0.126297	0.188590	0.145238	0.115337	0.144615	0.130149	0.107836	0.193900	0.151672	
290	0.167066	0.122894	0.186959	0.144919	0.115453	0.142584	0.129191	0.107618	0.189047	0.143158	
295	0.164749	0.115852	0.186441	0.144948	0.115951	0.140603	0.130214	0.107741	0.186156	0.131909	
300	0.163089	0.111200	0.179985	0.142481	0.117823	0.139056	0.129763	0.107891	0.178604	0.128219	
305	0.158478	0.108610	0.175420	0.139706	0.117583	0.137096	0.130109	0.108131	0.172377	0.121415	
310	0.155703	0.106661	0.173286	0.134784	0.117084	0.136544	0.132622	0.110982	0.167440	0.117214	
315	0.151720	0.106716	0.171054	0.134821	0.119543	0.137450	0.131027	0.110716	0.158451	0.112198	
320	0.150668	0.106184	0.169446	0.130256	0.122074	0.138444	0.131535	0.109786	0.150195	0.108157	
325	0.147489	0.105802	0.166541	0.128939	0.120969	0.136239	0.130304	0.108583	0.145831	0.106946	
330	0.146575	0.105857	0.166628	0.128713	0.123163	0.134905	0.131148	0.108063	0.138842	0.103897	
335	0.142456	0.106687	0.162547	0.128996	0.128952	0.134276	0.130387	0.109289	0.137574	0.105543	
340	0.135515	0.104454	0.164433	0.127970	0.128012	0.134120	0.132493	0.108962	0.134877	0.102614	
345	0.133782	0.105423	0.163329	0.128493	0.128264	0.134696	0.132744	0.107999	0.131411	0.102809	
350	0.132929	0.104929	0.160165	0.129226	0.129951	0.133821	0.133574	0.109224	0.129772	0.101705	
355	0.130019	0.106746	0.158442	0.128412	0.134047	0.134217	0.132213	0.110995	0.129877	0.103164	
360	0.126394	0.106906	0.154235	0.130314	0.133414	0.133208	0.130790	0.111530	0.125947	0.102287	
365	0.122653	0.106667	0.153266	0.129975	0.134035	0.133684	0.131489	0.110740	0.118677	0.102482	
370	0.123074	0.107203	0.152842	0.132660	0.134902	0.131997	0.132202	0.109479	0.117984	0.103136	
375	0.123051	0.110342	0.150965	0.133604	0.134429	0.130414	0.132778	0.111213	0.116820	0.103846	
380	0.122498	0.110500	0.150646	0.134066	0.136080	0.128829	0.133802	0.110234	0.117095	0.101808	
385	0.122393	0.112646	0.154197	0.132268	0.137367	0.129004	0.131801	0.111591	0.118782	0.101920	
390	0.122190	0.115134	0.153542	0.131344	0.138782	0.128493	0.132755	0.113338	0.119060	0.101999	
395	0.121927	0.115174	0.152442	0.130192	0.139789	0.130354	0.133136	0.114297	0.117636	0.103185	
400	0.120860	0.114797	0.152115	0.129103	0.139299	0.128960	0.134042	0.112826	0.117686	0.100716	
405	0.120277	0.115536	0.151568	0.129396	0.141471	0.129248	0.134714	0.114646	0.118270	0.101188	
410	0.119906	0.115789	0.150703	0.130743	0.142580	0.129268	0.136163	0.112417	0.117759	0.101898	
415	0.116408	0.116331	0.149344	0.132516	0.146427	0.132499	0.133806	0.112258	0.119829	0.100479	
420	0.114255	0.116187	0.151198	0.134050	0.147271	0.131813	0.133744	0.111907	0.117616	0.099601	
425	0.116775	0.117039	0.148623	0.133754	0.147002	0.134384	0.133127	0.112917	0.116354	0.099693	
430	0.114493	0.115190	0.146020	0.131783	0.147133	0.132976	0.133105	0.113850	0.118157	0.101316	
435	0.116861	0.118876	0.145685	0.131872	0.147514	0.132779	0.133465	0.115076	0.116971	0.098309	
440	0.114432	0.119503	0.146752	0.131000	0.149640	0.134222	0.135286	0.115147	0.116923	0.098496	
445	0.113206	0.120565	0.144410	0.129407	0.151071	0.131438	0.137481	0.115762	0.117393	0.098464	
450	0.111506	0.119781	0.140770	0.128865	0.150677	0.130017	0.137113	0.116480	0.115314	0.101342	
455	0.109731	0.121686	0.141381	0.127845	0.152342	0.130471	0.137326	0.118524	0.114970	0.101547	
460	0.109190	0.121476	0.137580	0.129961	0.148338	0.129950	0.136599	0.119583	0.115665	0.103695	
465	0.110532	0.121938	0.138020	0.129249	0.147946	0.131923	0.135697	0.119310	0.117189	0.102397	
470	0.111235	0.124490	0.137978	0.127105	0.148852	0.130273	0.136218	0.119571	0.116697	0.103795	
475	0.109214	0.123694	0.139778	0.128875	0.148285	0.129383	0.135697	0.120835	0.118624	0.104243	
480	0.109454	0.124529	0.137488	0.131611	0.147616	0.128634	0.135596	0.123144	0.116221	0.105761	
485	0.109257	0.124485	0.140633	0.131245	0.147229	0.128012	0.134427	0.123691	0.118774	0.108518	
490	0.108472	0.128373	0.136853	0.134777	0.147431	0.131017	0.132300	0.121976	0.121705	0.108988	
495	0.108031	0.126711	0.135517	0.134803	0.148200	0.131241	0.132678	0.123997	0.120966	0.110366	
500	0.109671	0.126297	0.130246	0.134881	0.146874	0.132189	0.132721	0.120329	0.120428	0.109921	
505	0.110633	0.126614	0.129970	0.132811	0.143550	0.131699	0.133624	0.118895	0.122109	0.110474	
510	0.109772	0.123760	0.130703	0.133079	0.146352	0.129151	0.131254	0.120474	0.121861	0.110151	
515	0.108610	0.124764	0.132419	0.132412	0.145214	0.126817	0.130273	0.122647	0.122614	0.110054	
520	0.109569	0.124579	0.135918	0.133070	0.142013	0.125421	0.129699	0.123599	0.124955	0.109751	
525	0.110640	0.123431	0.135024	0.132423	0.140467	0.128787	0.130068	0.124640	0.126864	0.107659	
530	0.111051	0.123199	0.134157	0.133815	0.136327	0.127524	0.128718	0.125565	0.124277	0.108857	
535	0.112041	0.124734	0.136660	0.134833	0.138569	0.127789	0.126949	0.129924	0.125790	0.110146	
540	0.112592	0.127444	0.132782	0.131245	0.136838	0.128279	0.126374	0.130661	0.126245	0.111627	
545	0.115516	0.129110	0.132032	0.130360	0.135172	0.127092	0.127433	0.133238	0.127235	0.113810	
550	0.112788	0.131771	0.130761	0.129865	0.132850	0.127956	0.127349	0.134992	0.127356	0.116160	
555	0.114423	0.130085	0.129572	0.128937	0.134732	0.129020	0.126877	0.132384	0.128065	0.114443	
560	0.114361	0.128961	0.129471	0.127161	0.132915	0.128635	0.126562	0.130058	0.129652	0.116890	
565	0.116911	0.130886	0.130375	0.127436	0.134805	0.128174	0.128223	0.127896	0.130627	0.115166	
570	0.116011	0.130440	0.129592	0.127088	0.131796	0.128375	0.126223	0.128544	0.130644	0.116703	
575	0.115877	0.129079	0.130197	0.127203	0.133897	0.128583	0.126387	0.125430	0.128394	0.119936	
580	0.116824	0.129642	0.130304	0.126131	0.133337	0.128417	0.124833	0.125647	0.130758	0.123233	
585	0.116308	0.129814	0.131329	0.124950	0.131119	0.129597	0.122984	0.127547	0.132729	0.121577	
590	0.115615	0.129910	0.131169	0.124343	0.131265	0.130180	0.125447	0.127195	0.131401	0.122108	
595	0.117064	0.130180	0.133615	0.124846	0.130813	0.126327	0.126585	0.127174	0.131041	0.124484	
600	0.114802	0.129394	0.132301	0.124814	0.133051	0.127328	0.128822	0.125199	0.131114	0.123806	
605	0.115879	0.129513	0.133985	0.123787	0.133019	0.128349	0.128021	0.125795	0.129936	0.125956	
610	0.115908	0.130840	0.133528	0.124216	0.132599	0.127762	0.127247	0.126422	0.135069	0.124982	
615	0.115445	0.129594	0.135329	0.123301	0.132140	0.127378	0.130111	0.125843	0.134593	0.124427	
620	0.114939	0.129423	0.133372	0.124602	0.133647	0.126429	0.130698	0.126344	0.132641	0.126736	
625	0.114750	0.131010	0.137969	0.126463	0.134217	0.126163	0.131016	0.126041	0.131905	0.128123	
630	0.115040	0.131590	0.138501	0.126780	0.137567	0.126211	0.129281	0.125314	0.130143	0.127842	
635	0.115147	0.130688	0.138006	0.129236	0.136060	0.126297	0.129029	0.123491	0.128459	0.128919	
640	0.116728	0.129757	0.138271	0.129095	0.136772	0.129004	0.127431	0.123103	0.129832	0.130380	
645	0.118065	0.131303	0.135416	0.130533	0.137577	0.126677	0.127067	0.123994	0.130497	0.130922	
650	0.118429	0.134183	0.133785	0.131196	0.135710	0.127164	0.127207	0.122894	0.130924	0.130452	
655	0.119385	0.136818	0.132877	0.130782	0.136331	0.128053	0.125052	0.124387	0.130066	0.134178	
660	0.119185	0.134226	0.133897	0.130693	0.134873	0.129738	0.124905	0.123599	0.129792	0.135189	
665	0.120293	0.132034	0.134984	0.130667	0.134035	0.130457	0.124723	0.124594	0.130822	0.135607	
670	0.120737	0.132006	0.134958	0.127399	0.134760	0.128448	0.123495	0.125508	0.132961	0.135982	
675	0.120724	0.127942	0.133792	0.127471	0.133777	0.130546	0.122600	0.125082	0.131210	0.133419	
680	0.121111	0.129319	0.135140	0.129226	0.132741	0.131182	0.121112	0.123736	0.132846	0.131350	
685	0.119391	0.131176	0.133695	0.126767	0.132545	0.128219	0.121255	0.124727	0.132610	0.133073	
690	0.120582	0.130404	0.133889	0.130287	0.133249	0.128757	0.119933	0.125728	0.130098	0.133705	
695	0.120063	0.129863	0.134408	0.129118	0.134257	0.128260	0.120896	0.128176	0.128351	0.132439	
700	0.120523	0.131223	0.133525	0.131360	0.132991	0.129826	0.121600	0.131507	0.128534	0.131635	
705	0.123380	0.131977	0.132963	0.132261	0.134425	0.128186	0.122751	0.131253	0.127926	0.131572	
710	0.125503	0.130830	0.134340	0.131863	0.135625	0.129088	0.122289	0.135127	0.129156	0.131116	
715	0.127558	0.129739	0.134499	0.131952	0.138691	0.127790	0.120687	0.135466	0.128416	0.131062	
720	0.128641	0.129179	0.132101	0.131743	0.137978	0.127852	0.120935	0.136066	0.127241	0.131494	
725	0.129949	0.127346	0.131838	0.131299	0.137182	0.128980	0.119929	0.135202	0.128243	0.131878	
730	0.131739	0.125669	0.134131	0.130821	0.138367	0.129486	0.121356	0.135474	0.126374	0.131111	
735	0.132492	0.126184	0.133377	0.132538	0.139507	0.126291	0.120428	0.134059	0.126974	0.133385	
740	0.131826	0.123870	0.133958	0.133230	0.138086	0.127562	0.121988	0.135312	0.128971	0.134893	
745	0.131794	0.125100	0.135285	0.133935	0.140152	0.127824	0.123608	0.136367	0.130259	0.134312	
750	0.132087	0.125787	0.136834	0.132194	0.139389	0.126753	0.124430	0.135197	0.129552	0.135528	
755	0.130302	0.128745	0.137603	0.132185	0.136903	0.128372	0.123163	0.135086	0.128731	0.134621	
760	0.130134	0.129858	0.137848	0.131603	0.136746	0.127121	0.123869	0.133614	0.127203	0.134727	
765	0.130894	0.129721	0.138607	0.131602	0.136950	0.125014	0.124967	0.133145	0.125533	0.134181	
770	0.130554	0.128369	0.138622	0.133348	0.134362	0.124534	0.125653	0.132518	0.125061	0.136682	
775	0.130445	0.130760	0.139634	0.132968	0.135739	0.121312	0.123322	0.131187	0.124810	0.135467	
780	0.131290	0.129599	0.139343	0.132597	0.135199	0.121854	0.122915	0.131464	0.125739	0.136680	
785	0.132628	0.130032	0.139107	0.133902	0.132095	0.121611	0.123412	0.129738	0.125021	0.136904	
790	0.132332	0.130546	0.137839	0.135484	0.131280	0.122652	0.124268	0.128893	0.125816	0.133906	
795	0.132893	0.131960	0.138906	0.135234	0.130034	0.121992	0.126188	0.126097	0.125582	0.133476	
800	0.133453	0.133514	0.141934	0.134409	0.129885	0.122054	0.124672	0.126659	0.124521	0.131972	
805	0.133869	0.133623	0.140382	0.133877	0.132510	0.122066	0.126668	0.125487	0.126173	0.131731	
810	0.133143	0.131804	0.141090	0.134344	0.131421	0.121414	0.127940	0.128163	0.126677	0.132381	
815	0.132784	0.133114	0.139650	0.135228	0.131869	0.122215	0.130066	0.128108	0.128134	0.131280	
820	0.135282	0.131780	0.138240	0.136099	0.131641	0.122779	0.127932	0.126701	0.129302	0.129828	
825	0.133658	0.131045	0.138279	0.135812	0.130151	0.122700	0.128492	0.125081	0.127246	0.130731	
830	0.133485	0.129791	0.138300	0.139086	0.133850	0.122605	0.124354	0.126051	0.127264	0.131824	
835	0.135418	0.132861	0.136419	0.138206	0.135026	0.123912	0.125776	0.127548	0.127148	0.130393	
840	0.136831	0.132888	0.135539	0.138184	0.140120	0.121799	0.127290	0.129824	0.129039	0.129178	
845	0.137050	0.131297	0.135022	0.136978	0.141401	0.120468	0.123978	0.128014	0.128776	0.130474	
850	0.137312	0.131167	0.131482	0.136685	0.140875	0.121050	0.127275	0.128525	0.126740	0.130946	
855	0.136963	0.133005	0.129316	0.132572	0.139182	0.120143	0.128595	0.128415	0.126692	0.129066	
860	0.138550	0.131795	0.128663	0.134062	0.141088	0.123000	0.125724	0.126493	0.126810	0.129464	
865	0.140428	0.131296	0.128961	0.132453	0.140589	0.119979	0.124768	0.127515	0.126626	0.127801	
870	0.140053	0.133084	0.127978	0.131710	0.140014	0.120645	0.126763	0.126663	0.124607	0.128769	
875	0.141100	0.131082	0.129805	0.132471	0.140396	0.120556	0.128977	0.126426	0.125654	0.127107	
880	0.139485	0.132636	0.128358	0.134793	0.137175	0.120757	0.129254	0.125679	0.124852	0.126001	
885	0.137766	0.134042	0.129176	0.133785	0.137351	0.123996	0.129969	0.124637	0.126124	0.126718	
890	0.137297	0.132287	0.128849	0.133152	0.138101	0.124693	0.128495	0.125470	0.126633	0.125642	
895	0.137466	0.130938	0.128639	0.130412	0.138922	0.123924	0.129464	0.125616	0.127130	0.127249	
900	0.136979	0.128904	0.127724	0.131445	0.140866	0.123732	0.130576	0.125878	0.128713	0.128655	
905	0.135014	0.131717	0.128355	0.128557	0.140262	0.125382	0.130930	0.126009	0.129333	0.128621	
910	0.132840	0.131846	0.128453	0.128478	0.140555	0.127101	0.129111	0.126414	0.129293	0.129770	
915	0.133122	0.132665	0.128685	0.127354	0.141148	0.126386	0.128902	0.126834	0.131339	0.128478	
920	0.133417	0.131844	0.129581	0.129918	0.140605	0.126919	0.127515	0.127750	0.132297	0.128903	
925	0.134952	0.130527	0.129373	0.129999	0.139876	0.127269	0.128292	0.126407	0.132519	0.129212	
930	0.133271	0.133265	0.130539	0.129140	0.140209	0.125749	0.129070	0.125216	0.132311	0.128797	
935	0.136377	0.131370	0.130206	0.128580	0.141991	0.125057	0.129109	0.124661	0.132221	0.129306	
940	0.134193	0.130519	0.130735	0.129374	0.142502	0.125456	0.130649	0.121806	0.130948	0.128647	
945	0.133203	0.129535	0.130716	0.128047	0.140896	0.124348	0.131967	0.122206	0.131640	0.130099	
950	0.131831	0.129925	0.131680	0.128743	0.140770	0.126967	0.133218	0.124423	0.131953	0.131637	
955	0.130897	0.129650	0.132496	0.131399	0.141220	0.127977	0.132228	0.122946	0.131689	0.132634	
960	0.132089	0.129952	0.132357	0.130438	0.138578	0.128876	0.131395	0.123395	0.134648	0.133252	
965	0.130670	0.127712	0.133487	0.129159	0.136143	0.128380	0.129694	0.120875	0.132033	0.137096	
970	0.131741	0.127062	0.133270	0.128824	0.136126	0.127029	0.132641	0.122600	0.130865	0.134896	
975	0.128685	0.128640	0.130384	0.126923	0.137628	0.128487	0.133226	0.124771	0.131953	0.138712	
980	0.126569	0.128590	0.129463	0.128630	0.136451	0.129629	0.132594	0.124666	0.132226	0.138107	
985	0.128101	0.126929	0.128890	0.126048	0.137433	0.130557	0.131864	0.125453	0.133134	0.136904	
990	0.127580	0.126067	0.130610	0.128200	0.136552	0.132050	0.134020	0.124808	0.133469	0.134362	
995	0.129103	0.125793	0.131715	0.126332	0.136134	0.135494	0.133181	0.124385	0.132926	0.136781	
1000	0.129304	0.124988	0.133937	0.128383	0.135934	0.133248	0.134080	0.121630	0.133296	0.137138	
1005	0.128025	0.124910	0.135316	0.130705	0.138747	0.133256	0.133098	0.122851	0.134059	0.136093	
1010	0.126141	0.124409	0.135407	0.129685	0.139077	0.132617	0.133126	0.122916	0.133113	0.136335	
1015	0.125605	0.126022	0.134789	0.128419	0.138731	0.133005	0.133764	0.126210	0.132721	0.138990	
1020	0.125905	0.128580	0.136289	0.131240	0.139023	0.132672	0.137862	0.126657	0.132333	0.140478	
1025	0.126168	0.127165	0.133925	0.131971	0.138634	0.132878	0.135947	0.128358	0.132350	0.141417	
1030	0.127022	0.128073	0.133916	0.132022	0.139075	0.131906	0.135797	0.127234	0.129878	0.143499	
1035	0.129469	0.128107	0.136164	0.132017	0.138832	0.129055	0.135544	0.127100	0.132705	0.144022	
1040	0.129391	0.129211	0.136419	0.129321	0.140282	0.127054	0.134335	0.126310	0.132930	0.143103	
1045	0.129195	0.129347	0.135430	0.128026	0.142385	0.124490	0.132957	0.126912	0.132014	0.141511	
1050	0.128332	0.128809	0.136594	0.131488	0.139250	0.126713	0.131584	0.126321	0.131340	0.142707	
1055	0.128477	0.128855	0.135148	0.130850	0.138351	0.124213	0.131278	0.126038	0.133738	0.142382	
1060	0.128236	0.128535	0.133795	0.131600	0.137445	0.125355	0.129981	0.124773	0.135922	0.141051	
1065	0.128115	0.127939	0.135739	0.130731	0.137911	0.122489	0.129839	0.124600	0.134223	0.140963	
1070	0.127946	0.129602	0.136579	0.134927	0.138388	0.121741	0.129649	0.124596	0.132834	0.140202	
1075	0.129444	0.129083	0.135503	0.134654	0.138401	0.121618	0.128328	0.126636	0.134627	0.139977	
1080	0.128624	0.131584	0.136016	0.135460	0.138198	0.122493	0.128804	0.124356	0.134724	0.139424	
1085	0.129135	0.130703	0.136368	0.135983	0.135610	0.125948	0.127309	0.122331	0.135286	0.137874	
1090	0.127799	0.128450	0.134465	0.134235	0.136432	0.126809	0.125852	0.123963	0.135937	0.136540	
1095	0.130919	0.129072	0.132736	0.132103	0.137480	0.129050	0.125769	0.123103	0.136401	0.138312	
1100	0.132788	0.128085	0.132965	0.132927	0.136548	0.128484	0.125821	0.122150	0.134546	0.138160	
1105	0.133895	0.129331	0.132048	0.130436	0.136325	0.129090	0.126387	0.121278	0.134002	0.136435	
1110	0.131523	0.130668	0.132848	0.132663	0.135313	0.130698	0.126426	0.124116	0.134522	0.137100	
1115	0.132213	0.131001	0.131972	0.134736	0.132254	0.132403	0.127039	0.125853	0.134244	0.138812	
1120	0.133749	0.130363	0.133606	0.133278	0.132513	0.130746	0.125342	0.126657	0.134961	0.139660	
1125	0.133673	0.130865	0.134507	0.135951	0.132007	0.130084	0.126941	0.125161	0.134018	0.141015	
1130	0.134210	0.131881	0.135682	0.135967	0.133160	0.130514	0.127523	0.125322	0.134856	0.140757	
1135	0.133520	0.131313	0.135186	0.135214	0.131881	0.129164	0.129691	0.124353	0.133069	0.141614	
1140	0.134614	0.130769	0.133956	0.134061	0.133351	0.129666	0.130490	0.122139	0.132860	0.141294	
1145	0.136023	0.129565	0.132201	0.135350	0.135011	0.128592	0.131084	0.121847	0.133018	0.143440	
1150	0.135671	0.128555	0.133608	0.136460	0.133424	0.129198	0.130549	0.122158	0.135230	0.144831	
1155	0.135137	0.128973	0.133131	0.138401	0.133093	0.131071	0.131485	0.121819	0.136304	0.145860	
1160	0.135870	0.128158	0.133285	0.137603	0.131147	0.128702	0.131649	0.120435	0.136746	0.145527	
1165	0.135631	0.129155	0.133422	0.139759	0.131566	0.128508	0.133602	0.120748	0.136864	0.146741	
1170	0.136214	0.128700	0.135087	0.138802	0.132036	0.127722	0.131688	0.119690	0.138423	0.147801	
1175	0.138094	0.130416	0.133010	0.139576	0.133374	0.128424	0.132054	0.121285	0.140855	0.144463	
1180	0.139409	0.130035	0.132988	0.139149	0.135239	0.127902	0.129310	0.122066	0.139211	0.143763	
1185	0.138758	0.130242	0.133569	0.138739	0.134302	0.127884	0.128855	0.121671	0.139199	0.145186	
1190	0.138426	0.132161	0.132729	0.138508	0.135171	0.127094	0.128222	0.123590	0.137349	0.145113	
1195	0.138696	0.131980	0.134347	0.140555	0.136848	0.125899	0.130451	0.126073	0.139012	0.145269	
1200	0.137447	0.132672	0.132873	0.138621	0.137908	0.127263	0.132212	0.125451	0.138738	0.144196	
1205	0.140335	0.132946	0.135332	0.140458	0.136177	0.126418	0.130738	0.123849	0.137658	0.142525	
1210	0.142649	0.133486	0.136453	0.138925	0.134938	0.126184	0.130759	0.126227	0.136952	0.141937	
1215	0.142244	0.132899	0.133483	0.139914	0.136372	0.124572	0.128967	0.129609	0.136419	0.141292	
1220	0.141110	0.131803	0.134117	0.141047	0.136100	0.125729	0.128156	0.129679	0.134216	0.140711	
1225	0.140228	0.130427	0.132239	0.141126	0.136715	0.127962	0.127083	0.128741	0.134254	0.139224	
1230	0.140476	0.131409	0.129332	0.141159	0.136470	0.127120	0.126223	0.126066	0.133995	0.138636	
1235	0.142260	0.132104	0.131230	0.140308	0.135269	0.127072	0.128902	0.126322	0.132948	0.137804	
1240	0.140066	0.132954	0.133013	0.141334	0.134326	0.129113	0.131088	0.127441	0.133321	0.138815	
1245	0.139553	0.132005	0.132088	0.139615	0.135505	0.130099	0.127529	0.128893	0.132409	0.139985	
1250	0.140526	0.134021	0.131602	0.142314	0.136070	0.129010	0.126503	0.130801	0.131523	0.138215	
1255	0.140798	0.134960	0.130168	0.141687	0.135461	0.130085	0.126909	0.132077	0.128718	0.136964	
1260	0.140539	0.132801	0.128786	0.143169	0.135988	0.128350	0.128086	0.133611	0.130904	0.137771	
1265	0.139559	0.134323	0.130381	0.145424	0.134990	0.129271	0.126462	0.135516	0.131118	0.135881	
1270	0.139811	0.135945	0.129254	0.144506	0.134482	0.127788	0.129148	0.137008	0.131405	0.134467	
1275	0.139472	0.133515	0.129033	0.146240	0.133311	0.129313	0.127416	0.137022	0.130417	0.135589	
1280	0.140671	0.134518	0.127350	0.143298	0.134511	0.127599	0.127728	0.135387	0.129180	0.136813	
1285	0.139221	0.134343	0.125357	0.142276	0.136050	0.127292	0.127230	0.136582	0.128608	0.139227	
1290	0.139323	0.133403	0.126337	0.141221	0.135715	0.127788	0.126835	0.136143	0.127587	0.139714	
1295	0.137754	0.132907	0.128338	0.140931	0.136213	0.126604	0.125381	0.134235	0.127421	0.141456	
1300	0.138097	0.133314	0.129934	0.138608	0.136140	0.128179	0.122492	0.134318	0.126895	0.140712	
1305	0.136863	0.134650	0.132153	0.139610	0.137313	0.128188	0.123857	0.134762	0.129237	0.137639	
1310	0.138272	0.134411	0.131780	0.139760	0.135617	0.129382	0.123242	0.133493	0.131322	0.137956	
1315	0.136902	0.135937	0.132294	0.139342	0.130716	0.129593	0.126025	0.132008	0.132807	0.137275	
1320	0.138410	0.137234	0.132391	0.139053	0.127565	0.129368	0.124975	0.133310	0.130011	0.135477	
1325	0.137411	0.134532	0.133297	0.138395	0.127810	0.130267	0.125968	0.134227	0.129096	0.134421	
1330	0.136843	0.131402	0.132441	0.140571	0.127745	0.129000	0.128121	0.134914	0.125306	0.135311	
1335	0.139421	0.133477	0.132643	0.141576	0.127969	0.130951	0.126367	0.133014	0.126203	0.136004	
1340	0.138876	0.135553	0.134555	0.141085	0.127785	0.132893	0.127053	0.132507	0.125493	0.137976	
1345	0.138378	0.137320	0.132980	0.141540	0.127677	0.132072	0.126904	0.132759	0.123836	0.140327	
1350	0.137039	0.138149	0.131777	0.139464	0.128372	0.130593	0.130379	0.131245	0.125933	0.139337	
1355	0.138097	0.136436	0.131299	0.141166	0.125781	0.129759	0.127162	0.130757	0.123087	0.140367	
1360	0.136933	0.134112	0.133471	0.143378	0.125978	0.130406	0.124985	0.129252	0.123093	0.141475	
1365	0.136070	0.132502	0.132244	0.142552	0.125628	0.128119	0.124481	0.130683	0.122467	0.139727	
1370	0.136260	0.134420	0.132226	0.144869	0.126043	0.129291	0.124552	0.129368	0.123787	0.137209	
1375	0.137735	0.133768	0.131528	0.146138	0.123795	0.131349	0.125808	0.127591	0.123452	0.137916	
1380	0.137699	0.133551	0.132024	0.146060	0.122356	0.128758	0.124063	0.128812	0.122968	0.136732	
1385	0.137485	0.132203	0.131386	0.144505	0.120637	0.129462	0.123408	0.127986	0.124224	0.137335	
1390	0.134218	0.130637	0.130527	0.145694	0.120513	0.128508	0.124384	0.126311	0.124149	0.139346	
1395	0.134829	0.131832	0.129534	0.145450	0.121501	0.128218	0.124324	0.125328	0.123085	0.138158	
1400	0.135359	0.134217	0.127496	0.144979	0.120834	0.129963	0.124030	0.127285	0.124930	0.136858	
1405	0.132436	0.133513	0.127257	0.143781	0.121163	0.131674	0.125484	0.128730	0.124344	0.136775	
1410	0.131017	0.132973	0.126682	0.143271	0.120906	0.132559	0.127842	0.129519	0.127107	0.135924	
1415	0.130643	0.131893	0.124100	0.140570	0.120645	0.132874	0.125705	0.130309	0.128199	0.137751	
1420	0.132463	0.132861	0.125850	0.140289	0.119990	0.133656	0.127060	0.131430	0.128290	0.136640	
1425	0.132411	0.131877	0.126529	0.139154	0.123201	0.131862	0.126394	0.129029	0.130248	0.132700	
1430	0.133453	0.131036	0.125299	0.141177	0.122138	0.130453	0.126341	0.127817	0.127875	0.132778	
1435	0.133517	0.131217	0.125030	0.140409	0.122330	0.131298	0.124438	0.131243	0.129349	0.132095	
1440	0.133474	0.132729	0.124515	0.143015	0.122939	0.132975	0.126746	0.130164	0.131670	0.131710	
1445	0.130494	0.132603	0.124463	0.142322	0.123765	0.133231	0.128025	0.131227	0.132204	0.133375	
1450	0.130067	0.130555	0.124628	0.140524	0.123256	0.133496	0.128109	0.131420	0.132057	0.132555	
1455	0.131629	0.131154	0.124259	0.142933	0.124058	0.132818	0.126201	0.132321	0.133347	0.129962	
1460	0.133696	0.131369	0.125679	0.141981	0.124296	0.132854	0.126099	0.132063	0.133485	0.129341	
1465	0.135422	0.133070	0.125426	0.138531	0.123519	0.131142	0.126389	0.130279	0.132330	0.129613	
1470	0.136826	0.136068	0.124836	0.136992	0.125793	0.129104	0.126016	0.131277	0.132835	0.133152	
1475	0.136857	0.135110	0.125071	0.138056	0.124544	0.129795	0.127410	0.132660	0.131302	0.133500	
1480	0.133983	0.135306	0.124152	0.135690	0.124689	0.128646	0.127045	0.133142	0.132431	0.134251	
1485	0.135034	0.134730	0.123632	0.136367	0.121370	0.129826	0.128987	0.133155	0.130869	0.134680	
1490	0.135918	0.133800	0.122687	0.136166	0.121847	0.128243	0.128166	0.135313	0.130199	0.136433	
1495	0.134535	0.133045	0.124236	0.136555	0.124087	0.126917	0.130309	0.134101	0.129301	0.138031	
1500	0.133371	0.135118	0.124184	0.138042	0.125189	0.125291	0.132123	0.135583	0.130165	0.136738	
1505	0.134612	0.134469	0.125521	0.140487	0.125496	0.125491	0.132141	0.135130	0.132628	0.135567	
1510	0.135273	0.135807	0.125865	0.143809	0.125780	0.125582	0.132301	0.133731	0.133873	0.135076	
1515	0.135634	0.133569	0.127219	0.144953	0.127261	0.123715	0.133595	0.130609	0.134434	0.134135	
1520	0.136744	0.134515	0.127142	0.143788	0.128360	0.125871	0.132747	0.131510	0.134087	0.133329	
1525	0.138056	0.131420	0.127231	0.143474	0.130660	0.125521	0.132671	0.131728	0.134804	0.136464	
1530	0.136400	0.128484	0.126439	0.143734	0.131651	0.124503	0.137583	0.132585	0.135214	0.135724	
1535	0.133952	0.125331	0.127172	0.145231	0.130421	0.122900	0.138618	0.131300	0.135291	0.135975	
1540	0.133543	0.123838	0.129197	0.145040	0.133088	0.121007	0.139684	0.131527	0.136634	0.135718	
1545	0.132081	0.121827	0.129053	0.143862	0.133328	0.120052	0.137465	0.131351	0.138244	0.137043	
1550	0.131792	0.122203	0.129562	0.143577	0.133207	0.120029	0.134444	0.131351	0.134532	0.134910	
1555	0.130454	0.125073	0.128029	0.141527	0.133191	0.119978	0.133182	0.131620	0.134522	0.134793	
1560	0.131772	0.125521	0.128841	0.139955	0.131917	0.122078	0.134661	0.131421	0.135980	0.132083	
1565	0.130558	0.124488	0.128114	0.137648	0.132532	0.120986	0.137165	0.130759	0.135381	0.133200	
1570	0.129681	0.122523	0.126728	0.137094	0.131492	0.121139	0.137623	0.131042	0.136546	0.133916	
1575	0.131728	0.122412	0.126630	0.135808	0.129857	0.122877	0.137177	0.134038	0.136561	0.135355	
1580	0.133056	0.122238	0.127594	0.136244	0.128931	0.122995	0.139611	0.135672	0.134991	0.137534	
1585	0.133538	0.123517	0.129455	0.137324	0.129106	0.124004	0.139520	0.136559	0.135730	0.135231	
1590	0.133903	0.122115	0.129645	0.139406	0.127909	0.127234	0.141166	0.137188	0.133151	0.135308	
1595	0.136277	0.119946	0.127461	0.140276	0.127374	0.128758	0.139992	0.135683	0.130988	0.133173	
1600	0.137030	0.121277	0.127272	0.138195	0.126743	0.132071	0.138811	0.137918	0.131934	0.130995	
1605	0.136291	0.122669	0.128911	0.138650	0.126079	0.131202	0.137054	0.138167	0.132837	0.132166	
1610	0.134521	0.126139	0.126570	0.138188	0.124547	0.129254	0.134840	0.139559	0.131418	0.131915	
1615	0.132572	0.127005	0.128415	0.134516	0.123211	0.129155	0.133535	0.141437	0.127953	0.133783	
1620	0.133619	0.129445	0.127315	0.132639	0.124950	0.131100	0.134613	0.142196	0.128676	0.133500	
1625	0.134721	0.129202	0.126970	0.134048	0.126633	0.131902	0.134381	0.140991	0.127315	0.130317	
1630	0.135299	0.130089	0.127300	0.134390	0.128553	0.129663	0.133404	0.138469	0.126433	0.131007	
1635	0.136865	0.129560	0.126926	0.134613	0.128734	0.131112	0.134284	0.138202	0.128481	0.132286	
1640	0.137721	0.129948	0.128942	0.133033	0.127950	0.130891	0.137469	0.137615	0.126434	0.132147	
1645	0.138560	0.130124	0.129701	0.132256	0.126595	0.132540	0.138465	0.138115	0.126155	0.131421	
1650	0.137932	0.130584	0.129298	0.131791	0.126975	0.130810	0.138747	0.136475	0.128102	0.132043	
1655	0.137010	0.130718	0.130760	0.131505	0.127108	0.131193	0.137844	0.135565	0.129887	0.131534	
1660	0.137023	0.131004	0.129135	0.128888	0.126710	0.131668	0.138406	0.136244	0.129088	0.134579	
1665	0.136619	0.131203	0.129367	0.130549	0.127007	0.130195	0.140414	0.135762	0.128044	0.132237	
1670	0.134686	0.132320	0.130518	0.130036	0.128269	0.133086	0.141659	0.135426	0.128843	0.132268	
1675	0.137441	0.131271	0.129931	0.129683	0.125989	0.133341	0.136372	0.135899	0.128116	0.133830	
1680	0.134308	0.132858	0.131462	0.130456	0.126922	0.134397	0.136557	0.136511	0.128365	0.135929	
1685	0.135616	0.132239	0.133257	0.132579	0.128232	0.132516	0.136015	0.136242	0.130361	0.135003	
1690	0.136098	0.132629	0.133018	0.135274	0.127576	0.131585	0.135359	0.137143	0.129927	0.134892	
1695	0.136727	0.132558	0.132305	0.135094	0.126304	0.129099	0.138106	0.138377	0.133963	0.135761	
1700	0.134436	0.134944	0.129798	0.136163	0.125621	0.126740	0.136056	0.136782	0.134594	0.135197	
1705	0.136127	0.132298	0.129234	0.136984	0.127984	0.125958	0.135858	0.138877	0.132642	0.134453	
1710	0.136721	0.132357	0.130234	0.138762	0.126179	0.125069	0.133205	0.136933	0.130914	0.134390	
1715	0.137931	0.134137	0.129749	0.138699	0.126721	0.125146	0.134814	0.135532	0.131347	0.132190	
1720	0.138543	0.134434	0.130186	0.138540	0.128735	0.122788	0.135651	0.132707	0.132444	0.132145	
1725	0.137672	0.136037	0.129044	0.139712	0.129607	0.122823	0.133940	0.133072	0.134189	0.132384	
1730	0.138235	0.136372	0.129205	0.140815	0.128162	0.125016	0.131448	0.132751	0.133743	0.132640	
1735	0.138141	0.136577	0.130048	0.139497	0.128691	0.125583	0.131071	0.129971	0.135357	0.129631	
1740	0.137792	0.137971	0.129916	0.137480	0.128069	0.127768	0.129002	0.130778	0.134979	0.130194	
1745	0.137165	0.135551	0.130276	0.138576	0.127028	0.126930	0.129089	0.130859	0.134251	0.131293	
1750	0.139407	0.136243	0.129353	0.141328	0.127577	0.129621	0.130467	0.131062	0.132988	0.133708	
1755	0.134561	0.137555	0.131296	0.143789	0.125501	0.129701	0.130308	0.131429	0.133297	0.134922	
1760	0.134086	0.137055	0.133145	0.141655	0.128531	0.132419	0.130984	0.130123	0.131987	0.136228	
1765	0.135572	0.136903	0.134267	0.140249	0.129963	0.132383	0.130266	0.129494	0.132836	0.137057	
1770	0.137318	0.137043	0.133219	0.141680	0.127662	0.133194	0.129788	0.127890	0.133979	0.138130	
1775	0.136942	0.135300	0.132876	0.137899	0.127682	0.134107	0.132098	0.126005	0.132562	0.136068	
1780	0.136685	0.132189	0.131498	0.137581	0.126906	0.135229	0.133717	0.126380	0.130439	0.135953	
1785	0.136972	0.131393	0.131243	0.136419	0.126498	0.137225	0.134105	0.126453	0.133243	0.134178	
1790	0.137237	0.129697	0.132004	0.134276	0.127103	0.136536	0.134454	0.128229	0.134465	0.132885	
1795	0.138764	0.130762	0.131481	0.132857	0.127404	0.138441	0.135657	0.129051	0.136271	0.132889	
1800	0.137031	0.131258	0.132563	0.135471	0.128335	0.136451	0.134337	0.126351	0.137369	0.132237	
1805	0.137353	0.131964	0.133077	0.135322	0.126218	0.137953	0.134036	0.127545	0.135532	0.133709	
1810	0.136847	0.129647	0.133803	0.138089	0.126929	0.136700	0.135091	0.128488	0.135696	0.133782	
1815	0.135738	0.130030	0.131785	0.136550	0.128697	0.135953	0.134588	0.129726	0.135732	0.132821	
1820	0.134525	0.128742	0.131724	0.137586	0.129460	0.133045	0.132758	0.129166	0.134495	0.135607	
1825	0.133720	0.127500	0.132277	0.136656	0.127862	0.134448	0.130725	0.128280	0.133572	0.134014	
1830	0.135000	0.125868	0.132960	0.134629	0.126810	0.134617	0.129803	0.129288	0.133585	0.132873	
1835	0.135903	0.125150	0.132449	0.133049	0.126391	0.134210	0.130091	0.129816	0.134760	0.134323	
1840	0.135312	0.127703	0.132243	0.131292	0.126319	0.133263	0.128889	0.128105	0.132768	0.135876	
1845	0.135599	0.129097	0.130700	0.130165	0.125835	0.132686	0.129819	0.129978	0.132497	0.132802	
1850	0.134928	0.128813	0.128889	0.130929	0.123443	0.133440	0.129724	0.130550	0.133471	0.130396	
1855	0.134802	0.128795	0.129410	0.132414	0.123572	0.133936	0.129102	0.129487	0.134175	0.130810	
1860	0.134988	0.128417	0.130827	0.130587	0.125117	0.131061	0.129018	0.128671	0.131477	0.129453	
1865	0.137256	0.128013	0.132829	0.128872	0.125679	0.131907	0.129644	0.127271	0.132498	0.131743	
1870	0.135064	0.125251	0.132820	0.127998	0.124853	0.132080	0.129998	0.125513	0.130995	0.130472	
1875	0.133557	0.126748	0.133881	0.126203	0.123484	0.129941	0.129956	0.125768	0.130863	0.129189	
1880	0.134277	0.125936	0.134431	0.126517	0.125039	0.128722	0.129615	0.126571	0.130581	0.130169	
1885	0.133528	0.124050	0.136324	0.126225	0.123307	0.130065	0.130293	0.127662	0.129668	0.129164	
1890	0.136044	0.122866	0.135999	0.126635	0.123968	0.129771	0.131946	0.127725	0.130087	0.127907	
1895	0.135342	0.125898	0.135825	0.126647	0.126215	0.127831	0.134683	0.127677	0.128063	0.126463	
1900	0.132394	0.124950	0.138212	0.128441	0.126373	0.128439	0.135088	0.127008	0.125680	0.128631	
1905	0.131219	0.123273	0.138388	0.127875	0.123691	0.129649	0.134695	0.126996	0.126551	0.131635	
1910	0.129454	0.122565	0.140150	0.127884	0.123218	0.129501	0.133181	0.126662	0.126175	0.130856	
1915	0.128068	0.123906	0.139375	0.128280	0.122914	0.132951	0.135655	0.126115	0.124607	0.134664	
1920	0.127116	0.124971	0.139997	0.128723	0.121252	0.133048	0.134811	0.127033	0.124066	0.135624	
1925	0.127218	0.125829	0.138697	0.128727	0.123052	0.131521	0.136681	0.129342	0.124004	0.136713	
1930	0.127497	0.124825	0.137591	0.129589	0.122590	0.131219	0.137796	0.130539	0.125151	0.137086	
1935	0.128007	0.128256	0.136201	0.127608	0.123202	0.131972	0.140322	0.128403	0.124216	0.138199	
1940	0.129286	0.126742	0.135377	0.126150	0.123217	0.131034	0.139396	0.127265	0.124295	0.137595	
1945	0.127135	0.124434	0.136269	0.125740	0.122782	0.134307	0.139489	0.127449	0.126832	0.136551	
1950	0.129220	0.124061	0.135782	0.125753	0.123295	0.134217	0.139974	0.126547	0.125743	0.136407	
1955	0.129360	0.123821	0.134619	0.125788	0.123168	0.137185	0.140385	0.126513	0.126122	0.137150	
1960	0.130185	0.124366	0.132650	0.127229	0.124301	0.136841	0.139580	0.126088	0.126890	0.136096	
1965	0.129727	0.125744	0.132102	0.126851	0.125387	0.136732	0.139628	0.126730	0.127070	0.135270	
1970	0.129465	0.129062	0.133352	0.127768	0.124917	0.135709	0.139863	0.126274	0.126510	0.131625	
1975	0.131567	0.130824	0.132994	0.128343	0.124350	0.134939	0.139554	0.126542	0.126482	0.129515	
1980	0.130003	0.128657	0.133404	0.125208	0.126901	0.133175	0.136262	0.127012	0.127161	0.130561	
1985	0.131719	0.129101	0.133881	0.126934	0.127286	0.133248	0.136981	0.126285	0.126591	0.132985	
1990	0.134138	0.130242	0.134848	0.126694	0.127436	0.132957	0.133771	0.127550	0.126077	0.135619	
1995	0.133361	0.131416	0.133355	0.128052	0.128574	0.132876	0.134214	0.128260	0.129321	0.134808	
2000	0.135302	0.131153	0.132742	0.126606	0.128933	0.134984	0.134285	0.127450	0.127456	0.133916	
2005	0.134892	0.129883	0.131298	0.125882	0.129088	0.136539	0.131632	0.128811	0.124441	0.135069	
2010	0.135527	0.130236	0.129376	0.128600	0.129452	0.135652	0.130366	0.128791	0.123507	0.137584	
2015	0.137587	0.130764	0.128478	0.131994	0.128754	0.137208	0.131786	0.129050	0.123301	0.135192	
2020	0.136958	0.132234	0.128422	0.132719	0.129514	0.136718	0.130466	0.128070	0.123095	0.137387	
2025	0.134671	0.134552	0.129469	0.133484	0.129128	0.136406	0.128560	0.129416	0.125657	0.135625	
2030	0.134964	0.134667	0.131288	0.134294	0.132059	0.134524	0.129546	0.129726	0.126223	0.137018	
2035	0.136473	0.135824	0.132097	0.134903	0.133965	0.135064	0.131033	0.129893	0.129503	0.136957	
2040	0.136537	0.135209	0.133178	0.134577	0.135049	0.135459	0.131895	0.129810	0.130438	0.135190	
2045	0.138410	0.134568	0.131739	0.132605	0.135865	0.133791	0.132852	0.129776	0.128703	0.135383	
2050	0.141924	0.135560	0.131641	0.133286	0.137282	0.134657	0.132245	0.132390	0.130486	0.134798	
2055	0.141791	0.135424	0.130791	0.131224	0.138892	0.131511	0.130822	0.131203	0.128706	0.133150	
2060	0.143154	0.134162	0.133817	0.131248	0.136605	0.131382	0.128977	0.131484	0.127476	0.132514	
2065	0.142782	0.134791	0.133800	0.129373	0.138251	0.131284	0.129898	0.130725	0.126836	0.130824	
2070	0.139368	0.134592	0.131718	0.128702	0.138566	0.133060	0.129109	0.130569	0.124650	0.131343	
2075	0.139022	0.134783	0.133191	0.130270	0.139005	0.133466	0.129338	0.131909	0.124244	0.132786	
2080	0.138208	0.134966	0.131466	0.131804	0.139499	0.136059	0.129152	0.132027	0.125516	0.132230	
2085	0.138514	0.134925	0.129818	0.134040	0.137343	0.137174	0.128785	0.132498	0.125357	0.131030	
2090	0.135274	0.135564	0.130649	0.132514	0.137218	0.136325	0.128361	0.133843	0.125239	0.129057	
2095	0.134129	0.134732	0.130080	0.132862	0.137303	0.137155	0.127186	0.131431	0.127046	0.130543	
2100	0.134155	0.137283	0.132108	0.132532	0.138411	0.136958	0.125989	0.130938	0.128925	0.132278	
2105	0.134141	0.137340	0.130940	0.132817	0.139133	0.134719	0.127609	0.132332	0.127312	0.132018	
2110	0.133825	0.138333	0.134211	0.130962	0.139040	0.131991	0.125165	0.131346	0.128209	0.132941	
2115	0.134510	0.139425	0.135159	0.130572	0.144346	0.129919	0.126187	0.131379	0.127928	0.132104	
2120	0.134552	0.139234	0.133593	0.129036	0.143526	0.130110	0.127787	0.131044	0.129070	0.131359	
2125	0.131138	0.139475	0.133384	0.127077	0.144851	0.127637	0.127779	0.131609	0.129589	0.131803	
2130	0.132367	0.139975	0.132624	0.127059	0.144142	0.127728	0.125371	0.132222	0.128973	0.133778	
2135	0.133252	0.139663	0.135313	0.126972	0.140134	0.128060	0.124077	0.128718	0.129080	0.132318	
2140	0.132439	0.136237	0.138198	0.124910	0.138681	0.131679	0.122997	0.128785	0.126497	0.133164	
2145	0.133299	0.136740	0.137805	0.127886	0.137634	0.131513	0.123271	0.130679	0.125453	0.133750	
2150	0.132666	0.138015	0.136335	0.129829	0.137589	0.131568	0.125294	0.131020	0.125629	0.134548	
2155	0.133763	0.136007	0.137095	0.130190	0.140784	0.129975	0.124580	0.131375	0.125105	0.136542	
2160	0.133457	0.135439	0.135268	0.127853	0.142841	0.128546	0.125348	0.131815	0.126997	0.136647	
2165	0.135342	0.133846	0.133604	0.126422	0.142507	0.128191	0.125539	0.132974	0.126292	0.140628	
2170	0.135199	0.134540	0.131853	0.126933	0.143450	0.130870	0.125208	0.132634	0.126367	0.138602	
2175	0.135091	0.133694	0.129355	0.127797	0.141719	0.129237	0.125574	0.132821	0.126212	0.136108	
2180	0.134466	0.136874	0.128905	0.128096	0.143839	0.129906	0.125251	0.133162	0.127109	0.132988	
2185	0.132748	0.137497	0.129441	0.127657	0.143326	0.128695	0.125777	0.131373	0.126839	0.133946	
2190	0.134329	0.139573	0.127848	0.126162	0.144457	0.128350	0.127903	0.130654	0.124331	0.133786	
2195	0.134841	0.140558	0.126571	0.123613	0.143904	0.129244	0.127120	0.131007	0.125088	0.133736	
2200	0.135641	0.144930	0.128690	0.124046	0.145934	0.129253	0.127094	0.131122	0.125211	0.134313	
2205	0.134646	0.145284	0.129960	0.125732	0.143678	0.130835	0.126579	0.131760	0.126243	0.133646	
2210	0.134225	0.144433	0.129956	0.128871	0.144852	0.130169	0.126153	0.133733	0.126655	0.130596	
2215	0.135402	0.145890	0.129442	0.128094	0.143906	0.129676	0.126504	0.133862	0.127626	0.128154	
2220	0.134913	0.145224	0.128709	0.128270	0.143187	0.131820	0.128154	0.136889	0.126621	0.128869	
2225	0.134092	0.145379	0.129793	0.129446	0.141250	0.129533	0.127912	0.135159	0.126024	0.132579	
2230	0.132274	0.142874	0.128254	0.130929	0.138539	0.131549	0.129029	0.135188	0.125211	0.132015	
2235	0.129912	0.140663	0.130378	0.129997	0.136804	0.132114	0.129524	0.134360	0.124278	0.132403	
2240	0.130497	0.139495	0.131567	0.129995	0.138172	0.131450	0.128207	0.134833	0.125223	0.131044	
2245	0.129674	0.136878	0.130682	0.129596	0.138553	0.129679	0.129794	0.135444	0.123476	0.131670	
2250	0.130725	0.137898	0.132221	0.129610	0.137649	0.127080	0.129373	0.136757	0.123830	0.127799	
2255	0.130765	0.136192	0.131616	0.129723	0.139385	0.129018	0.129213	0.136449	0.122498	0.128901	
2260	0.130076	0.136970	0.134175	0.128341	0.141630	0.131573	0.129269	0.132451	0.122711	0.129899	
2265	0.130205	0.134572	0.136514	0.128188	0.140358	0.131321	0.130418	0.134563	0.122656	0.132257	
2270	0.132381	0.132763	0.135881	0.129091	0.139022	0.130277	0.129663	0.133162	0.123177	0.132266	
2275	0.131862	0.134231	0.134374	0.128221	0.138421	0.129063	0.131172	0.132552	0.123274	0.132315	
2280	0.130293	0.132880	0.133524	0.126017	0.139026	0.127939	0.132414	0.132731	0.124384	0.131636	
2285	0.133245	0.132859	0.133874	0.127230	0.138351	0.129248	0.132239	0.130755	0.125236	0.132417	
2290	0.132428	0.135302	0.133534	0.129297	0.138164	0.128386	0.131180	0.130975	0.125613	0.131821	
2295	0.132950	0.133575	0.134865	0.129118	0.140972	0.126866	0.130790	0.131090	0.127284	0.130741	
2300	0.131363	0.132714	0.134651	0.129339	0.139198	0.129616	0.129980	0.131445	0.127801	0.129534	
2305	0.129573	0.133028	0.133302	0.128815	0.138923	0.129951	0.131794	0.132100	0.128613	0.127671	
2310	0.130813	0.131612	0.134234	0.132108	0.137439	0.131386	0.134245	0.131947	0.127408	0.126654	
2315	0.129440	0.132846	0.134220	0.129131	0.137710	0.132415	0.133842	0.130726	0.128561	0.127690	
2320	0.129371	0.134015	0.134612	0.130672	0.137227	0.132462	0.133133	0.129798	0.130050	0.129814	
2325	0.129095	0.133929	0.135516	0.129543	0.138427	0.130876	0.134411	0.127581	0.130348	0.132527	
2330	0.130682	0.135132	0.134067	0.129622	0.137845	0.130213	0.133809	0.125519	0.130335	0.133800	
2335	0.129260	0.138291	0.134804	0.128706	0.137651	0.130362	0.135783	0.125888	0.131274	0.134383	
2340	0.128325	0.137254	0.135937	0.128271	0.137822	0.130397	0.132697	0.126987	0.130955	0.136345	
2345	0.127575	0.136161	0.137171	0.127204	0.138235	0.130342	0.130801	0.129206	0.131828	0.137216	
2350	0.129364	0.136926	0.135851	0.126916	0.139178	0.129535	0.129703	0.128011	0.134926	0.137030	
2355	0.128055	0.136077	0.135811	0.128424	0.139966	0.129487	0.129761	0.126044	0.134710	0.135365	
2360	0.127743	0.135215	0.134682	0.130386	0.140679	0.131268	0.131154	0.126995	0.135291	0.135994	
2365	0.125503	0.135145	0.133437	0.130400	0.140583	0.130625	0.130718	0.126459	0.136678	0.134432	
2370	0.123309	0.134577	0.134028	0.131762	0.143252	0.131825	0.132265	0.127090	0.134878	0.133366	
2375	0.125571	0.135248	0.135804	0.129806	0.143626	0.133558	0.133369	0.124585	0.135157	0.133252	
2380	0.124314	0.134637	0.135503	0.130653	0.142716	0.132924	0.134719	0.123889	0.136404	0.132044	
2385	0.124306	0.135442	0.136089	0.130059	0.140942	0.130869	0.133524	0.125773	0.136013	0.129885	
2390	0.125043	0.132995	0.136952	0.130873	0.141523	0.131137	0.134683	0.124779	0.136254	0.128652	
2395	0.126645	0.131130	0.136744	0.128627	0.138595	0.132997	0.134480	0.124022	0.135445	0.129916	
2400	0.125487	0.132047	0.139529	0.129608	0.139419	0.134371	0.134600	0.124865	0.134864	0.131601	
2405	0.126313	0.129874	0.142083	0.128225	0.139160	0.136603	0.135630	0.125692	0.134280	0.130056	
2410	0.128116	0.129252	0.142068	0.128993	0.137944	0.135747	0.135720	0.125513	0.133233	0.130817	
2415	0.128686	0.130277	0.140201	0.127391	0.136602	0.135895	0.133827	0.125840	0.131677	0.132708	
2420	0.128507	0.127754	0.139891	0.126097	0.138346	0.134855	0.134800	0.125411	0.130774	0.132408	
2425	0.130627	0.126942	0.138953	0.126730	0.138897	0.135687	0.136867	0.126605	0.133325	0.132001	
2430	0.130577	0.128105	0.136579	0.125724	0.138371	0.138673	0.135688	0.128144	0.133462	0.132560	
2435	0.129209	0.125937	0.136749	0.126605	0.138747	0.140497	0.136079	0.126704	0.134914	0.131652	
2440	0.129287	0.126489	0.136898	0.128145	0.138386	0.140700	0.134804	0.126610	0.137397	0.130543	
2445	0.127964	0.128709	0.134416	0.128038	0.138355	0.137866	0.135507	0.126661	0.136096	0.131479	
2450	0.127602	0.128939	0.135903	0.127219	0.137207	0.135822	0.137101	0.127672	0.135565	0.132905	
2455	0.128210	0.125093	0.135605	0.126681	0.137203	0.134627	0.137891	0.128228	0.132385	0.134702	
2460	0.128163	0.124021	0.134457	0.129911	0.137762	0.132985	0.138346	0.126435	0.133025	0.137545	
2465	0.129385	0.123208	0.134410	0.130785	0.136301	0.134405	0.138376	0.127793	0.134319	0.136140	
2470	0.130122	0.127366	0.134719	0.128094	0.136265	0.135177	0.135946	0.126948	0.133106	0.135599	
2475	0.127448	0.128783	0.135566	0.130100	0.135542	0.133612	0.136510	0.129067	0.133194	0.135957	
2480	0.128593	0.127713	0.134547	0.128546	0.134255	0.133839	0.136719	0.128315	0.134395	0.136272	
2485	0.130680	0.126899	0.134829	0.128867	0.133898	0.135537	0.139277	0.129329	0.133662	0.135359	
2490	0.131593	0.127340	0.136543	0.128135	0.133653	0.136488	0.140061	0.127269	0.134389	0.134502	
2495	0.132527	0.126793	0.134733	0.128929	0.133095	0.135661	0.140192	0.127671	0.131811	0.135907	
2500	0.133478	0.127235	0.132797	0.129832	0.134173	0.133601	0.142386	0.126578	0.130439	0.138987	
2505	0.132579	0.125819	0.133836	0.129419	0.133871	0.135389	0.143955	0.123728	0.132931	0.139485	
2510	0.132580	0.125535	0.133228	0.130241	0.133443	0.138686	0.142141	0.125408	0.133699	0.137541	
2515	0.131654	0.122828	0.134482	0.133162	0.134831	0.137356	0.142259	0.125821	0.135398	0.136938	
2520	0.131597	0.124246	0.134342	0.133839	0.132915	0.136291	0.140920	0.127277	0.134443	0.136581	
2525	0.133653	0.126337	0.134842	0.137464	0.132546	0.136187	0.138246	0.127435	0.134929	0.136438	
2530	0.134420	0.125657	0.135918	0.135004	0.131446	0.134187	0.139638	0.126783	0.135012	0.135886	
2535	0.136623	0.123970	0.137919	0.135343	0.130364	0.133364	0.139185	0.128946	0.136557	0.135200	
2540	0.136302	0.125558	0.136740	0.134862	0.134220	0.134091	0.138449	0.131554	0.136798	0.133184	
2545	0.137914	0.126748	0.136102	0.135651	0.133088	0.132452	0.139378	0.130719	0.135694	0.133363	
2550	0.135674	0.128780	0.136805	0.135268	0.131496	0.132600	0.137802	0.131730	0.137642	0.134949	
2555	0.133564	0.127020	0.138942	0.135431	0.131978	0.134308	0.136815	0.131725	0.136855	0.133563	
2560	0.133722	0.127887	0.137523	0.136700	0.132442	0.137310	0.135097	0.130266	0.136596	0.133426	
2565	0.134290	0.127301	0.136246	0.136510	0.131087	0.136800	0.134913	0.128974	0.138410	0.133701	
2570	0.134055	0.128882	0.134451	0.134896	0.130459	0.136441	0.134319	0.127643	0.137123	0.132825	
2575	0.133864	0.128991	0.133433	0.135229	0.129366	0.134962	0.135966	0.128762	0.137518	0.131936	
2580	0.132982	0.129028	0.132843	0.134382	0.129100	0.135225	0.135689	0.131967	0.139377	0.130763	
2585	0.135092	0.129757	0.134266	0.134703	0.130174	0.136142	0.133820	0.131803	0.138483	0.130399	
2590	0.136475	0.129297	0.134252	0.134415	0.130035	0.136888	0.133181	0.132885	0.138495	0.131655	
2595	0.138069	0.129184	0.136240	0.135538	0.128965	0.136669	0.135129	0.135760	0.137704	0.133425	
2600	0.137307	0.128245	0.137391	0.135718	0.129383	0.133494	0.136216	0.136244	0.137911	0.132217	
2605	0.136239	0.129085	0.137398	0.134557	0.130228	0.133390	0.137459	0.136006	0.138196	0.131964	
2610	0.135236	0.128379	0.138188	0.134938	0.129287	0.133771	0.137985	0.137019	0.138901	0.133144	
2615	0.135065	0.127874	0.138450	0.135425	0.127680	0.133980	0.138945	0.137198	0.139104	0.136122	
2620	0.135649	0.129092	0.136819	0.131858	0.128299	0.134230	0.135979	0.137501	0.136391	0.136990	
2625	0.136082	0.129721	0.137582	0.130919	0.128628	0.134632	0.133858	0.136823	0.137359	0.136128	
2630	0.137945	0.131480	0.136991	0.133775	0.129008	0.134798	0.134639	0.137097	0.139198	0.136364	
2635	0.140292	0.132025	0.140134	0.132404	0.129756	0.135011	0.134409	0.138426	0.138635	0.135043	
2640	0.139319	0.133669	0.139021	0.131861	0.129242	0.133918	0.134700	0.137688	0.136688	0.134384	
2645	0.138089	0.134564	0.139138	0.132115	0.129731	0.134736	0.134179	0.138252	0.138331	0.132262	
2650	0.135979	0.137641	0.137803	0.129971	0.131322	0.134759	0.135554	0.136100	0.138170	0.131625	
2655	0.137334	0.136781	0.136142	0.132276	0.129928	0.135026	0.136047	0.135208	0.135196	0.134870	
2660	0.135023	0.136178	0.136780	0.132002	0.129080	0.138384	0.136653	0.132286	0.133312	0.134272	
2665	0.133794	0.135479	0.137210	0.135323	0.128550	0.137987	0.135898	0.132159	0.135003	0.133608	
2670	0.133356	0.136306	0.137029	0.136199	0.127770	0.138328	0.134586	0.132914	0.136124	0.133601	
2675	0.132133	0.138100	0.137966	0.135590	0.127508	0.139375	0.134589	0.133163	0.136186	0.134163	
2680	0.132857	0.138341	0.138328	0.136222	0.126264	0.137178	0.137022	0.132427	0.135082	0.134658	
2685	0.131751	0.138304	0.136614	0.137360	0.127597	0.137161	0.136866	0.131303	0.135593	0.134612	
2690	0.132371	0.137690	0.135876	0.137527	0.126017	0.137921	0.135903	0.130597	0.136305	0.136095	
2695	0.134058	0.138093	0.136542	0.137019	0.124210	0.137450	0.131742	0.130669	0.136276	0.136256	
2700	0.134584	0.139259	0.134699	0.136969	0.126488	0.134366	0.131477	0.133127	0.135325	0.136086	
2705	0.133812	0.137376	0.134471	0.136419	0.127064	0.136031	0.129819	0.132732	0.134594	0.136292	
2710	0.131190	0.139436	0.134058	0.135563	0.130336	0.133600	0.130882	0.132369	0.131493	0.136078	
2715	0.131855	0.140105	0.132996	0.135436	0.131826	0.134626	0.133580	0.135064	0.133491	0.135277	
2720	0.132369	0.141410	0.133077	0.136934	0.132423	0.136039	0.135102	0.134917	0.132480	0.133328	
2725	0.133962	0.140778	0.132366	0.138969	0.132144	0.134220	0.134766	0.133814	0.131008	0.133966	
2730	0.134017	0.139262	0.131280	0.141812	0.133767	0.134907	0.135181	0.130950	0.131448	0.135281	
2735	0.133868	0.138654	0.133064	0.141733	0.133688	0.131781	0.136009	0.131619	0.132839	0.133407	
2740	0.135168	0.138785	0.131717	0.141403	0.134958	0.132359	0.135244	0.133006	0.130370	0.132787	
2745	0.133731	0.137487	0.134183	0.137959	0.133446	0.130573	0.137868	0.132814	0.130606	0.131693	
2750	0.131016	0.141669	0.134545	0.139228	0.133276	0.130392	0.137218	0.134174	0.131616	0.131879	
2755	0.129723	0.140199	0.134316	0.138960	0.131928	0.130436	0.135738	0.134217	0.128920	0.134034	
2760	0.128221	0.138538	0.134617	0.134741	0.132809	0.130770	0.136891	0.133218	0.127463	0.132948	
2765	0.126511	0.138669	0.135936	0.135621	0.132207	0.129745	0.139564	0.131931	0.128361	0.134513	
2770	0.127109	0.141352	0.135678	0.134078	0.131780	0.131743	0.140182	0.132869	0.128854	0.132906	
2775	0.124141	0.143217	0.135540	0.132550	0.131424	0.131246	0.136132	0.133282	0.129689	0.133254	
2780	0.123514	0.142074	0.135261	0.135213	0.129794	0.129583	0.137323	0.134609	0.130236	0.132479	
2785	0.121982	0.140029	0.135673	0.134003	0.131272	0.128723	0.138898	0.132309	0.130485	0.131567	
2790	0.123334	0.138409	0.134860	0.131859	0.129946	0.128991	0.139555	0.131373	0.130686	0.131851	
2795	0.125221	0.136416	0.132321	0.130060	0.130832	0.129190	0.140418	0.132500	0.129637	0.132755	
2800	0.124253	0.137957	0.134010	0.130843	0.130345	0.129471	0.141839	0.134899	0.128476	0.133379	
2805	0.123437	0.137007	0.133107	0.132363	0.131350	0.128296	0.141084	0.134553	0.128264	0.135029	
2810	0.122667	0.136835	0.131391	0.134138	0.132391	0.129355	0.139608	0.136328	0.128920	0.136367	
2815	0.120700	0.139649	0.131888	0.133706	0.132372	0.127841	0.137016	0.136550	0.129240	0.133541	
2820	0.120032	0.139652	0.130569	0.136031	0.129491	0.128568	0.136980	0.136900	0.130830	0.134102	
2825	0.119880	0.140262	0.128496	0.135216	0.130526	0.125547	0.135006	0.138834	0.129762	0.133955	
2830	0.120368	0.135756	0.129478	0.135951	0.129933	0.126576	0.132773	0.140336	0.130569	0.133512	
2835	0.122457	0.133819	0.129620	0.134686	0.130712	0.127978	0.131881	0.139468	0.128326	0.132724	
2840	0.123801	0.134505	0.129670	0.133390	0.131735	0.127581	0.131481	0.136706	0.129284	0.133976	
2845	0.122093	0.133731	0.131400	0.131664	0.134563	0.126805	0.132887	0.135848	0.128191	0.133715	
2850	0.122325	0.130410	0.133382	0.133978	0.133737	0.126657	0.134307	0.133767	0.127837	0.135802	
2855	0.121932	0.130542	0.134137	0.131633	0.134057	0.126364	0.133784	0.133931	0.128036	0.136337	
2860	0.122880	0.130968	0.135824	0.130275	0.132547	0.126431	0.130818	0.134560	0.128268	0.133903	
2865	0.122020	0.130323	0.136005	0.130728	0.132376	0.128405	0.131302	0.136603	0.128201	0.131885	
2870	0.124387	0.131278	0.137885	0.132451	0.131783	0.127830	0.131794	0.135460	0.126682	0.132330	
2875	0.124244	0.134110	0.136263	0.131600	0.132916	0.126304	0.130657	0.136505	0.127185	0.135130	
2880	0.125478	0.134313	0.136860	0.132649	0.131879	0.125202	0.130133	0.135497	0.129281	0.137577	
2885	0.128163	0.135008	0.136527	0.132322	0.132413	0.124608	0.128715	0.137220	0.129902	0.136477	
2890	0.127977	0.136868	0.134685	0.131595	0.133465	0.122540	0.128738	0.135270	0.132050	0.136040	
2895	0.125258	0.137738	0.135295	0.131554	0.135110	0.122765	0.128033	0.136443	0.133039	0.135049	
2900	0.127307	0.139141	0.135415	0.131753	0.134111	0.122350	0.129169	0.136303	0.131768	0.136277	
2905	0.126152	0.138884	0.134821	0.132988	0.134480	0.120381	0.127648	0.136606	0.135608	0.138324	
2910	0.126576	0.137231	0.136549	0.132330	0.135131	0.120170	0.126671	0.137865	0.134265	0.138200	
2915	0.128914	0.138747	0.138325	0.131021	0.135318	0.120256	0.128432	0.136327	0.135393	0.139280	
2920	0.128770	0.139032	0.139948	0.133043	0.134398	0.119777	0.130091	0.136098	0.132914	0.135788	
2925	0.127462	0.137097	0.140556	0.132552	0.132229	0.120531	0.129115	0.136114	0.131878	0.133859	
2930	0.128915	0.136586	0.140892	0.132405	0.132858	0.121642	0.128173	0.134369	0.133303	0.133952	
2935	0.128175	0.138269	0.140017	0.132475	0.133157	0.122500	0.131030	0.133683	0.133096	0.134030	
2940	0.127597	0.136638	0.139482	0.132494	0.132977	0.121716	0.129395	0.133687	0.134846	0.134839	
2945	0.126647	0.136147	0.137066	0.134654	0.132970	0.121236	0.129260	0.134392	0.134276	0.136541	
2950	0.127653	0.134045	0.136332	0.134271	0.131553	0.120322	0.129392	0.134149	0.134358	0.137396	
2955	0.127908	0.133517	0.135777	0.136470	0.133749	0.123227	0.130605	0.134118	0.134163	0.139052	
2960	0.130386	0.134243	0.137307	0.138767	0.134263	0.122261	0.128475	0.135785	0.134005	0.138426	
2965	0.130609	0.135764	0.137072	0.138572	0.133855	0.122701	0.128107	0.134372	0.136435	0.138313	
2970	0.130254	0.134020	0.137652	0.138739	0.135765	0.124430	0.126311	0.134585	0.135289	0.137585	
2975	0.131644	0.133119	0.136986	0.138518	0.135233	0.125919	0.125025	0.134551	0.135307	0.135570	
2980	0.131230	0.131870	0.137195	0.138710	0.134835	0.125418	0.126978	0.135268	0.132582	0.135067	
2985	0.129311	0.133312	0.137518	0.139102	0.134157	0.127073	0.128354	0.136214	0.132420	0.134644	
2990	0.128424	0.132796	0.137171	0.137932	0.133116	0.125796	0.129259	0.136755	0.131804	0.136071	
2995	0.128581	0.130356	0.134968	0.136968	0.132364	0.127519	0.132381	0.137730	0.130894	0.135792	
3000	0.128049	0.130781	0.133768	0.138028	0.132915	0.130567	0.131368	0.136364	0.129027	0.133838	
