T	rep_1	rep_2	rep_3	rep_4	rep_5	rep_6	rep_7	rep_8	rep_9	rep_10
5	0.000000	0.000000	0.000000	0.000000	0.000000	0.000000	0.000000	0.000000	0.000000	0.000000	
10	0.000000	0.000000	0.000000	0.000000	0.000000	0.000000	0.000000	0.000000	0.000000	0.000000	
15	0.000000	0.000000	0.000000	0.000000	0.000000	0.000000	0.000000	0.000000	0.000000	0.000000	
20	0.000000	0.000000	0.000000	0.000000	0.000000	0.000000	0.000000	0.000000	0.000000	0.000000	
25	0.000000	0.000000	0.000000	0.000000	0.000000	0.000000	0.000000	0.000000	0.000000	0.000000	
30	0.000000	0.000000	0.000000	0.000000	0.000000	0.000000	0.000000	0.000000	0.000000	0.000000	
35	0.000000	0.000000	0.000000	0.000000	0.000000	0.000000	0.000000	0.000000	0.000000	0.000000	
40	0.000000	0.000000	0.000000	0.000000	0.000000	0.000000	0.000000	0.000000	0.000000	0.000000	
45	0.000000	0.000000	0.000000	0.000000	0.000000	0.000000	0.000000	0.000000	0.000000	0.000000	
50	0.000000	0.000000	0.000000	0.000000	0.000000	0.000000	0.000000	0.000000	0.000000	0.000000	
55	0.000000	0.000000	0.000000	0.000000	0.000000	0.000000	0.000000	0.000000	0.000000	0.000000	
60	0.000000	0.000000	0.000000	0.000000	0.000000	0.000000	0.000000	0.000000	0.000000	0.000000	
65	0.000000	0.000000	0.000000	0.000000	0.000000	0.000000	0.000000	0.000000	0.000000	0.000000	
70	0.000000	0.000000	0.000000	0.000000	0.000000	0.000000	0.000000	0.000000	0.000000	0.000000	
75	0.000000	0.000000	0.000000	0.000000	0.000000	0.000000	0.000000	0.000000	0.000000	0.000000	
80	0.000000	0.000000	0.000000	0.000000	0.000000	0.000000	0.000000	0.000000	0.000000	0.000000	
85	0.000000	0.000000	0.000000	0.000000	0.000000	0.000000	0.000000	0.000000	0.000000	0.000000	
90	0.000000	0.000000	0.000000	0.000000	0.000000	0.000000	0.000000	0.000000	0.000000	0.000000	
95	0.000000	0.000000	0.000000	0.000000	0.000000	0.000000	0.000000	0.000000	0.000000	0.000000	
100	0.000000	0.000000	0.000000	0.000000	0.000000	0.000000	0.000000	0.000000	0.000000	0.000000	
105	0.001502	0.001599	0.002143	0.002094	0.003197	0.001957	0.001614	0.001568	0.001808	0.001898	
110	0.006799	0.007384	0.005075	0.005206	0.009122	0.004035	0.005125	0.005131	0.005373	0.004856	
115	0.013442	0.015428	0.010533	0.009773	0.018554	0.008675	0.011821	0.014340	0.010554	0.009414	
120	0.018162	0.030180	0.021754	0.015728	0.029339	0.020089	0.020715	0.027137	0.015958	0.018161	
125	0.028704	0.049382	0.030566	0.027030	0.047364	0.033173	0.036784	0.044381	0.021747	0.030611	
130	0.042749	0.071310	0.042286	0.040404	0.061011	0.048624	0.052503	0.059271	0.028059	0.038382	
135	0.058981	0.085432	0.059103	0.047082	0.072293	0.069438	0.066107	0.074798	0.038517	0.047810	
140	0.071767	0.092212	0.067834	0.061144	0.081540	0.083234	0.078726	0.083440	0.051642	0.060531	
145	0.082863	0.103993	0.077742	0.069263	0.091930	0.093088	0.080799	0.088964	0.057702	0.067742	
150	0.095664	0.108731	0.087017	0.074611	0.093994	0.099380	0.087528	0.091211	0.068477	0.071653	
155	0.093812	0.115747	0.096130	0.081547	0.100568	0.103940	0.091014	0.096882	0.077169	0.076824	
160	0.093740	0.113981	0.097162	0.085665	0.100413	0.109965	0.091596	0.101901	0.083442	0.079799	
165	0.095413	0.115913	0.099567	0.086226	0.101638	0.114399	0.096792	0.100521	0.085209	0.080468	
170	0.101470	0.119895	0.100644	0.084132	0.095666	0.118961	0.094459	0.104378	0.085443	0.087092	
175	0.104332	0.119645	0.097874	0.084427	0.095941	0.123293	0.094959	0.106897	0.089256	0.087482	
180	0.110436	0.124245	0.100938	0.085438	0.097533	0.122419	0.093657	0.110993	0.088067	0.089644	
185	0.107809	0.127867	0.103870	0.091379	0.100322	0.121159	0.095053	0.112932	0.087910	0.091165	
190	0.110558	0.127710	0.111128	0.091521	0.103384	0.121213	0.099309	0.116208	0.091995	0.096275	
195	0.113589	0.133727	0.108985	0.094301	0.103025	0.122775	0.097411	0.116683	0.099262	0.104261	
200	0.118108	0.141456	0.107113	0.095387	0.109490	0.126741	0.098859	0.118272	0.100060	0.108229	
205	0.124352	0.141958	0.111256	0.097225	0.111274	0.127972	0.101449	0.124188	0.097878	0.116688	
210	0.122894	0.140773	0.109482	0.097415	0.114170	0.130462	0.108011	0.126278	0.099749	0.113797	
215	0.125084	0.137855	0.111667	0.097045	0.112518	0.133198	0.107557	0.128789	0.103212	0.113446	
220	0.130530	0.138772	0.110992	0.098267	0.113125	0.132937	0.105440	0.128538	0.104338	0.110483	
225	0.133612	0.137967	0.114765	0.101783	0.117300	0.134625	0.105622	0.130593	0.105429	0.114890	
230	0.132909	0.138203	0.113410	0.102714	0.115394	0.134559	0.104557	0.135584	0.106182	0.120883	
235	0.136874	0.138629	0.116800	0.106789	0.119882	0.139256	0.106914	0.134271	0.104745	0.126185	
240	0.136330	0.139098	0.121116	0.108200	0.119019	0.141587	0.111927	0.131996	0.108376	0.124714	
245	0.142367	0.140155	0.123207	0.107858	0.121808	0.141748	0.115581	0.140332	0.107617	0.124895	
250	0.138765	0.138624	0.122208	0.110269	0.122089	0.141185	0.119950	0.141803	0.110459	0.122001	
255	0.134829	0.132921	0.123377	0.113593	0.120816	0.141228	0.120538	0.143901	0.110918	0.121945	
260	0.132978	0.135142	0.125329	0.112707	0.122479	0.140783	0.116851	0.142592	0.113965	0.122344	
265	0.132375	0.131805	0.123659	0.116818	0.127546	0.138714	0.115219	0.140028	0.117752	0.123033	
270	0.132553	0.131466	0.124163	0.123377	0.130023	0.141400	0.119267	0.142154	0.123986	0.127173	
275	0.129646	0.130309	0.122283	0.122515	0.128682	0.139642	0.118923	0.145893	0.124220	0.127076	
280	0.129381	0.132272	0.121451	0.122488	0.126831	0.142117	0.118661	0.146727	0.125787	0.123038	
285	0.132388	0.132610	0.120867	0.121818	0.128122	0.142542	0.118824	0.150017	0.127114	0.118955	
290	0.130859	0.135243	0.122738	0.125091	0.128841	0.141944	0.121084	0.149205	0.130973	0.120059	
295	0.135624	0.139823	0.124059	0.124387	0.131644	0.143023	0.122356	0.149996	0.131087	0.120085	
300	0.136734	0.141777	0.125865	0.119301	0.134288	0.143067	0.125657	0.151226	0.125594	0.123023	
305	0.137092	0.141648	0.120520	0.119726	0.137647	0.145620	0.124181	0.155873	0.131891	0.122600	
310	0.138255	0.140059	0.123011	0.117297	0.139141	0.147804	0.124587	0.151958	0.133006	0.122215	
315	0.140116	0.139351	0.121114	0.119532	0.139658	0.146966	0.128598	0.152291	0.133060	0.124255	
320	0.140647	0.137383	0.118867	0.117236	0.144145	0.143461	0.129922	0.156852	0.135491	0.128517	
325	0.140914	0.136365	0.117189	0.118185	0.149828	0.144997	0.127762	0.151185	0.132529	0.129370	
330	0.142513	0.133042	0.119167	0.121080	0.152845	0.140013	0.124439	0.151270	0.132426	0.133919	
335	0.141696	0.136882	0.117922	0.125155	0.154612	0.140435	0.126336	0.150823	0.130277	0.134890	
340	0.143106	0.135800	0.117440	0.124044	0.152795	0.142579	0.127657	0.149326	0.134988	0.136576	
345	0.143162	0.138110	0.120292	0.126928	0.151424	0.144908	0.126206	0.152994	0.136832	0.132790	
350	0.143081	0.137875	0.120030	0.125526	0.149532	0.147193	0.129694	0.155493	0.138733	0.135093	
355	0.142858	0.136092	0.119475	0.127199	0.152919	0.141925	0.127668	0.154070	0.142043	0.138952	
360	0.144286	0.136250	0.120762	0.125165	0.148608	0.139945	0.128144	0.150860	0.141736	0.139328	
365	0.147447	0.134385	0.123126	0.121091	0.153151	0.141196	0.127911	0.149266	0.139983	0.139789	
370	0.146437	0.135474	0.128072	0.121776	0.153719	0.139475	0.124849	0.152694	0.138556	0.140378	
375	0.143918	0.132301	0.126433	0.119948	0.153942	0.139514	0.125327	0.153824	0.143438	0.137933	
380	0.146523	0.131036	0.128170	0.124790	0.152358	0.138354	0.127009	0.151347	0.143327	0.132993	
385	0.145145	0.127830	0.128665	0.125871	0.154207	0.141195	0.125316	0.151519	0.145971	0.129917	
390	0.144279	0.125897	0.127676	0.129584	0.150520	0.142854	0.120869	0.148999	0.141625	0.128946	
395	0.148143	0.129319	0.128331	0.130577	0.150520	0.138926	0.120136	0.147949	0.147847	0.129705	
400	0.148601	0.127355	0.131928	0.127533	0.151067	0.140388	0.122954	0.145165	0.147569	0.130627	
405	0.148420	0.131669	0.131854	0.129118	0.148585	0.142568	0.124268	0.146790	0.146483	0.128861	
410	0.151116	0.130766	0.134082	0.128442	0.144542	0.140989	0.123557	0.148301	0.145402	0.132679	
415	0.154248	0.129635	0.131188	0.125999	0.145083	0.140146	0.119838	0.149317	0.146099	0.128889	
420	0.150224	0.126830	0.127190	0.127008	0.146217	0.134975	0.121573	0.148141	0.141736	0.127214	
425	0.145674	0.124841	0.131687	0.121897	0.142373	0.139870	0.122868	0.143242	0.140129	0.129522	
430	0.144654	0.118866	0.132538	0.127229	0.146938	0.140335	0.120343	0.143561	0.142165	0.133354	
435	0.144789	0.121517	0.133613	0.131279	0.149191	0.140373	0.121332	0.144359	0.143594	0.134201	
440	0.150717	0.123799	0.132344	0.132439	0.145376	0.139749	0.118931	0.147935	0.146028	0.139116	
445	0.150424	0.123643	0.131221	0.136431	0.145424	0.145120	0.117204	0.150329	0.146268	0.136097	
450	0.149936	0.128964	0.132482	0.135477	0.144602	0.145583	0.117603	0.148852	0.148666	0.142816	
455	0.150563	0.132461	0.131224	0.132742	0.139207	0.145666	0.122071	0.154912	0.150409	0.139208	
460	0.148891	0.132005	0.128917	0.136628	0.141330	0.146798	0.121912	0.151916	0.153485	0.132451	
465	0.147638	0.130990	0.129085	0.137777	0.141394	0.145944	0.121249	0.148485	0.156750	0.132784	
470	0.146752	0.126945	0.129487	0.139803	0.135114	0.144883	0.120325	0.149376	0.155925	0.132071	
475	0.147857	0.128204	0.126080	0.131489	0.141325	0.143519	0.120551	0.152561	0.153297	0.133480	
480	0.150799	0.125235	0.125645	0.132193	0.145850	0.144070	0.120625	0.154864	0.153071	0.132221	
485	0.149975	0.123226	0.127159	0.133049	0.145958	0.142276	0.124043	0.157902	0.150338	0.132415	
490	0.147111	0.124520	0.124568	0.133447	0.144485	0.142078	0.123942	0.157883	0.151643	0.131077	
495	0.149809	0.120860	0.123726	0.130034	0.148128	0.145276	0.128640	0.155054	0.150328	0.126943	
500	0.148636	0.123788	0.125708	0.131335	0.146016	0.143969	0.125575	0.156111	0.150234	0.125299	
505	0.151710	0.122069	0.125173	0.132299	0.147138	0.145628	0.120663	0.149367	0.150314	0.128785	
510	0.152811	0.121497	0.125458	0.131483	0.143546	0.145170	0.125305	0.148642	0.147910	0.128591	
515	0.154348	0.122906	0.124091	0.134179	0.146883	0.144534	0.124479	0.144235	0.144058	0.135534	
520	0.152444	0.130808	0.126623	0.136587	0.140955	0.145974	0.127494	0.144396	0.145293	0.133989	
525	0.145953	0.126277	0.126023	0.137054	0.144171	0.149069	0.121837	0.145062	0.146491	0.133398	
530	0.143278	0.127583	0.133263	0.135630	0.144303	0.148591	0.123062	0.148073	0.143623	0.133918	
535	0.143609	0.125902	0.130323	0.137269	0.145260	0.148424	0.122709	0.145214	0.145451	0.139796	
540	0.144815	0.124575	0.132128	0.136892	0.148282	0.149727	0.122324	0.142130	0.147909	0.141727	
545	0.143296	0.124849	0.127684	0.133099	0.148195	0.152684	0.119612	0.142685	0.150901	0.140272	
550	0.142178	0.131905	0.130440	0.135781	0.149585	0.155430	0.120845	0.141207	0.151026	0.145498	
555	0.143407	0.129616	0.130618	0.137675	0.146768	0.146497	0.117287	0.136527	0.147888	0.146363	
560	0.146191	0.128568	0.131633	0.137008	0.142338	0.145648	0.117062	0.141637	0.149545	0.147660	
565	0.145599	0.132060	0.128281	0.136882	0.136885	0.143005	0.116580	0.139065	0.153003	0.151779	
570	0.149398	0.132306	0.130291	0.133902	0.133143	0.145998	0.118647	0.140366	0.150451	0.151634	
575	0.144603	0.133059	0.130245	0.133612	0.130837	0.145823	0.118724	0.137505	0.146401	0.151929	
580	0.141855	0.131569	0.128880	0.131241	0.129909	0.143643	0.115254	0.137317	0.146930	0.154895	
585	0.145162	0.135174	0.126737	0.132319	0.130525	0.145062	0.117550	0.138916	0.145991	0.152378	
590	0.145323	0.139266	0.127267	0.132164	0.134659	0.147960	0.112935	0.138806	0.145806	0.149090	
595	0.147612	0.139525	0.129073	0.134605	0.131345	0.147992	0.111954	0.136348	0.146016	0.146700	
600	0.147989	0.138632	0.130274	0.136671	0.129681	0.144287	0.112556	0.135112	0.143746	0.147514	
605	0.146058	0.140224	0.129753	0.141138	0.130744	0.144148	0.113566	0.136410	0.141118	0.145026	
610	0.146091	0.141584	0.127040	0.139453	0.134680	0.147427	0.117055	0.137805	0.142147	0.144417	
615	0.142106	0.142058	0.131554	0.134883	0.135936	0.142113	0.115017	0.138014	0.140713	0.142116	
620	0.144872	0.141858	0.129985	0.132847	0.137153	0.140379	0.112523	0.139827	0.144318	0.142174	
625	0.141883	0.139003	0.130045	0.132053	0.135402	0.137056	0.114130	0.138890	0.145105	0.139262	
630	0.146223	0.140139	0.132581	0.135007	0.134945	0.136767	0.115366	0.134962	0.144076	0.136094	
635	0.145818	0.137177	0.132496	0.135814	0.133737	0.136715	0.116445	0.134615	0.142981	0.139722	
640	0.147067	0.137713	0.132873	0.134250	0.131947	0.135492	0.114896	0.133006	0.140318	0.139489	
645	0.146240	0.138314	0.135311	0.133917	0.130710	0.137519	0.114104	0.135417	0.141830	0.141588	
650	0.144804	0.139549	0.130094	0.133003	0.133115	0.139882	0.115290	0.136466	0.139759	0.139219	
655	0.142221	0.138089	0.131525	0.131158	0.133069	0.143021	0.113640	0.137824	0.138234	0.136230	
660	0.143269	0.138755	0.131580	0.126731	0.135673	0.139446	0.112612	0.135712	0.136961	0.138076	
665	0.144010	0.135595	0.133380	0.123984	0.137395	0.137443	0.115210	0.136308	0.135777	0.138505	
670	0.142792	0.137186	0.137430	0.121872	0.134558	0.133401	0.113549	0.138371	0.142202	0.141274	
675	0.142654	0.140827	0.135659	0.125779	0.131323	0.131403	0.114359	0.137744	0.139763	0.139342	
680	0.140133	0.138763	0.138253	0.124838	0.133310	0.133112	0.113850	0.136972	0.140290	0.140334	
685	0.140089	0.141444	0.134282	0.123705	0.128261	0.132767	0.114760	0.137777	0.138573	0.141145	
690	0.136188	0.138536	0.131947	0.124630	0.129588	0.136074	0.113561	0.136563	0.142146	0.139383	
695	0.139619	0.134233	0.132777	0.128808	0.131213	0.137538	0.115014	0.135759	0.138859	0.138653	
700	0.138265	0.133045	0.134940	0.124490	0.133149	0.141132	0.117039	0.135994	0.137846	0.137005	
705	0.140787	0.133065	0.133236	0.126409	0.135605	0.143840	0.114902	0.137360	0.138148	0.139797	
710	0.140979	0.131303	0.130661	0.125896	0.130323	0.141201	0.119214	0.138023	0.138981	0.137375	
715	0.142908	0.133986	0.133577	0.124613	0.129091	0.140085	0.121744	0.134650	0.135993	0.137520	
720	0.144015	0.130622	0.130834	0.123857	0.130394	0.140595	0.124539	0.130711	0.133153	0.136407	
725	0.143315	0.132014	0.129475	0.126535	0.132489	0.142858	0.125673	0.133476	0.138304	0.140096	
730	0.143983	0.130713	0.130357	0.127946	0.132117	0.143521	0.124817	0.134849	0.142088	0.142256	
735	0.143059	0.132332	0.129963	0.130177	0.133449	0.144249	0.125777	0.130806	0.142419	0.141605	
740	0.139367	0.131345	0.128349	0.130591	0.134022	0.142318	0.125607	0.132222	0.145660	0.139695	
745	0.142348	0.128609	0.131811	0.133638	0.135011	0.142867	0.125248	0.131842	0.144227	0.137965	
750	0.135053	0.130791	0.131583	0.136087	0.133405	0.145462	0.125521	0.130299	0.139956	0.138057	
755	0.138404	0.133480	0.129763	0.137331	0.130652	0.144337	0.127557	0.131510	0.140557	0.136223	
760	0.140466	0.134981	0.130955	0.135494	0.133193	0.145898	0.128783	0.131775	0.142206	0.131533	
765	0.144533	0.140893	0.126629	0.129946	0.132318	0.144823	0.130044	0.131175	0.145497	0.132882	
770	0.141518	0.138735	0.130152	0.130207	0.131589	0.142011	0.129026	0.127282	0.147660	0.133203	
775	0.134601	0.136086	0.129136	0.132697	0.125541	0.141943	0.129753	0.130984	0.146695	0.133444	
780	0.133956	0.134771	0.126750	0.131700	0.131364	0.141252	0.131571	0.135054	0.147688	0.136599	
785	0.135539	0.132555	0.124821	0.130251	0.130989	0.142892	0.133567	0.137316	0.147175	0.134705	
790	0.135398	0.132584	0.125924	0.130537	0.126977	0.143044	0.134785	0.137706	0.139763	0.133462	
795	0.135615	0.132693	0.128821	0.131385	0.129920	0.144574	0.134069	0.138840	0.139702	0.133899	
800	0.135472	0.127154	0.132310	0.131548	0.134391	0.143452	0.132999	0.136128	0.138521	0.136836	
805	0.136419	0.129486	0.133655	0.132491	0.138665	0.143906	0.131296	0.134267	0.138918	0.135053	
810	0.140795	0.128272	0.131675	0.132972	0.136527	0.142105	0.127926	0.133258	0.138141	0.135610	
815	0.139205	0.130804	0.131439	0.129043	0.133415	0.139620	0.128006	0.128902	0.134329	0.133955	
820	0.139095	0.134890	0.130015	0.123762	0.134361	0.142571	0.125797	0.127655	0.139294	0.132840	
825	0.139578	0.133332	0.131835	0.122538	0.137901	0.143791	0.128757	0.123936	0.138130	0.135650	
830	0.141447	0.132838	0.133250	0.119703	0.138706	0.140362	0.131310	0.125662	0.134392	0.136086	
835	0.141739	0.131855	0.134575	0.121502	0.139344	0.136385	0.127455	0.124526	0.134314	0.131395	
840	0.141481	0.135323	0.133391	0.125842	0.141090	0.136123	0.130033	0.124199	0.133020	0.131559	
845	0.143071	0.134928	0.132494	0.127189	0.140388	0.140187	0.131914	0.128930	0.136187	0.129413	
850	0.140067	0.136479	0.132203	0.121348	0.141834	0.143251	0.130135	0.125533	0.138878	0.132050	
855	0.142146	0.134978	0.134989	0.121848	0.142240	0.140525	0.134128	0.130880	0.140637	0.127691	
860	0.144111	0.140085	0.132019	0.125353	0.141482	0.132140	0.129825	0.135126	0.144265	0.128206	
865	0.142726	0.139454	0.132967	0.122532	0.142115	0.132656	0.129720	0.135396	0.144038	0.131703	
870	0.139494	0.141688	0.130710	0.120951	0.144583	0.133961	0.128653	0.131089	0.146975	0.132479	
875	0.140391	0.142349	0.132775	0.124715	0.145589	0.135824	0.128444	0.133883	0.148850	0.131064	
880	0.139613	0.140758	0.128219	0.126262	0.143658	0.135829	0.128356	0.133108	0.148944	0.131466	
885	0.139674	0.135014	0.131225	0.126833	0.139399	0.137229	0.130765	0.132940	0.144589	0.134589	
890	0.140172	0.133310	0.130352	0.129367	0.136586	0.137676	0.132238	0.130952	0.146125	0.137044	
895	0.138978	0.135705	0.127618	0.127976	0.134117	0.132461	0.130438	0.133209	0.148558	0.138775	
900	0.140300	0.139005	0.127691	0.127493	0.129242	0.129336	0.132596	0.133524	0.150648	0.138689	
905	0.138085	0.141101	0.126194	0.126625	0.128754	0.126469	0.129461	0.133170	0.146341	0.138072	
910	0.142904	0.136882	0.123653	0.127581	0.127269	0.127322	0.124162	0.132144	0.147315	0.140191	
915	0.143067	0.135895	0.130136	0.122540	0.130605	0.130209	0.125918	0.136859	0.152297	0.142330	
920	0.142837	0.135433	0.134665	0.126225	0.131987	0.127465	0.121110	0.136684	0.153687	0.144114	
925	0.141353	0.136199	0.133847	0.128793	0.131220	0.133051	0.119551	0.133193	0.152929	0.145478	
930	0.144322	0.133253	0.135114	0.131622	0.131873	0.135751	0.122937	0.133794	0.145440	0.144169	
935	0.143924	0.135677	0.135624	0.127283	0.128063	0.137928	0.125585	0.134506	0.144274	0.145988	
940	0.143174	0.139429	0.135777	0.128482	0.129528	0.136897	0.127321	0.135204	0.143501	0.144907	
945	0.145054	0.137751	0.134186	0.129248	0.129166	0.135891	0.126929	0.139571	0.143105	0.145170	
950	0.144370	0.138359	0.132576	0.125826	0.129245	0.138951	0.122676	0.141586	0.142142	0.142758	
955	0.144302	0.138591	0.131552	0.125737	0.127338	0.140129	0.124963	0.138932	0.141502	0.139632	
960	0.145460	0.139753	0.130613	0.127454	0.126451	0.136261	0.131402	0.142107	0.142698	0.134980	
965	0.142080	0.139609	0.131427	0.130370	0.123742	0.136008	0.127446	0.142771	0.144450	0.134592	
970	0.138044	0.136936	0.131411	0.130655	0.121691	0.136322	0.124995	0.141745	0.144917	0.131672	
975	0.135395	0.137884	0.129084	0.132714	0.123543	0.138439	0.127367	0.141156	0.147568	0.130784	
980	0.137709	0.139656	0.126390	0.135273	0.122638	0.139590	0.132309	0.143357	0.150465	0.132123	
985	0.138781	0.142764	0.123183	0.135803	0.125381	0.137695	0.132269	0.143582	0.150584	0.131392	
990	0.140446	0.140849	0.122107	0.136872	0.123828	0.137748	0.130725	0.144967	0.148672	0.131656	
995	0.141960	0.141842	0.123643	0.135894	0.122458	0.134911	0.129907	0.142002	0.147728	0.132617	
1000	0.141029	0.141608	0.125748	0.133966	0.124099	0.137663	0.130535	0.140850	0.147886	0.135134	
1005	0.137891	0.138147	0.124399	0.132664	0.128068	0.141105	0.132349	0.141244	0.144792	0.138596	
1010	0.137813	0.136114	0.123927	0.135922	0.129574	0.140459	0.131958	0.139460	0.145329	0.136498	
1015	0.141540	0.135628	0.125725	0.136863	0.131843	0.140492	0.127519	0.133146	0.143627	0.141249	
1020	0.146821	0.133511	0.125316	0.135493	0.131739	0.136067	0.131370	0.131853	0.141459	0.143440	
1025	0.144125	0.135813	0.126639	0.136533	0.132010	0.135720	0.129898	0.134222	0.138023	0.145042	
1030	0.144510	0.137921	0.129005	0.135281	0.135195	0.135834	0.134893	0.135686	0.140621	0.145684	
1035	0.150419	0.141107	0.127614	0.134571	0.134146	0.141004	0.135931	0.138081	0.139154	0.141337	
1040	0.149589	0.141801	0.127716	0.132681	0.131796	0.140160	0.134882	0.136825	0.137678	0.143776	
1045	0.152092	0.139930	0.127593	0.130361	0.130165	0.139513	0.130100	0.135771	0.136068	0.139681	
1050	0.154956	0.135792	0.130794	0.129059	0.130996	0.136875	0.131809	0.137748	0.141119	0.140838	
1055	0.150761	0.133829	0.133031	0.127104	0.131127	0.136559	0.129824	0.134941	0.143307	0.143392	
1060	0.146436	0.133071	0.135511	0.125266	0.134128	0.135975	0.130864	0.135726	0.143051	0.139727	
1065	0.147063	0.131657	0.137349	0.130596	0.135428	0.136556	0.130488	0.135146	0.143823	0.137145	
1070	0.149216	0.135563	0.136376	0.131906	0.138306	0.134683	0.132534	0.134247	0.138571	0.137582	
1075	0.148891	0.134365	0.138681	0.128724	0.136926	0.133088	0.131310	0.133139	0.138894	0.137707	
1080	0.149067	0.138602	0.134504	0.130896	0.137204	0.130594	0.132289	0.132307	0.139542	0.136741	
1085	0.144711	0.142475	0.139938	0.130295	0.136252	0.134860	0.130408	0.131592	0.140196	0.134664	
1090	0.145234	0.144487	0.139686	0.127459	0.137919	0.132876	0.128375	0.133331	0.138679	0.134083	
1095	0.140944	0.138984	0.140032	0.123075	0.139805	0.133896	0.131434	0.134126	0.137271	0.132421	
1100	0.143315	0.136052	0.137199	0.119907	0.136459	0.136090	0.132724	0.135082	0.138156	0.133401	
1105	0.143389	0.140302	0.137814	0.121692	0.132888	0.133019	0.134299	0.134160	0.137217	0.135671	
1110	0.143735	0.137931	0.140429	0.120816	0.128688	0.134134	0.136333	0.130037	0.137753	0.131614	
1115	0.144651	0.138017	0.136006	0.122840	0.129340	0.132222	0.136263	0.132792	0.133729	0.134897	
1120	0.145980	0.136534	0.130727	0.120410	0.128695	0.131481	0.135516	0.133855	0.131739	0.138484	
1125	0.143043	0.141069	0.137429	0.120090	0.131768	0.130914	0.134297	0.136734	0.130864	0.136174	
1130	0.144172	0.139756	0.140867	0.122583	0.131917	0.135620	0.133027	0.138130	0.129908	0.137544	
1135	0.140040	0.137683	0.141052	0.124394	0.127897	0.137761	0.133486	0.140307	0.134447	0.134965	
1140	0.142490	0.143208	0.141027	0.125485	0.125194	0.137641	0.136892	0.138307	0.138816	0.140046	
1145	0.141891	0.144142	0.142483	0.131653	0.125947	0.136371	0.139284	0.141118	0.136955	0.134299	
1150	0.144802	0.145236	0.137515	0.133336	0.125354	0.136806	0.143632	0.139235	0.135890	0.134520	
1155	0.145085	0.142634	0.132763	0.130473	0.124669	0.137720	0.142081	0.137162	0.136346	0.134277	
1160	0.144746	0.146179	0.132563	0.134885	0.123144	0.137338	0.143142	0.136550	0.134317	0.133373	
1165	0.144552	0.143527	0.136953	0.136357	0.126485	0.136259	0.142316	0.136598	0.130898	0.131750	
1170	0.146395	0.139311	0.139287	0.136142	0.131122	0.142627	0.138032	0.134018	0.125764	0.132920	
1175	0.148398	0.136466	0.140288	0.132868	0.131492	0.141190	0.135495	0.132519	0.127918	0.130836	
1180	0.148751	0.135152	0.138985	0.135412	0.127403	0.141472	0.134132	0.132466	0.128313	0.131944	
1185	0.146641	0.131547	0.139076	0.134343	0.125310	0.138996	0.134757	0.128392	0.130280	0.125324	
1190	0.143985	0.133716	0.141300	0.129915	0.121016	0.143074	0.135296	0.129358	0.127309	0.128668	
1195	0.139788	0.138830	0.138108	0.124674	0.122911	0.142725	0.137145	0.132099	0.131676	0.131509	
1200	0.139851	0.138261	0.136458	0.129311	0.129567	0.143313	0.140425	0.128789	0.128360	0.130754	
1205	0.137868	0.143021	0.138232	0.130360	0.127950	0.146091	0.141655	0.129949	0.128851	0.131385	
1210	0.136208	0.142070	0.140382	0.132441	0.126497	0.146745	0.136605	0.130096	0.134815	0.127163	
1215	0.135533	0.143511	0.140828	0.132521	0.123355	0.147263	0.133446	0.131517	0.133031	0.128225	
1220	0.131741	0.147765	0.138941	0.125458	0.120684	0.146777	0.134576	0.139204	0.132209	0.131973	
1225	0.134675	0.145275	0.139576	0.125452	0.123137	0.147496	0.135542	0.140238	0.134682	0.130804	
1230	0.137013	0.140555	0.137717	0.120035	0.124677	0.145257	0.131684	0.139988	0.135060	0.128534	
1235	0.140382	0.138955	0.137918	0.122325	0.124469	0.150042	0.124928	0.139277	0.135948	0.131712	
1240	0.143040	0.136300	0.139216	0.124004	0.127055	0.148530	0.125507	0.140797	0.137726	0.130508	
1245	0.141081	0.137958	0.140982	0.124830	0.126236	0.143457	0.127609	0.138150	0.135654	0.132051	
1250	0.141067	0.137869	0.146165	0.126517	0.126379	0.146723	0.128356	0.139521	0.130112	0.131849	
1255	0.141449	0.142564	0.141186	0.125194	0.125469	0.143707	0.125736	0.140975	0.132073	0.136165	
1260	0.147956	0.141008	0.143309	0.124978	0.128681	0.140526	0.126533	0.143635	0.128314	0.134190	
1265	0.147114	0.143682	0.141066	0.124369	0.127794	0.142699	0.128489	0.146696	0.127141	0.132246	
1270	0.147914	0.144159	0.140334	0.126325	0.129852	0.141345	0.129070	0.144781	0.127330	0.129496	
1275	0.144968	0.144221	0.143096	0.126854	0.128347	0.139330	0.135119	0.141973	0.128737	0.131465	
1280	0.145034	0.144023	0.142549	0.127398	0.127320	0.136305	0.135460	0.137277	0.125658	0.130334	
1285	0.142799	0.143813	0.138804	0.131907	0.128962	0.133965	0.133306	0.136663	0.127392	0.130049	
1290	0.138718	0.140011	0.139873	0.132583	0.127140	0.131239	0.137560	0.131631	0.132407	0.131398	
1295	0.137563	0.138694	0.138886	0.130701	0.129782	0.132130	0.140256	0.134382	0.130968	0.129247	
1300	0.138705	0.140434	0.134069	0.125825	0.133227	0.134402	0.139746	0.133288	0.125708	0.130016	
1305	0.136876	0.139134	0.134131	0.126770	0.138917	0.134318	0.139648	0.135827	0.128219	0.129615	
1310	0.137013	0.137961	0.133489	0.127549	0.138964	0.136912	0.136620	0.132518	0.127563	0.127996	
1315	0.138640	0.136123	0.137940	0.127654	0.135492	0.136807	0.137266	0.134059	0.127760	0.126414	
1320	0.141872	0.139867	0.138121	0.128743	0.134241	0.133301	0.135838	0.132825	0.129717	0.130453	
1325	0.142149	0.136950	0.137874	0.128203	0.132810	0.133313	0.139213	0.135889	0.127020	0.131827	
1330	0.140848	0.132317	0.138178	0.129230	0.129904	0.132164	0.137694	0.137131	0.128216	0.130166	
1335	0.137549	0.136604	0.137143	0.132129	0.127353	0.132096	0.138524	0.131239	0.129949	0.130288	
1340	0.139769	0.141363	0.140384	0.130223	0.125863	0.134119	0.133985	0.134990	0.126696	0.131276	
1345	0.135571	0.139985	0.140124	0.133081	0.121790	0.134662	0.134703	0.133342	0.128400	0.131283	
1350	0.135599	0.137572	0.141502	0.131759	0.125708	0.136840	0.136098	0.132414	0.130437	0.129178	
1355	0.132481	0.137973	0.141051	0.132543	0.127128	0.137116	0.136905	0.129568	0.133106	0.132422	
1360	0.132558	0.138176	0.139764	0.130963	0.126631	0.140167	0.137072	0.132781	0.134716	0.136100	
1365	0.134035	0.139256	0.136272	0.130111	0.126418	0.140193	0.135156	0.134881	0.133789	0.134938	
1370	0.131948	0.135468	0.136103	0.132474	0.127129	0.140448	0.135505	0.133620	0.132505	0.130335	
1375	0.131940	0.133762	0.137800	0.127555	0.131149	0.141137	0.137661	0.136793	0.134477	0.129435	
1380	0.135320	0.137652	0.132099	0.126042	0.132759	0.140749	0.136025	0.135337	0.134988	0.132062	
1385	0.133680	0.137848	0.130108	0.123508	0.132097	0.144826	0.138300	0.132659	0.129808	0.130596	
1390	0.137115	0.137054	0.132197	0.121418	0.132382	0.146780	0.139490	0.135986	0.127523	0.129937	
1395	0.137057	0.135806	0.132968	0.125551	0.134241	0.146530	0.142624	0.135939	0.127600	0.134790	
1400	0.137355	0.138813	0.132421	0.120986	0.133344	0.144323	0.143137	0.134505	0.127144	0.136522	
1405	0.139525	0.136494	0.131213	0.119105	0.133013	0.143940	0.139770	0.136383	0.128469	0.135514	
1410	0.139115	0.135402	0.131423	0.117647	0.137461	0.143618	0.141022	0.136357	0.128171	0.133767	
1415	0.139589	0.135026	0.130599	0.118175	0.134811	0.144023	0.138740	0.135194	0.130744	0.132749	
1420	0.139447	0.134511	0.127520	0.119181	0.133879	0.141484	0.139936	0.138825	0.129734	0.134183	
1425	0.138366	0.134888	0.129428	0.118938	0.130470	0.143509	0.138027	0.142962	0.128636	0.137518	
1430	0.138235	0.136285	0.130331	0.116719	0.127718	0.144657	0.138254	0.144220	0.132240	0.137544	
1435	0.136354	0.140708	0.129652	0.114401	0.128478	0.145606	0.139243	0.144946	0.131845	0.137565	
1440	0.136483	0.137531	0.133283	0.115597	0.126393	0.143996	0.136765	0.147882	0.130606	0.135446	
1445	0.135607	0.134443	0.131725	0.114529	0.130015	0.143208	0.137389	0.149940	0.128633	0.132957	
1450	0.136136	0.138121	0.127762	0.114614	0.134550	0.142996	0.136394	0.146381	0.128292	0.131415	
1455	0.133528	0.136737	0.132374	0.112990	0.134405	0.140059	0.135390	0.143057	0.128826	0.132171	
1460	0.133043	0.137068	0.131171	0.111541	0.135035	0.139727	0.131196	0.144382	0.126417	0.131788	
1465	0.133705	0.136834	0.134714	0.112931	0.138453	0.139397	0.134094	0.142067	0.127134	0.129625	
1470	0.134466	0.139088	0.132708	0.114342	0.136539	0.139497	0.137780	0.140014	0.126358	0.132723	
1475	0.134680	0.140463	0.132792	0.112290	0.134008	0.139408	0.137183	0.135807	0.127940	0.134966	
1480	0.134846	0.142728	0.133018	0.113174	0.136838	0.139998	0.133875	0.128782	0.128863	0.135661	
1485	0.137703	0.141813	0.135269	0.118761	0.136922	0.138122	0.130411	0.132416	0.131442	0.137562	
1490	0.139016	0.136401	0.135004	0.118122	0.136783	0.138887	0.133622	0.132714	0.126246	0.138258	
1495	0.134916	0.135897	0.135539	0.115049	0.138519	0.139577	0.135184	0.131025	0.122776	0.139982	
1500	0.128975	0.135387	0.134866	0.112996	0.138196	0.140308	0.135768	0.132378	0.123607	0.136136	
1505	0.128482	0.136381	0.136064	0.115164	0.134664	0.136634	0.135058	0.133450	0.127329	0.137480	
1510	0.129753	0.136601	0.133032	0.114323	0.134413	0.136379	0.137715	0.134527	0.124738	0.135756	
1515	0.128435	0.136236	0.135668	0.115146	0.135419	0.137327	0.143129	0.133320	0.127048	0.132713	
1520	0.128243	0.138485	0.133071	0.117703	0.134630	0.141141	0.145012	0.135836	0.128814	0.131445	
1525	0.127487	0.135524	0.131330	0.117565	0.136302	0.138135	0.141747	0.132864	0.127264	0.132983	
1530	0.126558	0.137996	0.133689	0.119517	0.135706	0.137015	0.143465	0.130640	0.129816	0.135929	
1535	0.127065	0.135035	0.134623	0.120601	0.135951	0.137342	0.138343	0.128053	0.125863	0.138800	
1540	0.128029	0.132417	0.139803	0.121857	0.138723	0.137494	0.138689	0.128202	0.124993	0.140973	
1545	0.123362	0.133654	0.140991	0.123629	0.138384	0.140031	0.138707	0.132182	0.120229	0.141870	
1550	0.120038	0.130937	0.138427	0.124097	0.134595	0.139658	0.137258	0.130286	0.120752	0.139008	
1555	0.117826	0.128770	0.137824	0.121988	0.133926	0.141648	0.133404	0.129461	0.121218	0.136205	
1560	0.124653	0.127204	0.136116	0.119580	0.135482	0.140937	0.137699	0.129620	0.126304	0.136441	
1565	0.121893	0.130157	0.140747	0.119722	0.137089	0.145524	0.138160	0.131096	0.122302	0.134072	
1570	0.124022	0.130617	0.138036	0.119778	0.139238	0.144228	0.138116	0.136958	0.122650	0.131166	
1575	0.125929	0.130339	0.139058	0.122261	0.137188	0.145233	0.138942	0.128880	0.122933	0.131509	
1580	0.124430	0.128380	0.140636	0.122147	0.138536	0.144844	0.138835	0.131040	0.125023	0.129938	
1585	0.124588	0.134292	0.142564	0.125731	0.137664	0.141223	0.137000	0.134450	0.122531	0.129400	
1590	0.122972	0.136661	0.141854	0.124180	0.136525	0.140669	0.134986	0.136883	0.123998	0.128681	
1595	0.126067	0.132038	0.142879	0.125684	0.135134	0.139611	0.136047	0.138301	0.125856	0.125622	
1600	0.127703	0.134212	0.140400	0.126415	0.134045	0.139252	0.134378	0.141976	0.127532	0.123149	
1605	0.129726	0.130868	0.138300	0.123573	0.131590	0.139755	0.132664	0.135199	0.125489	0.126750	
1610	0.129590	0.133923	0.141939	0.119827	0.131404	0.138393	0.132751	0.133921	0.128554	0.128309	
1615	0.130004	0.130621	0.140605	0.118317	0.134512	0.139262	0.132811	0.133726	0.130161	0.133438	
1620	0.128452	0.133429	0.141255	0.119715	0.135728	0.138293	0.134195	0.136903	0.129560	0.133748	
1625	0.126917	0.128008	0.140390	0.124706	0.139370	0.138832	0.134579	0.137436	0.132645	0.132218	
1630	0.126547	0.132203	0.142661	0.121461	0.134344	0.140652	0.140127	0.134932	0.134598	0.134166	
1635	0.129445	0.132268	0.136968	0.125980	0.131484	0.143405	0.135455	0.133833	0.132801	0.133111	
1640	0.129801	0.132186	0.135512	0.123845	0.133271	0.141955	0.138666	0.134692	0.131571	0.133183	
1645	0.130422	0.132025	0.141276	0.125742	0.132656	0.143700	0.138780	0.139502	0.133390	0.131583	
1650	0.132760	0.132759	0.141269	0.126914	0.130564	0.141996	0.142885	0.140085	0.132372	0.132964	
1655	0.134728	0.135086	0.138422	0.127227	0.129292	0.138558	0.140356	0.138815	0.133057	0.130004	
1660	0.138915	0.134110	0.136263	0.128082	0.128166	0.139904	0.141409	0.139545	0.129891	0.133528	
1665	0.139133	0.135305	0.135640	0.128388	0.131208	0.143895	0.136986	0.137226	0.132917	0.133570	
1670	0.138421	0.139085	0.137564	0.127507	0.128150	0.143046	0.134456	0.136001	0.136767	0.135982	
1675	0.138718	0.138047	0.141120	0.124233	0.127057	0.141410	0.141886	0.134788	0.134624	0.131898	
1680	0.134199	0.139546	0.142331	0.124482	0.129710	0.137139	0.143646	0.132223	0.135915	0.130171	
1685	0.133039	0.138401	0.142694	0.122929	0.132743	0.135580	0.140404	0.136574	0.143615	0.129620	
1690	0.136322	0.143195	0.138318	0.121488	0.134733	0.137735	0.136915	0.135751	0.141130	0.129070	
1695	0.134339	0.143027	0.136758	0.121572	0.136594	0.141510	0.138112	0.137412	0.135183	0.133219	
1700	0.133472	0.139206	0.137285	0.121723	0.133655	0.138307	0.134860	0.134242	0.136443	0.132477	
1705	0.134746	0.140673	0.134595	0.125431	0.128848	0.137904	0.135140	0.134714	0.137738	0.136195	
1710	0.132089	0.142130	0.136817	0.125409	0.130179	0.136051	0.137337	0.134939	0.140963	0.132543	
1715	0.133071	0.142947	0.135342	0.131364	0.129897	0.140223	0.135406	0.136004	0.140425	0.134188	
1720	0.130130	0.141381	0.136774	0.127999	0.130013	0.140382	0.134458	0.135247	0.135539	0.132916	
1725	0.130776	0.142620	0.132116	0.127135	0.131671	0.141924	0.132453	0.135937	0.136987	0.130987	
1730	0.128052	0.145096	0.128121	0.125417	0.135752	0.137742	0.133675	0.134164	0.137055	0.129329	
1735	0.130393	0.145500	0.130145	0.126072	0.135345	0.134841	0.135983	0.132957	0.141594	0.126625	
1740	0.131651	0.141877	0.131276	0.124762	0.130216	0.137038	0.133697	0.130849	0.139229	0.126477	
1745	0.129462	0.142835	0.134145	0.123274	0.132186	0.135043	0.134592	0.135086	0.140754	0.122815	
1750	0.129391	0.140307	0.136104	0.119709	0.131148	0.136709	0.134130	0.133697	0.135488	0.125884	
1755	0.133826	0.139385	0.134457	0.120148	0.133580	0.137445	0.138324	0.139471	0.134934	0.128221	
1760	0.137744	0.136393	0.133999	0.123151	0.130486	0.135758	0.134247	0.137342	0.134718	0.126698	
1765	0.139516	0.135442	0.136186	0.127053	0.132550	0.140263	0.133410	0.137183	0.131550	0.130305	
1770	0.135404	0.136556	0.132254	0.126866	0.132668	0.141632	0.134644	0.135198	0.134812	0.130995	
1775	0.129301	0.140198	0.130514	0.129348	0.131879	0.143380	0.137467	0.135067	0.137523	0.129108	
1780	0.128873	0.136385	0.134389	0.126331	0.137761	0.140205	0.133118	0.137062	0.132676	0.134510	
1785	0.129889	0.137426	0.135559	0.125755	0.139183	0.141523	0.132504	0.136594	0.130178	0.136885	
1790	0.128268	0.136143	0.133073	0.128851	0.138186	0.143481	0.133301	0.141376	0.136644	0.135054	
1795	0.125082	0.131412	0.132825	0.132087	0.138504	0.143727	0.136738	0.137788	0.136224	0.140616	
1800	0.126362	0.131130	0.135792	0.132479	0.141016	0.138282	0.139590	0.138852	0.132416	0.140317	
1805	0.125419	0.130868	0.133292	0.127101	0.145824	0.136920	0.139009	0.141935	0.132931	0.139441	
1810	0.124276	0.132739	0.129470	0.124997	0.143575	0.132521	0.139254	0.138061	0.134740	0.140694	
1815	0.124013	0.134831	0.131080	0.128290	0.144227	0.138269	0.140505	0.138215	0.133633	0.135476	
1820	0.124430	0.138888	0.128299	0.123877	0.141760	0.138975	0.139680	0.134992	0.132610	0.135004	
1825	0.122442	0.139039	0.125852	0.125636	0.144299	0.141261	0.139602	0.132693	0.129535	0.132112	
1830	0.122892	0.136717	0.121854	0.128430	0.142265	0.136592	0.138899	0.134550	0.132572	0.130049	
1835	0.125029	0.140466	0.118704	0.128137	0.137818	0.139968	0.141827	0.134348	0.129096	0.126717	
1840	0.125451	0.138511	0.115411	0.128499	0.139630	0.135515	0.141154	0.133120	0.132738	0.130087	
1845	0.125731	0.139716	0.119253	0.127857	0.139467	0.136893	0.142652	0.133096	0.130752	0.130078	
1850	0.126285	0.135789	0.118423	0.126797	0.136651	0.134336	0.145183	0.129799	0.128419	0.128547	
1855	0.128272	0.137915	0.119552	0.126849	0.138640	0.131548	0.146642	0.127904	0.131444	0.129786	
1860	0.128483	0.140108	0.124658	0.124989	0.137568	0.133478	0.149233	0.128897	0.129232	0.126892	
1865	0.124965	0.138510	0.126858	0.126621	0.137311	0.137146	0.146529	0.126985	0.129203	0.127416	
1870	0.126246	0.138820	0.126360	0.127963	0.138844	0.134910	0.144285	0.126381	0.129496	0.124016	
1875	0.131047	0.135679	0.124705	0.132044	0.137079	0.131532	0.145940	0.127254	0.134430	0.124063	
1880	0.130424	0.131605	0.123720	0.135582	0.132539	0.133877	0.142074	0.125324	0.136322	0.121196	
1885	0.132579	0.130964	0.122121	0.140633	0.133407	0.133566	0.142536	0.126384	0.135982	0.122156	
1890	0.127557	0.130418	0.116542	0.140475	0.135303	0.136520	0.141625	0.128124	0.134188	0.123056	
1895	0.128122	0.130581	0.112760	0.134911	0.133163	0.134540	0.140655	0.129112	0.136949	0.124997	
1900	0.123189	0.132233	0.109703	0.133470	0.131833	0.132016	0.140505	0.132353	0.139067	0.125581	
1905	0.122667	0.131204	0.109052	0.133060	0.132793	0.130617	0.138182	0.134394	0.138951	0.126370	
1910	0.122896	0.131354	0.110259	0.129723	0.135589	0.130470	0.138279	0.133749	0.139306	0.126357	
1915	0.121523	0.132295	0.113989	0.128938	0.134889	0.126759	0.137797	0.137068	0.137465	0.124621	
1920	0.120412	0.133696	0.111835	0.129842	0.130218	0.126108	0.136576	0.140093	0.139173	0.126078	
1925	0.123352	0.130595	0.109315	0.135025	0.130912	0.126866	0.137599	0.137938	0.139943	0.127042	
1930	0.125357	0.131980	0.110827	0.132645	0.131615	0.122858	0.138638	0.141372	0.139306	0.124241	
1935	0.126737	0.127072	0.108306	0.132936	0.136865	0.123083	0.139653	0.145457	0.141352	0.128986	
1940	0.123867	0.127974	0.113698	0.134213	0.134762	0.124345	0.139929	0.142649	0.139690	0.127158	
1945	0.124830	0.131624	0.116162	0.133539	0.135043	0.124426	0.139022	0.144239	0.143226	0.131087	
1950	0.125295	0.134303	0.117706	0.137159	0.134897	0.130902	0.137923	0.139736	0.143739	0.131264	
1955	0.124524	0.135919	0.119122	0.133962	0.139553	0.126608	0.140189	0.139159	0.141391	0.133175	
1960	0.123821	0.135312	0.117178	0.128846	0.139570	0.123260	0.140706	0.140343	0.141017	0.135806	
1965	0.123932	0.133836	0.118080	0.131198	0.139270	0.123836	0.139457	0.139031	0.142491	0.132838	
1970	0.126095	0.131233	0.117099	0.130266	0.136745	0.122445	0.142359	0.141950	0.137705	0.133050	
1975	0.124521	0.130869	0.119761	0.130848	0.133026	0.126575	0.142987	0.141512	0.134629	0.132350	
1980	0.126502	0.135085	0.124674	0.130359	0.135880	0.129894	0.140265	0.143135	0.137548	0.133092	
1985	0.129026	0.136501	0.120991	0.131247	0.140008	0.128391	0.141564	0.143273	0.135074	0.133547	
1990	0.131647	0.136218	0.116083	0.131824	0.141291	0.130128	0.145595	0.141792	0.135849	0.133178	
1995	0.128532	0.135022	0.113960	0.131793	0.137961	0.132462	0.141655	0.144412	0.129353	0.133337	
2000	0.126569	0.141610	0.117143	0.133036	0.135746	0.131708	0.142893	0.148317	0.129271	0.128146	
2005	0.128302	0.140109	0.116661	0.137596	0.137409	0.131111	0.143573	0.147912	0.130694	0.133449	
2010	0.131427	0.138003	0.115603	0.139561	0.137194	0.128443	0.141238	0.149675	0.130051	0.130223	
2015	0.130268	0.140522	0.114520	0.140777	0.134725	0.131411	0.143945	0.154209	0.128094	0.125823	
2020	0.132032	0.143006	0.113484	0.143855	0.135619	0.130460	0.143104	0.156858	0.126343	0.126248	
2025	0.130584	0.140151	0.113629	0.139760	0.134567	0.127233	0.144893	0.155761	0.128504	0.126034	
2030	0.128015	0.140224	0.115960	0.137045	0.138163	0.125941	0.140081	0.153178	0.131405	0.126066	
2035	0.129090	0.139918	0.116642	0.136076	0.140829	0.123034	0.138942	0.143495	0.132266	0.124448	
2040	0.129734	0.138887	0.117227	0.140347	0.139706	0.127662	0.141982	0.142127	0.134639	0.125324	
2045	0.127537	0.141798	0.116734	0.137498	0.138163	0.130380	0.142731	0.139745	0.130409	0.127652	
2050	0.129008	0.139894	0.122739	0.137189	0.138254	0.130411	0.142712	0.138140	0.129350	0.126128	
2055	0.126222	0.141769	0.123902	0.134803	0.134496	0.137211	0.142144	0.137910	0.128411	0.124276	
2060	0.123790	0.140047	0.124775	0.133765	0.132608	0.141625	0.139418	0.138899	0.128365	0.126743	
2065	0.120811	0.137870	0.121000	0.125442	0.132895	0.134228	0.137514	0.136238	0.129450	0.129564	
2070	0.120095	0.141146	0.120832	0.124099	0.129831	0.136356	0.137710	0.135742	0.129765	0.129245	
2075	0.119014	0.138962	0.123649	0.128368	0.132206	0.137483	0.136707	0.134958	0.126942	0.130683	
2080	0.116872	0.139387	0.122901	0.127561	0.134095	0.135818	0.134502	0.136241	0.127092	0.129158	
2085	0.116170	0.141002	0.121658	0.129151	0.135520	0.135753	0.137722	0.137388	0.132550	0.131008	
2090	0.114721	0.141522	0.120608	0.129795	0.132487	0.140134	0.138421	0.137573	0.131917	0.129405	
2095	0.114725	0.135902	0.118504	0.128173	0.133927	0.139167	0.139843	0.137230	0.130579	0.126329	
2100	0.115435	0.138241	0.121008	0.130732	0.134721	0.138786	0.144119	0.135504	0.129785	0.125480	
2105	0.115587	0.141905	0.120075	0.133900	0.133637	0.138393	0.147770	0.134489	0.130873	0.125689	
2110	0.113079	0.145069	0.118896	0.132863	0.136639	0.138716	0.145900	0.131947	0.130973	0.126596	
2115	0.113805	0.142661	0.119158	0.131760	0.139824	0.135028	0.145359	0.132801	0.133403	0.126939	
2120	0.116348	0.134389	0.119434	0.132597	0.138324	0.133638	0.143542	0.131371	0.132085	0.129675	
2125	0.117279	0.134300	0.118144	0.132497	0.137835	0.132862	0.142068	0.127915	0.134045	0.128893	
2130	0.115888	0.132461	0.120569	0.133487	0.143312	0.132805	0.140903	0.128932	0.132407	0.127067	
2135	0.116223	0.128223	0.124363	0.131777	0.143419	0.136020	0.136468	0.132217	0.130457	0.126267	
2140	0.121558	0.129166	0.122656	0.133655	0.143048	0.138636	0.139745	0.136013	0.127943	0.124645	
2145	0.124869	0.127819	0.120477	0.131776	0.147347	0.140237	0.138623	0.136315	0.130580	0.121679	
2150	0.125795	0.126783	0.126158	0.126986	0.147253	0.138851	0.139000	0.139694	0.129083	0.121341	
2155	0.127074	0.121944	0.126652	0.126016	0.145737	0.138209	0.136540	0.143554	0.128473	0.123248	
2160	0.126951	0.122886	0.131501	0.128863	0.146588	0.137606	0.134358	0.139191	0.133005	0.123088	
2165	0.127823	0.123234	0.133186	0.131819	0.146014	0.137566	0.134121	0.137221	0.133503	0.125073	
2170	0.130460	0.120936	0.135925	0.132117	0.142414	0.135610	0.137465	0.130231	0.133242	0.122700	
2175	0.128172	0.119988	0.137772	0.130800	0.142639	0.137342	0.138664	0.130441	0.130570	0.122851	
2180	0.125544	0.122832	0.133659	0.132584	0.139260	0.132768	0.140216	0.126603	0.131202	0.127304	
2185	0.125036	0.123303	0.131412	0.131331	0.141324	0.134178	0.139712	0.131250	0.135806	0.126971	
2190	0.122377	0.119793	0.133703	0.127021	0.139159	0.137034	0.138069	0.127980	0.139467	0.124120	
2195	0.125083	0.118780	0.131679	0.126862	0.137447	0.141417	0.136235	0.130900	0.136805	0.121459	
2200	0.123937	0.121523	0.127072	0.126786	0.137332	0.142116	0.137573	0.135789	0.135785	0.123856	
2205	0.124338	0.119462	0.125648	0.126651	0.135491	0.142075	0.138832	0.136336	0.137883	0.125482	
2210	0.127514	0.120841	0.126002	0.129949	0.131747	0.138373	0.140971	0.140095	0.138982	0.121776	
2215	0.129579	0.116024	0.124780	0.127313	0.133002	0.140702	0.142321	0.139308	0.140238	0.125641	
2220	0.130969	0.120160	0.127741	0.128943	0.128538	0.138821	0.142478	0.144823	0.142838	0.125877	
2225	0.128273	0.118373	0.125832	0.127551	0.129551	0.134738	0.142138	0.145630	0.145483	0.128296	
2230	0.132396	0.123573	0.124581	0.128223	0.132328	0.133364	0.141128	0.143270	0.144802	0.128668	
2235	0.131141	0.124132	0.125704	0.125080	0.132123	0.138561	0.139380	0.142901	0.144987	0.129799	
2240	0.134877	0.121928	0.123478	0.132700	0.137273	0.139312	0.140036	0.144848	0.142316	0.125073	
2245	0.137460	0.124568	0.121702	0.133444	0.136494	0.136293	0.141116	0.146425	0.140490	0.123783	
2250	0.137509	0.121760	0.121224	0.135013	0.136836	0.137042	0.142002	0.144007	0.141342	0.121815	
2255	0.137000	0.123620	0.117299	0.136181	0.136728	0.138845	0.145639	0.146340	0.141004	0.126504	
2260	0.137125	0.121800	0.117922	0.133926	0.136123	0.144149	0.144646	0.141404	0.141577	0.127026	
2265	0.138406	0.119653	0.115910	0.135002	0.134403	0.143514	0.142421	0.143117	0.139207	0.126657	
2270	0.133693	0.117908	0.115881	0.131100	0.133825	0.141326	0.141647	0.142329	0.138453	0.125241	
2275	0.134677	0.119352	0.119712	0.131554	0.134732	0.140602	0.142639	0.145771	0.133904	0.126293	
2280	0.133405	0.117101	0.119065	0.132477	0.134513	0.140406	0.142879	0.142849	0.134269	0.123561	
2285	0.131966	0.116389	0.116316	0.132147	0.136178	0.142856	0.147624	0.140525	0.135997	0.124871	
2290	0.134311	0.115857	0.118117	0.128971	0.139932	0.140580	0.145418	0.141034	0.135561	0.127728	
2295	0.132027	0.117088	0.121504	0.127344	0.144656	0.138959	0.143595	0.139640	0.136195	0.127935	
2300	0.131699	0.121084	0.125163	0.130577	0.143131	0.137307	0.144303	0.138650	0.135187	0.122617	
2305	0.137209	0.125590	0.123971	0.130376	0.140240	0.138609	0.145762	0.137357	0.141248	0.126211	
2310	0.136402	0.123813	0.120606	0.131297	0.138044	0.143221	0.141754	0.138336	0.139800	0.124386	
2315	0.130598	0.127535	0.121381	0.129829	0.136796	0.143681	0.142192	0.136958	0.139217	0.125874	
2320	0.129588	0.123676	0.120224	0.132020	0.140135	0.141590	0.142493	0.139512	0.137315	0.129705	
2325	0.127988	0.124124	0.117349	0.131217	0.142005	0.142098	0.144026	0.140926	0.140534	0.128625	
2330	0.131610	0.126426	0.116832	0.133242	0.142897	0.142989	0.140727	0.141007	0.139278	0.127145	
2335	0.133385	0.126513	0.115727	0.136227	0.146140	0.142675	0.142522	0.138563	0.140726	0.123425	
2340	0.132942	0.126091	0.117161	0.135173	0.147642	0.139627	0.141123	0.132262	0.136612	0.127344	
2345	0.131110	0.124633	0.118377	0.135688	0.145434	0.139871	0.137786	0.129162	0.136305	0.128236	
2350	0.128805	0.125392	0.118337	0.135558	0.140958	0.140562	0.135006	0.125669	0.139872	0.132477	
2355	0.124448	0.127151	0.117276	0.133610	0.136222	0.136037	0.138472	0.127402	0.137042	0.132421	
2360	0.123692	0.125209	0.115765	0.141110	0.139418	0.138051	0.141177	0.127906	0.137668	0.131772	
2365	0.127451	0.127972	0.111864	0.144793	0.144013	0.137440	0.140071	0.124309	0.139632	0.132358	
2370	0.124923	0.128555	0.111847	0.142973	0.141421	0.135721	0.139300	0.125443	0.139874	0.132143	
2375	0.126157	0.127172	0.115279	0.140974	0.140598	0.130953	0.137426	0.126348	0.139105	0.127366	
2380	0.122689	0.127001	0.119844	0.142959	0.142537	0.132568	0.142841	0.124375	0.138591	0.126962	
2385	0.125402	0.123793	0.118851	0.142169	0.134209	0.130342	0.144254	0.125038	0.142656	0.130646	
2390	0.128874	0.127695	0.118728	0.138772	0.132447	0.128187	0.143067	0.129705	0.137566	0.132209	
2395	0.131494	0.127366	0.120300	0.136909	0.136302	0.125931	0.144021	0.133035	0.131924	0.128505	
2400	0.136441	0.128960	0.120404	0.138950	0.136393	0.127093	0.145901	0.132478	0.133461	0.133169	
2405	0.138911	0.129841	0.120578	0.134635	0.137392	0.128364	0.142792	0.134186	0.141446	0.129737	
2410	0.141964	0.129600	0.121520	0.134192	0.137364	0.130924	0.143193	0.131240	0.140440	0.134454	
2415	0.144370	0.131020	0.124018	0.132998	0.137336	0.128775	0.141030	0.134618	0.145905	0.132385	
2420	0.142467	0.130631	0.122774	0.129688	0.136605	0.129798	0.139263	0.131874	0.143275	0.131638	
2425	0.140154	0.133241	0.123366	0.129828	0.138644	0.132424	0.140962	0.134058	0.141888	0.133062	
2430	0.141294	0.135644	0.122613	0.132700	0.137535	0.133429	0.140088	0.134787	0.144751	0.130777	
2435	0.137605	0.133984	0.123795	0.130685	0.136024	0.130188	0.141573	0.131625	0.141479	0.131584	
2440	0.135836	0.135804	0.124434	0.133779	0.137005	0.128191	0.140576	0.131157	0.143039	0.134787	
2445	0.136594	0.137580	0.123587	0.134804	0.134634	0.131087	0.141444	0.131587	0.141841	0.134787	
2450	0.134789	0.133729	0.122990	0.133559	0.131750	0.131862	0.138910	0.131827	0.144211	0.136246	
2455	0.135029	0.132003	0.122519	0.134223	0.130241	0.134269	0.140744	0.129281	0.144246	0.139837	
2460	0.134199	0.133382	0.119206	0.133528	0.131625	0.130110	0.142282	0.129568	0.144395	0.139132	
2465	0.131873	0.132606	0.120069	0.136133	0.131464	0.129356	0.142611	0.132952	0.140603	0.138468	
2470	0.135380	0.138099	0.120371	0.137334	0.132645	0.130339	0.148144	0.126872	0.141111	0.133955	
2475	0.136064	0.132606	0.119135	0.136133	0.129873	0.131280	0.142293	0.127372	0.141529	0.132540	
2480	0.135042	0.127514	0.120722	0.137195	0.128434	0.131913	0.140414	0.126358	0.138220	0.135395	
2485	0.134138	0.128886	0.124833	0.132012	0.130869	0.130745	0.139835	0.124307	0.136468	0.139856	
2490	0.131940	0.128790	0.123142	0.133862	0.132280	0.131819	0.137248	0.122800	0.139768	0.134760	
2495	0.131297	0.129928	0.123678	0.133527	0.135776	0.130865	0.139045	0.125763	0.141948	0.137084	
2500	0.129119	0.128702	0.125523	0.131398	0.132635	0.130634	0.134275	0.127265	0.139660	0.139741	
2505	0.129445	0.129174	0.125850	0.129486	0.134315	0.135092	0.138396	0.128042	0.136339	0.134730	
2510	0.128441	0.131363	0.126353	0.131212	0.128603	0.133924	0.137264	0.128735	0.138198	0.135670	
2515	0.130559	0.132319	0.123689	0.129689	0.129072	0.133030	0.137668	0.129501	0.135968	0.140178	
2520	0.130657	0.131604	0.123346	0.130901	0.128872	0.130885	0.135305	0.132891	0.138283	0.138686	
2525	0.128705	0.127666	0.125015	0.130885	0.132589	0.129559	0.134361	0.133566	0.143110	0.136588	
2530	0.125808	0.127268	0.123878	0.126929	0.134110	0.129140	0.133804	0.135833	0.143886	0.135479	
2535	0.126114	0.131434	0.125281	0.124273	0.128958	0.126878	0.135895	0.139115	0.138302	0.135119	
2540	0.121998	0.128786	0.125463	0.125045	0.132796	0.125971	0.136733	0.138666	0.139394	0.136155	
2545	0.122355	0.127898	0.126950	0.123331	0.135341	0.127116	0.138381	0.137033	0.139171	0.138636	
2550	0.127990	0.127192	0.125168	0.122025	0.136986	0.125103	0.139391	0.132771	0.142068	0.136029	
2555	0.126220	0.131310	0.124250	0.122692	0.136901	0.126925	0.139486	0.133984	0.138554	0.132282	
2560	0.122906	0.132542	0.123164	0.121331	0.137918	0.125053	0.139746	0.132530	0.144904	0.131668	
2565	0.115657	0.131832	0.125966	0.124814	0.136498	0.122227	0.137777	0.132368	0.143130	0.130011	
2570	0.115178	0.132008	0.126736	0.123433	0.137612	0.120328	0.139805	0.130429	0.142903	0.130241	
2575	0.117226	0.130156	0.128376	0.125020	0.136099	0.119933	0.135416	0.130500	0.144340	0.131254	
2580	0.121823	0.132215	0.128544	0.128393	0.134242	0.124018	0.139907	0.132114	0.146009	0.130118	
2585	0.128098	0.131412	0.129127	0.124809	0.133736	0.124977	0.140489	0.133630	0.145993	0.134862	
2590	0.128392	0.131035	0.127735	0.122376	0.138675	0.127126	0.141755	0.132632	0.148959	0.129399	
2595	0.128011	0.127045	0.128807	0.124148	0.134272	0.131010	0.146247	0.131934	0.149437	0.127873	
2600	0.127281	0.126674	0.126710	0.124612	0.132972	0.134332	0.148482	0.130305	0.148810	0.126737	
2605	0.128500	0.123937	0.130743	0.122880	0.131212	0.136566	0.149209	0.131497	0.151896	0.128927	
2610	0.127556	0.126619	0.130457	0.121890	0.132634	0.137003	0.152017	0.133865	0.149706	0.126521	
2615	0.126238	0.127666	0.128837	0.123808	0.134497	0.133793	0.153120	0.133039	0.146941	0.128712	
2620	0.129840	0.128967	0.124281	0.128071	0.136662	0.132229	0.155009	0.135165	0.146598	0.132489	
2625	0.126951	0.129561	0.124222	0.127152	0.134859	0.132432	0.154451	0.129046	0.144670	0.129351	
2630	0.125459	0.125841	0.122776	0.123049	0.129351	0.134893	0.151418	0.129835	0.144561	0.130544	
2635	0.123807	0.124143	0.125583	0.120950	0.127777	0.136630	0.150106	0.130694	0.146212	0.131987	
2640	0.123197	0.119960	0.130229	0.125585	0.129201	0.137205	0.150328	0.130819	0.144831	0.131053	
2645	0.124839	0.121808	0.128063	0.125448	0.124864	0.138583	0.144573	0.130955	0.144345	0.129981	
2650	0.127997	0.119641	0.129329	0.128683	0.126542	0.140941	0.147228	0.126874	0.147267	0.132176	
2655	0.128940	0.122200	0.133609	0.125152	0.126135	0.138497	0.147788	0.124574	0.145954	0.130562	
2660	0.126988	0.122240	0.137309	0.127841	0.128936	0.136538	0.150177	0.125155	0.147921	0.132057	
2665	0.126653	0.123717	0.135742	0.128909	0.129903	0.136116	0.145957	0.128488	0.146394	0.132496	
2670	0.126254	0.124807	0.137412	0.130263	0.127376	0.135229	0.145495	0.127044	0.145769	0.131705	
2675	0.126559	0.127719	0.138170	0.126344	0.130271	0.133805	0.145230	0.124853	0.146202	0.129388	
2680	0.124320	0.125247	0.136802	0.124167	0.131311	0.132087	0.146405	0.124355	0.145318	0.130175	
2685	0.124235	0.128671	0.136845	0.125020	0.129541	0.131310	0.146887	0.126322	0.144758	0.128347	
2690	0.126752	0.131351	0.139676	0.128896	0.130523	0.132761	0.145213	0.128289	0.142973	0.125775	
2695	0.125556	0.130689	0.134654	0.129587	0.127525	0.133133	0.142407	0.128551	0.142674	0.126907	
2700	0.125253	0.128198	0.140779	0.130054	0.129166	0.133125	0.138001	0.127254	0.142521	0.129064	
2705	0.126661	0.127751	0.141310	0.133209	0.131147	0.134617	0.136669	0.122641	0.145175	0.128580	
2710	0.125505	0.126058	0.140822	0.133230	0.131985	0.136104	0.138560	0.121567	0.148736	0.127042	
2715	0.127685	0.125447	0.141667	0.130036	0.127596	0.136338	0.137473	0.121349	0.148249	0.126461	
2720	0.131282	0.121637	0.144964	0.128245	0.128288	0.138452	0.139853	0.121469	0.147472	0.126200	
2725	0.136359	0.121198	0.143883	0.133678	0.128780	0.133920	0.140562	0.126205	0.149179	0.126286	
2730	0.139813	0.122341	0.138727	0.133840	0.131202	0.131035	0.139796	0.124930	0.151630	0.124497	
2735	0.141622	0.120999	0.138726	0.132169	0.132920	0.127396	0.143422	0.125884	0.149597	0.123774	
2740	0.143797	0.124347	0.137884	0.130585	0.132319	0.126368	0.148712	0.128807	0.156254	0.122293	
2745	0.144752	0.126920	0.134366	0.127553	0.130739	0.126820	0.156172	0.128504	0.148941	0.129653	
2750	0.144554	0.124414	0.132887	0.128601	0.130812	0.128451	0.150023	0.130865	0.146778	0.128596	
2755	0.145676	0.123707	0.132231	0.132470	0.132059	0.128710	0.150955	0.130092	0.147325	0.131745	
2760	0.147826	0.122806	0.138648	0.133662	0.130528	0.124081	0.146769	0.130731	0.147606	0.132326	
2765	0.147136	0.122928	0.136459	0.132247	0.131553	0.124598	0.144377	0.128106	0.147005	0.131060	
2770	0.149588	0.125213	0.140255	0.137353	0.132038	0.125835	0.146060	0.127432	0.147141	0.130898	
2775	0.150550	0.127648	0.140582	0.137688	0.134160	0.130331	0.145357	0.124683	0.153219	0.128192	
2780	0.149027	0.130247	0.136699	0.131035	0.132256	0.131723	0.147351	0.126133	0.154183	0.128271	
2785	0.145771	0.132399	0.133019	0.129023	0.131280	0.132679	0.147156	0.125911	0.156909	0.126311	
2790	0.148568	0.133987	0.133301	0.132849	0.133075	0.132172	0.147694	0.127775	0.152339	0.128823	
2795	0.146298	0.132095	0.134660	0.133942	0.132718	0.129654	0.145272	0.127732	0.153678	0.132083	
2800	0.143048	0.129450	0.135712	0.132590	0.128403	0.131902	0.143877	0.133653	0.155845	0.130190	
2805	0.141361	0.128405	0.136611	0.128197	0.131075	0.136177	0.143695	0.133644	0.151782	0.128174	
2810	0.137924	0.127891	0.132428	0.131758	0.136099	0.131764	0.146231	0.135859	0.149513	0.132101	
2815	0.136614	0.127230	0.131749	0.136237	0.134618	0.128662	0.150443	0.134292	0.150814	0.133761	
2820	0.136238	0.127821	0.134709	0.141360	0.133019	0.129474	0.150313	0.133344	0.155166	0.133096	
2825	0.138123	0.126752	0.135165	0.139343	0.133234	0.131283	0.153912	0.133597	0.153155	0.132683	
2830	0.135912	0.130444	0.134071	0.133866	0.133987	0.132614	0.152053	0.139563	0.153136	0.135197	
2835	0.135741	0.129477	0.133814	0.129510	0.129899	0.128333	0.148471	0.141659	0.153443	0.135767	
2840	0.135098	0.129514	0.133868	0.133924	0.130608	0.133164	0.147891	0.141873	0.152225	0.137134	
2845	0.133965	0.129905	0.131232	0.136621	0.127321	0.132816	0.149441	0.138175	0.155919	0.133476	
2850	0.131387	0.127475	0.132027	0.130762	0.127374	0.128996	0.149443	0.142252	0.153843	0.134084	
2855	0.127748	0.126009	0.128815	0.127642	0.124034	0.125825	0.151008	0.139405	0.154141	0.136543	
2860	0.128548	0.130674	0.129782	0.131878	0.124770	0.126602	0.156277	0.137872	0.154368	0.134522	
2865	0.128689	0.132130	0.130634	0.130944	0.123413	0.124605	0.152942	0.137118	0.146536	0.136326	
2870	0.126508	0.131396	0.133625	0.132177	0.125956	0.124125	0.152677	0.135420	0.147734	0.131410	
2875	0.126549	0.134299	0.135015	0.128280	0.126953	0.124629	0.150416	0.132734	0.145629	0.129970	
2880	0.123913	0.133012	0.136008	0.130569	0.127129	0.125550	0.151476	0.132479	0.144825	0.129833	
2885	0.125756	0.137411	0.138762	0.130530	0.129749	0.123827	0.154958	0.136017	0.144508	0.133160	
2890	0.127106	0.140355	0.140474	0.127241	0.125886	0.125013	0.155152	0.137695	0.144684	0.133502	
2895	0.131893	0.144655	0.143969	0.129937	0.128133	0.130484	0.151767	0.135591	0.144778	0.138245	
2900	0.131271	0.145693	0.145419	0.128119	0.126258	0.133726	0.153388	0.140487	0.141247	0.135888	
2905	0.137222	0.148465	0.141379	0.129447	0.127806	0.131157	0.146969	0.135261	0.139998	0.136006	
2910	0.140529	0.149408	0.142061	0.127049	0.127181	0.129523	0.145927	0.133422	0.138157	0.136536	
2915	0.140742	0.146220	0.139990	0.126914	0.126293	0.128795	0.141051	0.132162	0.140288	0.140736	
2920	0.143253	0.140897	0.141464	0.127899	0.126165	0.128086	0.135998	0.131304	0.139707	0.140157	
2925	0.142671	0.136862	0.143976	0.128021	0.126280	0.130903	0.137118	0.132515	0.140660	0.135480	
2930	0.142388	0.135859	0.144289	0.130790	0.128049	0.130619	0.135447	0.134236	0.135335	0.137423	
2935	0.138986	0.138265	0.143493	0.129792	0.130694	0.132207	0.140430	0.131913	0.137543	0.136208	
2940	0.136873	0.134248	0.142398	0.129296	0.132953	0.131063	0.144609	0.132304	0.135845	0.134258	
2945	0.139578	0.133201	0.144044	0.128125	0.129345	0.127528	0.146829	0.132135	0.133573	0.137354	
2950	0.137261	0.135209	0.138755	0.127942	0.131245	0.127589	0.147137	0.130937	0.130720	0.138641	
2955	0.137603	0.137767	0.131139	0.124858	0.131279	0.124702	0.144529	0.131830	0.133744	0.136256	
2960	0.138393	0.137714	0.132386	0.123215	0.131155	0.125817	0.144682	0.126972	0.134640	0.134509	
2965	0.136528	0.139647	0.131283	0.124982	0.131366	0.126052	0.148119	0.134698	0.130246	0.132835	
2970	0.136960	0.141325	0.130947	0.123087	0.131382	0.125333	0.149369	0.137113	0.127390	0.135628	
2975	0.132691	0.141357	0.135694	0.120859	0.130093	0.125813	0.146288	0.138144	0.130114	0.135457	
2980	0.133823	0.138383	0.138190	0.122772	0.125987	0.121507	0.147587	0.137996	0.129972	0.129136	
2985	0.135171	0.137975	0.141117	0.125090	0.127904	0.120253	0.145251	0.139023	0.131952	0.126208	
2990	0.137925	0.142585	0.138959	0.122892	0.129217	0.120619	0.142749	0.135424	0.132705	0.126916	
2995	0.134519	0.138435	0.139905	0.122244	0.133319	0.126578	0.140696	0.137291	0.135205	0.129475	
3000	0.135477	0.139429	0.139661	0.119042	0.132775	0.124827	0.142032	0.138401	0.131889	0.133166	
