T	rep_1	rep_2	rep_3	rep_4	rep_5	rep_6	rep_7	rep_8	rep_9	rep_10
5	0.000000	0.000000	0.000000	0.000000	0.000000	0.000000	0.000000	0.000000	0.000000	0.000000	
10	0.000000	0.000000	0.000000	0.000000	0.000000	0.000000	0.000000	0.000000	0.000000	0.000000	
15	0.000000	0.000000	0.000000	0.000000	0.000000	0.000000	0.000000	0.000000	0.000000	0.000000	
20	0.000000	0.000000	0.000000	0.000000	0.000000	0.000000	0.000000	0.000000	0.000000	0.000000	
25	0.000000	0.000000	0.000000	0.000000	0.000000	0.000000	0.000000	0.000000	0.000000	0.000000	
30	0.000000	0.000000	0.000000	0.000000	0.000000	0.000000	0.000000	0.000000	0.000000	0.000000	
35	0.000000	0.000000	0.000000	0.000000	0.000000	0.000000	0.000000	0.000000	0.000000	0.000000	
40	0.000000	0.000000	0.000000	0.000000	0.000000	0.000000	0.000000	0.000000	0.000000	0.000000	
45	0.000000	0.000000	0.000000	0.000000	0.000000	0.000000	0.000000	0.000000	0.000000	0.000000	
50	0.000000	0.000000	0.000000	0.000000	0.000000	0.000000	0.000000	0.000000	0.000000	0.000000	
55	0.000000	0.000000	0.000000	0.000000	0.000000	0.000000	0.000000	0.000000	0.000000	0.000000	
60	0.000000	0.000000	0.000000	0.000000	0.000000	0.000000	0.000000	0.000000	0.000000	0.000000	
65	0.000000	0.000000	0.000000	0.000000	0.000000	0.000000	0.000000	0.000000	0.000000	0.000000	
70	0.000000	0.000000	0.000000	0.000000	0.000000	0.000000	0.000000	0.000000	0.000000	0.000000	
75	0.000000	0.000000	0.000000	0.000000	0.000000	0.000000	0.000000	0.000000	0.000000	0.000000	
80	0.000000	0.000000	0.000000	0.000000	0.000000	0.000000	0.000000	0.000000	0.000000	0.000000	
85	0.000000	0.000000	0.000000	0.000000	0.000000	0.000000	0.000000	0.000000	0.000000	0.000000	
90	0.000000	0.000000	0.000000	0.000000	0.000000	0.000000	0.000000	0.000000	0.000000	0.000000	
95	0.000000	0.000000	0.000000	0.000000	0.000000	0.000000	0.000000	0.000000	0.000000	0.000000	
100	0.000000	0.000000	0.000000	0.000000	0.000000	0.000000	0.000000	0.000000	0.000000	0.000000	
105	0.001541	0.002122	0.001114	0.001619	0.001607	0.002050	0.001821	0.001622	0.001778	0.001537	
110	0.005197	0.005962	0.004142	0.006125	0.006105	0.006177	0.005224	0.004473	0.004744	0.005072	
115	0.011664	0.012565	0.010332	0.015130	0.012923	0.012135	0.010340	0.009457	0.009909	0.010598	
120	0.022672	0.021687	0.019107	0.023574	0.022609	0.020572	0.020270	0.022861	0.016826	0.019730	
125	0.036458	0.032116	0.029821	0.036495	0.035692	0.030981	0.036065	0.037483	0.028003	0.029741	
130	0.061653	0.042977	0.041278	0.048507	0.051636	0.045242	0.047301	0.049133	0.042242	0.043337	
135	0.087670	0.054399	0.048832	0.060476	0.064620	0.053317	0.059285	0.057899	0.052458	0.057054	
140	0.106436	0.067201	0.058639	0.063969	0.077656	0.060719	0.071064	0.062817	0.057749	0.071534	
145	0.119738	0.076692	0.068682	0.069310	0.087428	0.070605	0.086229	0.071204	0.062828	0.082504	
150	0.128555	0.085213	0.081238	0.077411	0.095262	0.081730	0.097458	0.078101	0.066606	0.094192	
155	0.135897	0.088001	0.093853	0.085005	0.100684	0.093455	0.108744	0.085321	0.069481	0.105960	
160	0.139222	0.092520	0.106974	0.090668	0.104080	0.106719	0.117484	0.096914	0.072558	0.115384	
165	0.141074	0.099195	0.119804	0.097138	0.108038	0.123557	0.127021	0.107253	0.074590	0.123100	
170	0.144277	0.104928	0.128588	0.103108	0.114694	0.134722	0.138306	0.118387	0.077065	0.129662	
175	0.146116	0.112503	0.136180	0.109406	0.119672	0.148382	0.142337	0.132237	0.083104	0.137433	
180	0.151941	0.123553	0.143166	0.119419	0.126529	0.158004	0.147684	0.148364	0.088058	0.145200	
185	0.156394	0.142598	0.148501	0.129535	0.135201	0.162906	0.154845	0.161554	0.094927	0.148531	
190	0.160125	0.162905	0.155240	0.137821	0.142508	0.170047	0.166072	0.172969	0.105586	0.155632	
195	0.170464	0.178203	0.160139	0.149127	0.152413	0.177197	0.176226	0.184062	0.114946	0.162303	
200	0.177417	0.191384	0.164535	0.169448	0.160913	0.186154	0.183630	0.192042	0.122724	0.169256	
205	0.186238	0.205941	0.169472	0.188376	0.168448	0.198892	0.190597	0.197980	0.136637	0.176629	
210	0.199965	0.217936	0.174011	0.202304	0.175834	0.207719	0.196467	0.206644	0.144465	0.186327	
215	0.210359	0.224627	0.176212	0.220669	0.182472	0.217142	0.205650	0.214845	0.157551	0.196771	
220	0.224425	0.232427	0.177353	0.234340	0.186858	0.230858	0.214355	0.221393	0.172022	0.210087	
225	0.232650	0.232696	0.180603	0.246918	0.191558	0.246024	0.223409	0.233938	0.189487	0.223507	
230	0.244575	0.232221	0.185862	0.258865	0.196745	0.259820	0.228051	0.242401	0.206432	0.235460	
235	0.253534	0.232518	0.187542	0.270092	0.201963	0.270445	0.234188	0.245989	0.220231	0.246800	
240	0.258081	0.229929	0.191772	0.276114	0.207165	0.271567	0.246427	0.240222	0.232003	0.257107	
245	0.264341	0.231732	0.195740	0.283585	0.211023	0.270974	0.252096	0.238176	0.248143	0.259682	
250	0.268332	0.232615	0.197314	0.281184	0.213460	0.266315	0.254911	0.232702	0.263413	0.263760	
255	0.270304	0.231936	0.200965	0.278309	0.222379	0.256110	0.257713	0.227875	0.277086	0.263185	
260	0.264214	0.227201	0.207152	0.270945	0.225093	0.249533	0.256125	0.223099	0.287698	0.258570	
265	0.262392	0.225991	0.207840	0.263869	0.229659	0.242978	0.253894	0.217948	0.292419	0.253837	
270	0.258355	0.223913	0.214103	0.249184	0.235093	0.235961	0.251591	0.217321	0.289757	0.246786	
275	0.250651	0.216922	0.215706	0.242205	0.238448	0.232125	0.248218	0.209625	0.291575	0.242682	
280	0.245872	0.211533	0.214822	0.236038	0.238165	0.224900	0.239845	0.203752	0.283833	0.237135	
285	0.240335	0.210521	0.212499	0.234260	0.237812	0.215541	0.227194	0.200213	0.276388	0.228226	
290	0.234960	0.205954	0.205850	0.228515	0.229493	0.210429	0.217074	0.196056	0.273720	0.222122	
295	0.228790	0.201113	0.200293	0.220623	0.221136	0.204615	0.206264	0.191123	0.269308	0.220643	
300	0.222977	0.192647	0.195089	0.215814	0.214904	0.197512	0.205311	0.186604	0.264325	0.211149	
305	0.217710	0.188843	0.193229	0.209019	0.208190	0.190718	0.201386	0.181859	0.260381	0.208139	
310	0.211796	0.181260	0.188372	0.202517	0.206429	0.186339	0.195904	0.175970	0.255712	0.203483	
315	0.208744	0.178029	0.187295	0.203308	0.201898	0.177338	0.189106	0.169047	0.245412	0.201758	
320	0.208891	0.172987	0.184628	0.203560	0.202496	0.174253	0.189565	0.163115	0.239444	0.201290	
325	0.201452	0.169147	0.182263	0.194867	0.194368	0.175157	0.186835	0.158141	0.231889	0.194914	
330	0.197746	0.169207	0.180028	0.190725	0.191182	0.170574	0.183057	0.156441	0.224948	0.190060	
335	0.194636	0.163862	0.178042	0.189405	0.187808	0.167430	0.176934	0.150668	0.221029	0.187173	
340	0.194229	0.165445	0.176013	0.187722	0.186191	0.165470	0.172857	0.148434	0.217933	0.185710	
345	0.193077	0.164825	0.176449	0.183751	0.185184	0.164135	0.171286	0.144587	0.213417	0.182155	
350	0.190766	0.165455	0.175467	0.181677	0.183046	0.162865	0.170860	0.140351	0.210792	0.178705	
355	0.190870	0.164578	0.175769	0.182511	0.183380	0.166807	0.169369	0.142035	0.202768	0.181300	
360	0.190229	0.162634	0.171767	0.179991	0.183269	0.166547	0.166066	0.147365	0.198741	0.177570	
365	0.189102	0.158979	0.173144	0.179108	0.180397	0.168624	0.168256	0.143866	0.199959	0.175640	
370	0.188419	0.162872	0.173697	0.181093	0.179998	0.164791	0.172346	0.142783	0.199252	0.178561	
375	0.188817	0.159981	0.170010	0.180635	0.180147	0.163353	0.172927	0.143352	0.198929	0.175655	
380	0.183174	0.156184	0.169900	0.186348	0.177592	0.160811	0.174009	0.145568	0.200569	0.173579	
385	0.182006	0.154507	0.164618	0.185788	0.184309	0.159413	0.176090	0.148137	0.196284	0.174405	
390	0.177058	0.156377	0.166588	0.186518	0.182889	0.162274	0.174540	0.150214	0.198081	0.178466	
395	0.175245	0.159425	0.168139	0.184356	0.183458	0.159931	0.176439	0.152193	0.200330	0.180504	
400	0.173695	0.161909	0.170515	0.185381	0.184493	0.156507	0.177190	0.150453	0.198733	0.182986	
405	0.169862	0.161380	0.167889	0.187353	0.185882	0.158281	0.175443	0.150811	0.197181	0.180976	
410	0.168831	0.161445	0.169145	0.184410	0.183296	0.164151	0.179183	0.149185	0.196129	0.177694	
415	0.170599	0.163922	0.165712	0.185515	0.186845	0.162095	0.184212	0.148238	0.194605	0.179814	
420	0.172755	0.161945	0.163036	0.184386	0.186137	0.160873	0.183337	0.151095	0.193293	0.180186	
425	0.171354	0.163485	0.163995	0.188915	0.185748	0.161636	0.181366	0.156183	0.191086	0.181357	
430	0.173676	0.165257	0.163109	0.182144	0.182661	0.161511	0.178534	0.155619	0.191220	0.180870	
435	0.170970	0.166942	0.162681	0.180478	0.180535	0.161549	0.177955	0.156988	0.192639	0.181081	
440	0.168706	0.167475	0.163400	0.178033	0.179256	0.163127	0.182006	0.155929	0.194102	0.180628	
445	0.171072	0.171815	0.161383	0.185816	0.175840	0.168760	0.182304	0.157712	0.195046	0.177056	
450	0.170856	0.177437	0.162160	0.185481	0.172821	0.170604	0.178675	0.158668	0.195101	0.177257	
455	0.170062	0.183738	0.164356	0.182462	0.167614	0.169699	0.180405	0.158959	0.197262	0.179047	
460	0.171282	0.190674	0.166623	0.181086	0.165506	0.173102	0.180999	0.162922	0.197720	0.180741	
465	0.174326	0.194094	0.165351	0.183374	0.162040	0.173120	0.182004	0.170483	0.198037	0.182946	
470	0.174290	0.198614	0.166223	0.181194	0.162727	0.171896	0.182142	0.173053	0.195522	0.188678	
475	0.177398	0.204184	0.170443	0.181275	0.162809	0.179636	0.182775	0.173235	0.199701	0.183744	
480	0.178092	0.201731	0.170938	0.183243	0.163605	0.179949	0.179429	0.174653	0.198820	0.181373	
485	0.181224	0.203088	0.171628	0.187173	0.163757	0.176906	0.179471	0.174397	0.201744	0.181478	
490	0.177524	0.198872	0.173896	0.185916	0.169055	0.179036	0.179268	0.179230	0.200366	0.181323	
495	0.175262	0.196953	0.175557	0.182933	0.170767	0.180603	0.180075	0.179446	0.198304	0.176945	
500	0.174448	0.196096	0.176189	0.179502	0.170075	0.184912	0.184104	0.182543	0.199867	0.176107	
505	0.170416	0.194680	0.173899	0.178579	0.170012	0.184502	0.188803	0.183252	0.199259	0.172969	
510	0.166879	0.194593	0.173157	0.178996	0.173078	0.183758	0.186121	0.181136	0.198241	0.178752	
515	0.171105	0.196513	0.174551	0.179600	0.174120	0.187070	0.182951	0.180183	0.200268	0.171333	
520	0.170535	0.195051	0.173516	0.181786	0.177060	0.188888	0.185367	0.181679	0.204913	0.178507	
525	0.172957	0.197893	0.175791	0.176428	0.177752	0.187321	0.184638	0.178495	0.202274	0.176157	
530	0.171216	0.196361	0.181394	0.174301	0.178717	0.185257	0.185535	0.181872	0.206237	0.175660	
535	0.170266	0.196980	0.182121	0.171155	0.181820	0.188812	0.187498	0.184842	0.202090	0.174324	
540	0.170196	0.197599	0.182982	0.171481	0.186097	0.186092	0.192059	0.182719	0.207483	0.174226	
545	0.170822	0.198597	0.183821	0.173724	0.188751	0.185349	0.188762	0.178842	0.207454	0.173761	
550	0.168904	0.199186	0.187682	0.177325	0.185492	0.188522	0.191896	0.176842	0.204640	0.174296	
555	0.168630	0.197190	0.193112	0.178068	0.182945	0.184927	0.193587	0.175487	0.203911	0.173009	
560	0.168539	0.192262	0.195500	0.176396	0.182754	0.183016	0.197961	0.174662	0.204497	0.174236	
565	0.170147	0.189812	0.192616	0.169340	0.187110	0.176913	0.199419	0.174414	0.210130	0.180856	
570	0.173265	0.186027	0.194630	0.172722	0.187337	0.172531	0.202436	0.169263	0.210281	0.182156	
575	0.179140	0.183009	0.194504	0.170951	0.187054	0.169182	0.203988	0.174139	0.204555	0.177562	
580	0.180010	0.181485	0.194766	0.175120	0.183174	0.170110	0.202094	0.175914	0.199809	0.174167	
585	0.180842	0.178394	0.191941	0.172671	0.181925	0.169589	0.202278	0.174002	0.193534	0.173355	
590	0.180822	0.171494	0.188019	0.173152	0.183121	0.170085	0.206499	0.175476	0.193101	0.171521	
595	0.184981	0.171938	0.188072	0.179398	0.183815	0.169281	0.203152	0.177917	0.194485	0.172325	
600	0.188143	0.172976	0.191271	0.178760	0.185849	0.166727	0.200194	0.177699	0.200289	0.171255	
605	0.185885	0.174134	0.191793	0.180571	0.187320	0.166108	0.203211	0.177323	0.201031	0.171725	
610	0.184842	0.175137	0.190575	0.178514	0.187103	0.164737	0.203910	0.181718	0.204128	0.174011	
615	0.188929	0.172078	0.194271	0.180496	0.188399	0.165249	0.200613	0.184625	0.196980	0.177898	
620	0.190014	0.174694	0.190260	0.178849	0.191083	0.161621	0.196408	0.184142	0.188964	0.175172	
625	0.187758	0.177876	0.191716	0.178005	0.188132	0.161058	0.194144	0.182392	0.189861	0.178198	
630	0.188575	0.178645	0.188246	0.181208	0.188675	0.155841	0.190472	0.180061	0.188917	0.175085	
635	0.186172	0.179874	0.187229	0.184278	0.188879	0.155746	0.193232	0.179496	0.190905	0.175705	
640	0.185528	0.178275	0.191049	0.184867	0.184833	0.155262	0.188136	0.179017	0.184087	0.175118	
645	0.192661	0.175761	0.192763	0.187217	0.182355	0.155364	0.183785	0.174032	0.180132	0.173987	
650	0.190723	0.175602	0.186743	0.189018	0.182934	0.159892	0.181943	0.177679	0.175608	0.172040	
655	0.186198	0.173926	0.183703	0.189018	0.176647	0.158339	0.180030	0.177682	0.177543	0.176172	
660	0.180703	0.173032	0.181262	0.189893	0.176554	0.159451	0.181220	0.175331	0.179674	0.177087	
665	0.179721	0.170086	0.177477	0.185739	0.184192	0.160706	0.180781	0.173165	0.174195	0.175569	
670	0.172216	0.175058	0.176446	0.189388	0.185249	0.164227	0.180973	0.174469	0.169880	0.176204	
675	0.168196	0.178975	0.175336	0.190097	0.183487	0.167182	0.179787	0.175643	0.170700	0.182206	
680	0.164526	0.179716	0.169724	0.193063	0.182618	0.168943	0.173214	0.171850	0.175210	0.180812	
685	0.165935	0.180204	0.170362	0.195859	0.181873	0.168798	0.171473	0.172077	0.177626	0.182180	
690	0.165228	0.175235	0.171775	0.190956	0.180627	0.169337	0.168961	0.171954	0.181677	0.185370	
695	0.167103	0.172726	0.171589	0.190293	0.184755	0.173740	0.169584	0.177411	0.183363	0.183541	
700	0.171415	0.175210	0.171439	0.192228	0.185407	0.173454	0.170343	0.180398	0.178694	0.180684	
705	0.173757	0.172751	0.170422	0.195480	0.184694	0.175368	0.164924	0.180397	0.180408	0.180927	
710	0.174259	0.171836	0.171773	0.192998	0.183569	0.172433	0.165423	0.177404	0.181633	0.181156	
715	0.175224	0.173720	0.175220	0.193073	0.181999	0.169410	0.163121	0.176975	0.181508	0.181256	
720	0.177122	0.176021	0.178184	0.192116	0.186936	0.166532	0.166595	0.180705	0.180134	0.185191	
725	0.174082	0.174776	0.178313	0.190059	0.189703	0.166556	0.166191	0.182557	0.176739	0.183797	
730	0.174999	0.168679	0.177685	0.186799	0.186972	0.171063	0.168239	0.181502	0.180386	0.181507	
735	0.176295	0.173594	0.175050	0.183488	0.181248	0.173766	0.169020	0.183132	0.184776	0.183702	
740	0.176472	0.174560	0.172717	0.183485	0.182590	0.174584	0.167924	0.186983	0.182462	0.181989	
745	0.172216	0.172297	0.173844	0.181100	0.179806	0.175863	0.170772	0.186763	0.184945	0.178384	
750	0.172429	0.174056	0.171666	0.179962	0.178672	0.175074	0.171963	0.184489	0.180832	0.179435	
755	0.167800	0.178033	0.167518	0.175888	0.172832	0.175468	0.170147	0.187227	0.180713	0.180308	
760	0.178021	0.183600	0.167512	0.174280	0.170646	0.178139	0.172198	0.187595	0.182036	0.180452	
765	0.179211	0.184348	0.164032	0.171575	0.168684	0.182045	0.171003	0.184215	0.183704	0.177594	
770	0.177705	0.186686	0.165815	0.172953	0.167201	0.183287	0.168978	0.180008	0.181585	0.177664	
775	0.178297	0.183542	0.168972	0.170779	0.169459	0.181790	0.168997	0.172733	0.182553	0.171966	
780	0.175732	0.179965	0.173767	0.166500	0.174030	0.183138	0.174875	0.177426	0.182665	0.170739	
785	0.181654	0.185572	0.166070	0.166332	0.176437	0.182682	0.172004	0.176591	0.185434	0.176057	
790	0.181479	0.183343	0.164639	0.170548	0.176428	0.184884	0.173154	0.171507	0.182305	0.180041	
795	0.184799	0.183932	0.162129	0.169764	0.175025	0.189013	0.177662	0.172828	0.177371	0.177830	
800	0.186521	0.186906	0.162609	0.166931	0.176639	0.193256	0.174014	0.170684	0.174015	0.178787	
805	0.189820	0.190799	0.164431	0.164780	0.180662	0.193936	0.172984	0.173690	0.172007	0.177957	
810	0.186513	0.186821	0.169514	0.164084	0.181748	0.197218	0.177341	0.172227	0.169422	0.176755	
815	0.186840	0.190915	0.172399	0.168917	0.176607	0.196092	0.179145	0.169884	0.169090	0.180081	
820	0.187595	0.187918	0.172591	0.168014	0.177215	0.193979	0.177963	0.168875	0.171430	0.182580	
825	0.192378	0.189960	0.172610	0.168433	0.175393	0.192837	0.174718	0.170411	0.167717	0.177225	
830	0.193564	0.187704	0.177031	0.166293	0.172951	0.192544	0.175574	0.168469	0.168955	0.177197	
835	0.190341	0.191138	0.177034	0.165732	0.168107	0.189639	0.172593	0.165712	0.171682	0.176119	
840	0.187290	0.189403	0.178592	0.166228	0.169057	0.187499	0.169631	0.169011	0.166364	0.175508	
845	0.188778	0.191794	0.182606	0.162117	0.165125	0.184121	0.170453	0.171332	0.169102	0.180603	
850	0.186263	0.194130	0.182202	0.163050	0.163827	0.182654	0.170361	0.170843	0.172578	0.178679	
855	0.184710	0.194488	0.181324	0.163739	0.166182	0.184114	0.173383	0.170317	0.176492	0.176316	
860	0.183672	0.193111	0.180142	0.161860	0.163496	0.181808	0.179156	0.170556	0.176679	0.175524	
865	0.183764	0.187803	0.181024	0.160990	0.163491	0.179421	0.179233	0.175218	0.180890	0.179762	
870	0.181277	0.188338	0.183518	0.164238	0.160343	0.180909	0.180690	0.173444	0.179375	0.179978	
875	0.181285	0.186550	0.181455	0.164561	0.159145	0.177072	0.179793	0.179373	0.178102	0.178353	
880	0.178643	0.189302	0.182253	0.165108	0.160588	0.174661	0.178585	0.181651	0.178851	0.177930	
885	0.177204	0.183471	0.181467	0.167921	0.162128	0.173779	0.181259	0.184087	0.177551	0.179049	
890	0.178555	0.182346	0.180499	0.171405	0.162219	0.175742	0.180953	0.186158	0.178674	0.179913	
895	0.185643	0.182225	0.179341	0.172881	0.164582	0.173423	0.180276	0.184399	0.175234	0.178226	
900	0.188286	0.182387	0.181424	0.179238	0.161558	0.176162	0.184801	0.192247	0.174346	0.180112	
905	0.189648	0.184311	0.178780	0.180481	0.158894	0.174607	0.185638	0.193503	0.178215	0.182909	
910	0.189116	0.182493	0.181455	0.183143	0.164957	0.174114	0.187147	0.194133	0.177805	0.179842	
915	0.190375	0.180365	0.180420	0.185582	0.167381	0.171788	0.183796	0.194558	0.176975	0.178456	
920	0.186521	0.181108	0.184738	0.189264	0.169353	0.169644	0.183721	0.194679	0.177971	0.178396	
925	0.188270	0.178651	0.184407	0.193400	0.170949	0.171391	0.181878	0.194912	0.176231	0.174637	
930	0.188812	0.177959	0.185221	0.194196	0.172209	0.177247	0.179315	0.192479	0.173222	0.178670	
935	0.188803	0.172171	0.187118	0.193707	0.174992	0.178872	0.183054	0.191705	0.169574	0.183084	
940	0.187890	0.172846	0.189840	0.193413	0.174617	0.177245	0.183347	0.192951	0.173751	0.181138	
945	0.187934	0.168441	0.189989	0.192443	0.177130	0.179311	0.180584	0.189087	0.180706	0.179604	
950	0.191821	0.170428	0.189050	0.191989	0.180479	0.182279	0.179838	0.186963	0.182734	0.174822	
955	0.189963	0.171859	0.188065	0.190549	0.178944	0.181242	0.177602	0.188856	0.181045	0.176583	
960	0.190739	0.174476	0.186489	0.190473	0.180722	0.181467	0.171037	0.187817	0.182293	0.172038	
965	0.193451	0.171171	0.188074	0.186839	0.183834	0.182475	0.169571	0.195517	0.180949	0.170741	
970	0.189897	0.171270	0.191108	0.184643	0.183117	0.181763	0.167190	0.197524	0.178065	0.170407	
975	0.186891	0.172353	0.187893	0.182780	0.182893	0.186889	0.169433	0.190304	0.177227	0.172484	
980	0.192678	0.171032	0.193575	0.181833	0.182730	0.192948	0.166362	0.195684	0.174552	0.168511	
985	0.195917	0.171558	0.190589	0.180015	0.186946	0.196879	0.168491	0.196257	0.177646	0.169987	
990	0.190942	0.172601	0.186014	0.185441	0.188446	0.198136	0.169155	0.199908	0.176877	0.163787	
995	0.189803	0.178363	0.185201	0.185827	0.187693	0.196332	0.172645	0.201560	0.179048	0.167165	
1000	0.187985	0.181064	0.184582	0.187348	0.186112	0.193982	0.174745	0.195569	0.181538	0.164945	
1005	0.184096	0.182001	0.182773	0.186990	0.184950	0.193380	0.180427	0.195486	0.178062	0.168431	
1010	0.181326	0.183322	0.184126	0.187888	0.185850	0.194013	0.177597	0.198653	0.177351	0.169889	
1015	0.184537	0.180322	0.182953	0.188213	0.186757	0.190943	0.177462	0.199993	0.174137	0.168029	
1020	0.177393	0.186156	0.186452	0.186945	0.187513	0.187135	0.177822	0.202324	0.172189	0.170151	
1025	0.182052	0.186166	0.180921	0.184561	0.185895	0.187921	0.180975	0.196844	0.173153	0.173377	
1030	0.183817	0.182616	0.184466	0.185638	0.185455	0.184301	0.183317	0.191269	0.173440	0.172986	
1035	0.178209	0.183104	0.186802	0.186281	0.183931	0.184967	0.184179	0.191599	0.172275	0.172571	
1040	0.178794	0.179847	0.189689	0.187317	0.183880	0.183315	0.179349	0.189581	0.168259	0.173590	
1045	0.174967	0.182433	0.194036	0.186642	0.184473	0.179008	0.176109	0.183835	0.171195	0.175887	
1050	0.176338	0.181360	0.193784	0.185868	0.187922	0.176865	0.174890	0.193287	0.173497	0.183873	
1055	0.180117	0.176697	0.194904	0.184988	0.190525	0.172196	0.171272	0.194634	0.173296	0.186036	
1060	0.178466	0.177966	0.198654	0.187829	0.189174	0.175325	0.172082	0.195399	0.172817	0.184933	
1065	0.188154	0.174788	0.194060	0.185400	0.189204	0.174031	0.168203	0.196668	0.170648	0.181232	
1070	0.195799	0.172992	0.195983	0.188995	0.185842	0.172662	0.165972	0.196065	0.167254	0.179194	
1075	0.195154	0.172215	0.199958	0.188178	0.181746	0.169700	0.162185	0.199541	0.165877	0.178156	
1080	0.197160	0.175352	0.200081	0.190592	0.182155	0.170775	0.162326	0.196706	0.162796	0.180450	
1085	0.200816	0.176226	0.194754	0.190215	0.184869	0.167928	0.157474	0.194719	0.161362	0.180241	
1090	0.197154	0.179519	0.191003	0.188209	0.183529	0.171274	0.160451	0.198572	0.159505	0.180108	
1095	0.201464	0.192581	0.194092	0.187803	0.183215	0.172501	0.161016	0.197554	0.160731	0.184649	
1100	0.203443	0.187466	0.190909	0.184245	0.182417	0.173692	0.161920	0.194913	0.160899	0.181303	
1105	0.206676	0.192951	0.190807	0.181956	0.181003	0.173784	0.167278	0.190492	0.163950	0.182129	
1110	0.203250	0.195037	0.193104	0.185806	0.182384	0.176129	0.163844	0.189077	0.168778	0.184135	
1115	0.206045	0.199799	0.196913	0.187833	0.178388	0.175695	0.165921	0.184078	0.170936	0.185758	
1120	0.205004	0.203202	0.192223	0.190560	0.178501	0.177376	0.163839	0.183754	0.173670	0.189349	
1125	0.201636	0.206189	0.190961	0.188931	0.176174	0.178679	0.166845	0.178335	0.171363	0.191439	
1130	0.197182	0.206322	0.191542	0.187913	0.169803	0.184134	0.165579	0.173552	0.173108	0.187861	
1135	0.192620	0.214380	0.187635	0.192624	0.174012	0.179927	0.165354	0.166603	0.181547	0.191865	
1140	0.188419	0.213411	0.180859	0.189719	0.172937	0.175563	0.164195	0.160985	0.182928	0.192029	
1145	0.186705	0.207003	0.177642	0.191788	0.174478	0.176161	0.164323	0.162769	0.186780	0.191252	
1150	0.184088	0.205148	0.174091	0.195140	0.179785	0.178047	0.164159	0.160093	0.188833	0.185612	
1155	0.183351	0.205540	0.173128	0.195420	0.181207	0.179728	0.166531	0.161998	0.188103	0.185210	
1160	0.182340	0.199820	0.174416	0.196877	0.174032	0.181301	0.169669	0.160417	0.186142	0.187425	
1165	0.181594	0.200444	0.177508	0.195709	0.174210	0.183477	0.168175	0.165773	0.184717	0.185601	
1170	0.177423	0.202246	0.179114	0.194371	0.178077	0.183293	0.170030	0.169483	0.182917	0.191739	
1175	0.177001	0.201261	0.182001	0.198559	0.176946	0.185472	0.168335	0.167270	0.183931	0.197050	
1180	0.176131	0.199031	0.182171	0.200163	0.177526	0.183136	0.170050	0.166226	0.185983	0.195252	
1185	0.176862	0.200383	0.180467	0.203045	0.186214	0.185032	0.171294	0.168558	0.187561	0.193071	
1190	0.178202	0.195311	0.178794	0.203520	0.182613	0.185085	0.171293	0.164970	0.191161	0.192101	
1195	0.173750	0.196212	0.175038	0.202535	0.184115	0.189676	0.171027	0.167095	0.189423	0.192791	
1200	0.175660	0.199290	0.175669	0.204747	0.187925	0.188293	0.167765	0.167913	0.188815	0.193744	
1205	0.175801	0.196970	0.174493	0.203941	0.187265	0.185833	0.169877	0.165223	0.190280	0.200444	
1210	0.178803	0.198294	0.178785	0.205478	0.190076	0.186829	0.170663	0.160853	0.190416	0.200650	
1215	0.178994	0.204069	0.177641	0.198420	0.188534	0.188167	0.174513	0.160929	0.188430	0.202996	
1220	0.185832	0.202567	0.179188	0.195086	0.190375	0.188162	0.173867	0.160587	0.189403	0.197661	
1225	0.187305	0.200032	0.177094	0.194973	0.190804	0.190464	0.175142	0.159886	0.193929	0.194420	
1230	0.187617	0.201157	0.172147	0.196244	0.188281	0.186440	0.176728	0.156051	0.195084	0.192871	
1235	0.183296	0.196265	0.170194	0.196141	0.183487	0.189144	0.176788	0.157453	0.192781	0.190395	
1240	0.179587	0.194571	0.164880	0.192734	0.181551	0.186596	0.181504	0.161550	0.196081	0.187020	
1245	0.180834	0.199883	0.164991	0.190441	0.183085	0.190671	0.190798	0.165066	0.194841	0.187101	
1250	0.182581	0.198063	0.165859	0.191205	0.180915	0.194780	0.189463	0.165045	0.190855	0.183015	
1255	0.184339	0.194801	0.165725	0.189125	0.177432	0.195779	0.184484	0.172176	0.186111	0.180188	
1260	0.181597	0.190631	0.164095	0.189129	0.172407	0.206416	0.185971	0.176092	0.187917	0.176087	
1265	0.179383	0.186783	0.164706	0.193546	0.171715	0.199589	0.179679	0.182891	0.186280	0.177467	
1270	0.183780	0.191209	0.168740	0.193213	0.171142	0.196740	0.175055	0.179198	0.187690	0.178768	
1275	0.184856	0.192683	0.168959	0.192116	0.172938	0.196325	0.169236	0.185571	0.185985	0.176546	
1280	0.182151	0.197343	0.166853	0.192588	0.171002	0.194424	0.168191	0.190875	0.184995	0.171361	
1285	0.178701	0.194060	0.168416	0.192135	0.170225	0.195831	0.166790	0.190573	0.182072	0.167660	
1290	0.178879	0.191980	0.169781	0.195129	0.165591	0.195874	0.169831	0.186125	0.176782	0.165805	
1295	0.183221	0.191443	0.172126	0.195635	0.166347	0.193059	0.168602	0.189477	0.181846	0.165988	
1300	0.185768	0.189808	0.170357	0.201040	0.168151	0.192365	0.167877	0.184414	0.180234	0.168527	
1305	0.177897	0.196489	0.171171	0.201266	0.169800	0.192956	0.165744	0.189298	0.181327	0.168125	
1310	0.183227	0.199174	0.170471	0.196663	0.169742	0.196243	0.169221	0.187149	0.178726	0.165416	
1315	0.181247	0.204810	0.169838	0.195529	0.170187	0.190041	0.168887	0.180860	0.181124	0.167918	
1320	0.179097	0.198388	0.173649	0.196601	0.172314	0.192484	0.170153	0.184496	0.180543	0.169563	
1325	0.175635	0.194104	0.172485	0.195253	0.173059	0.196342	0.171689	0.182326	0.176240	0.173183	
1330	0.176319	0.197676	0.176951	0.191138	0.175058	0.197207	0.168184	0.185145	0.173777	0.181676	
1335	0.176407	0.198553	0.173870	0.189494	0.176354	0.199113	0.170620	0.182984	0.168568	0.184479	
1340	0.175456	0.200729	0.179583	0.182539	0.177802	0.198791	0.168221	0.180445	0.169159	0.186207	
1345	0.175063	0.199059	0.181649	0.184045	0.179821	0.202550	0.169619	0.184951	0.168420	0.183326	
1350	0.179216	0.195180	0.184251	0.184354	0.175997	0.201508	0.173906	0.188191	0.165963	0.181718	
1355	0.179770	0.191774	0.187831	0.187221	0.179013	0.195372	0.170656	0.188673	0.165921	0.180286	
1360	0.179890	0.187578	0.182699	0.186728	0.183509	0.194602	0.170895	0.184451	0.165356	0.178138	
1365	0.183804	0.189228	0.179604	0.186928	0.181119	0.189778	0.172103	0.188575	0.168144	0.178364	
1370	0.185078	0.182855	0.182544	0.189953	0.187161	0.183639	0.170734	0.192202	0.170443	0.175822	
1375	0.186563	0.178837	0.181270	0.190109	0.183600	0.184435	0.174972	0.194284	0.170869	0.176287	
1380	0.185746	0.179121	0.182922	0.190858	0.184848	0.180676	0.176198	0.191103	0.172223	0.180139	
1385	0.185925	0.184085	0.188541	0.186808	0.191648	0.179460	0.179447	0.193672	0.169692	0.182577	
1390	0.182793	0.185815	0.186508	0.191680	0.184515	0.176360	0.183209	0.191647	0.172810	0.178469	
1395	0.183676	0.187716	0.190427	0.187825	0.186873	0.175604	0.182670	0.188642	0.178832	0.180631	
1400	0.183482	0.189078	0.194011	0.186977	0.188595	0.179807	0.180972	0.189719	0.177047	0.183615	
1405	0.184831	0.183629	0.193614	0.181707	0.189146	0.182943	0.183958	0.189190	0.176378	0.185273	
1410	0.185114	0.185085	0.199033	0.183368	0.188864	0.184717	0.187560	0.189313	0.173104	0.183583	
1415	0.188980	0.186516	0.199570	0.180767	0.190887	0.185400	0.190847	0.187745	0.171825	0.185120	
1420	0.186151	0.185450	0.198918	0.178316	0.189207	0.185481	0.186281	0.187428	0.170128	0.185656	
1425	0.185574	0.184254	0.197939	0.178093	0.192790	0.185119	0.185881	0.190137	0.169588	0.186862	
1430	0.184504	0.181717	0.197187	0.176735	0.194771	0.187617	0.188528	0.187121	0.168451	0.181720	
1435	0.181238	0.183569	0.200968	0.181371	0.192898	0.186671	0.185222	0.188060	0.164711	0.183427	
1440	0.182437	0.186673	0.200199	0.179053	0.194816	0.184084	0.186162	0.187485	0.168934	0.182776	
1445	0.183903	0.184299	0.196293	0.178242	0.192442	0.184334	0.186505	0.187747	0.169587	0.183780	
1450	0.180798	0.184626	0.193122	0.180786	0.194531	0.187803	0.183135	0.184918	0.165766	0.181706	
1455	0.181228	0.181779	0.190359	0.182744	0.196880	0.186720	0.182207	0.190714	0.162917	0.183184	
1460	0.180785	0.179615	0.187972	0.186743	0.198158	0.188361	0.181548	0.190602	0.163210	0.186925	
1465	0.181528	0.173273	0.187197	0.189318	0.198887	0.187091	0.182049	0.193943	0.165230	0.185927	
1470	0.180571	0.175974	0.187700	0.189120	0.191806	0.188493	0.178755	0.196041	0.165560	0.188371	
1475	0.184634	0.172649	0.185293	0.192858	0.186875	0.189398	0.177295	0.195506	0.165244	0.186443	
1480	0.189863	0.170892	0.189109	0.198874	0.189495	0.187917	0.173824	0.192910	0.163978	0.185496	
1485	0.185649	0.170632	0.189029	0.200188	0.188215	0.187782	0.168972	0.186830	0.165152	0.185392	
1490	0.184789	0.169987	0.181511	0.201391	0.186175	0.184071	0.169062	0.187327	0.167571	0.186762	
1495	0.182720	0.165233	0.179253	0.205968	0.184393	0.184174	0.168363	0.186684	0.168737	0.183749	
1500	0.182416	0.169269	0.184444	0.204125	0.184048	0.185672	0.166582	0.190297	0.174005	0.183343	
1505	0.183480	0.169912	0.187459	0.203811	0.180543	0.186874	0.167912	0.186771	0.173953	0.188569	
1510	0.183023	0.171896	0.186840	0.199913	0.184349	0.186617	0.168674	0.193573	0.176242	0.189106	
1515	0.183313	0.170318	0.186836	0.200847	0.187610	0.184567	0.167511	0.195136	0.177478	0.190349	
1520	0.187272	0.170570	0.185770	0.198246	0.188672	0.183614	0.170082	0.196697	0.177863	0.196282	
1525	0.183123	0.166552	0.186989	0.198805	0.188701	0.182230	0.173525	0.196280	0.179430	0.197487	
1530	0.186487	0.173884	0.191995	0.199524	0.189150	0.180153	0.176542	0.193948	0.177330	0.199582	
1535	0.184127	0.176520	0.192307	0.199405	0.190837	0.180041	0.179231	0.190708	0.173084	0.198231	
1540	0.185451	0.171301	0.185297	0.201263	0.193825	0.174913	0.181417	0.183354	0.173740	0.192955	
1545	0.185345	0.173915	0.182729	0.199576	0.191104	0.175268	0.173753	0.183635	0.173664	0.187191	
1550	0.188888	0.173253	0.179524	0.194624	0.195400	0.174898	0.174451	0.184205	0.176653	0.182954	
1555	0.184333	0.169638	0.179506	0.186643	0.194652	0.179089	0.173050	0.181433	0.175497	0.184300	
1560	0.184800	0.164131	0.178047	0.181758	0.190608	0.182891	0.178442	0.178471	0.172932	0.181706	
1565	0.185627	0.160919	0.177290	0.181213	0.187876	0.183299	0.182754	0.179218	0.172595	0.180866	
1570	0.182493	0.160481	0.175809	0.180994	0.189065	0.182444	0.183318	0.185736	0.170589	0.180355	
1575	0.180460	0.166022	0.179871	0.178644	0.188351	0.180911	0.194206	0.178865	0.176710	0.180177	
1580	0.181620	0.167668	0.178813	0.178955	0.186498	0.177309	0.195351	0.178748	0.178453	0.181394	
1585	0.182601	0.166849	0.180341	0.174360	0.183663	0.174021	0.196140	0.176709	0.186570	0.177837	
1590	0.180320	0.165912	0.180566	0.177437	0.184874	0.170649	0.197361	0.176055	0.186341	0.181925	
1595	0.174961	0.166632	0.185305	0.179640	0.186220	0.169117	0.197896	0.175914	0.185486	0.184526	
1600	0.175082	0.168294	0.185900	0.178736	0.183116	0.169633	0.195769	0.176069	0.183121	0.181767	
1605	0.177722	0.172253	0.188471	0.179135	0.179917	0.171605	0.195459	0.183457	0.183998	0.185932	
1610	0.176289	0.171501	0.186634	0.178162	0.179870	0.176717	0.189787	0.185443	0.181113	0.184032	
1615	0.177648	0.168304	0.186530	0.179344	0.176561	0.176150	0.185015	0.185821	0.183739	0.182199	
1620	0.177380	0.165849	0.185729	0.179142	0.173947	0.176520	0.176769	0.179466	0.181417	0.179140	
1625	0.176372	0.166125	0.186262	0.183116	0.174563	0.180197	0.181996	0.181862	0.179366	0.179159	
1630	0.175597	0.165895	0.190352	0.183727	0.173481	0.183067	0.182790	0.180181	0.178056	0.182283	
1635	0.175331	0.161965	0.193275	0.183371	0.175872	0.179386	0.178242	0.180538	0.174401	0.177741	
1640	0.176454	0.162278	0.194101	0.177091	0.170462	0.183201	0.176970	0.180419	0.173705	0.181359	
1645	0.177204	0.160662	0.200141	0.174113	0.169734	0.181718	0.176070	0.183649	0.172612	0.180951	
1650	0.178832	0.159483	0.206421	0.172680	0.169570	0.183738	0.174956	0.182638	0.170731	0.180761	
1655	0.180471	0.157488	0.206641	0.170745	0.173767	0.182490	0.173941	0.179725	0.174483	0.174293	
1660	0.183050	0.165736	0.196997	0.167571	0.175703	0.180152	0.174238	0.186746	0.175680	0.174097	
1665	0.182976	0.168971	0.189770	0.167919	0.171174	0.178853	0.172650	0.193793	0.170268	0.177827	
1670	0.186694	0.168956	0.191330	0.166541	0.173705	0.176907	0.172893	0.191352	0.167070	0.178473	
1675	0.187552	0.166865	0.186525	0.162067	0.175824	0.175137	0.172758	0.192471	0.169214	0.179402	
1680	0.189369	0.171956	0.186965	0.160177	0.172771	0.177989	0.174090	0.187959	0.163550	0.175534	
1685	0.194106	0.173036	0.187463	0.158489	0.174730	0.181108	0.172812	0.187701	0.164722	0.174018	
1690	0.196069	0.173935	0.189645	0.161695	0.174112	0.183667	0.174081	0.191221	0.162982	0.172528	
1695	0.194023	0.173354	0.184023	0.162953	0.174456	0.184480	0.172837	0.190677	0.160813	0.174246	
1700	0.191510	0.176321	0.180972	0.164491	0.179439	0.185933	0.173344	0.192931	0.161300	0.174846	
1705	0.190194	0.179784	0.181466	0.164245	0.179364	0.184241	0.169048	0.198285	0.162214	0.176976	
1710	0.191342	0.179492	0.183006	0.164438	0.182614	0.179832	0.166429	0.194953	0.159936	0.178014	
1715	0.191504	0.185126	0.186175	0.165456	0.185654	0.179742	0.171155	0.197271	0.162469	0.178767	
1720	0.193627	0.188519	0.184933	0.164023	0.187216	0.178067	0.169248	0.201114	0.163472	0.178309	
1725	0.197099	0.187330	0.188461	0.164573	0.186779	0.171342	0.169300	0.200509	0.158802	0.181480	
1730	0.192822	0.194085	0.188822	0.168229	0.188052	0.170675	0.169139	0.197541	0.162076	0.182171	
1735	0.193137	0.193791	0.193727	0.168151	0.184951	0.173647	0.169227	0.196590	0.160189	0.181043	
1740	0.197663	0.192584	0.193953	0.173142	0.183127	0.176085	0.169910	0.195537	0.157213	0.178620	
1745	0.202346	0.193642	0.190407	0.168485	0.181149	0.176027	0.168090	0.195558	0.153156	0.175797	
1750	0.203480	0.193512	0.188985	0.174802	0.180528	0.172852	0.170359	0.190147	0.152393	0.177794	
1755	0.199403	0.194995	0.185999	0.174393	0.181778	0.172296	0.169826	0.186895	0.152675	0.183361	
1760	0.201407	0.195467	0.191617	0.176115	0.182081	0.170900	0.170536	0.186019	0.154984	0.187838	
1765	0.198151	0.191198	0.193921	0.178853	0.183678	0.171668	0.171363	0.184068	0.158329	0.187565	
1770	0.191669	0.185722	0.194504	0.180044	0.185219	0.175087	0.172777	0.183183	0.165211	0.181618	
1775	0.185625	0.179087	0.198865	0.186258	0.185441	0.174963	0.171242	0.180217	0.163902	0.187127	
1780	0.180550	0.180428	0.197154	0.186639	0.186788	0.175489	0.174964	0.176781	0.161423	0.190165	
1785	0.176676	0.178832	0.201677	0.183133	0.188123	0.174349	0.169811	0.173249	0.160544	0.190042	
1790	0.172348	0.173406	0.204180	0.183728	0.188139	0.173158	0.171606	0.177075	0.166463	0.191048	
1795	0.177370	0.172253	0.198028	0.186230	0.188591	0.172140	0.172119	0.173444	0.166743	0.190352	
1800	0.174728	0.169732	0.196300	0.187426	0.188185	0.169741	0.173041	0.175481	0.171026	0.192669	
1805	0.172159	0.170488	0.195652	0.189355	0.189955	0.169553	0.175066	0.173931	0.174212	0.198475	
1810	0.175687	0.167757	0.192140	0.190628	0.188675	0.172136	0.176886	0.177128	0.177219	0.194279	
1815	0.174102	0.169723	0.195125	0.189391	0.186617	0.174024	0.174898	0.180909	0.178976	0.192350	
1820	0.172059	0.168821	0.192972	0.187820	0.187379	0.172189	0.173925	0.182665	0.182184	0.190453	
1825	0.172020	0.167455	0.190425	0.182848	0.188908	0.175094	0.178547	0.182635	0.184983	0.190939	
1830	0.170484	0.160322	0.193085	0.182244	0.188154	0.176195	0.178423	0.183754	0.182902	0.190127	
1835	0.172242	0.160823	0.193427	0.181491	0.188629	0.174167	0.178524	0.185966	0.183655	0.191563	
1840	0.169985	0.164054	0.195223	0.183329	0.185328	0.179601	0.179822	0.183035	0.185795	0.189555	
1845	0.169523	0.164266	0.197689	0.182728	0.182331	0.176007	0.180625	0.181717	0.186501	0.186523	
1850	0.167835	0.166990	0.197076	0.183241	0.183291	0.177361	0.183855	0.181564	0.186004	0.189559	
1855	0.169868	0.166987	0.197146	0.184820	0.179893	0.180654	0.180796	0.177889	0.182592	0.186994	
1860	0.168214	0.169399	0.196922	0.188908	0.181195	0.183430	0.180747	0.180433	0.182766	0.187207	
1865	0.167140	0.166010	0.196755	0.187190	0.181352	0.184980	0.180010	0.178299	0.184012	0.185737	
1870	0.172256	0.166017	0.193034	0.187696	0.182807	0.184938	0.180227	0.173002	0.187878	0.182958	
1875	0.169971	0.166651	0.187630	0.187081	0.180752	0.186216	0.182174	0.171295	0.192127	0.182407	
1880	0.166254	0.164977	0.181935	0.179921	0.179225	0.189271	0.187254	0.171755	0.189682	0.178697	
1885	0.163688	0.165630	0.183603	0.183521	0.179911	0.185247	0.185138	0.176277	0.188046	0.179583	
1890	0.166106	0.165246	0.186780	0.185453	0.182158	0.181248	0.184913	0.183670	0.186750	0.179355	
1895	0.168144	0.165364	0.185989	0.183603	0.182051	0.179736	0.182575	0.181696	0.191815	0.179659	
1900	0.167141	0.163706	0.186167	0.182848	0.182902	0.176889	0.185926	0.182921	0.193785	0.176420	
1905	0.167174	0.166543	0.191453	0.182035	0.185143	0.172711	0.183090	0.187485	0.191084	0.178704	
1910	0.168182	0.167394	0.195409	0.180246	0.186246	0.178985	0.183570	0.185507	0.187424	0.184912	
1915	0.167684	0.166112	0.192820	0.178829	0.187245	0.179994	0.180188	0.183916	0.188178	0.185549	
1920	0.162535	0.170749	0.190930	0.176333	0.187199	0.180153	0.181528	0.182949	0.187102	0.185175	
1925	0.165486	0.175413	0.189967	0.176321	0.189131	0.181375	0.183265	0.185803	0.182967	0.185636	
1930	0.165762	0.179597	0.192318	0.174993	0.188951	0.174035	0.185356	0.190988	0.181291	0.189702	
1935	0.161899	0.178873	0.192195	0.174739	0.188219	0.173653	0.187259	0.193618	0.180917	0.191634	
1940	0.159426	0.189000	0.193325	0.177422	0.186819	0.170874	0.185341	0.190906	0.181700	0.192007	
1945	0.157715	0.189504	0.196481	0.178968	0.190507	0.170497	0.184790	0.192828	0.186743	0.193455	
1950	0.158455	0.190711	0.202015	0.178971	0.192462	0.169829	0.182908	0.192130	0.186293	0.194137	
1955	0.159124	0.187831	0.202370	0.180576	0.191209	0.168864	0.181081	0.195621	0.183776	0.195612	
1960	0.160448	0.189014	0.202781	0.182081	0.187560	0.171193	0.179561	0.194654	0.182792	0.196441	
1965	0.162396	0.191233	0.205572	0.184895	0.194023	0.169564	0.184543	0.190285	0.179833	0.196091	
1970	0.165203	0.197161	0.202382	0.187189	0.192378	0.168748	0.185785	0.183214	0.175763	0.195998	
1975	0.162069	0.199554	0.202279	0.185051	0.185282	0.174203	0.184585	0.187731	0.176455	0.196763	
1980	0.161657	0.199964	0.200238	0.181481	0.182169	0.178633	0.183086	0.193502	0.173838	0.198120	
1985	0.160822	0.198449	0.197934	0.179359	0.180213	0.175439	0.183621	0.192158	0.172771	0.201905	
1990	0.160926	0.193877	0.197256	0.181229	0.180202	0.176771	0.190687	0.188213	0.173225	0.198486	
1995	0.161853	0.198822	0.197104	0.184710	0.181239	0.174847	0.182931	0.188036	0.169978	0.198927	
2000	0.162509	0.195108	0.189342	0.178078	0.181325	0.176795	0.182388	0.191127	0.174319	0.199755	
2005	0.162333	0.197125	0.186148	0.175298	0.179721	0.176716	0.181656	0.191697	0.180173	0.205208	
2010	0.159717	0.195495	0.183120	0.178044	0.179151	0.171582	0.185655	0.188004	0.181028	0.205676	
2015	0.160786	0.192528	0.183696	0.184063	0.176651	0.169161	0.187519	0.191174	0.178381	0.202574	
2020	0.163143	0.191891	0.187504	0.184740	0.178189	0.172251	0.188394	0.193086	0.177043	0.201677	
2025	0.169738	0.186965	0.187137	0.182233	0.177388	0.170062	0.194292	0.191805	0.173081	0.197425	
2030	0.166828	0.187635	0.182323	0.182803	0.180401	0.168756	0.192666	0.194191	0.171560	0.199070	
2035	0.171068	0.184897	0.180056	0.181353	0.177534	0.167285	0.189328	0.189312	0.172494	0.194338	
2040	0.172755	0.181329	0.177814	0.180266	0.177968	0.169880	0.194739	0.191193	0.175617	0.196316	
2045	0.172607	0.177833	0.179649	0.177959	0.172890	0.169068	0.190224	0.192333	0.177308	0.196525	
2050	0.170982	0.178463	0.179161	0.182580	0.176815	0.178770	0.192588	0.188357	0.177191	0.199261	
2055	0.173160	0.174884	0.178543	0.183659	0.177920	0.180563	0.189915	0.191653	0.172378	0.195927	
2060	0.173162	0.176887	0.177037	0.179274	0.176741	0.182287	0.187960	0.190199	0.166653	0.197816	
2065	0.168863	0.178708	0.176892	0.183452	0.174372	0.180435	0.188490	0.189852	0.170055	0.193287	
2070	0.174137	0.174894	0.176587	0.183604	0.172405	0.180995	0.186054	0.195070	0.175145	0.198613	
2075	0.177552	0.173105	0.175788	0.182737	0.175356	0.181817	0.186796	0.191454	0.174775	0.195872	
2080	0.176173	0.171181	0.174927	0.185099	0.173488	0.182397	0.178686	0.186824	0.173682	0.196786	
2085	0.177930	0.170618	0.177907	0.183286	0.173018	0.179230	0.182174	0.184804	0.173824	0.199949	
2090	0.179757	0.170390	0.181938	0.184922	0.169454	0.184629	0.177486	0.181823	0.172226	0.196755	
2095	0.180942	0.169804	0.185812	0.180650	0.168048	0.191170	0.179348	0.187548	0.171901	0.197612	
2100	0.184948	0.173554	0.188503	0.186170	0.171506	0.191446	0.177419	0.185295	0.169443	0.198572	
2105	0.185545	0.172470	0.191940	0.184833	0.171096	0.193230	0.179422	0.183542	0.166982	0.191872	
2110	0.178948	0.175508	0.191546	0.190307	0.173670	0.199293	0.186632	0.182357	0.169998	0.191296	
2115	0.180816	0.177233	0.194559	0.187856	0.174847	0.200076	0.182526	0.184006	0.167052	0.191979	
2120	0.179097	0.177320	0.193011	0.186212	0.169679	0.199610	0.182289	0.183030	0.167857	0.194721	
2125	0.185904	0.180694	0.199599	0.186423	0.171719	0.201615	0.177395	0.185700	0.169195	0.198158	
2130	0.186296	0.182055	0.198934	0.190083	0.167200	0.204100	0.175565	0.189161	0.166867	0.200125	
2135	0.186468	0.182133	0.201509	0.184068	0.166957	0.202755	0.173635	0.194569	0.167059	0.198118	
2140	0.185582	0.183232	0.206821	0.186712	0.169437	0.196641	0.170667	0.198311	0.164898	0.196257	
2145	0.182229	0.183387	0.207896	0.187346	0.167403	0.194464	0.169771	0.197720	0.163628	0.192163	
2150	0.184231	0.181344	0.203959	0.190127	0.168822	0.195252	0.170934	0.195135	0.164309	0.195501	
2155	0.182710	0.176784	0.200226	0.192085	0.167317	0.187648	0.168000	0.202085	0.169493	0.188305	
2160	0.185076	0.175023	0.203274	0.194360	0.166608	0.183266	0.167974	0.200346	0.174106	0.191517	
2165	0.181153	0.170701	0.199574	0.192473	0.168349	0.176968	0.169819	0.200556	0.173352	0.188976	
2170	0.175652	0.170493	0.194770	0.193829	0.169548	0.180648	0.172258	0.203018	0.175290	0.182374	
2175	0.172168	0.173353	0.196740	0.194023	0.167087	0.179675	0.176521	0.199130	0.177542	0.179492	
2180	0.166861	0.169459	0.195333	0.194116	0.167296	0.179676	0.174418	0.195890	0.175096	0.179723	
2185	0.166241	0.173691	0.194407	0.194314	0.167095	0.180117	0.173057	0.192707	0.176178	0.181798	
2190	0.164942	0.176334	0.192148	0.191425	0.168123	0.183092	0.172051	0.185266	0.176827	0.179271	
2195	0.163307	0.177111	0.189675	0.191488	0.168846	0.185815	0.172454	0.188151	0.172158	0.174197	
2200	0.159506	0.178094	0.193328	0.190532	0.165288	0.185125	0.176657	0.185204	0.174014	0.172052	
2205	0.159433	0.178809	0.196358	0.189588	0.167522	0.185493	0.173629	0.182153	0.173251	0.170276	
2210	0.164840	0.180871	0.196011	0.187017	0.165510	0.188674	0.173821	0.181828	0.174087	0.167725	
2215	0.163007	0.183809	0.196424	0.179424	0.166039	0.183381	0.171533	0.179844	0.174427	0.172206	
2220	0.161782	0.182094	0.196126	0.174157	0.168706	0.179063	0.164215	0.176496	0.171338	0.179845	
2225	0.166399	0.187871	0.198976	0.174699	0.165345	0.181144	0.166341	0.174028	0.169747	0.176182	
2230	0.167574	0.184770	0.194890	0.176965	0.162751	0.178715	0.165917	0.169068	0.174932	0.171141	
2235	0.169752	0.183574	0.195037	0.176709	0.162674	0.176299	0.166658	0.173878	0.173288	0.170243	
2240	0.174357	0.185229	0.195581	0.177599	0.165198	0.175779	0.168802	0.178820	0.173570	0.172010	
2245	0.178519	0.182566	0.195603	0.176354	0.166398	0.178150	0.169381	0.179517	0.173316	0.172902	
2250	0.172313	0.181978	0.196854	0.174303	0.168385	0.176617	0.172466	0.182606	0.173234	0.172210	
2255	0.178210	0.183354	0.197180	0.174319	0.169667	0.179341	0.173962	0.179858	0.173349	0.171935	
2260	0.183460	0.182889	0.197068	0.173297	0.167115	0.181709	0.174091	0.174226	0.173912	0.171837	
2265	0.187049	0.189073	0.196799	0.174994	0.168068	0.181418	0.175569	0.179435	0.175448	0.172955	
2270	0.191426	0.187456	0.199970	0.176211	0.168998	0.180774	0.178569	0.179961	0.179023	0.177428	
2275	0.193179	0.187334	0.200314	0.174569	0.167902	0.180458	0.175527	0.182892	0.183780	0.177633	
2280	0.191170	0.186550	0.198900	0.174570	0.167018	0.178293	0.175882	0.186846	0.183228	0.180627	
2285	0.188773	0.186143	0.203667	0.174134	0.167074	0.179385	0.175892	0.185633	0.186413	0.184227	
2290	0.189008	0.181224	0.200602	0.172065	0.169615	0.181138	0.175372	0.191447	0.187738	0.184353	
2295	0.189497	0.174177	0.200191	0.171066	0.166543	0.183181	0.171461	0.193773	0.193680	0.186491	
2300	0.188558	0.175509	0.197992	0.169610	0.164899	0.179296	0.171119	0.188939	0.194556	0.186751	
2305	0.188505	0.173225	0.198499	0.168252	0.165437	0.182507	0.169588	0.189795	0.192937	0.189948	
2310	0.187646	0.172573	0.197306	0.170361	0.167412	0.182398	0.166124	0.191164	0.192834	0.190922	
2315	0.187035	0.171016	0.197012	0.171840	0.168414	0.182367	0.168803	0.187391	0.189944	0.192887	
2320	0.190449	0.166143	0.195598	0.173836	0.168640	0.183588	0.169643	0.185535	0.191690	0.196163	
2325	0.190829	0.166413	0.196135	0.176424	0.173481	0.181646	0.173577	0.188140	0.192144	0.196035	
2330	0.191466	0.167990	0.196992	0.176961	0.175435	0.177264	0.171230	0.183461	0.190582	0.189298	
2335	0.185732	0.166893	0.197788	0.176900	0.172642	0.176609	0.170266	0.182889	0.188382	0.191110	
2340	0.176362	0.165139	0.196554	0.180168	0.173292	0.176504	0.169361	0.183701	0.186594	0.186602	
2345	0.170859	0.165142	0.196581	0.182401	0.174865	0.176313	0.171320	0.182325	0.183828	0.185034	
2350	0.176958	0.167085	0.189954	0.182438	0.174018	0.174796	0.176557	0.180444	0.183029	0.185077	
2355	0.173576	0.167159	0.192472	0.178780	0.175474	0.176907	0.174813	0.183232	0.178754	0.178841	
2360	0.171603	0.169002	0.188066	0.180010	0.174417	0.175675	0.174619	0.183086	0.179370	0.175593	
2365	0.169489	0.168530	0.189383	0.174981	0.178357	0.174095	0.174723	0.185282	0.176202	0.176616	
2370	0.164313	0.174812	0.190643	0.177199	0.176021	0.176813	0.173558	0.181945	0.178730	0.172802	
2375	0.167552	0.182681	0.190157	0.176108	0.175451	0.177418	0.175371	0.182606	0.175828	0.174284	
2380	0.170901	0.183539	0.184871	0.170865	0.171509	0.176110	0.178021	0.176697	0.178640	0.175678	
2385	0.169538	0.185434	0.181296	0.168860	0.174466	0.176372	0.179919	0.178588	0.185364	0.178816	
2390	0.173490	0.185735	0.181940	0.172006	0.180672	0.179803	0.184689	0.177912	0.193574	0.179305	
2395	0.174997	0.182216	0.177895	0.173619	0.182177	0.180894	0.187147	0.175188	0.191936	0.174409	
2400	0.177302	0.181443	0.173235	0.175431	0.180696	0.180010	0.189827	0.173183	0.197126	0.173781	
2405	0.181921	0.177542	0.171888	0.173884	0.180648	0.176875	0.194019	0.170491	0.201854	0.173753	
2410	0.179639	0.179895	0.171041	0.178181	0.181178	0.178368	0.193704	0.170007	0.202921	0.176809	
2415	0.183651	0.177120	0.166753	0.178971	0.183883	0.175184	0.194489	0.170046	0.200861	0.180132	
2420	0.184277	0.179519	0.165834	0.178804	0.183078	0.178200	0.197591	0.172021	0.200535	0.181964	
2425	0.179252	0.180746	0.170653	0.179641	0.183915	0.183455	0.198520	0.170568	0.202786	0.181887	
2430	0.181406	0.181484	0.172486	0.180591	0.181754	0.183179	0.198243	0.169653	0.202099	0.178663	
2435	0.185442	0.185656	0.174764	0.179369	0.179359	0.187817	0.196301	0.169356	0.200093	0.178935	
2440	0.183975	0.186430	0.178407	0.179643	0.178761	0.190012	0.190932	0.169463	0.200055	0.172783	
2445	0.180934	0.183020	0.179186	0.183348	0.174891	0.188107	0.192501	0.170809	0.203051	0.169740	
2450	0.182872	0.189500	0.178357	0.182586	0.178642	0.186260	0.187909	0.170803	0.200318	0.173636	
2455	0.177342	0.197298	0.180738	0.180888	0.181077	0.188167	0.185469	0.169988	0.197814	0.178331	
2460	0.177312	0.194880	0.179453	0.181600	0.180952	0.189676	0.186498	0.171158	0.195684	0.177127	
2465	0.173255	0.192247	0.182290	0.183950	0.180858	0.186240	0.182677	0.172301	0.191090	0.174061	
2470	0.174233	0.194829	0.181092	0.180193	0.182238	0.187854	0.183963	0.171928	0.184929	0.173861	
2475	0.180894	0.191718	0.179652	0.180067	0.182539	0.188855	0.180121	0.174343	0.186957	0.168265	
2480	0.186644	0.184783	0.178514	0.180334	0.179376	0.188691	0.186980	0.175577	0.192816	0.164461	
2485	0.187973	0.186880	0.180618	0.181307	0.184813	0.190016	0.184039	0.178883	0.188513	0.168773	
2490	0.183733	0.183776	0.179962	0.181135	0.183961	0.191612	0.182336	0.177348	0.186897	0.165949	
2495	0.185623	0.183005	0.177747	0.184171	0.187625	0.188452	0.176668	0.180242	0.186864	0.166527	
2500	0.186704	0.181836	0.175977	0.183065	0.186303	0.189458	0.178827	0.182119	0.187501	0.169095	
2505	0.189968	0.183568	0.175628	0.176426	0.189311	0.190941	0.179017	0.183805	0.187064	0.176025	
2510	0.191488	0.180445	0.174862	0.178999	0.187678	0.191612	0.175270	0.179514	0.186615	0.175700	
2515	0.190325	0.180529	0.174926	0.177572	0.186988	0.185168	0.172386	0.179232	0.185189	0.171042	
2520	0.190756	0.181519	0.172922	0.180726	0.190260	0.188297	0.169701	0.182507	0.183700	0.177412	
2525	0.194370	0.179315	0.173137	0.180064	0.191089	0.186716	0.173132	0.180740	0.185689	0.180120	
2530	0.192845	0.178058	0.174826	0.177357	0.194223	0.187452	0.173815	0.177978	0.186036	0.180713	
2535	0.191328	0.182137	0.175697	0.178876	0.186100	0.188896	0.169633	0.173575	0.188837	0.177058	
2540	0.186025	0.182407	0.175363	0.178224	0.183818	0.192168	0.171094	0.171709	0.189710	0.177718	
2545	0.188672	0.180409	0.177568	0.174865	0.184884	0.188962	0.169581	0.166686	0.189563	0.181474	
2550	0.188477	0.183675	0.179009	0.172986	0.182862	0.189547	0.168195	0.164369	0.188776	0.179287	
2555	0.191536	0.182226	0.183364	0.175270	0.179286	0.189736	0.165822	0.160030	0.181384	0.185478	
2560	0.192465	0.185994	0.183462	0.177171	0.179206	0.189619	0.166409	0.158843	0.174073	0.184685	
2565	0.191233	0.189816	0.184079	0.179767	0.176879	0.189968	0.168251	0.161041	0.173192	0.185085	
2570	0.186553	0.187053	0.183717	0.183968	0.180064	0.189183	0.167056	0.164822	0.175024	0.182409	
2575	0.188074	0.187026	0.182567	0.182810	0.180371	0.186593	0.173179	0.168432	0.172780	0.184484	
2580	0.188863	0.191270	0.183137	0.180829	0.181649	0.181374	0.171249	0.168052	0.173310	0.182224	
2585	0.189556	0.189756	0.179345	0.181355	0.182375	0.178605	0.175161	0.169104	0.174796	0.191202	
2590	0.186898	0.187862	0.178071	0.182254	0.183799	0.176010	0.177696	0.171938	0.176824	0.193576	
2595	0.184673	0.184844	0.180878	0.184137	0.181039	0.176340	0.178927	0.174887	0.178263	0.194588	
2600	0.182608	0.183519	0.183524	0.184263	0.178321	0.174404	0.184773	0.174223	0.181850	0.188310	
2605	0.183228	0.189301	0.187419	0.189675	0.181831	0.174570	0.183434	0.173507	0.184049	0.189760	
2610	0.185208	0.188601	0.186951	0.189564	0.179307	0.177792	0.183243	0.178301	0.188866	0.190595	
2615	0.185651	0.185186	0.182720	0.188229	0.178972	0.183052	0.182674	0.177977	0.189373	0.187722	
2620	0.179795	0.188644	0.185229	0.186130	0.178224	0.178849	0.180855	0.180282	0.187659	0.191753	
2625	0.175933	0.186696	0.183883	0.189383	0.179379	0.174259	0.179276	0.183240	0.187124	0.195974	
2630	0.178682	0.187082	0.178579	0.191238	0.180212	0.174699	0.181439	0.182477	0.189871	0.195547	
2635	0.181330	0.193194	0.179176	0.191340	0.177252	0.169675	0.183012	0.180117	0.184151	0.196311	
2640	0.182749	0.201937	0.184140	0.191400	0.173808	0.173547	0.182949	0.178146	0.181116	0.188143	
2645	0.184298	0.198842	0.188397	0.194797	0.176476	0.171769	0.184065	0.183693	0.185532	0.186624	
2650	0.188147	0.193658	0.191591	0.197960	0.177343	0.172270	0.180482	0.182242	0.179318	0.181783	
2655	0.189011	0.196785	0.196862	0.197212	0.178429	0.169924	0.179834	0.183358	0.177320	0.183223	
2660	0.181416	0.197517	0.198246	0.195724	0.176791	0.171707	0.178273	0.183942	0.184269	0.178123	
2665	0.184596	0.199869	0.200313	0.193997	0.177225	0.169420	0.178904	0.180992	0.187942	0.176564	
2670	0.185698	0.197140	0.200806	0.196945	0.175579	0.167173	0.179329	0.176460	0.184891	0.175835	
2675	0.189186	0.198204	0.200325	0.197932	0.176249	0.169836	0.174044	0.177092	0.184516	0.171871	
2680	0.195061	0.202045	0.198604	0.195717	0.174615	0.166927	0.171460	0.179768	0.180249	0.177493	
2685	0.192595	0.204340	0.196185	0.197985	0.176696	0.167826	0.173968	0.181644	0.184638	0.178377	
2690	0.191800	0.205890	0.190691	0.198401	0.176383	0.167400	0.175426	0.183056	0.182061	0.180319	
2695	0.188058	0.204704	0.188360	0.198222	0.169282	0.168032	0.176908	0.182977	0.183401	0.182570	
2700	0.186975	0.204679	0.186592	0.199970	0.169266	0.170552	0.174960	0.182641	0.186969	0.185912	
2705	0.186817	0.205504	0.182877	0.201128	0.172742	0.170050	0.173269	0.185482	0.183796	0.189437	
2710	0.185814	0.201987	0.182646	0.199589	0.169962	0.169748	0.181089	0.185976	0.184053	0.186546	
2715	0.180893	0.201977	0.180766	0.199881	0.170167	0.168624	0.179032	0.189965	0.183077	0.184454	
2720	0.184756	0.203200	0.181034	0.202890	0.166963	0.174256	0.182572	0.191371	0.187216	0.184527	
2725	0.186123	0.204380	0.183090	0.198738	0.166791	0.174603	0.185277	0.191265	0.185305	0.184839	
2730	0.183004	0.207262	0.187951	0.198960	0.168330	0.176906	0.187342	0.189447	0.182438	0.185099	
2735	0.184289	0.212504	0.191324	0.196664	0.168434	0.180905	0.186690	0.190230	0.184980	0.193278	
2740	0.181217	0.212898	0.186847	0.191362	0.166899	0.184594	0.187926	0.187824	0.179311	0.193013	
2745	0.177819	0.215883	0.188421	0.194026	0.163579	0.180665	0.184061	0.183947	0.178568	0.198888	
2750	0.180940	0.219383	0.195466	0.194158	0.166173	0.182123	0.185009	0.181184	0.178727	0.187329	
2755	0.175187	0.215178	0.194086	0.191741	0.164591	0.184500	0.188065	0.181478	0.179006	0.192128	
2760	0.180735	0.212374	0.195493	0.194380	0.166232	0.183245	0.189526	0.177946	0.174633	0.188585	
2765	0.179503	0.203164	0.192408	0.194632	0.166964	0.185296	0.189525	0.179835	0.176268	0.186700	
2770	0.182475	0.198035	0.191878	0.189881	0.164555	0.185069	0.189195	0.180907	0.177233	0.184471	
2775	0.185967	0.195567	0.185993	0.186554	0.168928	0.182073	0.191140	0.178862	0.182993	0.188528	
2780	0.184286	0.192790	0.182216	0.184122	0.170637	0.183360	0.189794	0.181578	0.188293	0.188322	
2785	0.180114	0.194779	0.180252	0.182158	0.172122	0.181252	0.195662	0.183837	0.186838	0.187080	
2790	0.189313	0.189602	0.175879	0.180680	0.170833	0.181864	0.188644	0.182197	0.189732	0.188385	
2795	0.192309	0.187921	0.171788	0.179171	0.170086	0.184092	0.189266	0.183113	0.187905	0.188723	
2800	0.194362	0.182804	0.170391	0.181332	0.176680	0.184007	0.192762	0.181049	0.189176	0.184709	
2805	0.186869	0.182589	0.172324	0.184409	0.174266	0.177447	0.191792	0.184131	0.188203	0.182461	
2810	0.184494	0.176296	0.169860	0.180066	0.174938	0.181391	0.194182	0.185866	0.185252	0.185493	
2815	0.186447	0.172171	0.171158	0.179688	0.175050	0.183877	0.193407	0.184404	0.180159	0.183884	
2820	0.193975	0.173040	0.169361	0.182336	0.177293	0.183137	0.191093	0.182966	0.182961	0.181699	
2825	0.195449	0.174361	0.168575	0.187807	0.177922	0.180426	0.187900	0.180138	0.185616	0.187168	
2830	0.194019	0.176441	0.167186	0.189722	0.176153	0.182184	0.188276	0.179817	0.184223	0.183184	
2835	0.184323	0.172903	0.169152	0.186955	0.175977	0.184073	0.185528	0.178940	0.182889	0.188819	
2840	0.184094	0.172753	0.170671	0.180377	0.179741	0.184482	0.186315	0.181547	0.178680	0.188311	
2845	0.185234	0.171936	0.169102	0.178436	0.183153	0.180751	0.184715	0.184099	0.179100	0.189181	
2850	0.184769	0.173624	0.169816	0.179957	0.184569	0.175077	0.185656	0.181443	0.178321	0.186395	
2855	0.180407	0.170895	0.170876	0.183311	0.179841	0.174902	0.186859	0.180805	0.177819	0.183766	
2860	0.181478	0.169797	0.169606	0.182920	0.180843	0.173754	0.193135	0.179910	0.178027	0.180020	
2865	0.177757	0.171457	0.169484	0.179706	0.186388	0.170858	0.188739	0.180619	0.179885	0.178158	
2870	0.181299	0.166328	0.168082	0.181066	0.194676	0.172274	0.184873	0.178148	0.177413	0.174540	
2875	0.182143	0.165978	0.169939	0.181403	0.196205	0.167293	0.185065	0.178078	0.177514	0.174261	
2880	0.183107	0.166616	0.169407	0.180725	0.194769	0.162085	0.188118	0.179281	0.179437	0.175817	
2885	0.185226	0.168207	0.171291	0.180407	0.199477	0.159226	0.190980	0.181220	0.176600	0.176222	
2890	0.188698	0.172859	0.171776	0.182245	0.200317	0.165237	0.188813	0.179726	0.175128	0.174390	
2895	0.197656	0.171015	0.174221	0.181217	0.198756	0.166111	0.195789	0.180019	0.182337	0.177824	
2900	0.204559	0.176221	0.176290	0.183337	0.195024	0.170879	0.192843	0.183264	0.181062	0.175736	
2905	0.206017	0.180609	0.176704	0.183069	0.197112	0.170079	0.196881	0.183487	0.179478	0.178262	
2910	0.207684	0.184253	0.177170	0.186331	0.198718	0.171346	0.196080	0.178888	0.179464	0.176551	
2915	0.206289	0.188942	0.178391	0.184282	0.198540	0.173843	0.195530	0.180173	0.178040	0.176820	
2920	0.200179	0.186522	0.183188	0.187067	0.197963	0.174647	0.190677	0.180126	0.176395	0.174315	
2925	0.204264	0.186666	0.186099	0.186042	0.194171	0.181505	0.191396	0.181198	0.176014	0.170254	
2930	0.206810	0.188311	0.184871	0.183892	0.193458	0.180136	0.192457	0.181152	0.175061	0.167915	
2935	0.204033	0.189396	0.183335	0.178931	0.190113	0.181507	0.192602	0.183399	0.175708	0.168105	
2940	0.201056	0.191634	0.186973	0.176828	0.186422	0.184896	0.189246	0.178956	0.175183	0.168984	
2945	0.199329	0.190635	0.189316	0.179992	0.184366	0.189355	0.188470	0.173310	0.170121	0.169684	
2950	0.194721	0.190519	0.189092	0.178525	0.183331	0.187727	0.187450	0.170515	0.172206	0.168384	
2955	0.193648	0.183075	0.192256	0.172473	0.179854	0.186980	0.187958	0.172633	0.170908	0.173352	
2960	0.189400	0.187265	0.193112	0.172378	0.180490	0.187810	0.189111	0.177705	0.165267	0.173747	
2965	0.190068	0.181897	0.191738	0.168788	0.179948	0.192091	0.186806	0.177071	0.164543	0.174143	
2970	0.191760	0.180212	0.195897	0.176825	0.178948	0.190768	0.186801	0.174139	0.169873	0.174231	
2975	0.191061	0.175939	0.192912	0.177055	0.179154	0.191276	0.186271	0.174909	0.174330	0.177476	
2980	0.195227	0.174673	0.190513	0.178720	0.180899	0.195187	0.187521	0.174651	0.170310	0.178860	
2985	0.190101	0.175647	0.188481	0.178513	0.178919	0.196912	0.186271	0.179893	0.170627	0.181777	
2990	0.188136	0.176284	0.190291	0.184788	0.177385	0.200646	0.187006	0.185391	0.168593	0.186738	
2995	0.186410	0.180311	0.194548	0.182477	0.177461	0.200571	0.183522	0.191130	0.168679	0.187158	
3000	0.186586	0.183033	0.193718	0.184204	0.179664	0.200216	0.184106	0.192275	0.173139	0.187258	
