T	rep_1	rep_2	rep_3	rep_4	rep_5	rep_6	rep_7	rep_8	rep_9	rep_10
5	0.000000	0.000000	0.000000	0.000000	0.000000	0.000000	0.000000	0.000000	0.000000	0.000000	
10	0.000000	0.000000	0.000000	0.000000	0.000000	0.000000	0.000000	0.000000	0.000000	0.000000	
15	0.000000	0.000000	0.000000	0.000000	0.000000	0.000000	0.000000	0.000000	0.000000	0.000000	
20	0.000000	0.000000	0.000000	0.000000	0.000000	0.000000	0.000000	0.000000	0.000000	0.000000	
25	0.000000	0.000000	0.000000	0.000000	0.000000	0.000000	0.000000	0.000000	0.000000	0.000000	
30	0.000000	0.000000	0.000000	0.000000	0.000000	0.000000	0.000000	0.000000	0.000000	0.000000	
35	0.000000	0.000000	0.000000	0.000000	0.000000	0.000000	0.000000	0.000000	0.000000	0.000000	
40	0.000000	0.000000	0.000000	0.000000	0.000000	0.000000	0.000000	0.000000	0.000000	0.000000	
45	0.000000	0.000000	0.000000	0.000000	0.000000	0.000000	0.000000	0.000000	0.000000	0.000000	
50	0.000000	0.000000	0.000000	0.000000	0.000000	0.000000	0.000000	0.000000	0.000000	0.000000	
55	0.000000	0.000000	0.000000	0.000000	0.000000	0.000000	0.000000	0.000000	0.000000	0.000000	
60	0.000000	0.000000	0.000000	0.000000	0.000000	0.000000	0.000000	0.000000	0.000000	0.000000	
65	0.000000	0.000000	0.000000	0.000000	0.000000	0.000000	0.000000	0.000000	0.000000	0.000000	
70	0.000000	0.000000	0.000000	0.000000	0.000000	0.000000	0.000000	0.000000	0.000000	0.000000	
75	0.000000	0.000000	0.000000	0.000000	0.000000	0.000000	0.000000	0.000000	0.000000	0.000000	
80	0.000000	0.000000	0.000000	0.000000	0.000000	0.000000	0.000000	0.000000	0.000000	0.000000	
85	0.000000	0.000000	0.000000	0.000000	0.000000	0.000000	0.000000	0.000000	0.000000	0.000000	
90	0.000000	0.000000	0.000000	0.000000	0.000000	0.000000	0.000000	0.000000	0.000000	0.000000	
95	0.000000	0.000000	0.000000	0.000000	0.000000	0.000000	0.000000	0.000000	0.000000	0.000000	
100	0.000000	0.000000	0.000000	0.000000	0.000000	0.000000	0.000000	0.000000	0.000000	0.000000	
105	0.000000	0.000000	0.000000	0.000000	0.000000	0.000000	0.000000	0.000000	0.000000	0.000000	
110	0.000000	0.000000	0.000000	0.000000	0.000000	0.000000	0.000000	0.000000	0.000000	0.000000	
115	0.000000	0.000000	0.000000	0.000000	0.000000	0.000000	0.000000	0.000000	0.000000	0.000000	
120	0.000000	0.000000	0.000000	0.000000	0.000000	0.000000	0.000000	0.000000	0.000000	0.000000	
125	0.000000	0.000000	0.000000	0.000000	0.000000	0.000000	0.000000	0.000000	0.000000	0.000000	
130	0.000000	0.000000	0.000000	0.000000	0.000000	0.000000	0.000000	0.000000	0.000000	0.000000	
135	0.000000	0.000000	0.000000	0.000000	0.000000	0.000000	0.000000	0.000000	0.000000	0.000000	
140	0.000000	0.000000	0.000000	0.000000	0.000000	0.000000	0.000000	0.000000	0.000000	0.000000	
145	0.000000	0.000000	0.000000	0.000000	0.000000	0.000000	0.000000	0.000000	0.000000	0.000000	
150	0.000000	0.000000	0.000000	0.000000	0.000000	0.000000	0.000000	0.000000	0.000000	0.000000	
155	0.000000	0.000000	0.000000	0.000000	0.000000	0.000000	0.000000	0.000000	0.000000	0.000000	
160	0.000000	0.000000	0.000000	0.000000	0.000000	0.000000	0.000000	0.000000	0.000000	0.000000	
165	0.000000	0.000000	0.000000	0.000000	0.000000	0.000000	0.000000	0.000000	0.000000	0.000000	
170	0.000000	0.000000	0.000000	0.000000	0.000000	0.000000	0.000000	0.000000	0.000000	0.000000	
175	0.000000	0.000000	0.000000	0.000000	0.000000	0.000000	0.000000	0.000000	0.000000	0.000000	
180	0.000000	0.000000	0.000000	0.000000	0.000000	0.000000	0.000000	0.000000	0.000000	0.000000	
185	0.000000	0.000000	0.000000	0.000000	0.000000	0.000000	0.000000	0.000000	0.000000	0.000000	
190	0.000000	0.000000	0.000000	0.000000	0.000000	0.000000	0.000000	0.000000	0.000000	0.000000	
195	0.000000	0.000000	0.000000	0.000000	0.000000	0.000000	0.000000	0.000000	0.000000	0.000000	
200	0.000000	0.000000	0.000000	0.000000	0.000000	0.000000	0.000000	0.000000	0.000000	0.000000	
205	0.001022	0.000945	0.002169	0.001346	0.000548	0.001013	0.001462	0.001844	0.000556	0.002113	
210	0.001764	0.003586	0.000738	0.002541	0.002339	0.000861	0.003034	0.004281	0.001062	0.003639	
215	0.003371	0.004162	0.003857	0.004744	0.002218	0.003118	0.003771	0.005178	0.001989	0.003680	
220	0.002889	0.004533	0.005078	0.003604	0.003394	0.002617	0.003474	0.006054	0.002176	0.003033	
225	0.001361	0.005199	0.006465	0.003000	0.002600	0.005723	0.004763	0.004673	0.003033	0.003892	
230	0.001034	0.006538	0.007017	0.003687	0.003726	0.005427	0.003704	0.003783	0.001746	0.004370	
235	0.001687	0.006591	0.003619	0.004501	0.002787	0.006568	0.005146	0.003350	0.002355	0.004497	
240	0.002207	0.006326	0.002189	0.003813	0.004614	0.007899	0.004703	0.002640	0.001755	0.002507	
245	0.004358	0.008358	0.002816	0.001669	0.002894	0.006090	0.004709	0.004397	0.001674	0.003135	
250	0.004029	0.006496	0.003355	0.002334	0.002742	0.006229	0.003881	0.002813	0.004057	0.003783	
255	0.004070	0.006566	0.001679	0.002731	0.003396	0.006473	0.003360	0.002437	0.004599	0.003979	
260	0.004182	0.004751	0.002319	0.002859	0.003216	0.004511	0.003277	0.002724	0.003207	0.002718	
265	0.003856	0.003343	0.001320	0.002884	0.002939	0.003852	0.003764	0.002048	0.003742	0.004312	
270	0.003607	0.004827	0.001130	0.003631	0.004171	0.004944	0.003867	0.003872	0.004306	0.004113	
275	0.002921	0.003287	0.002865	0.003415	0.003605	0.004887	0.002313	0.002358	0.004365	0.003109	
280	0.002031	0.002933	0.003440	0.003024	0.002826	0.003337	0.003009	0.002842	0.003411	0.003924	
285	0.003274	0.002311	0.002938	0.003981	0.004511	0.002858	0.004571	0.003845	0.005915	0.003799	
290	0.005589	0.003798	0.003767	0.003751	0.003496	0.002300	0.004908	0.002890	0.002270	0.005321	
295	0.007807	0.004149	0.003818	0.003613	0.003197	0.004316	0.003423	0.003557	0.002530	0.003806	
300	0.005171	0.004050	0.002531	0.003421	0.003237	0.004926	0.002593	0.004112	0.002584	0.003382	
305	0.005944	0.004946	0.004474	0.004418	0.002420	0.003266	0.002346	0.005200	0.003207	0.004191	
310	0.004608	0.004594	0.004463	0.004093	0.002100	0.002982	0.004698	0.005344	0.003820	0.004504	
315	0.005417	0.003580	0.005184	0.004491	0.002572	0.004497	0.002371	0.004283	0.004544	0.002998	
320	0.004674	0.003785	0.004729	0.004035	0.002988	0.003792	0.001766	0.002714	0.004743	0.002414	
325	0.003180	0.003865	0.002875	0.005292	0.004301	0.003670	0.002343	0.003661	0.004279	0.003474	
330	0.003469	0.004545	0.005493	0.005100	0.005176	0.005247	0.004976	0.005006	0.006085	0.002700	
335	0.004093	0.005530	0.005592	0.004290	0.003922	0.003989	0.001964	0.004250	0.008208	0.005195	
340	0.002942	0.007862	0.005417	0.004297	0.005069	0.003542	0.004438	0.004701	0.007368	0.004601	
345	0.004270	0.006034	0.004838	0.005744	0.004362	0.002509	0.003224	0.003649	0.006911	0.004564	
350	0.003435	0.006033	0.003784	0.006508	0.004474	0.002341	0.003454	0.003427	0.004796	0.004872	
355	0.003517	0.006401	0.005176	0.005336	0.002927	0.003755	0.004804	0.004331	0.004579	0.006002	
360	0.003745	0.004891	0.006039	0.005133	0.005990	0.005220	0.005201	0.003387	0.003877	0.005212	
365	0.003139	0.001913	0.006320	0.004099	0.004594	0.003437	0.007104	0.002109	0.004978	0.004715	
370	0.002918	0.001465	0.005979	0.004111	0.002906	0.003136	0.006386	0.002017	0.007249	0.007255	
375	0.003063	0.003098	0.005840	0.003691	0.006664	0.003941	0.005526	0.005181	0.008705	0.007053	
380	0.003420	0.005110	0.004802	0.003082	0.005511	0.003283	0.005274	0.006258	0.007917	0.007457	
385	0.002976	0.003363	0.004226	0.004610	0.004510	0.005119	0.005531	0.010274	0.008993	0.008548	
390	0.003666	0.003743	0.004413	0.004205	0.006294	0.004322	0.004622	0.009091	0.007975	0.006990	
395	0.003811	0.003833	0.005353	0.004591	0.005267	0.005085	0.006940	0.008334	0.007972	0.007247	
400	0.003053	0.003160	0.003367	0.003933	0.004985	0.005064	0.003711	0.008087	0.008004	0.010799	
405	0.002874	0.004352	0.002072	0.004294	0.003810	0.006488	0.004807	0.008595	0.007720	0.009658	
410	0.003507	0.005550	0.002922	0.003572	0.003273	0.006847	0.001985	0.008101	0.005790	0.008453	
415	0.003955	0.003245	0.004199	0.002612	0.002456	0.004918	0.002332	0.008349	0.004067	0.007757	
420	0.004564	0.002879	0.002698	0.004022	0.003305	0.004214	0.002609	0.008260	0.003851	0.006041	
425	0.005414	0.004068	0.002821	0.005329	0.002594	0.005001	0.001941	0.007453	0.003932	0.005805	
430	0.005139	0.004182	0.003623	0.004024	0.004352	0.003865	0.002312	0.004704	0.006043	0.005280	
435	0.004308	0.005646	0.002333	0.004271	0.003858	0.004914	0.002284	0.004526	0.005030	0.006121	
440	0.002693	0.004321	0.003377	0.003202	0.003853	0.005542	0.003655	0.005113	0.003339	0.005302	
445	0.003725	0.005958	0.004421	0.003418	0.003440	0.006690	0.002477	0.005120	0.003835	0.004314	
450	0.003324	0.009613	0.003108	0.003333	0.003858	0.003748	0.002677	0.004777	0.003578	0.004764	
455	0.002954	0.006088	0.004415	0.003827	0.005905	0.005038	0.003057	0.008589	0.003645	0.004060	
460	0.002862	0.005969	0.003729	0.004257	0.004591	0.005665	0.003782	0.007999	0.003760	0.004514	
465	0.004109	0.004506	0.003411	0.005060	0.006278	0.005684	0.004296	0.006401	0.003320	0.004925	
470	0.004470	0.005381	0.003610	0.005925	0.004723	0.005057	0.004582	0.003937	0.002573	0.005305	
475	0.004837	0.006044	0.004476	0.002316	0.004800	0.005734	0.004011	0.003312	0.001940	0.004585	
480	0.005011	0.003749	0.003870	0.002833	0.005055	0.005783	0.002659	0.004020	0.003354	0.003520	
485	0.005740	0.004561	0.003494	0.005093	0.006285	0.005187	0.003931	0.003698	0.003292	0.005690	
490	0.006756	0.005160	0.002183	0.005376	0.006203	0.004350	0.003608	0.004139	0.002723	0.003815	
495	0.007866	0.003898	0.001386	0.004491	0.007320	0.005174	0.003923	0.003890	0.004289	0.005192	
500	0.005003	0.006225	0.001392	0.002710	0.008073	0.005965	0.003772	0.004633	0.002864	0.005766	
505	0.007543	0.006253	0.004019	0.002576	0.004077	0.008870	0.002234	0.003828	0.003763	0.006533	
510	0.007244	0.006968	0.006756	0.003454	0.005758	0.007539	0.003665	0.003090	0.005452	0.005125	
515	0.008303	0.004696	0.004303	0.004908	0.005691	0.006836	0.003246	0.003108	0.005011	0.006558	
520	0.004733	0.006940	0.006498	0.006640	0.006068	0.010693	0.002897	0.002508	0.003258	0.005106	
525	0.005106	0.008507	0.007250	0.006084	0.004365	0.009379	0.002843	0.002132	0.001833	0.005708	
530	0.005608	0.011654	0.005885	0.003360	0.003724	0.007659	0.002906	0.002426	0.002090	0.004007	
535	0.005633	0.006459	0.004624	0.005041	0.004415	0.007841	0.002387	0.002335	0.003818	0.005601	
540	0.005688	0.006574	0.004514	0.004331	0.006370	0.006716	0.005997	0.003014	0.005330	0.005804	
545	0.008477	0.007796	0.004599	0.003526	0.006414	0.005572	0.003885	0.002745	0.006859	0.003819	
550	0.006998	0.009238	0.004585	0.003255	0.005193	0.004256	0.003689	0.003002	0.005412	0.004367	
555	0.004689	0.010630	0.005209	0.001902	0.002574	0.003514	0.004951	0.003791	0.005027	0.005379	
560	0.007048	0.010518	0.005874	0.001600	0.003600	0.002341	0.005610	0.005483	0.005699	0.004368	
565	0.004127	0.006894	0.007258	0.002784	0.003075	0.002333	0.004524	0.004533	0.007051	0.004557	
570	0.004144	0.006729	0.005760	0.001806	0.002205	0.002570	0.005187	0.003952	0.003596	0.005685	
575	0.003292	0.004647	0.004998	0.001273	0.001910	0.002615	0.003761	0.005793	0.003124	0.005815	
580	0.006299	0.005098	0.004828	0.003789	0.003375	0.002956	0.003994	0.005173	0.002341	0.004342	
585	0.006576	0.003888	0.004272	0.004578	0.003862	0.003392	0.003914	0.005108	0.002668	0.003887	
590	0.005097	0.005910	0.007159	0.005431	0.003202	0.005169	0.006641	0.003453	0.006972	0.003885	
595	0.003236	0.004796	0.008248	0.004856	0.004169	0.007571	0.006220	0.005733	0.006331	0.003516	
600	0.003104	0.004317	0.009910	0.006035	0.004966	0.006296	0.005507	0.003582	0.004173	0.002003	
605	0.002510	0.005274	0.013732	0.007224	0.004875	0.003281	0.004911	0.001856	0.002012	0.002715	
610	0.004032	0.005136	0.009389	0.006462	0.002523	0.003657	0.004493	0.002817	0.003429	0.004312	
615	0.004810	0.005739	0.011134	0.004877	0.001846	0.003363	0.005050	0.004335	0.004011	0.003882	
620	0.004180	0.005533	0.008289	0.005674	0.002566	0.001884	0.004389	0.004515	0.001995	0.005231	
625	0.004286	0.003606	0.006784	0.005366	0.002524	0.002312	0.005053	0.004405	0.002480	0.005731	
630	0.004767	0.002905	0.007933	0.007029	0.003239	0.001459	0.005998	0.008177	0.001794	0.005330	
635	0.004383	0.003183	0.006645	0.005235	0.005365	0.002804	0.003361	0.008783	0.003826	0.005532	
640	0.002652	0.004257	0.006857	0.006530	0.004764	0.003421	0.003548	0.006336	0.002574	0.005803	
645	0.002305	0.002911	0.007644	0.005872	0.006205	0.002832	0.004598	0.007132	0.003349	0.004957	
650	0.001621	0.005456	0.008401	0.007904	0.005011	0.003020	0.005066	0.006419	0.003250	0.003317	
655	0.002393	0.007323	0.007615	0.006888	0.006437	0.004791	0.004479	0.006909	0.002657	0.003053	
660	0.006046	0.005852	0.007852	0.004127	0.003941	0.004094	0.004428	0.007069	0.003544	0.003185	
665	0.004841	0.006372	0.009021	0.004540	0.003635	0.003960	0.004945	0.006081	0.002603	0.005043	
670	0.006033	0.006001	0.007852	0.007759	0.003910	0.004128	0.003769	0.006610	0.003767	0.005431	
675	0.007846	0.004368	0.006454	0.006775	0.002829	0.003147	0.003295	0.006287	0.003515	0.004892	
680	0.007036	0.006422	0.004762	0.005151	0.004628	0.002491	0.003318	0.005026	0.003350	0.005955	
685	0.005527	0.005784	0.004957	0.004878	0.004337	0.002653	0.003627	0.004468	0.002647	0.007310	
690	0.004977	0.005918	0.005690	0.005105	0.004235	0.003980	0.003542	0.008252	0.002586	0.005976	
695	0.004577	0.009109	0.006095	0.002679	0.006685	0.003075	0.004234	0.007391	0.003201	0.006661	
700	0.006452	0.007497	0.006482	0.003353	0.006958	0.003852	0.003707	0.006534	0.007081	0.007365	
705	0.005489	0.006637	0.006170	0.003777	0.005887	0.002602	0.003212	0.008461	0.006335	0.004051	
710	0.004591	0.003306	0.005366	0.002841	0.006021	0.002614	0.004198	0.008136	0.005929	0.004643	
715	0.003562	0.004293	0.004733	0.005487	0.003682	0.002882	0.002665	0.006853	0.007821	0.005014	
720	0.003499	0.004074	0.004741	0.002431	0.005277	0.001992	0.004285	0.005953	0.004933	0.007106	
725	0.002856	0.004279	0.005484	0.003919	0.006450	0.002623	0.004552	0.006915	0.004779	0.007424	
730	0.004601	0.004381	0.006374	0.003500	0.007890	0.003080	0.003799	0.008593	0.004011	0.006126	
735	0.002941	0.005863	0.005233	0.003142	0.007030	0.004702	0.005077	0.007299	0.004239	0.003845	
740	0.004467	0.005669	0.003778	0.002980	0.005547	0.004029	0.004921	0.008327	0.004477	0.004047	
745	0.004971	0.003165	0.002723	0.005463	0.003535	0.003048	0.006739	0.009228	0.003424	0.005964	
750	0.004157	0.004698	0.003338	0.003449	0.004029	0.002379	0.004665	0.009760	0.002757	0.005980	
755	0.002839	0.004638	0.002294	0.005138	0.004238	0.001884	0.008433	0.006864	0.002601	0.003895	
760	0.002944	0.004559	0.003613	0.005041	0.004449	0.002989	0.009270	0.005334	0.003446	0.004529	
765	0.003006	0.004631	0.005829	0.004767	0.004366	0.004397	0.007348	0.006126	0.003627	0.003631	
770	0.005119	0.005519	0.003832	0.005054	0.004650	0.005162	0.005251	0.005597	0.003663	0.006138	
775	0.003081	0.004770	0.003287	0.002772	0.005473	0.005221	0.004800	0.006114	0.002131	0.006142	
780	0.003498	0.004689	0.003574	0.003504	0.005265	0.007878	0.004738	0.008812	0.004216	0.006128	
785	0.003578	0.005049	0.004492	0.003111	0.004879	0.009738	0.003904	0.005855	0.004452	0.004755	
790	0.005072	0.004673	0.004292	0.002216	0.004569	0.007607	0.003925	0.004757	0.006531	0.005686	
795	0.004377	0.005293	0.004512	0.003891	0.004341	0.005443	0.005087	0.004799	0.005536	0.004050	
800	0.003426	0.004726	0.005841	0.003885	0.005761	0.004325	0.007030	0.003934	0.002840	0.003238	
805	0.004127	0.004925	0.004239	0.003738	0.006837	0.003357	0.008622	0.005233	0.001866	0.002922	
810	0.005013	0.003482	0.005643	0.003505	0.005912	0.004082	0.007606	0.005172	0.003574	0.004171	
815	0.004441	0.002772	0.003076	0.005128	0.007001	0.004495	0.007412	0.004782	0.002022	0.005780	
820	0.005277	0.004651	0.003181	0.004351	0.007304	0.004883	0.006507	0.003391	0.002388	0.007114	
825	0.006642	0.003993	0.002481	0.006149	0.006835	0.004842	0.005708	0.005117	0.001628	0.005538	
830	0.004955	0.003849	0.003021	0.006302	0.005938	0.004088	0.007204	0.004041	0.002271	0.005678	
835	0.006191	0.004680	0.002440	0.007598	0.004738	0.002697	0.008644	0.004220	0.002556	0.005098	
840	0.007879	0.003608	0.003624	0.004816	0.005115	0.003426	0.011200	0.005982	0.004093	0.005782	
845	0.006672	0.004679	0.004778	0.004613	0.004862	0.003587	0.008829	0.005251	0.004680	0.006804	
850	0.004386	0.002074	0.005758	0.003809	0.006333	0.002976	0.007945	0.005572	0.005290	0.008036	
855	0.005363	0.003176	0.004373	0.003982	0.003089	0.002465	0.011299	0.006564	0.004227	0.005187	
860	0.008226	0.002045	0.003583	0.004955	0.004049	0.003574	0.009803	0.005297	0.005942	0.004541	
865	0.008843	0.002674	0.004364	0.002725	0.005030	0.003978	0.007212	0.004888	0.006359	0.007275	
870	0.008630	0.003267	0.003050	0.002945	0.004401	0.005900	0.006744	0.006379	0.004240	0.008525	
875	0.009931	0.002145	0.004441	0.003479	0.003989	0.004399	0.007174	0.005613	0.004403	0.006771	
880	0.005362	0.003718	0.004602	0.005630	0.003934	0.005563	0.006815	0.003853	0.003612	0.004903	
885	0.004466	0.001405	0.002796	0.006585	0.003871	0.004047	0.006901	0.005307	0.005294	0.004252	
890	0.005024	0.001849	0.004419	0.004876	0.004667	0.003614	0.008265	0.005809	0.005432	0.005075	
895	0.003814	0.003601	0.005278	0.004783	0.005050	0.004077	0.006580	0.006455	0.004974	0.005324	
900	0.004307	0.004973	0.004284	0.004539	0.004558	0.004898	0.003081	0.005853	0.004383	0.004098	
905	0.005033	0.006197	0.003337	0.005391	0.007787	0.006684	0.003874	0.005831	0.004381	0.003965	
910	0.005218	0.005733	0.003529	0.005318	0.005492	0.005415	0.002855	0.005839	0.003298	0.005562	
915	0.004610	0.004891	0.004579	0.004303	0.005667	0.004015	0.004960	0.005741	0.002884	0.004048	
920	0.003856	0.004707	0.006308	0.003497	0.006003	0.004226	0.004902	0.005254	0.002761	0.003130	
925	0.005232	0.003641	0.003805	0.003913	0.005581	0.005951	0.003622	0.005526	0.003416	0.003549	
930	0.005002	0.006537	0.002972	0.004279	0.006246	0.005410	0.003624	0.006708	0.003638	0.003789	
935	0.004570	0.005497	0.005960	0.003833	0.005047	0.007211	0.003106	0.006094	0.004112	0.007177	
940	0.004761	0.005291	0.004377	0.005207	0.005424	0.006674	0.002855	0.005549	0.005608	0.005898	
945	0.004742	0.008921	0.004706	0.003631	0.007811	0.006713	0.003627	0.004822	0.004543	0.008031	
950	0.005031	0.008166	0.004460	0.003703	0.007454	0.007529	0.005566	0.005446	0.004846	0.008476	
955	0.005344	0.005734	0.004357	0.003021	0.010002	0.007119	0.004194	0.004183	0.004147	0.006739	
960	0.004369	0.005089	0.005981	0.004834	0.009808	0.004354	0.005960	0.005185	0.003677	0.003994	
965	0.003073	0.004557	0.003508	0.005348	0.008425	0.002958	0.007274	0.003728	0.003892	0.003718	
970	0.003780	0.006034	0.003534	0.004502	0.007122	0.002416	0.005112	0.002641	0.002623	0.004587	
975	0.006108	0.008870	0.003422	0.003858	0.006679	0.003590	0.002944	0.003687	0.003852	0.006027	
980	0.004826	0.005836	0.002912	0.002999	0.004902	0.003668	0.003597	0.003935	0.002218	0.006035	
985	0.004516	0.007422	0.002469	0.003507	0.003694	0.003348	0.004667	0.004125	0.002999	0.004627	
990	0.003500	0.007814	0.002383	0.005170	0.003859	0.004485	0.003741	0.004251	0.003545	0.005612	
995	0.002816	0.005944	0.001937	0.004556	0.004868	0.005837	0.003794	0.004278	0.003567	0.005203	
1000	0.003153	0.005313	0.003849	0.005366	0.004955	0.003771	0.005543	0.007104	0.005889	0.006223	
1005	0.004045	0.006318	0.003995	0.006006	0.004661	0.002861	0.004540	0.004956	0.005134	0.005222	
1010	0.004683	0.005500	0.002524	0.004417	0.002227	0.003832	0.003566	0.004772	0.004524	0.002950	
1015	0.006546	0.005145	0.002451	0.005437	0.003354	0.005615	0.004766	0.004527	0.003607	0.002961	
1020	0.006123	0.006414	0.004340	0.005468	0.003346	0.004634	0.004533	0.004526	0.003499	0.004111	
1025	0.004541	0.006239	0.003308	0.003929	0.002894	0.003970	0.003504	0.005507	0.005183	0.005096	
1030	0.003669	0.004666	0.004897	0.005529	0.003693	0.006255	0.004415	0.006453	0.004369	0.006272	
1035	0.003520	0.004951	0.004295	0.004808	0.003150	0.006723	0.005046	0.006192	0.002538	0.004562	
1040	0.005302	0.006222	0.004724	0.007317	0.003857	0.006294	0.002786	0.005479	0.003831	0.005804	
1045	0.004253	0.006236	0.004577	0.005414	0.003534	0.004255	0.004104	0.005999	0.004506	0.005377	
1050	0.002684	0.004947	0.004410	0.007579	0.004285	0.004056	0.004490	0.007423	0.005190	0.006483	
1055	0.002145	0.006216	0.003123	0.006816	0.003671	0.003915	0.008046	0.007247	0.007113	0.010796	
1060	0.002977	0.005396	0.004510	0.006461	0.003127	0.003555	0.004714	0.006750	0.004755	0.008006	
1065	0.003509	0.005079	0.004067	0.007175	0.003742	0.002833	0.006296	0.006692	0.004561	0.005694	
1070	0.002486	0.005355	0.005283	0.004972	0.002049	0.005770	0.006275	0.006278	0.004623	0.005243	
1075	0.004462	0.005225	0.003804	0.006733	0.002996	0.004274	0.006049	0.006268	0.005577	0.004040	
1080	0.004384	0.006959	0.004010	0.006388	0.003305	0.006244	0.003872	0.004845	0.006045	0.003081	
1085	0.003463	0.007711	0.004482	0.007514	0.004643	0.007261	0.002732	0.005511	0.005683	0.003475	
1090	0.003117	0.007421	0.005832	0.004062	0.004596	0.007565	0.001880	0.005345	0.005075	0.004590	
1095	0.001938	0.005876	0.005609	0.002788	0.003404	0.008948	0.003664	0.005509	0.003616	0.003732	
1100	0.002354	0.006413	0.005698	0.005091	0.004239	0.007045	0.002911	0.005726	0.003038	0.004799	
1105	0.002822	0.007291	0.004705	0.003430	0.004946	0.005133	0.003348	0.004296	0.004170	0.004697	
1110	0.004064	0.008509	0.002617	0.002067	0.004135	0.008025	0.003004	0.004305	0.004997	0.004093	
1115	0.005184	0.008445	0.002039	0.003851	0.002680	0.008221	0.004201	0.004156	0.007915	0.005523	
1120	0.004004	0.009461	0.001777	0.004189	0.003735	0.007561	0.004058	0.006218	0.005241	0.005015	
1125	0.004086	0.007538	0.002381	0.004920	0.005018	0.006998	0.003288	0.008998	0.004657	0.005955	
1130	0.004214	0.007832	0.001898	0.003352	0.004973	0.005249	0.004167	0.008421	0.005140	0.006576	
1135	0.003641	0.007185	0.002367	0.004483	0.007599	0.006498	0.006496	0.006162	0.007671	0.007073	
1140	0.005058	0.008296	0.003396	0.003943	0.005743	0.005663	0.003920	0.008976	0.007158	0.006572	
1145	0.005685	0.010329	0.004564	0.004244	0.006949	0.005721	0.005009	0.009763	0.005346	0.006565	
1150	0.007269	0.010400	0.005225	0.004654	0.004602	0.004409	0.005250	0.008440	0.005969	0.005403	
1155	0.005933	0.011116	0.006515	0.007350	0.002764	0.004430	0.004250	0.009134	0.006907	0.006143	
1160	0.006305	0.010689	0.005724	0.005945	0.003776	0.004393	0.004466	0.006726	0.007264	0.007166	
1165	0.007375	0.011453	0.005603	0.006716	0.005582	0.002791	0.004447	0.005092	0.004809	0.005026	
1170	0.007348	0.010962	0.004504	0.006029	0.003879	0.004567	0.004374	0.006897	0.003926	0.004178	
1175	0.006054	0.009149	0.005293	0.006668	0.002753	0.004149	0.003801	0.006366	0.003714	0.004093	
1180	0.005684	0.008601	0.005465	0.003338	0.002989	0.004303	0.004949	0.009460	0.003812	0.006289	
1185	0.008114	0.009227	0.004063	0.006336	0.005065	0.004607	0.005158	0.007865	0.003740	0.009310	
1190	0.006349	0.009734	0.004678	0.005847	0.004198	0.005544	0.005869	0.005958	0.002146	0.005131	
1195	0.004525	0.011234	0.005722	0.007572	0.004021	0.003943	0.006365	0.009261	0.002617	0.003953	
1200	0.003237	0.008127	0.004150	0.009331	0.002999	0.006812	0.007650	0.007658	0.002883	0.005254	
1205	0.003272	0.010761	0.003062	0.008144	0.005406	0.005662	0.006594	0.006227	0.002374	0.004664	
1210	0.004053	0.008926	0.003588	0.005517	0.004574	0.005710	0.004461	0.004947	0.003592	0.007275	
1215	0.003545	0.007840	0.003903	0.007091	0.003415	0.007730	0.006910	0.005991	0.002270	0.006378	
1220	0.001778	0.009019	0.003053	0.006456	0.005426	0.008550	0.007417	0.008118	0.003850	0.004006	
1225	0.003341	0.007437	0.005378	0.004774	0.004671	0.007430	0.005671	0.006756	0.006078	0.005706	
1230	0.004363	0.007004	0.005464	0.003810	0.005609	0.004981	0.007796	0.007914	0.003122	0.005092	
1235	0.003718	0.005946	0.005156	0.002860	0.006074	0.004626	0.008379	0.005357	0.005540	0.004333	
1240	0.003966	0.006714	0.006269	0.004224	0.006777	0.006783	0.005774	0.004198	0.005934	0.003895	
1245	0.003050	0.007390	0.005710	0.004991	0.003038	0.006047	0.003866	0.004323	0.004428	0.005387	
1250	0.003145	0.006681	0.004145	0.004828	0.004323	0.004935	0.005125	0.004551	0.005272	0.006034	
1255	0.002750	0.007160	0.005543	0.005064	0.002232	0.005790	0.004946	0.005088	0.005509	0.003593	
1260	0.005437	0.005621	0.005493	0.004635	0.002426	0.005293	0.007637	0.004082	0.005227	0.004181	
1265	0.004936	0.006077	0.004792	0.005547	0.003683	0.004699	0.008628	0.004894	0.004499	0.003748	
1270	0.005468	0.004919	0.002852	0.005054	0.003762	0.004533	0.009059	0.004434	0.002732	0.001775	
1275	0.006362	0.004669	0.001772	0.005097	0.004434	0.003003	0.006559	0.006167	0.002834	0.002273	
1280	0.006651	0.005214	0.002731	0.003884	0.004687	0.003975	0.006719	0.004743	0.003310	0.003319	
1285	0.006497	0.005245	0.003567	0.005557	0.002895	0.004992	0.004192	0.004895	0.002499	0.005251	
1290	0.006888	0.007271	0.003940	0.005938	0.003168	0.002773	0.003793	0.003525	0.003866	0.004588	
1295	0.005766	0.004331	0.003174	0.007424	0.003278	0.002164	0.002827	0.003783	0.005725	0.005062	
1300	0.006080	0.004174	0.002464	0.007058	0.002882	0.002418	0.002771	0.003351	0.006049	0.006989	
1305	0.007603	0.005182	0.003742	0.004379	0.003269	0.004334	0.004033	0.002034	0.005004	0.006219	
1310	0.007754	0.006703	0.004409	0.005881	0.001893	0.004190	0.005229	0.002856	0.004646	0.004406	
1315	0.005924	0.005687	0.007272	0.006184	0.002084	0.007414	0.005923	0.002701	0.005522	0.003642	
1320	0.006192	0.007040	0.008931	0.008057	0.002356	0.008884	0.005929	0.002619	0.004980	0.004634	
1325	0.005981	0.006221	0.006245	0.006484	0.002949	0.007250	0.005673	0.005586	0.004815	0.005567	
1330	0.004717	0.004812	0.005695	0.005472	0.002713	0.007310	0.005479	0.004460	0.003060	0.004163	
1335	0.002975	0.005064	0.005209	0.007244	0.002452	0.006471	0.004611	0.005974	0.004356	0.005097	
1340	0.003041	0.006739	0.004064	0.006591	0.003793	0.005366	0.004402	0.004063	0.002219	0.004701	
1345	0.004046	0.006386	0.004919	0.007854	0.003194	0.004561	0.004557	0.004822	0.002197	0.005809	
1350	0.005820	0.006507	0.003929	0.007842	0.005126	0.004730	0.003922	0.004856	0.004163	0.004960	
1355	0.004854	0.004850	0.005081	0.005377	0.003363	0.002949	0.004692	0.006675	0.004757	0.002714	
1360	0.004871	0.003769	0.004328	0.004941	0.004555	0.003052	0.004745	0.003747	0.004043	0.002601	
1365	0.008461	0.003685	0.002684	0.005247	0.002870	0.004252	0.003353	0.002742	0.002978	0.002805	
1370	0.006817	0.004031	0.002906	0.005684	0.002905	0.007651	0.005402	0.004098	0.003225	0.003979	
1375	0.007797	0.003978	0.004086	0.004539	0.003065	0.006806	0.004747	0.005769	0.003509	0.004618	
1380	0.009496	0.005703	0.002439	0.004292	0.003275	0.003885	0.004161	0.005472	0.002803	0.003946	
1385	0.005332	0.004017	0.002071	0.007989	0.002795	0.005522	0.003316	0.003715	0.003332	0.004321	
1390	0.005677	0.005408	0.002730	0.008918	0.002394	0.003924	0.003345	0.004949	0.003244	0.001670	
1395	0.005215	0.007491	0.005684	0.006546	0.003502	0.004950	0.004124	0.004905	0.003057	0.002992	
1400	0.005489	0.005532	0.002307	0.006754	0.004122	0.004803	0.006077	0.005609	0.003091	0.003517	
1405	0.004786	0.006670	0.003241	0.004562	0.004142	0.003009	0.004619	0.006014	0.003350	0.004563	
1410	0.004823	0.005794	0.002899	0.005067	0.007467	0.004246	0.006088	0.007310	0.003259	0.003442	
1415	0.004201	0.006478	0.005080	0.005535	0.005000	0.004112	0.006394	0.004862	0.002927	0.002921	
1420	0.003721	0.004176	0.005401	0.005705	0.004111	0.004461	0.005432	0.004464	0.005864	0.002853	
1425	0.004626	0.004857	0.004106	0.003856	0.004040	0.005854	0.006992	0.004905	0.006715	0.002625	
1430	0.002769	0.004231	0.004258	0.004922	0.003899	0.006192	0.008549	0.007038	0.008811	0.003270	
1435	0.003089	0.003129	0.003484	0.005772	0.005647	0.006740	0.008934	0.007857	0.006451	0.005913	
1440	0.006515	0.004193	0.006078	0.004110	0.005329	0.005839	0.010871	0.007765	0.005306	0.004882	
1445	0.007846	0.006701	0.005264	0.003835	0.004919	0.007013	0.010581	0.006082	0.004563	0.004108	
1450	0.004033	0.006030	0.004959	0.005758	0.003487	0.006783	0.005162	0.005881	0.003813	0.004775	
1455	0.004862	0.005114	0.004736	0.003699	0.004125	0.004896	0.006624	0.004401	0.002900	0.008043	
1460	0.002923	0.004180	0.004908	0.003064	0.003782	0.005620	0.007844	0.003563	0.003124	0.005068	
1465	0.003801	0.003322	0.007383	0.004254	0.002585	0.005761	0.009141	0.003761	0.002100	0.005742	
1470	0.003977	0.004964	0.006343	0.005347	0.003651	0.004976	0.007151	0.003877	0.002969	0.004504	
1475	0.004029	0.006296	0.006500	0.004096	0.004988	0.006857	0.004839	0.003526	0.004309	0.003587	
1480	0.003091	0.007003	0.003934	0.002686	0.005354	0.004054	0.004416	0.005614	0.004985	0.004661	
1485	0.003507	0.004467	0.005260	0.002795	0.004202	0.002716	0.004147	0.004152	0.002962	0.003292	
1490	0.005239	0.004842	0.007686	0.003314	0.006401	0.003403	0.003691	0.002893	0.002965	0.003033	
1495	0.004815	0.004692	0.006976	0.002333	0.008412	0.003590	0.002182	0.004448	0.003889	0.003756	
1500	0.004318	0.005029	0.005299	0.002208	0.007634	0.006161	0.004128	0.006672	0.004419	0.004611	
1505	0.004756	0.004463	0.005863	0.003355	0.006551	0.004932	0.005345	0.005300	0.003916	0.004412	
1510	0.005929	0.005400	0.006139	0.004265	0.006967	0.005392	0.006759	0.006301	0.003068	0.005700	
1515	0.007125	0.005319	0.004989	0.003412	0.005361	0.007850	0.007490	0.006587	0.003563	0.005820	
1520	0.010304	0.004590	0.006023	0.003785	0.004047	0.005410	0.006724	0.007793	0.003680	0.004498	
1525	0.008557	0.004986	0.003170	0.005070	0.005208	0.004873	0.006848	0.007217	0.004588	0.006596	
1530	0.004308	0.003931	0.003547	0.004883	0.006308	0.004923	0.006182	0.007526	0.008864	0.004672	
1535	0.004220	0.003839	0.003972	0.003659	0.004375	0.004817	0.005644	0.008606	0.006908	0.004788	
1540	0.005776	0.003747	0.005160	0.005818	0.006920	0.002626	0.004912	0.006158	0.005352	0.005201	
1545	0.005931	0.007106	0.005400	0.006137	0.007627	0.004875	0.006145	0.005956	0.004062	0.005086	
1550	0.006904	0.006032	0.004396	0.004505	0.005633	0.003515	0.005623	0.006696	0.003607	0.004496	
1555	0.007787	0.007080	0.005777	0.006757	0.006881	0.002926	0.005702	0.004111	0.005890	0.004735	
1560	0.003356	0.006369	0.006481	0.009453	0.002843	0.002129	0.005748	0.007551	0.008077	0.003951	
1565	0.003920	0.005988	0.006381	0.007657	0.003474	0.004782	0.007179	0.005688	0.005864	0.003789	
1570	0.005572	0.005289	0.007564	0.005336	0.003902	0.003879	0.007857	0.005865	0.008359	0.004827	
1575	0.006262	0.004938	0.008931	0.005567	0.004854	0.003846	0.005072	0.004130	0.007827	0.004983	
1580	0.004132	0.004296	0.006298	0.005057	0.004613	0.004613	0.004714	0.003205	0.006606	0.005780	
1585	0.005171	0.004397	0.007422	0.005196	0.004327	0.005205	0.004475	0.003432	0.004219	0.007466	
1590	0.006208	0.002938	0.005283	0.004810	0.003042	0.005062	0.005420	0.003040	0.003823	0.007979	
1595	0.005487	0.005204	0.004863	0.002743	0.003528	0.004604	0.004590	0.004372	0.004016	0.004520	
1600	0.005548	0.005417	0.006674	0.003891	0.004352	0.002718	0.005347	0.003985	0.003998	0.003733	
1605	0.006353	0.006636	0.004948	0.002745	0.003203	0.002744	0.006291	0.002541	0.004523	0.005223	
1610	0.004011	0.006639	0.005842	0.002780	0.003198	0.003879	0.005525	0.002958	0.003354	0.003487	
1615	0.003950	0.006295	0.005625	0.002786	0.002740	0.001737	0.002552	0.006432	0.004537	0.005176	
1620	0.003054	0.005516	0.004673	0.004521	0.002005	0.002218	0.003923	0.003211	0.003427	0.004527	
1625	0.002976	0.003203	0.002298	0.005888	0.002446	0.003058	0.004068	0.003085	0.004077	0.003062	
1630	0.005665	0.005350	0.001753	0.007714	0.002154	0.003371	0.005514	0.003595	0.004956	0.004580	
1635	0.005209	0.004522	0.001936	0.005405	0.002458	0.003595	0.004570	0.002873	0.006088	0.003990	
1640	0.005566	0.003806	0.004010	0.005482	0.004111	0.003493	0.003927	0.002538	0.004434	0.005209	
1645	0.006769	0.002776	0.003189	0.004872	0.003418	0.004282	0.003463	0.001978	0.003432	0.003394	
1650	0.007540	0.003487	0.005700	0.003411	0.002422	0.003157	0.005296	0.004429	0.003147	0.004032	
1655	0.007868	0.002768	0.005897	0.004564	0.004031	0.006172	0.004737	0.005165	0.002057	0.004535	
1660	0.007208	0.004515	0.007484	0.004275	0.004482	0.006339	0.004024	0.010345	0.002596	0.005101	
1665	0.004292	0.005086	0.008098	0.004342	0.002657	0.005042	0.003291	0.007391	0.003086	0.003955	
1670	0.007324	0.003796	0.006334	0.003438	0.002877	0.007526	0.004116	0.005531	0.002018	0.004723	
1675	0.007407	0.005350	0.003491	0.005724	0.003703	0.005205	0.004607	0.005884	0.002885	0.004675	
1680	0.004609	0.006275	0.005282	0.006143	0.004836	0.004828	0.002264	0.004599	0.004335	0.004234	
1685	0.006081	0.004693	0.004634	0.005192	0.007516	0.004415	0.002297	0.005524	0.003843	0.003477	
1690	0.006538	0.005843	0.002499	0.004404	0.009409	0.009057	0.001728	0.006868	0.004966	0.005134	
1695	0.005623	0.004199	0.003909	0.004974	0.006834	0.006852	0.003199	0.005032	0.005149	0.004795	
1700	0.008754	0.004343	0.003787	0.004829	0.007918	0.006505	0.002823	0.004850	0.006435	0.003919	
1705	0.007198	0.004246	0.003490	0.005281	0.010358	0.004590	0.002540	0.004460	0.006976	0.003985	
1710	0.007326	0.003392	0.004422	0.003098	0.011343	0.004573	0.003180	0.003744	0.005664	0.004281	
1715	0.008488	0.004010	0.004124	0.004693	0.008602	0.005442	0.004781	0.004307	0.003096	0.004526	
1720	0.007535	0.004744	0.003357	0.005440	0.010192	0.004392	0.003936	0.003376	0.004755	0.005304	
1725	0.003695	0.003118	0.004186	0.005531	0.007563	0.005267	0.006343	0.004815	0.006098	0.005723	
1730	0.004957	0.003578	0.004174	0.004405	0.007458	0.005940	0.005743	0.004664	0.006894	0.004748	
1735	0.004982	0.003281	0.002995	0.004375	0.006184	0.006125	0.007329	0.003704	0.006508	0.005350	
1740	0.002476	0.005524	0.003752	0.005806	0.008333	0.004474	0.005849	0.005230	0.007743	0.003874	
1745	0.003152	0.006982	0.003986	0.004236	0.006102	0.005153	0.005709	0.005426	0.005423	0.004173	
1750	0.004049	0.005202	0.004193	0.004454	0.007538	0.003567	0.005721	0.004019	0.004576	0.007503	
1755	0.003785	0.004222	0.004785	0.003197	0.007316	0.004750	0.004827	0.003618	0.003820	0.007982	
1760	0.001746	0.003782	0.006831	0.003920	0.006112	0.005999	0.003350	0.004335	0.005793	0.006569	
1765	0.003982	0.003595	0.004986	0.003967	0.005804	0.004422	0.004010	0.004306	0.004687	0.004969	
1770	0.003930	0.003303	0.003966	0.004187	0.004972	0.004364	0.004042	0.006680	0.003750	0.007593	
1775	0.004561	0.002739	0.004713	0.003768	0.004511	0.002990	0.004954	0.003806	0.004088	0.005101	
1780	0.004672	0.004791	0.003269	0.004643	0.004047	0.003594	0.006244	0.003180	0.002526	0.004507	
1785	0.003224	0.003964	0.005356	0.005743	0.004231	0.003422	0.007971	0.004050	0.003764	0.005398	
1790	0.006307	0.003390	0.007473	0.003599	0.005026	0.003845	0.008682	0.003816	0.005088	0.005102	
1795	0.004883	0.004658	0.004332	0.006513	0.004355	0.003484	0.009397	0.003850	0.004349	0.004959	
1800	0.004726	0.004958	0.005274	0.006686	0.005447	0.003868	0.009382	0.003129	0.005104	0.004553	
1805	0.005029	0.005586	0.002794	0.007667	0.004449	0.003743	0.009466	0.002710	0.006302	0.005196	
1810	0.005415	0.004304	0.003785	0.008800	0.003579	0.003832	0.009232	0.002294	0.006055	0.006512	
1815	0.006665	0.006225	0.002928	0.008309	0.005607	0.005158	0.006429	0.002158	0.006083	0.006618	
1820	0.005980	0.006709	0.002871	0.005515	0.007716	0.004108	0.006330	0.004296	0.004411	0.006531	
1825	0.004688	0.005413	0.002284	0.005295	0.009137	0.003676	0.006544	0.005722	0.004213	0.004677	
1830	0.006167	0.005496	0.002694	0.005079	0.005640	0.003037	0.006504	0.005326	0.004771	0.004624	
1835	0.003824	0.006243	0.002884	0.005020	0.004745	0.003279	0.004403	0.005402	0.004923	0.004316	
1840	0.003643	0.005801	0.003329	0.006437	0.005422	0.001445	0.005689	0.005428	0.003402	0.004667	
1845	0.003438	0.005199	0.003897	0.006221	0.005631	0.001956	0.005939	0.006853	0.005917	0.004890	
1850	0.005286	0.005458	0.002148	0.005568	0.005871	0.005132	0.004855	0.006846	0.006133	0.004782	
1855	0.004235	0.005258	0.001981	0.006934	0.003077	0.003878	0.003543	0.005375	0.007253	0.004121	
1860	0.006013	0.006758	0.003206	0.008701	0.006472	0.003391	0.005469	0.003785	0.004883	0.004077	
1865	0.003762	0.006747	0.004451	0.008023	0.005139	0.002875	0.003262	0.005376	0.005477	0.005111	
1870	0.006975	0.006576	0.003111	0.006670	0.003762	0.003002	0.004048	0.005013	0.005344	0.004866	
1875	0.006973	0.006322	0.002631	0.008741	0.002615	0.003397	0.002575	0.005617	0.007440	0.004472	
1880	0.003407	0.003952	0.002781	0.007582	0.004832	0.003712	0.004893	0.007080	0.005171	0.005988	
1885	0.004307	0.007474	0.004151	0.005470	0.002967	0.005587	0.002561	0.007866	0.005079	0.006378	
1890	0.004833	0.004726	0.003714	0.006715	0.002370	0.005858	0.003612	0.008477	0.005297	0.005313	
1895	0.006153	0.004195	0.003739	0.007312	0.001501	0.002817	0.004517	0.006742	0.007518	0.007067	
1900	0.006217	0.003601	0.004694	0.006141	0.003187	0.003876	0.005127	0.003684	0.005561	0.006663	
1905	0.003979	0.003182	0.005395	0.004034	0.002216	0.007569	0.002698	0.003617	0.005461	0.008324	
1910	0.004400	0.005119	0.005364	0.005473	0.003872	0.005212	0.005429	0.002171	0.005193	0.008584	
1915	0.004259	0.003370	0.006023	0.003464	0.005522	0.006736	0.003746	0.001980	0.005248	0.008804	
1920	0.002979	0.004661	0.005876	0.004286	0.005355	0.007486	0.003307	0.005128	0.005697	0.010106	
1925	0.005321	0.005072	0.004913	0.004051	0.004891	0.005018	0.004702	0.005594	0.005020	0.009548	
1930	0.005232	0.005058	0.004692	0.004166	0.005562	0.006635	0.004953	0.005469	0.004745	0.012638	
1935	0.008825	0.003275	0.003657	0.004848	0.003973	0.005467	0.003505	0.006274	0.004893	0.011121	
1940	0.009481	0.005143	0.002596	0.003927	0.005547	0.003846	0.002637	0.007237	0.005611	0.008377	
1945	0.007190	0.004303	0.003262	0.003188	0.005268	0.002497	0.003482	0.006979	0.003902	0.006758	
1950	0.005977	0.004103	0.005033	0.002498	0.007642	0.003993	0.003850	0.005661	0.003582	0.005604	
1955	0.003647	0.003263	0.006669	0.004133	0.006634	0.004945	0.004615	0.004375	0.004073	0.006352	
1960	0.006151	0.004941	0.005745	0.003656	0.010863	0.004491	0.003902	0.004178	0.005167	0.005211	
1965	0.004709	0.005430	0.003036	0.005154	0.009930	0.004600	0.006092	0.005153	0.004317	0.008024	
1970	0.002645	0.004404	0.002719	0.003122	0.007746	0.004355	0.006169	0.003628	0.002616	0.006411	
1975	0.002628	0.005144	0.003147	0.003688	0.007007	0.003354	0.005964	0.002501	0.003564	0.004601	
1980	0.005615	0.005698	0.003366	0.005051	0.008360	0.002845	0.003663	0.002313	0.003320	0.005437	
1985	0.004880	0.003474	0.006574	0.003097	0.008152	0.004324	0.004037	0.001381	0.001689	0.004096	
1990	0.006982	0.003430	0.003517	0.004258	0.009879	0.005591	0.003802	0.002226	0.002099	0.005104	
1995	0.007838	0.004193	0.003269	0.004580	0.008656	0.004953	0.004890	0.004447	0.004529	0.004385	
2000	0.007461	0.005395	0.003675	0.004537	0.005533	0.003805	0.001817	0.005348	0.005544	0.005536	
2005	0.007382	0.003614	0.003620	0.005096	0.006384	0.004028	0.002788	0.005258	0.004374	0.003830	
2010	0.006014	0.002807	0.004357	0.003869	0.008865	0.004047	0.005272	0.003739	0.005361	0.005806	
2015	0.006460	0.003526	0.004406	0.006235	0.007813	0.005059	0.003346	0.002667	0.005879	0.004871	
2020	0.003841	0.002482	0.003632	0.005897	0.006477	0.003690	0.003951	0.003824	0.004751	0.003484	
2025	0.004729	0.002286	0.002728	0.004691	0.004000	0.002665	0.004818	0.004571	0.005646	0.004611	
2030	0.003417	0.002523	0.004310	0.003855	0.004904	0.003267	0.004832	0.005938	0.004628	0.004370	
2035	0.005576	0.002857	0.005498	0.002628	0.006448	0.004381	0.004369	0.004262	0.003841	0.005516	
2040	0.006024	0.003445	0.004770	0.003386	0.007297	0.006546	0.004597	0.003743	0.003880	0.004160	
2045	0.003383	0.003781	0.004281	0.003514	0.005891	0.002543	0.004187	0.005176	0.007520	0.002769	
2050	0.002587	0.003840	0.005565	0.004035	0.006010	0.002258	0.005007	0.003925	0.007401	0.004638	
2055	0.002068	0.003664	0.004230	0.003931	0.004053	0.001739	0.004884	0.004888	0.007173	0.004483	
2060	0.001722	0.005612	0.005020	0.004072	0.003829	0.002625	0.005569	0.005456	0.004589	0.004590	
2065	0.001744	0.006717	0.003043	0.006874	0.005348	0.003572	0.004210	0.005427	0.007213	0.003437	
2070	0.002674	0.004762	0.004800	0.005814	0.005771	0.003950	0.005464	0.007918	0.006400	0.002953	
2075	0.002902	0.004477	0.005167	0.006926	0.006562	0.004534	0.003826	0.004938	0.006243	0.004215	
2080	0.002206	0.002610	0.005953	0.006041	0.007441	0.005383	0.003058	0.005681	0.005357	0.005399	
2085	0.004051	0.002314	0.004817	0.007595	0.006605	0.004500	0.003306	0.005789	0.004859	0.006479	
2090	0.004568	0.003160	0.005515	0.007966	0.004205	0.005602	0.004244	0.005296	0.004278	0.005255	
2095	0.002312	0.004107	0.006918	0.006695	0.004416	0.003944	0.002827	0.004866	0.006393	0.004329	
2100	0.003541	0.003343	0.006112	0.007052	0.005049	0.004047	0.002253	0.002854	0.004631	0.006529	
2105	0.003736	0.003919	0.005359	0.006743	0.003456	0.004539	0.002296	0.003641	0.004928	0.005978	
2110	0.005819	0.004932	0.004000	0.006647	0.004216	0.005117	0.002978	0.005846	0.004337	0.008661	
2115	0.005655	0.005800	0.005074	0.006361	0.005167	0.004880	0.002047	0.006345	0.004094	0.008274	
2120	0.004755	0.005970	0.006491	0.007482	0.005049	0.002882	0.001711	0.005478	0.005010	0.006398	
2125	0.004670	0.007151	0.005513	0.008058	0.002657	0.002710	0.000918	0.006113	0.005227	0.007226	
2130	0.005578	0.004360	0.007578	0.006830	0.002930	0.003462	0.002538	0.004982	0.003569	0.007781	
2135	0.005657	0.005011	0.005084	0.006900	0.002352	0.005873	0.002566	0.004215	0.003066	0.007436	
2140	0.004995	0.004914	0.006414	0.007339	0.004080	0.004746	0.003596	0.005653	0.003046	0.006570	
2145	0.005230	0.008018	0.006137	0.006035	0.004616	0.003185	0.004705	0.006811	0.004143	0.007563	
2150	0.005923	0.008516	0.006136	0.005980	0.004293	0.003428	0.003674	0.008788	0.002116	0.006847	
2155	0.004134	0.007449	0.005351	0.005887	0.002589	0.004737	0.002472	0.007280	0.002849	0.005654	
2160	0.004281	0.005687	0.005524	0.005899	0.004073	0.003437	0.001893	0.008178	0.003927	0.004751	
2165	0.005318	0.005180	0.006424	0.004476	0.002996	0.003905	0.003228	0.006680	0.004106	0.003904	
2170	0.006833	0.004555	0.004453	0.004734	0.003718	0.004418	0.005401	0.008789	0.004249	0.002352	
2175	0.008963	0.004103	0.003781	0.004058	0.005741	0.005041	0.006744	0.007722	0.004888	0.005151	
2180	0.007396	0.004420	0.006468	0.005506	0.005940	0.006005	0.003854	0.005010	0.003271	0.005473	
2185	0.005707	0.003722	0.003703	0.005127	0.008337	0.005496	0.004132	0.008540	0.003631	0.005773	
2190	0.003811	0.003670	0.003133	0.004095	0.006064	0.005415	0.003552	0.008910	0.004730	0.005503	
2195	0.006292	0.003461	0.002527	0.004043	0.005229	0.007715	0.002203	0.006017	0.005274	0.003112	
2200	0.007015	0.003735	0.003098	0.005000	0.005028	0.004880	0.001642	0.006835	0.007190	0.003375	
2205	0.005394	0.005264	0.002406	0.005125	0.006330	0.005831	0.000851	0.006203	0.007733	0.004608	
2210	0.005431	0.005137	0.002938	0.006664	0.005394	0.004843	0.002205	0.007651	0.007248	0.001790	
2215	0.007314	0.005146	0.005005	0.006924	0.004281	0.003191	0.003099	0.007251	0.005416	0.003846	
2220	0.006875	0.003974	0.004169	0.005474	0.003028	0.004390	0.005051	0.005237	0.002254	0.004850	
2225	0.006358	0.004725	0.003527	0.004122	0.002768	0.002773	0.004281	0.004401	0.004097	0.003452	
2230	0.006032	0.006695	0.004192	0.004129	0.004399	0.004720	0.003976	0.004290	0.003576	0.004892	
2235	0.004827	0.004525	0.004378	0.004003	0.003721	0.004868	0.003086	0.005521	0.003125	0.003223	
2240	0.005902	0.005978	0.005105	0.003849	0.004014	0.004647	0.003347	0.005958	0.005762	0.004808	
2245	0.007411	0.006436	0.003954	0.005728	0.005346	0.003453	0.005422	0.004833	0.006593	0.004529	
2250	0.008323	0.006085	0.003570	0.005434	0.003552	0.003725	0.002947	0.004655	0.005396	0.005420	
2255	0.007427	0.004745	0.005675	0.006943	0.003411	0.004165	0.004177	0.005627	0.004808	0.005003	
2260	0.007020	0.005017	0.005916	0.008422	0.002883	0.005476	0.003059	0.004596	0.004262	0.004619	
2265	0.008474	0.004763	0.005430	0.005684	0.003819	0.004829	0.004765	0.004095	0.003204	0.003847	
2270	0.008446	0.005858	0.006657	0.003634	0.005432	0.004233	0.004875	0.004115	0.003709	0.005937	
2275	0.008058	0.005380	0.006218	0.003915	0.006660	0.004197	0.004441	0.004173	0.006235	0.007316	
2280	0.007225	0.005842	0.004362	0.002503	0.005939	0.003188	0.005034	0.005213	0.006617	0.008750	
2285	0.006565	0.005316	0.003718	0.002252	0.006878	0.003378	0.002961	0.008435	0.005365	0.005123	
2290	0.006604	0.006063	0.003622	0.002099	0.005021	0.004095	0.003574	0.006112	0.003824	0.002545	
2295	0.006319	0.004525	0.003892	0.002763	0.003321	0.005694	0.002841	0.007489	0.004669	0.004419	
2300	0.007330	0.004696	0.005419	0.002886	0.004556	0.007395	0.002666	0.008753	0.005799	0.005978	
2305	0.005140	0.006501	0.006903	0.003844	0.003766	0.006955	0.004494	0.007054	0.003893	0.004554	
2310	0.004546	0.006364	0.004565	0.003247	0.003704	0.005658	0.004479	0.005624	0.005763	0.003928	
2315	0.004688	0.003922	0.005901	0.003724	0.005405	0.005997	0.003933	0.005020	0.005169	0.005532	
2320	0.004446	0.003460	0.006723	0.002757	0.004641	0.005199	0.004594	0.005021	0.004057	0.005348	
2325	0.002904	0.004916	0.006149	0.004163	0.004169	0.004907	0.005347	0.003536	0.003180	0.006582	
2330	0.002638	0.004470	0.005156	0.003767	0.004543	0.005354	0.007787	0.003465	0.003373	0.005860	
2335	0.001877	0.002887	0.005467	0.004648	0.003608	0.005883	0.008039	0.005224	0.004688	0.003923	
2340	0.001878	0.002761	0.005125	0.002189	0.005497	0.006178	0.007244	0.005494	0.004685	0.003470	
2345	0.004220	0.004962	0.003020	0.002858	0.005137	0.005815	0.006304	0.005917	0.004452	0.005157	
2350	0.002885	0.003765	0.003206	0.003841	0.004498	0.007431	0.002980	0.005282	0.002364	0.004683	
2355	0.004427	0.004196	0.004653	0.001932	0.003829	0.007001	0.004313	0.005620	0.004149	0.004681	
2360	0.004623	0.003272	0.004140	0.002984	0.003227	0.006020	0.004072	0.005883	0.004188	0.004354	
2365	0.004483	0.003091	0.004224	0.004923	0.004041	0.005311	0.004727	0.008135	0.003418	0.005927	
2370	0.003955	0.004328	0.003813	0.005453	0.005332	0.005344	0.005053	0.007425	0.002187	0.004451	
2375	0.003342	0.005984	0.004094	0.005316	0.004813	0.005220	0.005251	0.007105	0.003865	0.005945	
2380	0.001845	0.007088	0.005484	0.004001	0.003612	0.006261	0.005620	0.007403	0.006133	0.007764	
2385	0.004594	0.007619	0.003352	0.003710	0.005446	0.006870	0.008268	0.006397	0.004573	0.005805	
2390	0.003508	0.007714	0.005161	0.003606	0.003332	0.004969	0.005913	0.003393	0.003428	0.005277	
2395	0.004891	0.007603	0.005920	0.003623	0.005109	0.004253	0.004020	0.003858	0.005626	0.003756	
2400	0.004117	0.008392	0.008172	0.003770	0.004609	0.007218	0.003448	0.004151	0.005073	0.003456	
2405	0.004103	0.006480	0.005178	0.003023	0.006923	0.005675	0.004433	0.002429	0.003642	0.004408	
2410	0.003949	0.004322	0.004858	0.003143	0.006302	0.003909	0.004818	0.002702	0.002981	0.002734	
2415	0.004004	0.003706	0.007170	0.002863	0.005930	0.004234	0.005318	0.002205	0.002508	0.004560	
2420	0.003411	0.005309	0.006150	0.004181	0.005878	0.004101	0.004701	0.003939	0.003133	0.003875	
2425	0.004103	0.003703	0.008655	0.003114	0.007085	0.006342	0.004647	0.003015	0.003299	0.002922	
2430	0.003977	0.003912	0.006553	0.003130	0.005745	0.008084	0.003902	0.004343	0.003658	0.004635	
2435	0.003376	0.004833	0.006035	0.002919	0.007415	0.008126	0.004611	0.003534	0.003386	0.004796	
2440	0.004937	0.006063	0.004862	0.003964	0.007663	0.006962	0.004202	0.003241	0.002986	0.004377	
2445	0.005030	0.004410	0.006723	0.004519	0.006919	0.009954	0.004239	0.003166	0.003565	0.005305	
2450	0.004039	0.005340	0.005786	0.004876	0.006691	0.010934	0.004132	0.002719	0.004443	0.006865	
2455	0.005922	0.006746	0.005132	0.004855	0.006508	0.012842	0.003886	0.002926	0.006421	0.008422	
2460	0.006694	0.004681	0.006600	0.005830	0.005329	0.011630	0.005179	0.001363	0.005830	0.008548	
2465	0.005872	0.004417	0.005992	0.006775	0.003643	0.006915	0.006535	0.003090	0.009087	0.009999	
2470	0.006586	0.003843	0.004884	0.006336	0.004100	0.009013	0.004259	0.002511	0.006026	0.006785	
2475	0.006573	0.003675	0.002915	0.003025	0.003973	0.008985	0.003659	0.003300	0.007092	0.007084	
2480	0.006185	0.003928	0.004576	0.003558	0.004233	0.008270	0.003199	0.005760	0.005270	0.005459	
2485	0.005468	0.002263	0.005479	0.004100	0.003201	0.007266	0.003731	0.004986	0.005978	0.005510	
2490	0.005872	0.003792	0.006741	0.003475	0.003301	0.007342	0.003678	0.006067	0.006245	0.007214	
2495	0.006015	0.004199	0.004876	0.006089	0.004184	0.006639	0.004933	0.004927	0.006200	0.007341	
2500	0.006750	0.006319	0.005391	0.004087	0.005199	0.007549	0.004640	0.005917	0.005283	0.003733	
2505	0.006779	0.005294	0.004977	0.004941	0.004163	0.006006	0.003755	0.007957	0.004494	0.002811	
2510	0.005823	0.003716	0.003704	0.002474	0.004921	0.005433	0.005341	0.007898	0.003129	0.005544	
2515	0.007313	0.003278	0.005210	0.002997	0.003086	0.006440	0.005282	0.005901	0.004922	0.003263	
2520	0.008038	0.002197	0.005518	0.005997	0.004209	0.005429	0.006522	0.005974	0.003564	0.003219	
2525	0.006895	0.003178	0.007097	0.005236	0.005218	0.004529	0.003917	0.005702	0.006501	0.004506	
2530	0.006424	0.003465	0.005636	0.005271	0.005214	0.006428	0.004470	0.005867	0.007980	0.002254	
2535	0.007611	0.004667	0.005255	0.005500	0.005765	0.004579	0.004446	0.004761	0.005761	0.003446	
2540	0.007546	0.004922	0.005662	0.005567	0.005547	0.006416	0.006073	0.004567	0.006368	0.003400	
2545	0.004979	0.004530	0.007337	0.007389	0.005594	0.006813	0.004618	0.005958	0.008044	0.005907	
2550	0.005795	0.004122	0.005734	0.007509	0.004111	0.007438	0.004856	0.008672	0.005878	0.006679	
2555	0.007163	0.005866	0.004245	0.006546	0.003554	0.010819	0.003539	0.008193	0.004063	0.004633	
2560	0.006296	0.006339	0.003253	0.006877	0.006750	0.011695	0.003818	0.007451	0.005803	0.004388	
2565	0.005805	0.007229	0.002212	0.003883	0.003277	0.011768	0.002994	0.007738	0.001574	0.004056	
2570	0.003226	0.007501	0.004138	0.005057	0.004907	0.008486	0.004416	0.007063	0.002166	0.004424	
2575	0.005712	0.005570	0.003429	0.007271	0.005383	0.011286	0.003422	0.005792	0.003177	0.006236	
2580	0.005672	0.004947	0.002528	0.006344	0.004718	0.008727	0.004897	0.007543	0.002888	0.005958	
2585	0.004622	0.005088	0.002412	0.005612	0.004037	0.008948	0.005771	0.006120	0.002503	0.006117	
2590	0.003995	0.005328	0.003515	0.005352	0.005592	0.008450	0.004691	0.004196	0.001363	0.004459	
2595	0.004719	0.004540	0.003610	0.003778	0.003646	0.009600	0.003963	0.005884	0.003233	0.004031	
2600	0.005506	0.003240	0.003683	0.003524	0.002939	0.008209	0.005060	0.007241	0.003683	0.003425	
2605	0.005151	0.002654	0.002638	0.004934	0.004489	0.007454	0.003384	0.008935	0.004220	0.003213	
2610	0.007033	0.003316	0.002583	0.007164	0.006315	0.009042	0.004575	0.008075	0.004933	0.004776	
2615	0.006767	0.004640	0.002987	0.008539	0.005959	0.006423	0.002940	0.008991	0.007123	0.003595	
2620	0.005922	0.003970	0.004312	0.003731	0.004213	0.006671	0.004049	0.008865	0.005312	0.005561	
2625	0.004629	0.005416	0.005954	0.003656	0.004419	0.006618	0.004023	0.008505	0.005035	0.004370	
2630	0.005020	0.005563	0.005151	0.006327	0.004917	0.004963	0.004656	0.007819	0.004572	0.005119	
2635	0.004035	0.004907	0.006033	0.003796	0.005717	0.004616	0.003896	0.006911	0.006120	0.003867	
2640	0.006070	0.003436	0.004548	0.004396	0.006537	0.007105	0.003890	0.009372	0.006085	0.004420	
2645	0.004340	0.003633	0.005665	0.002495	0.005049	0.005290	0.005351	0.006082	0.006771	0.005243	
2650	0.004942	0.004762	0.005259	0.003712	0.004698	0.004267	0.005219	0.006888	0.005176	0.004353	
2655	0.005013	0.003967	0.004304	0.004811	0.005008	0.003695	0.004796	0.005037	0.006459	0.004411	
2660	0.005328	0.002845	0.005201	0.005417	0.005323	0.002880	0.004324	0.003917	0.005608	0.004568	
2665	0.005698	0.004731	0.004692	0.004417	0.006089	0.002754	0.005686	0.002858	0.004630	0.004233	
2670	0.004228	0.004969	0.003224	0.005578	0.006718	0.003603	0.006088	0.004332	0.004099	0.004418	
2675	0.003166	0.004514	0.005058	0.005673	0.008865	0.002364	0.004887	0.005591	0.004951	0.004409	
2680	0.003116	0.005028	0.004310	0.003637	0.007739	0.003024	0.004680	0.004296	0.004889	0.005480	
2685	0.003636	0.004741	0.003617	0.002986	0.008742	0.002974	0.006387	0.004428	0.006266	0.004260	
2690	0.004335	0.003631	0.006019	0.005276	0.006594	0.003511	0.008567	0.004109	0.008564	0.003804	
2695	0.003749	0.003267	0.004813	0.003428	0.005931	0.004966	0.007065	0.004064	0.005437	0.005942	
2700	0.002666	0.003497	0.002653	0.003059	0.004592	0.004409	0.005809	0.003489	0.004327	0.006383	
2705	0.002156	0.003259	0.004343	0.004465	0.004056	0.003233	0.006286	0.004924	0.003259	0.004104	
2710	0.001879	0.004230	0.005256	0.002870	0.004589	0.002348	0.006778	0.003958	0.003348	0.007348	
2715	0.003688	0.003602	0.004575	0.003122	0.005854	0.002606	0.007049	0.005497	0.002921	0.007183	
2720	0.003803	0.004032	0.003276	0.002621	0.005958	0.002972	0.005393	0.004643	0.002863	0.006633	
2725	0.003721	0.002918	0.001742	0.003469	0.003443	0.004552	0.007766	0.004131	0.002490	0.006293	
2730	0.002747	0.002594	0.001881	0.002493	0.002948	0.003557	0.004963	0.003482	0.002712	0.008220	
2735	0.002211	0.003963	0.001116	0.004343	0.003200	0.003525	0.005369	0.003731	0.002558	0.007117	
2740	0.003927	0.006285	0.001408	0.004476	0.005081	0.003163	0.006340	0.003841	0.003726	0.006387	
2745	0.003222	0.003787	0.002701	0.005605	0.004306	0.003273	0.005750	0.003934	0.003406	0.007227	
2750	0.003860	0.005716	0.002689	0.005606	0.004033	0.004662	0.005101	0.002136	0.006490	0.005176	
2755	0.003603	0.004220	0.003137	0.004085	0.004796	0.005661	0.008414	0.002869	0.006580	0.005668	
2760	0.003931	0.002020	0.003962	0.002168	0.005273	0.003390	0.005100	0.005999	0.004603	0.003536	
2765	0.003850	0.002412	0.003075	0.002704	0.005335	0.002876	0.006385	0.008025	0.006367	0.002477	
2770	0.004161	0.003438	0.004437	0.003336	0.007010	0.003444	0.001942	0.005771	0.006191	0.003192	
2775	0.004439	0.002286	0.005238	0.005635	0.007862	0.002394	0.003193	0.005608	0.008862	0.003483	
2780	0.004013	0.001649	0.004631	0.005535	0.004437	0.002834	0.006377	0.003777	0.006447	0.004636	
2785	0.003828	0.001609	0.004682	0.005820	0.004588	0.004015	0.003900	0.003339	0.004745	0.004622	
2790	0.004543	0.002851	0.005247	0.002832	0.003795	0.005372	0.004334	0.002025	0.004092	0.005985	
2795	0.003758	0.003027	0.005234	0.003388	0.004618	0.006880	0.005328	0.003024	0.003177	0.008457	
2800	0.004114	0.004364	0.005349	0.003217	0.005317	0.004262	0.003591	0.002131	0.004050	0.007825	
2805	0.004116	0.003812	0.003762	0.002336	0.005092	0.006634	0.004375	0.003285	0.003424	0.004344	
2810	0.003452	0.003328	0.004186	0.002154	0.007604	0.005347	0.004220	0.004099	0.003822	0.004512	
2815	0.003331	0.005449	0.003243	0.002198	0.004829	0.003335	0.003652	0.005672	0.005119	0.009182	
2820	0.003371	0.004151	0.002928	0.003918	0.005226	0.003755	0.003191	0.005891	0.005349	0.005255	
2825	0.003660	0.004135	0.002860	0.004351	0.005224	0.003454	0.004255	0.005812	0.004645	0.004788	
2830	0.003278	0.003139	0.003312	0.005288	0.004282	0.003965	0.003730	0.006220	0.004811	0.004986	
2835	0.004768	0.003566	0.003402	0.005922	0.005170	0.005191	0.004557	0.004080	0.005845	0.003640	
2840	0.005486	0.001406	0.003600	0.004767	0.005502	0.004455	0.003806	0.006480	0.003916	0.003243	
2845	0.003435	0.002073	0.004847	0.004584	0.005850	0.006059	0.004160	0.006309	0.004982	0.004400	
2850	0.003632	0.003860	0.008628	0.004058	0.003738	0.006289	0.005248	0.004012	0.005806	0.004081	
2855	0.005664	0.005890	0.004725	0.004602	0.004091	0.007419	0.004302	0.004094	0.003805	0.003936	
2860	0.007861	0.006020	0.002350	0.004810	0.004070	0.004784	0.001966	0.004128	0.005255	0.003049	
2865	0.008212	0.003931	0.003043	0.005062	0.006125	0.004357	0.002599	0.005142	0.003280	0.002472	
2870	0.006084	0.003786	0.005044	0.004743	0.005422	0.004347	0.002155	0.004734	0.003591	0.004122	
2875	0.003926	0.003919	0.005500	0.006588	0.008700	0.005131	0.002409	0.004551	0.003124	0.004337	
2880	0.004805	0.004546	0.005635	0.005283	0.005702	0.009306	0.001753	0.002470	0.004707	0.005577	
2885	0.004303	0.006626	0.007390	0.005288	0.005839	0.008300	0.002348	0.003598	0.003398	0.005119	
2890	0.003977	0.005898	0.006073	0.008309	0.006553	0.009376	0.002192	0.004193	0.002800	0.004464	
2895	0.004435	0.004682	0.005541	0.009044	0.008206	0.006820	0.004151	0.005183	0.004517	0.006866	
2900	0.005705	0.002977	0.005317	0.007479	0.008876	0.007103	0.002332	0.004256	0.003224	0.006377	
2905	0.002808	0.002299	0.006022	0.007237	0.008934	0.004211	0.002275	0.004510	0.003720	0.004514	
2910	0.004706	0.003699	0.004572	0.008380	0.008990	0.004281	0.001518	0.006141	0.005126	0.003777	
2915	0.007082	0.005256	0.006472	0.006348	0.007740	0.007338	0.002674	0.004070	0.004057	0.003738	
2920	0.005547	0.006040	0.007003	0.005055	0.006470	0.008534	0.003125	0.003309	0.002154	0.003037	
2925	0.003820	0.005219	0.007409	0.004755	0.004970	0.008654	0.003320	0.005464	0.002046	0.003380	
2930	0.005166	0.007322	0.003929	0.006485	0.004368	0.007244	0.003767	0.005305	0.005649	0.003791	
2935	0.004584	0.007166	0.005488	0.006410	0.005427	0.005296	0.003675	0.005363	0.004531	0.003320	
2940	0.008449	0.004958	0.004671	0.004461	0.004601	0.007231	0.003706	0.004029	0.005132	0.001964	
2945	0.006194	0.003806	0.005536	0.002672	0.005458	0.004994	0.006128	0.003128	0.004826	0.002780	
2950	0.006017	0.004806	0.008020	0.002484	0.005125	0.003019	0.004437	0.003412	0.005651	0.003875	
2955	0.005708	0.003674	0.008005	0.003498	0.004734	0.004051	0.008248	0.002979	0.006564	0.003176	
2960	0.004738	0.004433	0.007387	0.004185	0.005288	0.002095	0.006870	0.004593	0.004747	0.004260	
2965	0.004034	0.002797	0.009487	0.004291	0.005540	0.002469	0.007145	0.004930	0.007095	0.003229	
2970	0.004897	0.002032	0.008122	0.006595	0.004651	0.002816	0.009146	0.003403	0.006259	0.003852	
2975	0.004684	0.003695	0.010153	0.007032	0.004238	0.003646	0.007699	0.004059	0.006311	0.002513	
2980	0.005466	0.003297	0.008673	0.004705	0.003993	0.003774	0.007536	0.006825	0.004520	0.003351	
2985	0.006291	0.002686	0.005465	0.005170	0.003884	0.003370	0.009631	0.006868	0.006959	0.003505	
2990	0.004303	0.004379	0.006798	0.003692	0.003811	0.005435	0.009742	0.004832	0.005533	0.005500	
2995	0.005717	0.003259	0.006750	0.003620	0.003746	0.002165	0.008267	0.003955	0.006493	0.004305	
3000	0.005488	0.003552	0.007948	0.003818	0.003474	0.001716	0.006580	0.004651	0.006979	0.003596	
