T	rep_1	rep_2	rep_3	rep_4	rep_5	rep_6	rep_7	rep_8	rep_9	rep_10
5	0.000000	0.000000	0.000000	0.000000	0.000000	0.000000	0.000000	0.000000	0.000000	0.000000	
10	0.000000	0.000000	0.000000	0.000000	0.000000	0.000000	0.000000	0.000000	0.000000	0.000000	
15	0.000000	0.000000	0.000000	0.000000	0.000000	0.000000	0.000000	0.000000	0.000000	0.000000	
20	0.000000	0.000000	0.000000	0.000000	0.000000	0.000000	0.000000	0.000000	0.000000	0.000000	
25	0.000000	0.000000	0.000000	0.000000	0.000000	0.000000	0.000000	0.000000	0.000000	0.000000	
30	0.000000	0.000000	0.000000	0.000000	0.000000	0.000000	0.000000	0.000000	0.000000	0.000000	
35	0.000000	0.000000	0.000000	0.000000	0.000000	0.000000	0.000000	0.000000	0.000000	0.000000	
40	0.000000	0.000000	0.000000	0.000000	0.000000	0.000000	0.000000	0.000000	0.000000	0.000000	
45	0.000000	0.000000	0.000000	0.000000	0.000000	0.000000	0.000000	0.000000	0.000000	0.000000	
50	0.000000	0.000000	0.000000	0.000000	0.000000	0.000000	0.000000	0.000000	0.000000	0.000000	
55	0.000000	0.000000	0.000000	0.000000	0.000000	0.000000	0.000000	0.000000	0.000000	0.000000	
60	0.000000	0.000000	0.000000	0.000000	0.000000	0.000000	0.000000	0.000000	0.000000	0.000000	
65	0.000000	0.000000	0.000000	0.000000	0.000000	0.000000	0.000000	0.000000	0.000000	0.000000	
70	0.000000	0.000000	0.000000	0.000000	0.000000	0.000000	0.000000	0.000000	0.000000	0.000000	
75	0.000000	0.000000	0.000000	0.000000	0.000000	0.000000	0.000000	0.000000	0.000000	0.000000	
80	0.000000	0.000000	0.000000	0.000000	0.000000	0.000000	0.000000	0.000000	0.000000	0.000000	
85	0.000000	0.000000	0.000000	0.000000	0.000000	0.000000	0.000000	0.000000	0.000000	0.000000	
90	0.000000	0.000000	0.000000	0.000000	0.000000	0.000000	0.000000	0.000000	0.000000	0.000000	
95	0.000000	0.000000	0.000000	0.000000	0.000000	0.000000	0.000000	0.000000	0.000000	0.000000	
100	0.000000	0.000000	0.000000	0.000000	0.000000	0.000000	0.000000	0.000000	0.000000	0.000000	
105	0.002079	0.002059	0.001636	0.001490	0.001967	0.001523	0.001794	0.001372	0.002587	0.001556	
110	0.005353	0.002482	0.004359	0.002193	0.003933	0.002603	0.003978	0.003322	0.004430	0.003552	
115	0.006565	0.004367	0.004112	0.002272	0.005907	0.005239	0.005503	0.006255	0.004687	0.005719	
120	0.008565	0.005074	0.004308	0.005835	0.009244	0.005986	0.004962	0.010782	0.007262	0.004186	
125	0.006738	0.006024	0.006923	0.008450	0.006667	0.005613	0.007299	0.011579	0.013018	0.006842	
130	0.005809	0.004652	0.008604	0.009552	0.007265	0.007357	0.008745	0.012956	0.016211	0.009726	
135	0.008976	0.006023	0.014553	0.014012	0.006376	0.013370	0.011437	0.012009	0.013126	0.013506	
140	0.007470	0.007019	0.016977	0.016215	0.006254	0.014650	0.009955	0.013662	0.010686	0.011396	
145	0.006265	0.008227	0.015546	0.013857	0.007132	0.016686	0.010482	0.017869	0.011063	0.015339	
150	0.005937	0.011011	0.017810	0.013601	0.010256	0.018981	0.013693	0.019477	0.016733	0.016066	
155	0.008856	0.010504	0.019217	0.015524	0.007657	0.017530	0.014629	0.014793	0.026533	0.017014	
160	0.012803	0.011250	0.024296	0.016515	0.008457	0.018333	0.017899	0.015358	0.029091	0.017475	
165	0.022918	0.011459	0.029816	0.014637	0.013027	0.014042	0.018046	0.016485	0.027955	0.022133	
170	0.023748	0.015583	0.032098	0.015626	0.017960	0.018160	0.018976	0.016915	0.029206	0.017811	
175	0.025208	0.019097	0.032103	0.012273	0.022359	0.018334	0.017026	0.019429	0.025922	0.020606	
180	0.023821	0.020084	0.027164	0.013837	0.023913	0.018333	0.019565	0.019422	0.025001	0.021366	
185	0.028772	0.026743	0.031153	0.013780	0.015250	0.022557	0.019944	0.020558	0.033830	0.018585	
190	0.024351	0.022273	0.034573	0.015172	0.016424	0.023764	0.021711	0.027651	0.033760	0.019720	
195	0.030389	0.027833	0.036777	0.018324	0.017654	0.027594	0.027084	0.030012	0.037072	0.023836	
200	0.028913	0.027055	0.043069	0.014232	0.012999	0.026981	0.022513	0.030751	0.034756	0.019551	
205	0.030914	0.026628	0.042847	0.009775	0.013537	0.029208	0.029512	0.034419	0.033067	0.021252	
210	0.028499	0.025630	0.046192	0.010895	0.013337	0.031439	0.030723	0.037558	0.024905	0.022481	
215	0.030434	0.025607	0.046360	0.013431	0.015062	0.029286	0.027201	0.029720	0.017869	0.024310	
220	0.027569	0.028009	0.048622	0.015339	0.015533	0.027028	0.027584	0.026965	0.013351	0.027267	
225	0.029175	0.031082	0.042523	0.014299	0.015503	0.028163	0.026290	0.024623	0.015867	0.027853	
230	0.033230	0.028282	0.037670	0.011982	0.019809	0.022578	0.023609	0.025094	0.016298	0.025899	
235	0.031831	0.025423	0.035408	0.012791	0.020160	0.023758	0.025996	0.027933	0.018551	0.025691	
240	0.033802	0.025578	0.038640	0.015837	0.022127	0.029371	0.025049	0.028091	0.018653	0.029040	
245	0.039037	0.025933	0.041916	0.021606	0.024267	0.026562	0.025542	0.030762	0.012981	0.029695	
250	0.037333	0.028069	0.043357	0.021529	0.023621	0.025731	0.026022	0.031423	0.014612	0.030428	
255	0.033377	0.034478	0.039362	0.021328	0.027795	0.026675	0.029842	0.029349	0.014245	0.029664	
260	0.034859	0.031370	0.040886	0.025146	0.024209	0.026987	0.026894	0.027295	0.015666	0.030878	
265	0.036582	0.030882	0.041480	0.034249	0.026984	0.029302	0.028375	0.028461	0.014067	0.034056	
270	0.034808	0.029344	0.048083	0.024843	0.030247	0.028395	0.026187	0.032389	0.015859	0.034694	
275	0.038458	0.030271	0.050652	0.024148	0.029927	0.030536	0.030666	0.033329	0.016352	0.035086	
280	0.038709	0.033922	0.054544	0.020560	0.027295	0.027908	0.027892	0.032379	0.014343	0.034485	
285	0.036946	0.027386	0.060693	0.020646	0.027294	0.031937	0.025153	0.033991	0.013704	0.040796	
290	0.038873	0.030553	0.058945	0.020605	0.028785	0.031305	0.026295	0.037565	0.013304	0.035779	
295	0.043588	0.030527	0.054447	0.019959	0.030267	0.030165	0.027792	0.039309	0.016702	0.042579	
300	0.045733	0.027731	0.053053	0.023428	0.032781	0.030063	0.029892	0.040973	0.016647	0.043098	
305	0.043279	0.026180	0.057767	0.019733	0.031680	0.036105	0.030176	0.043672	0.019165	0.044140	
310	0.042548	0.028636	0.056717	0.018262	0.026237	0.032024	0.026702	0.044323	0.021645	0.042855	
315	0.040456	0.030423	0.055671	0.020162	0.024272	0.030069	0.030440	0.034522	0.021969	0.045414	
320	0.045993	0.031717	0.052414	0.019179	0.023526	0.031204	0.028360	0.036394	0.025594	0.045727	
325	0.048924	0.038069	0.053262	0.021590	0.023317	0.032897	0.033480	0.035010	0.027207	0.047239	
330	0.048026	0.036563	0.051586	0.017992	0.022742	0.033301	0.028091	0.032694	0.029728	0.051658	
335	0.054198	0.044007	0.047526	0.015481	0.022321	0.035103	0.029733	0.028685	0.035692	0.052512	
340	0.056560	0.045069	0.043706	0.014992	0.022914	0.039654	0.026115	0.031786	0.038611	0.054236	
345	0.057818	0.047064	0.041916	0.013745	0.022128	0.038072	0.026606	0.030205	0.036058	0.051360	
350	0.053996	0.044363	0.041183	0.016408	0.025168	0.037101	0.028284	0.033097	0.039120	0.044631	
355	0.055336	0.049265	0.038721	0.015783	0.029882	0.033970	0.029725	0.033689	0.038692	0.043392	
360	0.053985	0.047724	0.038564	0.016017	0.027473	0.035549	0.033218	0.035469	0.040378	0.041374	
365	0.048225	0.050967	0.039860	0.017955	0.029854	0.035961	0.033257	0.037538	0.040180	0.044185	
370	0.054296	0.049753	0.036329	0.018405	0.029143	0.035163	0.029150	0.039640	0.043547	0.043519	
375	0.058013	0.044908	0.035782	0.020259	0.030108	0.036201	0.029370	0.036115	0.044775	0.043173	
380	0.064822	0.046238	0.036048	0.016382	0.030678	0.037779	0.032843	0.031830	0.046480	0.041242	
385	0.066828	0.048591	0.028294	0.017290	0.031356	0.037918	0.031807	0.035920	0.048026	0.040945	
390	0.067995	0.048701	0.026451	0.017808	0.030788	0.037191	0.033664	0.032888	0.044555	0.036761	
395	0.061355	0.048941	0.030591	0.018790	0.026289	0.041148	0.036021	0.034723	0.042461	0.042184	
400	0.064198	0.049142	0.031668	0.020693	0.025413	0.037641	0.032297	0.035890	0.041593	0.044296	
405	0.059696	0.049115	0.031947	0.019462	0.024672	0.043069	0.029136	0.035962	0.039254	0.044169	
410	0.056753	0.046404	0.031693	0.017281	0.019017	0.044723	0.029635	0.036895	0.039484	0.040369	
415	0.052507	0.041588	0.035936	0.021588	0.028040	0.039010	0.030132	0.034628	0.042311	0.035089	
420	0.049663	0.038337	0.035350	0.023987	0.027013	0.041155	0.030556	0.034045	0.043639	0.037192	
425	0.057783	0.033423	0.032120	0.028263	0.030115	0.038749	0.033336	0.029425	0.038651	0.032121	
430	0.059211	0.039699	0.029914	0.025021	0.028239	0.038173	0.033912	0.029590	0.035813	0.034766	
435	0.058026	0.034287	0.029882	0.022651	0.025395	0.036835	0.036533	0.028156	0.040161	0.038899	
440	0.056937	0.033315	0.029623	0.021415	0.025171	0.030314	0.033462	0.030005	0.041522	0.036422	
445	0.059054	0.032209	0.028135	0.022525	0.022149	0.029217	0.033299	0.028455	0.039587	0.041235	
450	0.058645	0.031684	0.024333	0.022897	0.022582	0.029546	0.031681	0.026940	0.043130	0.040987	
455	0.056755	0.034200	0.025817	0.023848	0.022412	0.031874	0.032647	0.029635	0.042600	0.044645	
460	0.060322	0.033915	0.027988	0.026816	0.023186	0.031610	0.036200	0.026455	0.047198	0.049554	
465	0.059587	0.034450	0.029290	0.024658	0.021636	0.037702	0.038830	0.029950	0.042202	0.045636	
470	0.057083	0.034700	0.029726	0.026059	0.020088	0.041131	0.034292	0.033003	0.042850	0.047714	
475	0.058904	0.037485	0.030037	0.026487	0.023325	0.040253	0.031037	0.036165	0.041114	0.045668	
480	0.054474	0.041121	0.029133	0.026178	0.023093	0.036582	0.031176	0.035487	0.039718	0.042200	
485	0.051954	0.044204	0.027201	0.023938	0.022753	0.029730	0.034003	0.034246	0.049706	0.040318	
490	0.051380	0.049210	0.029117	0.026540	0.023394	0.033497	0.038546	0.037821	0.046931	0.034818	
495	0.050385	0.044960	0.030019	0.021644	0.022296	0.036169	0.039457	0.037491	0.048576	0.040102	
500	0.048022	0.046599	0.029348	0.019731	0.018398	0.037134	0.037367	0.042428	0.047319	0.041139	
505	0.045519	0.044975	0.031583	0.022406	0.019587	0.040954	0.034105	0.037256	0.043954	0.042030	
510	0.043356	0.045124	0.028783	0.022016	0.020284	0.039201	0.035129	0.034915	0.043038	0.038991	
515	0.045975	0.041249	0.026715	0.023482	0.021793	0.033404	0.035561	0.038763	0.043676	0.042023	
520	0.045380	0.040326	0.026910	0.025440	0.024808	0.031696	0.035843	0.039444	0.047072	0.046465	
525	0.040449	0.040395	0.032592	0.026641	0.026141	0.033130	0.037791	0.037614	0.048502	0.041675	
530	0.035701	0.041246	0.028648	0.028351	0.028542	0.035306	0.038951	0.036768	0.045654	0.043280	
535	0.034061	0.043275	0.027148	0.027045	0.025823	0.033914	0.042207	0.038628	0.046609	0.043074	
540	0.031939	0.044381	0.026568	0.028952	0.025241	0.035371	0.043958	0.038770	0.047486	0.041142	
545	0.031299	0.050979	0.030428	0.029972	0.027309	0.035850	0.047213	0.038139	0.048112	0.041066	
550	0.034636	0.051515	0.034777	0.034310	0.025836	0.036241	0.050777	0.032524	0.051365	0.039553	
555	0.036550	0.055827	0.038874	0.031630	0.025361	0.035706	0.047036	0.032918	0.051590	0.037537	
560	0.035701	0.053326	0.038497	0.035771	0.026470	0.034516	0.043104	0.031141	0.056272	0.040604	
565	0.032569	0.048209	0.039142	0.038738	0.031181	0.033375	0.043020	0.031577	0.056933	0.039823	
570	0.036253	0.046591	0.042225	0.037036	0.035022	0.036080	0.044737	0.033700	0.056219	0.036787	
575	0.035208	0.041107	0.041266	0.035295	0.034408	0.035020	0.047069	0.037313	0.060680	0.037618	
580	0.038081	0.044461	0.040416	0.037089	0.036688	0.036521	0.046789	0.035664	0.059131	0.033660	
585	0.047360	0.041442	0.044167	0.037807	0.034050	0.039989	0.047888	0.033976	0.057178	0.035020	
590	0.043187	0.040835	0.045361	0.033675	0.037728	0.040701	0.048683	0.034889	0.058531	0.028651	
595	0.041214	0.037776	0.043136	0.031353	0.038345	0.038193	0.046935	0.033901	0.059536	0.028703	
600	0.041225	0.038943	0.041942	0.028172	0.040871	0.041599	0.049058	0.031211	0.058037	0.030248	
605	0.037840	0.036668	0.040387	0.030552	0.043859	0.036346	0.044048	0.032174	0.057174	0.030436	
610	0.041818	0.041901	0.037613	0.033231	0.043504	0.034346	0.043444	0.032645	0.058199	0.029203	
615	0.044076	0.042930	0.034146	0.032334	0.041541	0.032968	0.043437	0.034739	0.057900	0.028105	
620	0.049320	0.037369	0.032215	0.035673	0.040575	0.034960	0.046986	0.033496	0.059734	0.026959	
625	0.054381	0.034149	0.038909	0.037437	0.033763	0.035322	0.044223	0.031624	0.059078	0.032055	
630	0.060292	0.036061	0.040879	0.039516	0.031444	0.036675	0.045738	0.033728	0.059373	0.038168	
635	0.060537	0.039090	0.042389	0.041871	0.032915	0.035468	0.049329	0.031788	0.051564	0.041095	
640	0.055900	0.035147	0.040434	0.035062	0.032348	0.033472	0.053362	0.033633	0.051143	0.040066	
645	0.055222	0.036654	0.036443	0.034291	0.030068	0.031521	0.046811	0.036587	0.046546	0.035361	
650	0.050957	0.035762	0.035865	0.038171	0.026561	0.038779	0.045837	0.034861	0.044379	0.029519	
655	0.054317	0.038996	0.033924	0.038438	0.026488	0.040454	0.048230	0.034487	0.041709	0.028828	
660	0.052193	0.039731	0.033396	0.040667	0.025313	0.040959	0.050271	0.033452	0.042639	0.030461	
665	0.051640	0.042538	0.029428	0.041582	0.024454	0.036846	0.047925	0.037313	0.042383	0.036169	
670	0.052228	0.043839	0.027830	0.036163	0.019030	0.039953	0.045215	0.038756	0.041634	0.037551	
675	0.050693	0.041814	0.030487	0.038097	0.020192	0.041784	0.050014	0.043709	0.041425	0.035621	
680	0.049725	0.037950	0.030380	0.040802	0.023152	0.044028	0.052221	0.043287	0.046855	0.033368	
685	0.044605	0.036144	0.033224	0.040233	0.017910	0.042317	0.052385	0.040893	0.044953	0.033843	
690	0.048089	0.035283	0.037528	0.037096	0.015999	0.034507	0.049038	0.037161	0.043411	0.031905	
695	0.038744	0.034827	0.040155	0.034759	0.017122	0.034426	0.048633	0.042687	0.042354	0.033219	
700	0.043237	0.034404	0.040338	0.031237	0.015720	0.031965	0.049754	0.043049	0.040411	0.032660	
705	0.042915	0.034060	0.038979	0.030273	0.012572	0.030289	0.048810	0.047666	0.043800	0.039568	
710	0.042980	0.031595	0.038119	0.031801	0.012266	0.028803	0.052014	0.044492	0.044048	0.039912	
715	0.038096	0.031601	0.038072	0.029883	0.012261	0.034193	0.050579	0.040716	0.038695	0.039319	
720	0.038208	0.030966	0.037333	0.032207	0.012137	0.030318	0.052010	0.042629	0.040522	0.043694	
725	0.038948	0.032343	0.036858	0.033016	0.012302	0.026307	0.052963	0.046109	0.042437	0.047031	
730	0.043892	0.033631	0.039434	0.030183	0.013196	0.024535	0.047039	0.038022	0.041102	0.043769	
735	0.047247	0.031752	0.034478	0.030190	0.016380	0.028581	0.050760	0.036265	0.042395	0.045371	
740	0.052904	0.032542	0.039507	0.030747	0.016117	0.031465	0.044891	0.035157	0.048309	0.049497	
745	0.053714	0.030086	0.038594	0.029421	0.016407	0.032976	0.041446	0.036400	0.051147	0.047382	
750	0.055833	0.027582	0.035427	0.025511	0.017458	0.039091	0.040929	0.039073	0.051241	0.046164	
755	0.055930	0.026389	0.036875	0.028115	0.018988	0.033311	0.042093	0.038386	0.052494	0.046145	
760	0.052193	0.025242	0.040239	0.028793	0.024000	0.030559	0.041403	0.042089	0.053419	0.044238	
765	0.051764	0.025299	0.036139	0.029498	0.027958	0.029790	0.043223	0.035803	0.046980	0.041104	
770	0.052766	0.027128	0.041558	0.026693	0.030771	0.028690	0.045509	0.037401	0.042019	0.042110	
775	0.053661	0.025915	0.045549	0.026134	0.030941	0.027207	0.051572	0.034537	0.046515	0.039083	
780	0.053012	0.023016	0.044706	0.032042	0.030933	0.024199	0.051041	0.038394	0.051434	0.038484	
785	0.051929	0.022804	0.044509	0.032087	0.031397	0.026094	0.050340	0.044738	0.053144	0.038714	
790	0.052005	0.024102	0.044645	0.032816	0.029135	0.025064	0.050383	0.046236	0.054481	0.036290	
795	0.049518	0.028580	0.041741	0.028389	0.030397	0.024496	0.055488	0.050151	0.056930	0.032491	
800	0.046381	0.037267	0.041690	0.026732	0.025921	0.023894	0.051392	0.048456	0.056534	0.035700	
805	0.047982	0.037842	0.036929	0.025754	0.017815	0.022381	0.048912	0.046852	0.057473	0.037509	
810	0.045316	0.038179	0.039410	0.026405	0.016240	0.021559	0.048890	0.044592	0.054903	0.036987	
815	0.048767	0.042392	0.038837	0.027686	0.016531	0.019877	0.050249	0.046440	0.052698	0.036587	
820	0.046983	0.040506	0.032739	0.025687	0.020071	0.019541	0.053357	0.044790	0.056197	0.035882	
825	0.047138	0.045076	0.035218	0.024572	0.026203	0.020897	0.053612	0.044259	0.059163	0.038887	
830	0.045879	0.047601	0.033283	0.029479	0.028305	0.026336	0.050898	0.044975	0.061501	0.036836	
835	0.045011	0.043331	0.033779	0.029015	0.028448	0.027109	0.052120	0.041120	0.058278	0.035058	
840	0.042909	0.054374	0.030806	0.030600	0.028618	0.029455	0.051511	0.043012	0.057670	0.031294	
845	0.042417	0.053710	0.029000	0.031596	0.028481	0.033262	0.047251	0.043454	0.055571	0.027225	
850	0.046678	0.050660	0.035182	0.029837	0.023345	0.033544	0.049550	0.045516	0.053257	0.028864	
855	0.054427	0.050720	0.033338	0.036239	0.028004	0.032620	0.051850	0.046377	0.050712	0.028809	
860	0.051603	0.045503	0.032122	0.033440	0.026540	0.036132	0.053654	0.045283	0.053922	0.026779	
865	0.053253	0.047288	0.030606	0.032969	0.031391	0.038218	0.053538	0.045752	0.056196	0.029517	
870	0.051374	0.049024	0.028413	0.032183	0.028759	0.035051	0.054447	0.049702	0.052445	0.032006	
875	0.049142	0.051817	0.031179	0.035754	0.026324	0.035418	0.056063	0.049862	0.050587	0.034713	
880	0.053455	0.051482	0.029764	0.036270	0.027743	0.033558	0.056837	0.053022	0.052423	0.035562	
885	0.054658	0.053080	0.031895	0.035998	0.024657	0.038920	0.055054	0.050662	0.055569	0.038284	
890	0.057703	0.046721	0.029882	0.036683	0.020799	0.039592	0.049243	0.051561	0.054939	0.041193	
895	0.060742	0.045214	0.026940	0.043218	0.027362	0.039708	0.048883	0.050338	0.050351	0.044050	
900	0.057468	0.045195	0.027858	0.044340	0.025548	0.043164	0.050289	0.050841	0.054471	0.046938	
905	0.056421	0.045954	0.026745	0.040333	0.029580	0.040905	0.054079	0.052147	0.056145	0.050950	
910	0.054070	0.045583	0.025233	0.039045	0.027756	0.039642	0.047253	0.051341	0.054730	0.050104	
915	0.056937	0.043197	0.023571	0.038140	0.028481	0.041765	0.044730	0.051014	0.058874	0.054355	
920	0.055859	0.044559	0.022844	0.037779	0.027811	0.043045	0.044012	0.049777	0.060399	0.055974	
925	0.057727	0.044368	0.021244	0.036302	0.022359	0.042754	0.040490	0.050890	0.061300	0.053675	
930	0.057015	0.042040	0.022030	0.035158	0.027332	0.044934	0.038101	0.055905	0.060611	0.050327	
935	0.050424	0.042257	0.021528	0.037015	0.032181	0.045811	0.036743	0.054850	0.057138	0.045344	
940	0.045717	0.046165	0.019063	0.037457	0.035188	0.043162	0.031185	0.048440	0.062112	0.039980	
945	0.045533	0.045659	0.021123	0.033370	0.036280	0.043971	0.030744	0.051755	0.060313	0.038969	
950	0.044126	0.049031	0.025775	0.034761	0.039794	0.044783	0.029112	0.052835	0.063690	0.036927	
955	0.047453	0.048681	0.025237	0.033684	0.043574	0.041767	0.028616	0.056890	0.060689	0.040994	
960	0.043644	0.049223	0.026068	0.032923	0.043703	0.040700	0.031393	0.059115	0.061336	0.038876	
965	0.046657	0.049699	0.026804	0.037333	0.037570	0.042375	0.029781	0.058563	0.059344	0.037700	
970	0.047630	0.048800	0.027031	0.036127	0.038847	0.046810	0.026620	0.055095	0.060288	0.036785	
975	0.048332	0.049583	0.029125	0.038467	0.038370	0.043635	0.027086	0.054801	0.060511	0.037419	
980	0.048942	0.052968	0.029109	0.033878	0.040595	0.039803	0.024752	0.052509	0.061491	0.039676	
985	0.049741	0.051338	0.028947	0.031989	0.033784	0.041144	0.022683	0.052266	0.059504	0.037841	
990	0.049699	0.049107	0.031829	0.036729	0.031309	0.041416	0.026473	0.053178	0.059304	0.037042	
995	0.047951	0.045429	0.028122	0.031921	0.035081	0.035349	0.026135	0.053269	0.058431	0.036417	
1000	0.050516	0.044183	0.031952	0.029383	0.035432	0.032838	0.023951	0.048743	0.059286	0.033994	
1005	0.044486	0.042026	0.029995	0.030185	0.032777	0.036225	0.030494	0.048345	0.053007	0.032376	
1010	0.044791	0.046307	0.034678	0.033176	0.032293	0.030947	0.030258	0.046373	0.058808	0.030058	
1015	0.045114	0.044140	0.031176	0.030566	0.034480	0.029425	0.031033	0.043262	0.053276	0.029455	
1020	0.041981	0.043463	0.032254	0.033760	0.035470	0.030268	0.033597	0.039886	0.052928	0.030195	
1025	0.040431	0.038416	0.032762	0.036384	0.033499	0.032351	0.035850	0.044604	0.050402	0.031838	
1030	0.040909	0.038183	0.034049	0.040041	0.034981	0.036041	0.037451	0.046222	0.050793	0.031990	
1035	0.041599	0.040538	0.027477	0.040174	0.032266	0.037543	0.038352	0.044020	0.049852	0.035893	
1040	0.049512	0.041399	0.029608	0.036001	0.036812	0.034417	0.035231	0.041666	0.054571	0.040849	
1045	0.053109	0.041265	0.029221	0.040164	0.031637	0.032934	0.032351	0.038272	0.053990	0.044237	
1050	0.045524	0.039918	0.029689	0.038282	0.028590	0.038372	0.031815	0.041663	0.051558	0.049196	
1055	0.046228	0.040346	0.034466	0.036602	0.026416	0.035841	0.034563	0.043829	0.049121	0.048656	
1060	0.047030	0.037335	0.034985	0.033670	0.023458	0.041354	0.034109	0.039398	0.049474	0.047513	
1065	0.049571	0.041225	0.039405	0.031690	0.026241	0.044266	0.032703	0.043586	0.046461	0.049195	
1070	0.050690	0.036804	0.040427	0.038112	0.027674	0.046706	0.033341	0.043406	0.044388	0.048519	
1075	0.049419	0.030365	0.038809	0.038931	0.026431	0.046904	0.031731	0.042342	0.038794	0.053708	
1080	0.050474	0.032854	0.037271	0.043765	0.024610	0.046319	0.030289	0.042095	0.036982	0.056625	
1085	0.047829	0.035351	0.038364	0.041964	0.025706	0.044696	0.028692	0.039970	0.037072	0.060093	
1090	0.048990	0.032143	0.039375	0.041591	0.023557	0.047384	0.026420	0.043507	0.033925	0.062264	
1095	0.045878	0.034212	0.040733	0.037481	0.022111	0.048400	0.025456	0.041964	0.032010	0.060609	
1100	0.048127	0.033448	0.041594	0.035449	0.021926	0.049453	0.023562	0.034424	0.032684	0.061816	
1105	0.047569	0.036009	0.042630	0.028437	0.022748	0.049284	0.026060	0.030786	0.034889	0.055102	
1110	0.044835	0.036576	0.039868	0.027434	0.022851	0.053266	0.027790	0.030632	0.034580	0.047474	
1115	0.040939	0.036130	0.042647	0.026985	0.019649	0.048534	0.028322	0.030948	0.033304	0.048281	
1120	0.040939	0.033636	0.050761	0.028325	0.020285	0.044776	0.028571	0.029557	0.036229	0.048264	
1125	0.042670	0.039223	0.047583	0.026049	0.023764	0.046632	0.029424	0.032484	0.035601	0.050620	
1130	0.039848	0.037886	0.049506	0.029544	0.020162	0.046704	0.030038	0.033448	0.032791	0.051724	
1135	0.038764	0.040447	0.052195	0.026702	0.018000	0.046202	0.029229	0.032261	0.030984	0.052034	
1140	0.042902	0.039713	0.054097	0.028624	0.020594	0.046994	0.033217	0.028460	0.027552	0.049736	
1145	0.045843	0.039233	0.052982	0.035653	0.019633	0.046773	0.033669	0.031408	0.027351	0.048638	
1150	0.047130	0.045776	0.047508	0.034220	0.019976	0.052427	0.032870	0.028016	0.028876	0.052933	
1155	0.044886	0.044731	0.050685	0.036512	0.026943	0.052206	0.036370	0.026545	0.028333	0.053884	
1160	0.046819	0.043285	0.049041	0.034556	0.029987	0.048893	0.032858	0.028146	0.028897	0.052796	
1165	0.040918	0.043173	0.044868	0.038201	0.026006	0.046378	0.034447	0.031302	0.029338	0.050497	
1170	0.038436	0.050867	0.047902	0.042360	0.025674	0.049388	0.031300	0.037588	0.029049	0.045765	
1175	0.039833	0.046194	0.044617	0.040547	0.022295	0.049627	0.031674	0.033034	0.035614	0.046931	
1180	0.040414	0.042899	0.042005	0.038268	0.024635	0.047887	0.031651	0.032543	0.032868	0.046760	
1185	0.034684	0.042588	0.047010	0.039829	0.022313	0.049781	0.034397	0.031603	0.032624	0.045477	
1190	0.036793	0.047136	0.050136	0.043454	0.024575	0.047989	0.033723	0.033754	0.033851	0.044155	
1195	0.036614	0.049910	0.053928	0.039791	0.027420	0.050989	0.035253	0.032128	0.034356	0.046387	
1200	0.038523	0.051145	0.053973	0.041830	0.025922	0.052037	0.036104	0.030390	0.040887	0.043625	
1205	0.039515	0.050340	0.050339	0.043455	0.021632	0.049119	0.038927	0.030737	0.038789	0.046510	
1210	0.034780	0.052461	0.050978	0.040127	0.026347	0.049217	0.038210	0.032151	0.037272	0.049769	
1215	0.036722	0.058144	0.053322	0.039585	0.025575	0.048010	0.036779	0.031575	0.036391	0.052904	
1220	0.036723	0.050167	0.050081	0.042637	0.025049	0.049347	0.038507	0.030129	0.039168	0.050061	
1225	0.035158	0.051464	0.047113	0.043723	0.027017	0.050032	0.034824	0.034194	0.039925	0.050828	
1230	0.034870	0.047719	0.047448	0.045107	0.028232	0.046881	0.033795	0.036100	0.041244	0.054118	
1235	0.030886	0.046772	0.046214	0.044646	0.029231	0.047582	0.035486	0.038477	0.041366	0.054257	
1240	0.032748	0.050946	0.042411	0.040727	0.025341	0.046317	0.035433	0.033951	0.044474	0.051874	
1245	0.031671	0.048787	0.041285	0.039064	0.028770	0.046185	0.036791	0.033407	0.040977	0.051690	
1250	0.034567	0.047012	0.044351	0.042452	0.029494	0.040062	0.040104	0.029111	0.043403	0.048905	
1255	0.032728	0.049026	0.041709	0.044764	0.028351	0.035551	0.037742	0.029326	0.040529	0.051074	
1260	0.032251	0.048939	0.036432	0.043552	0.029005	0.035963	0.038806	0.026800	0.040114	0.052481	
1265	0.028553	0.053866	0.034136	0.042964	0.033141	0.041523	0.041871	0.032303	0.037080	0.052774	
1270	0.029795	0.053751	0.035764	0.041650	0.032303	0.043008	0.042635	0.035111	0.036837	0.051172	
1275	0.033511	0.055887	0.034997	0.041661	0.032168	0.043092	0.045085	0.031143	0.033471	0.055844	
1280	0.034209	0.047425	0.034033	0.040596	0.035054	0.041281	0.048756	0.032847	0.035589	0.053529	
1285	0.037434	0.052177	0.034233	0.037581	0.035932	0.037894	0.051761	0.026648	0.032891	0.052854	
1290	0.039832	0.056103	0.032789	0.038021	0.034800	0.031477	0.050349	0.024405	0.039826	0.055482	
1295	0.042289	0.060399	0.030823	0.044480	0.032722	0.030378	0.052108	0.030929	0.044113	0.059754	
1300	0.041672	0.058050	0.033774	0.045201	0.032757	0.031231	0.053000	0.031020	0.043133	0.061214	
1305	0.043224	0.054483	0.033871	0.044416	0.035549	0.031362	0.051299	0.034406	0.041603	0.064720	
1310	0.043623	0.052649	0.034047	0.040867	0.031479	0.033904	0.059980	0.038753	0.041424	0.068190	
1315	0.039941	0.045976	0.031413	0.042060	0.035401	0.032031	0.064859	0.036491	0.042810	0.067192	
1320	0.040543	0.045352	0.031426	0.043282	0.037970	0.034215	0.063140	0.037034	0.043798	0.067469	
1325	0.039151	0.047307	0.034523	0.041101	0.038387	0.039289	0.061968	0.036516	0.042756	0.069687	
1330	0.041447	0.046334	0.036636	0.041471	0.037746	0.034993	0.062648	0.038472	0.039725	0.069131	
1335	0.040491	0.048981	0.035211	0.039243	0.038624	0.032073	0.060822	0.042096	0.037391	0.071720	
1340	0.038788	0.050831	0.032620	0.039410	0.041189	0.032091	0.058499	0.039596	0.036583	0.070148	
1345	0.039199	0.050994	0.032988	0.038806	0.045386	0.028303	0.059538	0.037965	0.043572	0.071563	
1350	0.037861	0.047239	0.032923	0.035353	0.045381	0.027637	0.056066	0.042154	0.041030	0.076021	
1355	0.039114	0.045157	0.031439	0.037066	0.042559	0.028235	0.055015	0.039480	0.043846	0.077136	
1360	0.039337	0.047037	0.030370	0.037204	0.042551	0.038327	0.057708	0.042726	0.044489	0.080167	
1365	0.043433	0.045815	0.028910	0.036593	0.038404	0.041938	0.056749	0.041004	0.043447	0.079091	
1370	0.040614	0.046454	0.030609	0.036594	0.041067	0.038642	0.059005	0.036078	0.043967	0.081514	
1375	0.041021	0.048250	0.029614	0.039973	0.037071	0.039257	0.056713	0.032809	0.045083	0.077379	
1380	0.044616	0.046989	0.036130	0.040835	0.033103	0.040880	0.054372	0.034184	0.047282	0.077192	
1385	0.039284	0.045184	0.033779	0.040498	0.033432	0.042146	0.055067	0.034037	0.045986	0.078323	
1390	0.041051	0.047746	0.029866	0.043092	0.031816	0.041543	0.057754	0.036546	0.045036	0.080535	
1395	0.040552	0.043420	0.031881	0.045875	0.034047	0.037346	0.056410	0.041474	0.042950	0.079157	
1400	0.035422	0.043731	0.035647	0.049247	0.036131	0.040950	0.055387	0.040859	0.043083	0.070343	
1405	0.035798	0.049277	0.034042	0.045481	0.031225	0.037151	0.059160	0.040909	0.042770	0.072665	
1410	0.030321	0.048231	0.030908	0.046667	0.032989	0.037257	0.054820	0.039402	0.040664	0.064937	
1415	0.031077	0.046661	0.034144	0.053124	0.031681	0.030241	0.057383	0.039129	0.043816	0.061396	
1420	0.028122	0.047731	0.038562	0.050077	0.031707	0.030414	0.052559	0.033436	0.045693	0.063025	
1425	0.030714	0.048812	0.039648	0.049427	0.034217	0.028698	0.054240	0.030667	0.046449	0.054175	
1430	0.032420	0.047597	0.039334	0.052822	0.031701	0.030348	0.053085	0.030398	0.043607	0.052754	
1435	0.031767	0.048096	0.035135	0.052629	0.032939	0.033787	0.051178	0.029391	0.045965	0.048584	
1440	0.034550	0.047973	0.031226	0.056269	0.031647	0.033538	0.051333	0.031317	0.054200	0.050163	
1445	0.036606	0.052904	0.032629	0.056391	0.031928	0.033419	0.053860	0.029024	0.052135	0.056409	
1450	0.037253	0.048169	0.031534	0.056852	0.034010	0.037474	0.053397	0.030227	0.047222	0.057946	
1455	0.036285	0.049216	0.030838	0.059433	0.030273	0.039726	0.056791	0.029465	0.045213	0.051655	
1460	0.038293	0.051959	0.029195	0.057910	0.027878	0.038015	0.050786	0.028090	0.044551	0.052354	
1465	0.037264	0.051994	0.033583	0.053503	0.031471	0.037807	0.048686	0.030654	0.041674	0.051728	
1470	0.037668	0.051663	0.032951	0.049565	0.031191	0.034816	0.048074	0.028057	0.043417	0.050630	
1475	0.039036	0.047867	0.031814	0.051859	0.032216	0.036041	0.047996	0.030270	0.046837	0.049569	
1480	0.040212	0.045658	0.031515	0.053755	0.034524	0.036127	0.048093	0.029507	0.051659	0.052816	
1485	0.035783	0.049305	0.029858	0.055318	0.032143	0.038497	0.047158	0.028912	0.051746	0.051298	
1490	0.038283	0.048911	0.032776	0.051682	0.033295	0.034949	0.047680	0.030687	0.050775	0.050571	
1495	0.035831	0.043255	0.027481	0.054169	0.035515	0.033762	0.051458	0.033868	0.047940	0.048178	
1500	0.038247	0.045464	0.023931	0.059263	0.035504	0.037420	0.046297	0.036663	0.044365	0.047691	
1505	0.040785	0.043784	0.018829	0.056687	0.033560	0.037477	0.045909	0.036381	0.046096	0.047063	
1510	0.039962	0.043498	0.021242	0.054545	0.032276	0.039983	0.040212	0.043010	0.047574	0.048016	
1515	0.037287	0.041438	0.019353	0.061664	0.033889	0.041271	0.037768	0.041564	0.045425	0.042196	
1520	0.035400	0.041567	0.019948	0.059390	0.037852	0.041049	0.039270	0.038049	0.047456	0.039052	
1525	0.036495	0.039766	0.020117	0.064537	0.034960	0.041513	0.037091	0.036316	0.046164	0.039679	
1530	0.034413	0.035083	0.019960	0.063201	0.031845	0.043738	0.038027	0.036026	0.046749	0.043069	
1535	0.040306	0.033059	0.022430	0.062641	0.033735	0.047589	0.038124	0.035579	0.044372	0.037249	
1540	0.039589	0.030725	0.024711	0.063580	0.034340	0.049287	0.041930	0.033425	0.042897	0.035261	
1545	0.042668	0.032434	0.029663	0.065635	0.033282	0.050295	0.042200	0.032518	0.041864	0.038285	
1550	0.045540	0.036498	0.030251	0.069412	0.036475	0.048847	0.038355	0.032681	0.039112	0.034967	
1555	0.048793	0.040139	0.025188	0.064038	0.038559	0.045486	0.038906	0.030511	0.040484	0.036476	
1560	0.043660	0.043767	0.028774	0.058162	0.044031	0.039572	0.039467	0.031912	0.032913	0.036112	
1565	0.041924	0.040733	0.030714	0.055015	0.042866	0.037947	0.038439	0.030711	0.031657	0.035721	
1570	0.041537	0.040624	0.030285	0.049380	0.040389	0.037840	0.038772	0.031942	0.028331	0.035720	
1575	0.045477	0.041941	0.032924	0.052720	0.039909	0.035826	0.039765	0.032445	0.031560	0.039400	
1580	0.046612	0.039075	0.028966	0.055607	0.039789	0.032968	0.041579	0.032669	0.031447	0.045472	
1585	0.042570	0.034799	0.025241	0.055653	0.044148	0.031566	0.042748	0.030058	0.033482	0.050192	
1590	0.041227	0.034598	0.022758	0.059629	0.041753	0.032024	0.044694	0.029753	0.037963	0.050571	
1595	0.042135	0.032144	0.020534	0.053040	0.040739	0.031974	0.044535	0.029741	0.041925	0.051677	
1600	0.045581	0.031095	0.020972	0.050404	0.039907	0.038015	0.044369	0.031647	0.044379	0.049548	
1605	0.047228	0.031296	0.022451	0.049654	0.039961	0.039325	0.045977	0.033214	0.048438	0.050803	
1610	0.045526	0.029173	0.027451	0.050480	0.041481	0.038805	0.045060	0.027440	0.045793	0.044037	
1615	0.045173	0.033481	0.028451	0.051278	0.041490	0.041131	0.041188	0.028210	0.046851	0.043127	
1620	0.047771	0.034801	0.023303	0.055621	0.044510	0.044240	0.045828	0.030221	0.049348	0.050398	
1625	0.050335	0.035961	0.026350	0.057573	0.050113	0.042775	0.042265	0.034841	0.051874	0.047709	
1630	0.050224	0.036435	0.027684	0.055194	0.051883	0.044891	0.043709	0.031484	0.057005	0.045631	
1635	0.049491	0.035896	0.028918	0.055654	0.052142	0.040498	0.044806	0.029066	0.055853	0.049466	
1640	0.047406	0.036375	0.030161	0.050610	0.051534	0.037825	0.042788	0.028706	0.057569	0.050336	
1645	0.051365	0.032819	0.030179	0.047899	0.046993	0.040564	0.039657	0.029611	0.053386	0.043500	
1650	0.055418	0.033528	0.030721	0.045077	0.043044	0.036710	0.036443	0.026318	0.057574	0.043675	
1655	0.051163	0.033957	0.028898	0.045362	0.046253	0.032655	0.037300	0.026742	0.057545	0.039413	
1660	0.050772	0.035220	0.027962	0.046140	0.045631	0.038180	0.039551	0.028950	0.060229	0.039876	
1665	0.050103	0.032377	0.027701	0.042283	0.041222	0.034042	0.039127	0.032014	0.061123	0.044320	
1670	0.043691	0.032798	0.026564	0.040969	0.039024	0.035073	0.037221	0.031601	0.062761	0.043059	
1675	0.042417	0.030734	0.026829	0.038979	0.037747	0.037979	0.038876	0.030050	0.060827	0.043142	
1680	0.041289	0.032121	0.027313	0.039827	0.039260	0.038712	0.038736	0.031012	0.059909	0.041941	
1685	0.038346	0.033331	0.028615	0.039656	0.039331	0.038576	0.041218	0.031333	0.057750	0.040442	
1690	0.036080	0.032670	0.026991	0.041071	0.035943	0.041954	0.043441	0.029604	0.059396	0.038638	
1695	0.038779	0.035617	0.027407	0.040403	0.038718	0.042977	0.038228	0.031164	0.052076	0.033741	
1700	0.040393	0.034763	0.026274	0.042096	0.039436	0.042225	0.035499	0.035555	0.053159	0.034681	
1705	0.037978	0.035229	0.026871	0.042448	0.038254	0.040652	0.036550	0.036061	0.051797	0.037269	
1710	0.033254	0.033079	0.028626	0.043605	0.040351	0.040966	0.037927	0.040673	0.048035	0.035758	
1715	0.033190	0.035000	0.032978	0.044557	0.041772	0.040625	0.037445	0.040917	0.049958	0.034269	
1720	0.032424	0.032826	0.035327	0.043815	0.041507	0.039992	0.037678	0.042802	0.048030	0.034126	
1725	0.034907	0.033342	0.042207	0.041937	0.039293	0.038150	0.038381	0.041342	0.046117	0.031276	
1730	0.035616	0.032266	0.038228	0.040507	0.038651	0.041433	0.040444	0.041030	0.045397	0.030817	
1735	0.032862	0.029080	0.038907	0.037830	0.037577	0.044749	0.042308	0.042211	0.043260	0.039983	
1740	0.036911	0.028790	0.043677	0.036693	0.039438	0.041962	0.043089	0.042308	0.042012	0.038897	
1745	0.034624	0.028516	0.041971	0.033135	0.039784	0.043540	0.037537	0.044453	0.044814	0.036093	
1750	0.033268	0.031225	0.042003	0.030396	0.040680	0.048119	0.042287	0.042165	0.045946	0.038351	
1755	0.040981	0.032005	0.038224	0.031888	0.041986	0.045765	0.045015	0.043094	0.046581	0.034047	
1760	0.041874	0.031957	0.038332	0.033426	0.044912	0.042983	0.046649	0.041969	0.051798	0.035744	
1765	0.040877	0.032324	0.041001	0.029780	0.043427	0.047193	0.039944	0.045584	0.048128	0.032589	
1770	0.045972	0.032104	0.040912	0.029566	0.043516	0.045915	0.041123	0.045126	0.042542	0.035120	
1775	0.054179	0.033295	0.043043	0.031621	0.043238	0.042736	0.042457	0.040072	0.045258	0.034525	
1780	0.053740	0.033393	0.040649	0.029013	0.041704	0.037755	0.043742	0.037652	0.047242	0.028224	
1785	0.055945	0.036263	0.043106	0.033994	0.040316	0.035258	0.047282	0.037874	0.049567	0.023643	
1790	0.055641	0.034866	0.042131	0.032438	0.043271	0.038235	0.049414	0.038599	0.053298	0.025633	
1795	0.057904	0.037417	0.039308	0.031301	0.043854	0.035331	0.042886	0.036788	0.047992	0.029013	
1800	0.056761	0.037136	0.035306	0.025306	0.039900	0.033745	0.040750	0.041401	0.048491	0.030398	
1805	0.054506	0.038229	0.034731	0.028834	0.038635	0.036546	0.043772	0.039210	0.050358	0.025601	
1810	0.047518	0.037266	0.034369	0.030870	0.038260	0.034450	0.047562	0.042282	0.051522	0.025513	
1815	0.051205	0.036780	0.039632	0.026531	0.038666	0.030976	0.046279	0.044007	0.046542	0.026418	
1820	0.054897	0.035381	0.037798	0.026190	0.038435	0.033750	0.042716	0.040017	0.041589	0.026649	
1825	0.052585	0.033119	0.031216	0.025232	0.037353	0.037160	0.040789	0.039789	0.045758	0.025311	
1830	0.045969	0.033364	0.028507	0.026910	0.036870	0.034939	0.039760	0.040515	0.047612	0.029510	
1835	0.040764	0.033546	0.027274	0.031734	0.036680	0.036076	0.040375	0.041129	0.043564	0.027553	
1840	0.038902	0.036308	0.028051	0.032157	0.037802	0.043066	0.047196	0.042420	0.047743	0.024173	
1845	0.037965	0.038520	0.023933	0.031085	0.039281	0.045838	0.045082	0.046416	0.051208	0.025305	
1850	0.038120	0.040398	0.020943	0.031668	0.040436	0.041776	0.047028	0.045566	0.052232	0.022240	
1855	0.031835	0.038852	0.022180	0.029995	0.040985	0.045128	0.050128	0.045371	0.053422	0.024504	
1860	0.031819	0.039299	0.024611	0.025559	0.041661	0.041254	0.043541	0.045447	0.044877	0.027680	
1865	0.028642	0.042286	0.023529	0.025040	0.041353	0.043813	0.043926	0.043517	0.042974	0.028604	
1870	0.024505	0.044952	0.025932	0.023847	0.040115	0.048012	0.043683	0.047075	0.041773	0.029509	
1875	0.025276	0.045388	0.026252	0.023482	0.042366	0.051244	0.039928	0.047461	0.040425	0.029261	
1880	0.026146	0.044972	0.028228	0.025635	0.040517	0.055438	0.036369	0.047112	0.037589	0.028001	
1885	0.032833	0.042761	0.028668	0.024255	0.042057	0.058382	0.036235	0.044586	0.033955	0.029131	
1890	0.031322	0.042367	0.027661	0.023894	0.041014	0.053514	0.036112	0.046058	0.037408	0.027916	
1895	0.032949	0.042188	0.025072	0.023920	0.047521	0.056091	0.038871	0.048539	0.035923	0.025385	
1900	0.028524	0.041571	0.030203	0.025716	0.047131	0.055186	0.042528	0.050015	0.043059	0.030067	
1905	0.027246	0.040770	0.027176	0.027354	0.048601	0.056242	0.042678	0.052939	0.039789	0.028281	
1910	0.028548	0.042894	0.023851	0.027103	0.048301	0.056150	0.045209	0.052655	0.037364	0.025440	
1915	0.030399	0.043616	0.026643	0.027477	0.050417	0.057150	0.044215	0.052626	0.043608	0.024607	
1920	0.030731	0.046681	0.027985	0.030095	0.052419	0.055976	0.046494	0.054477	0.047722	0.024799	
1925	0.036153	0.042758	0.031304	0.025088	0.050379	0.054790	0.050081	0.051824	0.049064	0.023902	
1930	0.035048	0.041454	0.031602	0.025966	0.052100	0.057500	0.050645	0.049807	0.042544	0.026562	
1935	0.042362	0.043991	0.028228	0.026836	0.049802	0.058490	0.048268	0.046739	0.035860	0.025697	
1940	0.041311	0.044652	0.025901	0.025508	0.044946	0.056124	0.045440	0.048197	0.033216	0.027803	
1945	0.044220	0.042866	0.026006	0.023859	0.048394	0.052727	0.045025	0.047799	0.032445	0.032006	
1950	0.040762	0.044138	0.023670	0.023841	0.053081	0.053088	0.045024	0.048374	0.033095	0.026358	
1955	0.040140	0.040626	0.023755	0.024521	0.054801	0.049906	0.044359	0.048199	0.031921	0.023718	
1960	0.041715	0.042517	0.024718	0.025911	0.054302	0.048311	0.049494	0.049465	0.031709	0.026087	
1965	0.039581	0.046397	0.026791	0.028524	0.051545	0.052964	0.050230	0.048680	0.023271	0.028087	
1970	0.034561	0.040604	0.027020	0.027936	0.050165	0.049740	0.045548	0.044933	0.025067	0.031740	
1975	0.032400	0.043785	0.029039	0.027437	0.050228	0.051044	0.041467	0.043905	0.028827	0.031917	
1980	0.034339	0.045110	0.027878	0.030709	0.051690	0.048708	0.041418	0.046951	0.031767	0.032588	
1985	0.034069	0.041707	0.025034	0.031349	0.054373	0.042903	0.044409	0.046738	0.030547	0.031762	
1990	0.034645	0.044140	0.024241	0.028294	0.047259	0.039452	0.049320	0.042494	0.034959	0.026228	
1995	0.033138	0.045104	0.029223	0.031113	0.043509	0.038488	0.054294	0.040669	0.032009	0.027937	
2000	0.033615	0.044431	0.027688	0.032422	0.040568	0.039732	0.055226	0.040230	0.034578	0.027820	
2005	0.037683	0.048063	0.031071	0.034148	0.046198	0.043455	0.054631	0.043442	0.041454	0.028569	
2010	0.038084	0.050794	0.031312	0.037413	0.045648	0.042457	0.049194	0.041565	0.038490	0.026671	
2015	0.037207	0.044260	0.032949	0.033594	0.046131	0.041512	0.047110	0.042838	0.038581	0.022807	
2020	0.036990	0.044508	0.032361	0.038305	0.044171	0.040400	0.049096	0.047875	0.038543	0.021390	
2025	0.040071	0.042193	0.032113	0.038881	0.040198	0.039847	0.048149	0.043177	0.034737	0.025815	
2030	0.037894	0.045655	0.033927	0.040535	0.040863	0.041436	0.048558	0.047332	0.032900	0.028545	
2035	0.044688	0.044937	0.041226	0.040114	0.042262	0.039991	0.047488	0.049019	0.032508	0.028710	
2040	0.038885	0.044844	0.037856	0.040928	0.040997	0.036591	0.049723	0.048608	0.032659	0.025221	
2045	0.036341	0.047568	0.038250	0.043271	0.041628	0.038671	0.056383	0.046709	0.032448	0.030771	
2050	0.040534	0.044946	0.038720	0.045286	0.042563	0.038792	0.052226	0.047207	0.034388	0.029693	
2055	0.037331	0.044608	0.043252	0.045656	0.047728	0.038479	0.051406	0.047366	0.032077	0.032190	
2060	0.036779	0.043664	0.047398	0.045647	0.044973	0.040385	0.052901	0.046961	0.032019	0.032899	
2065	0.033653	0.042313	0.046254	0.041167	0.051784	0.039061	0.051629	0.049806	0.030534	0.039231	
2070	0.038085	0.045648	0.044980	0.043772	0.055544	0.040869	0.052027	0.053059	0.029290	0.033766	
2075	0.041489	0.048677	0.044818	0.044755	0.056613	0.041113	0.045074	0.048465	0.028329	0.038224	
2080	0.043208	0.048761	0.046147	0.039630	0.060357	0.044568	0.045142	0.054610	0.030363	0.038578	
2085	0.046451	0.044772	0.045845	0.045120	0.058624	0.043572	0.044856	0.054638	0.028897	0.036906	
2090	0.045691	0.040920	0.046248	0.042328	0.058112	0.046776	0.043306	0.054149	0.032683	0.038023	
2095	0.042354	0.036915	0.043269	0.039895	0.056038	0.044060	0.035703	0.048014	0.038664	0.034116	
2100	0.040993	0.032492	0.044472	0.040398	0.057740	0.048601	0.035665	0.047999	0.036075	0.032947	
2105	0.038159	0.032586	0.046214	0.038839	0.058086	0.045533	0.038425	0.050580	0.034488	0.034270	
2110	0.041186	0.030641	0.048711	0.039857	0.055006	0.045548	0.039464	0.047928	0.031892	0.038039	
2115	0.038384	0.034472	0.048969	0.039559	0.047942	0.043356	0.037449	0.044814	0.034147	0.036200	
2120	0.047714	0.031687	0.048663	0.039161	0.049799	0.039117	0.035866	0.042411	0.038059	0.033982	
2125	0.043057	0.032393	0.050769	0.037433	0.048015	0.039125	0.039364	0.040292	0.035050	0.030289	
2130	0.037337	0.032893	0.047466	0.039110	0.047494	0.041668	0.038689	0.042588	0.036805	0.025536	
2135	0.043841	0.032348	0.044409	0.040230	0.047666	0.038436	0.043233	0.044931	0.040808	0.026982	
2140	0.042935	0.032672	0.044968	0.037797	0.045221	0.040813	0.042453	0.044903	0.036540	0.024122	
2145	0.038308	0.030107	0.049754	0.037580	0.046813	0.041672	0.045774	0.044652	0.035722	0.024065	
2150	0.038225	0.031632	0.049576	0.041402	0.052621	0.041842	0.042320	0.044699	0.038069	0.025851	
2155	0.037839	0.030004	0.048258	0.040893	0.053984	0.042072	0.038930	0.040278	0.037351	0.029192	
2160	0.041273	0.027802	0.047617	0.040508	0.052393	0.037840	0.042439	0.043696	0.038990	0.031447	
2165	0.040818	0.028333	0.042349	0.040513	0.046645	0.040660	0.043021	0.041709	0.040162	0.035215	
2170	0.049957	0.026059	0.045018	0.037653	0.045279	0.043415	0.045725	0.040068	0.039790	0.038383	
2175	0.050717	0.026815	0.042662	0.033732	0.044442	0.042098	0.037808	0.044827	0.042211	0.035998	
2180	0.053997	0.026702	0.044333	0.033249	0.046717	0.035583	0.035383	0.050187	0.042141	0.028180	
2185	0.051296	0.025165	0.046279	0.034087	0.043053	0.045009	0.035578	0.049449	0.041098	0.030292	
2190	0.048581	0.026320	0.041892	0.035534	0.038427	0.041198	0.034183	0.050663	0.047152	0.028388	
2195	0.043215	0.026365	0.044446	0.040177	0.036360	0.037799	0.032962	0.046283	0.043777	0.027304	
2200	0.042050	0.029151	0.040729	0.043803	0.034360	0.038243	0.035086	0.047323	0.046318	0.029214	
2205	0.045220	0.022942	0.042064	0.045287	0.035499	0.038883	0.036928	0.053214	0.046257	0.024120	
2210	0.043575	0.024153	0.042562	0.042840	0.037643	0.036046	0.036189	0.054322	0.047521	0.025647	
2215	0.049276	0.023715	0.042869	0.041420	0.036798	0.034237	0.038605	0.052154	0.047918	0.024246	
2220	0.047244	0.023954	0.045370	0.038231	0.038778	0.037225	0.042773	0.050234	0.055415	0.028216	
2225	0.040887	0.024803	0.042313	0.043033	0.040828	0.034645	0.041697	0.052266	0.054354	0.026985	
2230	0.040887	0.024311	0.043062	0.037960	0.039003	0.044591	0.045253	0.047552	0.051871	0.026895	
2235	0.042359	0.024847	0.047193	0.033586	0.040086	0.038856	0.042089	0.048133	0.053087	0.021506	
2240	0.042848	0.026319	0.049473	0.032867	0.036091	0.036563	0.043675	0.046672	0.049341	0.021205	
2245	0.043268	0.026801	0.052815	0.039075	0.034875	0.038156	0.043440	0.053685	0.051601	0.023892	
2250	0.041255	0.024378	0.047419	0.037842	0.036827	0.034883	0.044727	0.053331	0.043056	0.022089	
2255	0.039414	0.023013	0.045352	0.036012	0.032394	0.033893	0.040511	0.053862	0.039219	0.022900	
2260	0.039780	0.026026	0.051468	0.038406	0.033546	0.035027	0.042095	0.055553	0.037257	0.023939	
2265	0.042810	0.025535	0.051889	0.038193	0.034174	0.037431	0.042441	0.054558	0.039433	0.018135	
2270	0.040902	0.023640	0.047921	0.038494	0.037527	0.039859	0.042776	0.058459	0.038132	0.017322	
2275	0.035702	0.025107	0.044651	0.038629	0.039943	0.042071	0.042245	0.058332	0.038711	0.017239	
2280	0.040490	0.026577	0.040972	0.043894	0.042068	0.039787	0.042532	0.061993	0.044275	0.015769	
2285	0.040346	0.028231	0.042722	0.046768	0.042849	0.040619	0.040363	0.060305	0.046950	0.015164	
2290	0.040995	0.024894	0.045222	0.050700	0.042102	0.042808	0.040300	0.059197	0.040366	0.012699	
2295	0.040561	0.024418	0.045822	0.052240	0.040136	0.041291	0.037036	0.058507	0.040289	0.010333	
2300	0.034979	0.027028	0.045367	0.051443	0.043347	0.040818	0.038172	0.057611	0.043061	0.011673	
2305	0.031186	0.022824	0.048021	0.052103	0.040244	0.036914	0.037473	0.055676	0.047271	0.013821	
2310	0.031630	0.022710	0.044812	0.048734	0.042795	0.037802	0.033425	0.052753	0.047153	0.013709	
2315	0.035515	0.020569	0.041870	0.049443	0.035756	0.033719	0.035662	0.052049	0.047300	0.016514	
2320	0.037991	0.024986	0.041093	0.047702	0.036989	0.035785	0.032032	0.051844	0.048657	0.022106	
2325	0.036970	0.023255	0.041183	0.048334	0.035329	0.039066	0.034024	0.050801	0.045897	0.021101	
2330	0.038132	0.027326	0.043163	0.047855	0.032015	0.039857	0.031970	0.054908	0.046759	0.022761	
2335	0.039594	0.027898	0.041640	0.046600	0.028528	0.040413	0.031250	0.049406	0.047699	0.026044	
2340	0.037680	0.025665	0.046011	0.047395	0.030614	0.040278	0.027174	0.045889	0.047108	0.024374	
2345	0.034103	0.024787	0.041028	0.046601	0.029418	0.038670	0.031411	0.042931	0.047091	0.022235	
2350	0.032280	0.024125	0.038522	0.048633	0.028097	0.035159	0.030965	0.043874	0.044657	0.023564	
2355	0.036488	0.027512	0.035255	0.046674	0.023538	0.035574	0.033813	0.040495	0.042965	0.022576	
2360	0.038162	0.025132	0.035670	0.045894	0.030570	0.034469	0.033823	0.042734	0.041710	0.021111	
2365	0.036694	0.030086	0.035091	0.053482	0.031078	0.031204	0.033853	0.044167	0.050854	0.019899	
2370	0.036257	0.030182	0.035283	0.052999	0.030500	0.030534	0.031457	0.048475	0.056007	0.020020	
2375	0.037262	0.032717	0.037107	0.050810	0.027841	0.028475	0.030835	0.047026	0.056723	0.019014	
2380	0.039513	0.033960	0.035902	0.048152	0.027878	0.026213	0.033639	0.046955	0.051573	0.023276	
2385	0.043974	0.034656	0.035447	0.048598	0.025334	0.029157	0.035376	0.046779	0.051900	0.019900	
2390	0.046260	0.039781	0.034807	0.050955	0.027269	0.028715	0.034052	0.047116	0.055610	0.021007	
2395	0.040409	0.046915	0.034563	0.053544	0.028391	0.032036	0.032590	0.048304	0.049587	0.021535	
2400	0.036211	0.042824	0.037018	0.053079	0.029750	0.032934	0.031736	0.044698	0.045779	0.023028	
2405	0.033847	0.042850	0.033320	0.051965	0.028677	0.031059	0.032687	0.048780	0.042680	0.021180	
2410	0.036238	0.037195	0.035716	0.053521	0.027399	0.029536	0.032999	0.051309	0.043932	0.017437	
2415	0.036202	0.036290	0.039447	0.057200	0.031459	0.028970	0.031307	0.046765	0.040682	0.016934	
2420	0.038669	0.034179	0.041840	0.059817	0.035743	0.031732	0.029683	0.044734	0.037593	0.020192	
2425	0.034721	0.034217	0.036953	0.065031	0.035246	0.030833	0.027425	0.046965	0.039120	0.022097	
2430	0.036054	0.029954	0.034851	0.063292	0.030640	0.033530	0.026779	0.044298	0.039606	0.021396	
2435	0.039328	0.027636	0.035161	0.065567	0.029972	0.029597	0.024356	0.041662	0.044607	0.020883	
2440	0.039915	0.027290	0.036193	0.057293	0.033757	0.033317	0.026737	0.041530	0.046436	0.025765	
2445	0.037405	0.024765	0.036417	0.057124	0.034506	0.036412	0.032812	0.039576	0.043905	0.025782	
2450	0.037275	0.020041	0.036716	0.053571	0.036411	0.040323	0.027349	0.040864	0.040750	0.022184	
2455	0.033659	0.022661	0.038318	0.048577	0.033392	0.048651	0.025444	0.041079	0.041578	0.024985	
2460	0.034557	0.020742	0.036072	0.048617	0.038490	0.044207	0.027518	0.039556	0.041476	0.027418	
2465	0.035268	0.020408	0.040809	0.047817	0.044111	0.043902	0.028575	0.038779	0.042801	0.026828	
2470	0.036266	0.024507	0.039094	0.040626	0.038244	0.046073	0.026273	0.032279	0.048899	0.029081	
2475	0.037344	0.024966	0.032969	0.040447	0.038235	0.044843	0.023118	0.030666	0.049467	0.028546	
2480	0.035966	0.027103	0.032643	0.038409	0.039723	0.045075	0.023072	0.036757	0.046080	0.033307	
2485	0.035110	0.026380	0.029185	0.041776	0.044174	0.045167	0.025483	0.037669	0.044166	0.029034	
2490	0.035289	0.028428	0.025440	0.038675	0.045084	0.045306	0.024937	0.039536	0.039301	0.025924	
2495	0.030920	0.032146	0.022613	0.034283	0.045106	0.045054	0.023183	0.034406	0.039288	0.024998	
2500	0.032774	0.037688	0.025772	0.031900	0.041635	0.048063	0.025413	0.039284	0.035903	0.025383	
2505	0.034263	0.041405	0.021992	0.035894	0.040116	0.046581	0.026384	0.034640	0.037505	0.022545	
2510	0.035224	0.035390	0.022270	0.032177	0.038172	0.045355	0.022821	0.033002	0.036846	0.023960	
2515	0.032739	0.033840	0.024025	0.033527	0.041553	0.049569	0.019331	0.034055	0.043087	0.023616	
2520	0.029236	0.031956	0.023744	0.029428	0.036680	0.056402	0.019478	0.032279	0.040904	0.028161	
2525	0.029939	0.034036	0.026550	0.031970	0.038634	0.052596	0.022638	0.032791	0.042985	0.028288	
2530	0.035389	0.031700	0.025119	0.039210	0.036181	0.052598	0.023755	0.034269	0.039532	0.028332	
2535	0.034726	0.033966	0.027484	0.044033	0.033076	0.050746	0.026266	0.034550	0.039536	0.029397	
2540	0.035361	0.030369	0.025976	0.042377	0.035989	0.053915	0.030796	0.035734	0.040958	0.032608	
2545	0.033633	0.031002	0.025666	0.036951	0.036591	0.054627	0.031239	0.038069	0.037138	0.036908	
2550	0.035556	0.032418	0.022357	0.035372	0.033899	0.053114	0.033485	0.042921	0.034221	0.035239	
2555	0.029104	0.037973	0.025711	0.036924	0.033233	0.055251	0.034015	0.046259	0.039457	0.037288	
2560	0.029454	0.040352	0.029700	0.034826	0.034558	0.052862	0.035787	0.041000	0.036752	0.034278	
2565	0.028992	0.039384	0.031256	0.036648	0.036150	0.054891	0.039782	0.042217	0.031077	0.034634	
2570	0.029578	0.042613	0.029969	0.035554	0.031761	0.051888	0.036371	0.040894	0.028794	0.036614	
2575	0.029611	0.043225	0.031209	0.037345	0.030633	0.051804	0.034124	0.038553	0.031465	0.039406	
2580	0.031862	0.040023	0.033159	0.039212	0.031874	0.047688	0.033343	0.038708	0.028805	0.040045	
2585	0.038528	0.043855	0.029907	0.039346	0.031123	0.045227	0.031218	0.039698	0.029908	0.046750	
2590	0.038378	0.040537	0.028983	0.043731	0.027836	0.046203	0.029782	0.037468	0.037298	0.041149	
2595	0.042611	0.035843	0.032521	0.041509	0.028237	0.048698	0.032926	0.034662	0.042653	0.040991	
2600	0.042631	0.031064	0.032153	0.042220	0.029663	0.051540	0.041239	0.032089	0.040490	0.044761	
2605	0.044204	0.034243	0.031103	0.044324	0.029167	0.050101	0.041314	0.035852	0.039387	0.045032	
2610	0.048450	0.033703	0.035948	0.044261	0.028125	0.048770	0.052575	0.030889	0.035132	0.044522	
2615	0.044804	0.031624	0.035539	0.039640	0.030926	0.045143	0.050882	0.032464	0.038114	0.038796	
2620	0.048381	0.034221	0.033463	0.043969	0.031240	0.048033	0.048893	0.032845	0.035459	0.038013	
2625	0.051690	0.031242	0.031874	0.041083	0.031705	0.047553	0.053054	0.032518	0.034683	0.039129	
2630	0.051799	0.027461	0.031900	0.037118	0.036755	0.043307	0.051374	0.032336	0.034574	0.041868	
2635	0.053177	0.026700	0.031802	0.035769	0.034758	0.042460	0.045947	0.031357	0.034197	0.040364	
2640	0.057446	0.027189	0.031394	0.033732	0.038041	0.042304	0.045499	0.031590	0.034055	0.042748	
2645	0.063962	0.026091	0.032691	0.034514	0.040366	0.036503	0.047712	0.029638	0.033970	0.040074	
2650	0.066480	0.029688	0.031532	0.035954	0.033996	0.036979	0.046231	0.030687	0.035255	0.042760	
2655	0.071347	0.033570	0.032798	0.034197	0.034514	0.035535	0.040209	0.031021	0.035582	0.041354	
2660	0.066923	0.030713	0.034251	0.035746	0.033413	0.034714	0.041870	0.031734	0.030865	0.040127	
2665	0.065534	0.032843	0.038052	0.034799	0.030772	0.030815	0.039058	0.029692	0.027831	0.037368	
2670	0.067773	0.032602	0.034832	0.037729	0.025998	0.028107	0.040407	0.032152	0.027863	0.038516	
2675	0.065118	0.037214	0.034022	0.036103	0.029764	0.022424	0.035970	0.032757	0.031433	0.033360	
2680	0.072721	0.035512	0.033150	0.038416	0.028790	0.023108	0.036938	0.032637	0.034048	0.034950	
2685	0.070427	0.038083	0.031855	0.036810	0.032622	0.024903	0.037604	0.034960	0.039099	0.034963	
2690	0.075755	0.035308	0.026210	0.035286	0.029661	0.024913	0.035279	0.034800	0.041190	0.033645	
2695	0.074971	0.034191	0.028252	0.037857	0.025859	0.027118	0.031065	0.032678	0.041883	0.035337	
2700	0.069500	0.036287	0.030423	0.036595	0.027218	0.030498	0.029420	0.030651	0.042404	0.031622	
2705	0.068156	0.036204	0.030001	0.036200	0.030315	0.028985	0.028454	0.032821	0.046735	0.035497	
2710	0.058643	0.037171	0.030152	0.036730	0.032317	0.027743	0.028273	0.037560	0.042174	0.032448	
2715	0.053889	0.040971	0.033487	0.036999	0.036547	0.026186	0.028351	0.032416	0.044760	0.032813	
2720	0.056465	0.048283	0.032131	0.039164	0.030398	0.027503	0.025635	0.032136	0.039416	0.037235	
2725	0.055015	0.046734	0.030147	0.039226	0.026369	0.035183	0.026435	0.031510	0.035676	0.034470	
2730	0.054778	0.039667	0.031674	0.040960	0.029743	0.035621	0.028243	0.032418	0.035509	0.039217	
2735	0.057946	0.035319	0.031213	0.043380	0.029504	0.033748	0.027512	0.034823	0.038165	0.035573	
2740	0.054264	0.032714	0.033249	0.040506	0.031469	0.033749	0.023149	0.029126	0.032378	0.038429	
2745	0.051282	0.032718	0.036163	0.037566	0.030057	0.032925	0.021593	0.029008	0.030988	0.037463	
2750	0.054198	0.034709	0.034528	0.037247	0.028535	0.036699	0.025548	0.027967	0.033747	0.035318	
2755	0.054025	0.036080	0.031212	0.038272	0.029414	0.039103	0.029524	0.035559	0.038228	0.032912	
2760	0.058021	0.037274	0.032021	0.038773	0.031427	0.037235	0.030912	0.032530	0.041766	0.033277	
2765	0.042230	0.034477	0.028695	0.039194	0.034557	0.037781	0.033739	0.029570	0.039883	0.035486	
2770	0.046516	0.035013	0.029328	0.038879	0.032362	0.028941	0.029208	0.029038	0.037127	0.036359	
2775	0.039246	0.031976	0.030978	0.038293	0.035284	0.033738	0.029045	0.028711	0.036786	0.037976	
2780	0.038590	0.031265	0.027011	0.036956	0.040371	0.036092	0.030708	0.024651	0.035096	0.040675	
2785	0.035782	0.032041	0.027505	0.035242	0.042496	0.038326	0.029867	0.025880	0.036550	0.047574	
2790	0.034511	0.035550	0.031739	0.037513	0.042613	0.038131	0.026858	0.024271	0.038878	0.048103	
2795	0.030611	0.031086	0.026427	0.035302	0.045655	0.036385	0.026108	0.023679	0.039055	0.047162	
2800	0.026033	0.029572	0.028008	0.033518	0.043995	0.032056	0.028556	0.022574	0.039574	0.046390	
2805	0.032434	0.028893	0.031391	0.033858	0.045074	0.028852	0.029604	0.021932	0.038895	0.046312	
2810	0.030534	0.031983	0.033246	0.032669	0.059984	0.029106	0.029066	0.022612	0.035639	0.049377	
2815	0.028167	0.031824	0.037119	0.040010	0.062422	0.027799	0.029406	0.016477	0.032510	0.047812	
2820	0.029182	0.028218	0.036996	0.038408	0.060201	0.025777	0.028162	0.019362	0.036277	0.052019	
2825	0.031752	0.025451	0.037511	0.041363	0.050046	0.026563	0.028953	0.014324	0.033954	0.055354	
2830	0.030006	0.027063	0.037051	0.039747	0.044483	0.027308	0.031969	0.016379	0.030020	0.053391	
2835	0.029528	0.027736	0.036749	0.044374	0.041464	0.027241	0.035376	0.017445	0.033347	0.048603	
2840	0.030787	0.028418	0.040740	0.047299	0.040673	0.028384	0.036218	0.019058	0.036114	0.046029	
2845	0.033020	0.033264	0.037770	0.045886	0.040040	0.030899	0.036125	0.018385	0.033523	0.049799	
2850	0.030043	0.033859	0.035134	0.047146	0.037576	0.029092	0.033193	0.018861	0.030934	0.047620	
2855	0.031205	0.032558	0.033092	0.045806	0.039819	0.033436	0.032768	0.015592	0.032403	0.039365	
2860	0.034831	0.026839	0.033440	0.045517	0.038967	0.036916	0.036627	0.018060	0.030064	0.041885	
2865	0.035039	0.032494	0.034917	0.043138	0.035071	0.036497	0.038442	0.017633	0.032495	0.040833	
2870	0.032965	0.030083	0.034663	0.040452	0.039722	0.035705	0.038723	0.016552	0.028656	0.039711	
2875	0.034140	0.031660	0.039413	0.038577	0.041998	0.037284	0.035930	0.018234	0.032117	0.035398	
2880	0.034196	0.029975	0.045293	0.037458	0.041841	0.031442	0.035986	0.020411	0.029352	0.040849	
2885	0.036757	0.028432	0.042536	0.036747	0.039815	0.035872	0.033541	0.022721	0.031593	0.047128	
2890	0.036590	0.028694	0.043090	0.038461	0.043124	0.034253	0.033633	0.021277	0.030626	0.049080	
2895	0.036839	0.027406	0.040452	0.040106	0.036395	0.029898	0.032494	0.018306	0.035511	0.046133	
2900	0.039877	0.025972	0.036587	0.039876	0.037892	0.030764	0.032883	0.018175	0.038546	0.043878	
2905	0.037298	0.026520	0.030827	0.041529	0.041936	0.030315	0.036575	0.018781	0.036084	0.045180	
2910	0.036534	0.023372	0.032442	0.041011	0.039761	0.027850	0.034857	0.020202	0.037031	0.044567	
2915	0.039240	0.023754	0.034998	0.040786	0.036630	0.026127	0.038142	0.020363	0.039503	0.048240	
2920	0.040868	0.023785	0.034004	0.043777	0.042008	0.026672	0.038806	0.018227	0.035881	0.048204	
2925	0.046025	0.022499	0.036592	0.044563	0.041341	0.022326	0.037905	0.018396	0.037416	0.043874	
2930	0.047171	0.023860	0.034512	0.045275	0.042176	0.025141	0.039907	0.020795	0.037709	0.043852	
2935	0.045660	0.020652	0.030998	0.045076	0.042160	0.026392	0.039552	0.017731	0.039035	0.043809	
2940	0.052100	0.022423	0.035940	0.043945	0.039424	0.025296	0.038459	0.019526	0.036477	0.042805	
2945	0.052407	0.025589	0.030942	0.044376	0.037696	0.027010	0.040559	0.020335	0.039702	0.040308	
2950	0.051254	0.025563	0.029274	0.044953	0.039987	0.025333	0.046470	0.019526	0.038513	0.039619	
2955	0.048810	0.030452	0.027668	0.044575	0.044115	0.027976	0.046078	0.020039	0.035780	0.041627	
2960	0.046243	0.032027	0.029421	0.043704	0.040214	0.028197	0.043593	0.024294	0.036009	0.036311	
2965	0.043937	0.032705	0.029397	0.044779	0.044108	0.025999	0.044372	0.023975	0.030984	0.034413	
2970	0.042240	0.031947	0.031776	0.047386	0.042867	0.027507	0.044223	0.025977	0.035034	0.035173	
2975	0.040074	0.028422	0.032500	0.047381	0.038153	0.028749	0.045718	0.029551	0.033027	0.035391	
2980	0.039231	0.026242	0.028851	0.046794	0.041285	0.030611	0.044046	0.033118	0.029214	0.038517	
2985	0.042716	0.027722	0.026676	0.047395	0.038086	0.034555	0.047410	0.032276	0.028308	0.034853	
2990	0.043488	0.026853	0.022796	0.048928	0.033722	0.033201	0.046148	0.032843	0.028906	0.039191	
2995	0.045901	0.027482	0.020421	0.045953	0.032631	0.036075	0.047202	0.031017	0.029065	0.040060	
3000	0.041383	0.030626	0.019577	0.046331	0.033580	0.033552	0.044733	0.029713	0.030463	0.037502	
