T	rep_1	rep_2	rep_3	rep_4	rep_5	rep_6	rep_7	rep_8	rep_9	rep_10
5	0.008147	0.004160	0.002927	0.004530	0.007931	0.007093	0.010330	0.010482	0.006774	0.004680	
10	0.099630	0.079577	0.052449	0.056034	0.088304	0.091654	0.107631	0.114452	0.085613	0.072063	
15	0.143105	0.138097	0.114685	0.119503	0.120060	0.164304	0.158429	0.156829	0.132981	0.194797	
20	0.186619	0.176230	0.148496	0.150394	0.146355	0.197158	0.179446	0.178307	0.154551	0.245544	
25	0.231860	0.222233	0.174076	0.184620	0.190952	0.207916	0.194304	0.203204	0.172233	0.252070	
30	0.281554	0.261883	0.204935	0.224679	0.238402	0.218739	0.216545	0.227996	0.191310	0.260766	
35	0.318207	0.297675	0.241214	0.262667	0.284144	0.234906	0.245731	0.264303	0.217852	0.267059	
40	0.339881	0.323052	0.267481	0.306789	0.298766	0.243597	0.281864	0.288804	0.244051	0.278938	
45	0.359509	0.337905	0.290573	0.320824	0.304964	0.255469	0.304793	0.320241	0.280732	0.297490	
50	0.368491	0.346169	0.316459	0.334081	0.317866	0.270416	0.327620	0.344883	0.301561	0.312712	
55	0.393918	0.353778	0.334416	0.344840	0.326767	0.289716	0.345834	0.355475	0.323188	0.327120	
60	0.403018	0.358960	0.352214	0.348282	0.327089	0.304978	0.352331	0.362876	0.341499	0.351963	
65	0.419477	0.377170	0.357460	0.359407	0.342207	0.311626	0.361539	0.370156	0.353418	0.369919	
70	0.429140	0.390966	0.373723	0.368778	0.357135	0.323445	0.378727	0.381467	0.363653	0.381335	
75	0.433229	0.398548	0.385973	0.386398	0.361630	0.342760	0.396200	0.391678	0.368390	0.393286	
80	0.433265	0.398154	0.396461	0.395388	0.362782	0.356846	0.403908	0.396261	0.383141	0.400213	
85	0.432028	0.410486	0.406175	0.403729	0.371923	0.376692	0.412054	0.407468	0.386204	0.405592	
90	0.441802	0.420298	0.426825	0.415539	0.378789	0.394767	0.415755	0.414387	0.395414	0.406733	
95	0.439737	0.422337	0.437001	0.415238	0.393607	0.403315	0.426867	0.417771	0.396905	0.412982	
100	0.436878	0.426604	0.440293	0.420598	0.400749	0.413048	0.437406	0.424104	0.407637	0.409584	
105	0.438772	0.432635	0.450234	0.427171	0.411782	0.424448	0.436168	0.427212	0.415049	0.405056	
110	0.435252	0.433072	0.444662	0.433923	0.425514	0.432578	0.435351	0.434129	0.410560	0.406215	
115	0.433068	0.430791	0.442820	0.437004	0.434393	0.440215	0.432401	0.433363	0.416316	0.405202	
120	0.432150	0.432720	0.446820	0.433084	0.430126	0.440919	0.435414	0.436944	0.420590	0.408247	
125	0.434360	0.433600	0.449227	0.427977	0.433432	0.448245	0.439099	0.438876	0.426903	0.414633	
130	0.437696	0.436280	0.453948	0.434788	0.442751	0.454953	0.438171	0.441154	0.440685	0.420941	
135	0.436844	0.434856	0.454157	0.436507	0.453338	0.451100	0.439286	0.448504	0.444206	0.419441	
140	0.438983	0.434813	0.458771	0.438099	0.462101	0.447608	0.449532	0.456939	0.443529	0.422925	
145	0.442049	0.439961	0.456181	0.442957	0.473274	0.449902	0.462365	0.461074	0.441075	0.420908	
150	0.440864	0.446617	0.457341	0.440655	0.474597	0.458502	0.459989	0.468189	0.444256	0.425731	
155	0.443806	0.451039	0.460598	0.438765	0.474369	0.459905	0.462838	0.464484	0.446730	0.431577	
160	0.443712	0.451986	0.456129	0.437814	0.466256	0.465484	0.467197	0.468764	0.448605	0.433201	
165	0.445779	0.453610	0.457279	0.441978	0.464802	0.470402	0.467452	0.467379	0.449238	0.440165	
170	0.447050	0.448788	0.458707	0.445432	0.469391	0.467183	0.463268	0.467648	0.452332	0.438185	
175	0.453237	0.442164	0.462811	0.444216	0.468040	0.462058	0.464438	0.464813	0.456684	0.442102	
180	0.456224	0.442566	0.463381	0.452620	0.459767	0.455347	0.468041	0.459632	0.459322	0.431788	
185	0.457722	0.444507	0.462063	0.458094	0.454976	0.452274	0.465602	0.461466	0.455922	0.438312	
190	0.453560	0.445097	0.457313	0.466136	0.459141	0.448041	0.462258	0.467301	0.459890	0.440328	
195	0.447151	0.444978	0.453602	0.462986	0.460584	0.444384	0.461802	0.467927	0.456714	0.441952	
200	0.447052	0.444354	0.447289	0.460762	0.464347	0.446974	0.462345	0.459491	0.461563	0.438169	
205	0.445459	0.440543	0.450500	0.457644	0.457872	0.449410	0.463790	0.465879	0.461054	0.435615	
210	0.444420	0.438499	0.451443	0.454250	0.455883	0.457943	0.471579	0.467733	0.468060	0.429494	
215	0.439941	0.436453	0.452643	0.452884	0.452692	0.456811	0.479626	0.463581	0.472301	0.428737	
220	0.434164	0.438712	0.443242	0.452151	0.447069	0.456544	0.478727	0.465630	0.470074	0.433126	
225	0.441301	0.442517	0.433414	0.452970	0.447497	0.455036	0.469879	0.467348	0.470153	0.427342	
230	0.439718	0.439414	0.430894	0.458457	0.456490	0.462205	0.474080	0.469697	0.465976	0.428862	
235	0.440739	0.439554	0.435006	0.461371	0.450184	0.462529	0.471644	0.470293	0.460680	0.431214	
240	0.431728	0.443037	0.434249	0.463200	0.441375	0.460872	0.475296	0.464602	0.461355	0.426542	
245	0.428803	0.436898	0.435129	0.463422	0.435112	0.455572	0.469926	0.458412	0.461998	0.424568	
250	0.422312	0.441902	0.446255	0.454476	0.431862	0.455020	0.465466	0.460820	0.465491	0.420544	
255	0.423420	0.435682	0.446695	0.453261	0.423701	0.453310	0.460160	0.453506	0.469920	0.421491	
260	0.419603	0.436059	0.444434	0.448668	0.429303	0.454383	0.457615	0.447802	0.461102	0.422725	
265	0.414553	0.440822	0.448017	0.448378	0.424490	0.454435	0.458865	0.446087	0.466587	0.426272	
270	0.420578	0.430492	0.450642	0.445857	0.423250	0.451688	0.456193	0.436442	0.465898	0.432945	
275	0.419041	0.434817	0.444537	0.446069	0.426088	0.454089	0.455200	0.431452	0.467448	0.435245	
280	0.421001	0.432273	0.442346	0.438065	0.427840	0.458328	0.463200	0.430944	0.470445	0.426942	
285	0.423957	0.421477	0.446752	0.438498	0.430704	0.454418	0.458524	0.436434	0.470038	0.422659	
290	0.421506	0.417049	0.447052	0.439264	0.419316	0.457588	0.460635	0.435958	0.468031	0.421191	
295	0.414564	0.417305	0.447759	0.432218	0.420026	0.457402	0.464713	0.425627	0.463266	0.412279	
300	0.416432	0.417990	0.439515	0.437877	0.421509	0.460473	0.452685	0.428614	0.462436	0.403906	
305	0.416729	0.414201	0.439273	0.435445	0.416343	0.461209	0.444840	0.429926	0.460163	0.404847	
310	0.417950	0.415531	0.438984	0.441755	0.410726	0.469453	0.446743	0.434950	0.464627	0.407475	
315	0.416553	0.419211	0.440852	0.438589	0.410413	0.470780	0.441292	0.439054	0.456786	0.407941	
320	0.407843	0.418323	0.436626	0.440713	0.411419	0.459310	0.445317	0.443144	0.456199	0.405488	
325	0.407607	0.418393	0.435968	0.437217	0.411322	0.459896	0.436296	0.439047	0.453476	0.407014	
330	0.404813	0.414938	0.435657	0.438208	0.406830	0.456227	0.439205	0.434708	0.450701	0.404411	
335	0.399882	0.413725	0.439083	0.439017	0.409545	0.452096	0.435039	0.433061	0.448861	0.401862	
340	0.394057	0.416631	0.441810	0.444334	0.417095	0.451054	0.434897	0.431459	0.449444	0.406275	
345	0.392853	0.412168	0.439339	0.440860	0.418662	0.446894	0.438035	0.432068	0.449443	0.407526	
350	0.400897	0.417904	0.441438	0.443363	0.421410	0.448477	0.437924	0.438613	0.449841	0.403336	
355	0.402988	0.421881	0.444555	0.446932	0.416231	0.450594	0.436035	0.441222	0.448087	0.404293	
360	0.409844	0.430821	0.444423	0.448044	0.417842	0.451624	0.431700	0.450416	0.453238	0.411909	
365	0.414642	0.429250	0.440519	0.449605	0.426036	0.446981	0.430422	0.453005	0.449512	0.412519	
370	0.417174	0.425746	0.442705	0.445714	0.423671	0.444471	0.428664	0.450194	0.446998	0.417154	
375	0.406909	0.425181	0.440313	0.444653	0.430001	0.446980	0.427947	0.444301	0.443903	0.412776	
380	0.401939	0.427523	0.435330	0.444177	0.427555	0.444237	0.425766	0.451418	0.440042	0.415777	
385	0.401032	0.428065	0.435652	0.436162	0.424263	0.442485	0.428343	0.447284	0.439566	0.408671	
390	0.396935	0.424485	0.434504	0.429863	0.430067	0.439514	0.435235	0.446605	0.442026	0.405726	
395	0.395841	0.421304	0.438616	0.433200	0.435251	0.439669	0.431030	0.436554	0.438377	0.406781	
400	0.390778	0.418357	0.439943	0.434387	0.432576	0.441605	0.428448	0.437083	0.443552	0.406838	
405	0.400031	0.421327	0.432374	0.438105	0.430795	0.437180	0.431630	0.434613	0.448157	0.408775	
410	0.402378	0.417968	0.432581	0.440414	0.429285	0.432528	0.433586	0.439397	0.451194	0.411640	
415	0.405007	0.420287	0.422109	0.438388	0.434173	0.434144	0.432339	0.440791	0.447388	0.412007	
420	0.398383	0.416052	0.423807	0.445250	0.435324	0.429637	0.421811	0.442528	0.438456	0.407290	
425	0.395924	0.420502	0.416515	0.442733	0.443103	0.429307	0.423338	0.450457	0.442762	0.404961	
430	0.398594	0.430015	0.415539	0.441107	0.438861	0.434753	0.427078	0.448125	0.448979	0.407194	
435	0.391443	0.424092	0.423442	0.442371	0.434797	0.435438	0.430414	0.448718	0.443183	0.406126	
440	0.387123	0.425851	0.427658	0.441583	0.437250	0.435128	0.440993	0.444764	0.441675	0.409297	
445	0.391663	0.426063	0.430688	0.442542	0.435752	0.435132	0.434396	0.441753	0.438613	0.415651	
450	0.387467	0.428101	0.429589	0.450977	0.436300	0.444362	0.436645	0.438767	0.431661	0.411763	
455	0.386216	0.428311	0.426998	0.445915	0.440026	0.434922	0.424969	0.433718	0.430941	0.409874	
460	0.376542	0.434381	0.429513	0.446895	0.443248	0.435750	0.433957	0.440809	0.424312	0.409049	
465	0.378151	0.443067	0.433800	0.454295	0.444512	0.432678	0.433911	0.438508	0.428592	0.407286	
470	0.384293	0.442632	0.433908	0.454635	0.453547	0.425046	0.430362	0.432272	0.425554	0.404815	
475	0.381689	0.437974	0.441248	0.456991	0.450603	0.429768	0.426988	0.433842	0.431197	0.407911	
480	0.380609	0.434208	0.441147	0.460059	0.446257	0.428992	0.429345	0.435532	0.429466	0.402716	
485	0.383638	0.433667	0.441954	0.462498	0.444176	0.436617	0.426702	0.439504	0.420096	0.405813	
490	0.380211	0.429581	0.447197	0.460432	0.441761	0.437035	0.420151	0.431844	0.417100	0.405632	
495	0.381371	0.427560	0.446297	0.460746	0.446516	0.435941	0.421208	0.431905	0.416634	0.402303	
500	0.382828	0.425388	0.446951	0.457704	0.439391	0.434513	0.421299	0.427470	0.416909	0.407897	
505	0.391787	0.427721	0.449031	0.453533	0.436380	0.433647	0.419591	0.427350	0.417522	0.402319	
510	0.398590	0.424546	0.449765	0.452618	0.437297	0.436515	0.420636	0.425575	0.420075	0.396484	
515	0.395372	0.424844	0.446492	0.450085	0.432194	0.436034	0.416106	0.421100	0.413182	0.399357	
520	0.388521	0.428346	0.445366	0.447623	0.433805	0.433856	0.407037	0.420411	0.408670	0.395488	
525	0.402538	0.427369	0.437610	0.447411	0.429612	0.433292	0.407268	0.421980	0.413661	0.390788	
530	0.400039	0.422735	0.442177	0.448454	0.437557	0.433130	0.408959	0.418472	0.424247	0.395168	
535	0.404782	0.421478	0.440226	0.447335	0.436401	0.432876	0.405533	0.423115	0.425051	0.392255	
540	0.406046	0.422022	0.439044	0.439368	0.429846	0.435778	0.407096	0.416880	0.426370	0.391048	
545	0.408695	0.416551	0.435178	0.442109	0.420758	0.430942	0.406000	0.420616	0.428750	0.391885	
550	0.407067	0.422832	0.427074	0.435366	0.409609	0.430689	0.408565	0.422324	0.424651	0.395714	
555	0.409805	0.416726	0.426922	0.432288	0.407896	0.434272	0.401785	0.423854	0.423040	0.396270	
560	0.406540	0.419206	0.431222	0.434979	0.413699	0.430010	0.399487	0.428428	0.420316	0.402403	
565	0.404996	0.424766	0.428367	0.428021	0.416922	0.427165	0.398941	0.428277	0.413556	0.398923	
570	0.405963	0.421252	0.423149	0.426357	0.418557	0.430909	0.405728	0.431911	0.410463	0.399273	
575	0.404761	0.414673	0.418904	0.424372	0.424003	0.429297	0.405126	0.428371	0.412893	0.399613	
580	0.404399	0.416696	0.418497	0.427832	0.424612	0.424316	0.401173	0.426206	0.419867	0.392403	
585	0.397332	0.414080	0.411951	0.428581	0.421985	0.432542	0.406154	0.423091	0.421938	0.391329	
590	0.399763	0.416136	0.408680	0.429178	0.431593	0.431288	0.405163	0.417224	0.432966	0.389391	
595	0.400124	0.413579	0.412535	0.435016	0.432769	0.431954	0.412051	0.415817	0.436911	0.399110	
600	0.399172	0.421807	0.410137	0.432355	0.417376	0.430658	0.407960	0.421150	0.430137	0.402449	
605	0.400032	0.421257	0.399483	0.427422	0.412198	0.430008	0.407345	0.422885	0.428137	0.405532	
610	0.395005	0.419627	0.395375	0.424689	0.412616	0.429455	0.409187	0.428996	0.427934	0.410805	
615	0.395543	0.411786	0.400576	0.418761	0.415009	0.432868	0.410789	0.431367	0.428959	0.407576	
620	0.397220	0.416932	0.397155	0.412924	0.411782	0.431110	0.410042	0.433454	0.426634	0.405162	
625	0.398252	0.422534	0.392906	0.406661	0.399753	0.436337	0.403785	0.427598	0.423070	0.406059	
630	0.390655	0.416304	0.395657	0.412216	0.395529	0.434640	0.406349	0.426424	0.429092	0.406146	
635	0.388901	0.415299	0.399774	0.410081	0.394222	0.435555	0.407682	0.425644	0.431189	0.400531	
640	0.389683	0.412805	0.403541	0.416177	0.382864	0.433252	0.407175	0.428518	0.436956	0.404282	
645	0.389809	0.417071	0.397011	0.419344	0.389651	0.432928	0.403734	0.421356	0.440417	0.403681	
650	0.394450	0.425349	0.397488	0.414443	0.403951	0.426542	0.402402	0.426527	0.437501	0.400157	
655	0.396343	0.414918	0.395536	0.418537	0.403757	0.426666	0.398847	0.424904	0.441254	0.394207	
660	0.402064	0.415932	0.395310	0.425468	0.397573	0.428601	0.398104	0.421769	0.435904	0.400341	
665	0.401208	0.412492	0.392603	0.428627	0.412956	0.425130	0.399387	0.422672	0.435897	0.405274	
670	0.393763	0.412851	0.394337	0.420542	0.422308	0.417819	0.398700	0.421994	0.436857	0.397439	
675	0.389302	0.421014	0.394438	0.417285	0.409284	0.415077	0.402378	0.418559	0.430228	0.392606	
680	0.384123	0.425161	0.395504	0.416728	0.414416	0.413675	0.397235	0.417376	0.433958	0.397104	
685	0.385958	0.425796	0.402906	0.417626	0.410685	0.411517	0.393430	0.419271	0.431892	0.402152	
690	0.379361	0.422823	0.401474	0.423116	0.418197	0.420050	0.394644	0.420583	0.434652	0.396201	
695	0.380275	0.414314	0.402867	0.422832	0.418004	0.424032	0.392505	0.419518	0.428973	0.396996	
700	0.387132	0.419956	0.403065	0.424422	0.421688	0.419884	0.391040	0.415654	0.427606	0.390388	
705	0.388874	0.414712	0.406474	0.431068	0.427125	0.417537	0.402285	0.412011	0.426995	0.389500	
710	0.390979	0.418839	0.407871	0.428734	0.425120	0.414629	0.402388	0.415988	0.422834	0.387156	
715	0.398041	0.417185	0.408979	0.426261	0.434637	0.408728	0.402189	0.423240	0.421419	0.389803	
720	0.400376	0.412494	0.410871	0.424285	0.440359	0.417950	0.403116	0.420828	0.422777	0.398226	
725	0.398411	0.409152	0.415676	0.420796	0.437970	0.416500	0.402434	0.419883	0.423021	0.399562	
730	0.393157	0.408990	0.416322	0.425873	0.436248	0.421397	0.412261	0.424550	0.421519	0.390524	
735	0.392075	0.408372	0.418316	0.424756	0.440838	0.423056	0.410392	0.425565	0.413827	0.390154	
740	0.401752	0.411091	0.414835	0.435478	0.447234	0.425717	0.418206	0.425908	0.407229	0.394497	
745	0.403935	0.408600	0.417563	0.433196	0.444916	0.431573	0.423822	0.422231	0.401413	0.387784	
750	0.400731	0.404701	0.418530	0.428805	0.443883	0.432401	0.420296	0.424026	0.404219	0.392391	
755	0.399431	0.400412	0.414034	0.426876	0.445490	0.431183	0.426179	0.422016	0.404211	0.395339	
760	0.397610	0.402356	0.418437	0.420822	0.438279	0.424083	0.427811	0.418006	0.407024	0.396094	
765	0.404372	0.405873	0.416773	0.416441	0.433415	0.427050	0.426248	0.423111	0.403941	0.405152	
770	0.404780	0.401878	0.418442	0.417283	0.423901	0.423223	0.428835	0.424659	0.409535	0.404578	
775	0.406050	0.398708	0.421582	0.424357	0.431900	0.424743	0.426838	0.422954	0.411646	0.404446	
780	0.396606	0.402756	0.422027	0.421570	0.434926	0.422246	0.430596	0.420423	0.414288	0.401822	
785	0.395260	0.393294	0.419676	0.422539	0.425717	0.411863	0.426386	0.415971	0.417245	0.403787	
790	0.395554	0.396104	0.421218	0.420315	0.426020	0.417228	0.421447	0.410359	0.408381	0.401857	
795	0.391036	0.389604	0.415990	0.422273	0.418437	0.415364	0.424097	0.400456	0.410584	0.408041	
800	0.396880	0.387948	0.415704	0.420196	0.418603	0.412338	0.425171	0.408620	0.418055	0.412756	
805	0.398589	0.389648	0.410892	0.421060	0.423387	0.415734	0.424006	0.416506	0.413353	0.418495	
810	0.400269	0.388316	0.414937	0.421621	0.419311	0.421432	0.422103	0.410679	0.408349	0.419106	
815	0.406889	0.387575	0.417922	0.429798	0.426221	0.417151	0.419897	0.414351	0.403934	0.410070	
820	0.399157	0.386109	0.417157	0.435811	0.431256	0.413102	0.417888	0.424119	0.399451	0.412823	
825	0.397808	0.390115	0.412372	0.432962	0.431622	0.416264	0.417451	0.425868	0.400600	0.411152	
830	0.398554	0.387802	0.409755	0.419882	0.435507	0.414842	0.413862	0.425765	0.401068	0.411413	
835	0.401737	0.390096	0.408264	0.419477	0.429615	0.419748	0.415930	0.415447	0.407095	0.408747	
840	0.402425	0.385281	0.415725	0.415576	0.421000	0.418977	0.414566	0.420041	0.411370	0.410501	
845	0.393760	0.384334	0.415934	0.416149	0.424812	0.413140	0.414222	0.421476	0.404424	0.408805	
850	0.399817	0.389216	0.423043	0.414036	0.430975	0.405870	0.413750	0.416235	0.404802	0.413528	
855	0.404481	0.390904	0.423431	0.408699	0.428893	0.414124	0.414018	0.419923	0.402652	0.410182	
860	0.406467	0.394826	0.422659	0.414721	0.434124	0.419490	0.406750	0.421134	0.404638	0.412333	
865	0.403061	0.394394	0.422685	0.409895	0.433723	0.411477	0.405511	0.416728	0.407587	0.411456	
870	0.398575	0.394284	0.427837	0.417642	0.435220	0.415192	0.404283	0.418491	0.407761	0.414941	
875	0.397528	0.394316	0.427295	0.410658	0.446027	0.416599	0.401191	0.414275	0.412731	0.415021	
880	0.401613	0.396724	0.429801	0.412645	0.448673	0.416838	0.399611	0.417814	0.403233	0.413342	
885	0.402502	0.398610	0.429365	0.415556	0.445198	0.417962	0.397283	0.414869	0.400237	0.414719	
890	0.403604	0.397123	0.431915	0.418728	0.446290	0.418625	0.398162	0.413366	0.395660	0.416846	
895	0.402761	0.397332	0.433810	0.413409	0.440865	0.412396	0.407476	0.417646	0.395987	0.420906	
900	0.401227	0.397107	0.436067	0.410730	0.445169	0.410972	0.414430	0.419921	0.398875	0.414992	
905	0.399454	0.394719	0.435209	0.412500	0.440863	0.406544	0.415744	0.419552	0.398398	0.409422	
910	0.400159	0.396303	0.431569	0.419053	0.440221	0.406014	0.420167	0.420425	0.395096	0.409231	
915	0.402471	0.401358	0.428678	0.410664	0.442904	0.397260	0.416847	0.417287	0.393980	0.405206	
920	0.394981	0.404044	0.425344	0.408968	0.440037	0.404417	0.415645	0.413474	0.390409	0.405718	
925	0.397929	0.402289	0.425978	0.408763	0.444753	0.402339	0.415829	0.417962	0.395183	0.405406	
930	0.400865	0.404253	0.424847	0.410933	0.436955	0.400912	0.417263	0.409696	0.392545	0.402556	
935	0.398425	0.397807	0.423089	0.413155	0.430309	0.401898	0.421059	0.404084	0.392947	0.399337	
940	0.394455	0.399169	0.423132	0.410272	0.426058	0.403419	0.427131	0.410671	0.392315	0.396769	
945	0.392694	0.402880	0.423552	0.413651	0.427315	0.403792	0.426425	0.404913	0.395427	0.400177	
950	0.399013	0.398113	0.429315	0.408128	0.424750	0.408137	0.429028	0.404997	0.392876	0.396281	
955	0.396119	0.398422	0.428011	0.414025	0.420371	0.407013	0.435882	0.399396	0.388713	0.396166	
960	0.389241	0.396690	0.429993	0.414329	0.418136	0.406069	0.434544	0.405049	0.388661	0.391468	
965	0.388710	0.392828	0.433667	0.418970	0.425872	0.403226	0.424648	0.404902	0.390019	0.392586	
970	0.398194	0.394693	0.429056	0.419275	0.427840	0.404090	0.424734	0.411342	0.395114	0.392486	
975	0.401844	0.395304	0.424874	0.419948	0.424606	0.408034	0.420672	0.409919	0.396820	0.392663	
980	0.399658	0.399410	0.425320	0.418680	0.425483	0.409285	0.423790	0.407497	0.402049	0.397645	
985	0.403254	0.398295	0.429796	0.416716	0.426428	0.407287	0.422371	0.403518	0.401611	0.396375	
990	0.402100	0.402694	0.433275	0.416858	0.424479	0.409146	0.419264	0.403572	0.399998	0.396128	
995	0.402114	0.401163	0.439453	0.420213	0.422498	0.414227	0.416929	0.404049	0.398987	0.403882	
1000	0.402095	0.398988	0.435425	0.425369	0.421273	0.414681	0.427981	0.408843	0.390473	0.399452	
1005	0.402177	0.401159	0.421300	0.425291	0.426150	0.414762	0.429043	0.416604	0.397385	0.399799	
1010	0.404888	0.406322	0.418312	0.425745	0.426579	0.411170	0.425569	0.416439	0.397135	0.406343	
1015	0.407870	0.407025	0.422158	0.438067	0.415240	0.410898	0.422611	0.419420	0.397258	0.407801	
1020	0.410436	0.404887	0.420239	0.436441	0.415030	0.415850	0.418826	0.424272	0.398649	0.402651	
1025	0.409186	0.402677	0.422390	0.428858	0.410151	0.412253	0.417600	0.419803	0.400136	0.394979	
1030	0.409067	0.404129	0.418478	0.425602	0.405963	0.418032	0.412060	0.421308	0.402045	0.393683	
1035	0.408836	0.399479	0.417984	0.432160	0.404541	0.420558	0.412833	0.426970	0.400733	0.398428	
1040	0.403592	0.396949	0.416581	0.435412	0.399685	0.424635	0.414934	0.426978	0.398258	0.404324	
1045	0.398500	0.394922	0.419171	0.429420	0.407726	0.420956	0.416314	0.423463	0.400345	0.406701	
1050	0.405157	0.394802	0.414187	0.427881	0.409217	0.420425	0.421403	0.424028	0.398811	0.406839	
1055	0.403791	0.387840	0.421269	0.426335	0.408972	0.418802	0.418199	0.423182	0.396808	0.406963	
1060	0.403794	0.388186	0.423048	0.428794	0.411919	0.421539	0.415374	0.431104	0.396180	0.405907	
1065	0.401543	0.383892	0.421456	0.435227	0.412871	0.422594	0.414220	0.420228	0.394251	0.405047	
1070	0.407183	0.376455	0.418057	0.428061	0.413138	0.421703	0.411689	0.419274	0.398226	0.405720	
1075	0.404300	0.383094	0.416790	0.426761	0.418445	0.420195	0.409432	0.417075	0.395877	0.404513	
1080	0.408633	0.383330	0.414996	0.423370	0.417658	0.419284	0.405827	0.411181	0.398213	0.408655	
1085	0.406616	0.391250	0.410567	0.425813	0.418728	0.422416	0.403950	0.410339	0.394156	0.411875	
1090	0.403573	0.385344	0.411412	0.429266	0.421435	0.425913	0.401439	0.410081	0.398284	0.410957	
1095	0.405497	0.389255	0.409537	0.430277	0.428378	0.422404	0.406183	0.402431	0.400631	0.401752	
1100	0.403325	0.390869	0.410715	0.431239	0.436682	0.423489	0.407268	0.407729	0.400693	0.400115	
1105	0.401557	0.396705	0.406098	0.429635	0.427219	0.426303	0.409729	0.412365	0.400287	0.397323	
1110	0.399288	0.397002	0.403396	0.425565	0.426454	0.425386	0.400246	0.408703	0.401353	0.392963	
1115	0.401564	0.391937	0.404403	0.423093	0.432193	0.425677	0.400445	0.411394	0.400509	0.396820	
1120	0.399983	0.402309	0.400760	0.425361	0.431552	0.428657	0.408461	0.408443	0.403459	0.399801	
1125	0.399609	0.405475	0.403647	0.421434	0.434149	0.430120	0.413623	0.411604	0.403450	0.401541	
1130	0.399537	0.401613	0.404460	0.418712	0.439161	0.427020	0.409921	0.410331	0.414042	0.399198	
1135	0.405584	0.395726	0.407173	0.420523	0.433077	0.429204	0.407558	0.410708	0.408033	0.401376	
1140	0.404181	0.391393	0.411941	0.420630	0.429279	0.426656	0.408676	0.410526	0.418391	0.399936	
1145	0.402773	0.391783	0.420994	0.415149	0.421001	0.424992	0.404327	0.409439	0.423409	0.393092	
1150	0.405940	0.390622	0.425093	0.408729	0.428349	0.424252	0.397119	0.407956	0.418166	0.395291	
1155	0.406738	0.390817	0.423541	0.415789	0.422263	0.430100	0.396434	0.401907	0.414090	0.401454	
1160	0.413875	0.388279	0.420602	0.422211	0.429909	0.425244	0.397101	0.397214	0.406436	0.397329	
1165	0.410199	0.396092	0.422691	0.417675	0.431031	0.425077	0.395030	0.394065	0.407973	0.393777	
1170	0.410234	0.390593	0.429514	0.412159	0.439820	0.421934	0.394106	0.388818	0.406606	0.396345	
1175	0.408780	0.392832	0.428744	0.406764	0.441781	0.419936	0.389359	0.390977	0.407275	0.398782	
1180	0.410724	0.397042	0.428921	0.415489	0.447584	0.421634	0.383209	0.390159	0.411270	0.396868	
1185	0.406113	0.399185	0.424741	0.412090	0.442976	0.421673	0.383640	0.392630	0.407300	0.394828	
1190	0.402841	0.394562	0.421648	0.410237	0.442418	0.427224	0.373879	0.387139	0.409107	0.396939	
1195	0.401657	0.390276	0.425580	0.409099	0.441646	0.426705	0.382631	0.383404	0.414350	0.396185	
1200	0.402987	0.391722	0.423637	0.405233	0.439256	0.420758	0.378825	0.383410	0.409610	0.402179	
1205	0.405331	0.398738	0.423485	0.408466	0.446068	0.430972	0.383888	0.376282	0.408216	0.394756	
1210	0.412953	0.391501	0.414473	0.412957	0.441437	0.423246	0.390801	0.379562	0.400770	0.390319	
1215	0.411514	0.385305	0.410656	0.410217	0.441382	0.416929	0.393113	0.378607	0.402857	0.378307	
1220	0.412821	0.382306	0.406660	0.407293	0.437531	0.417822	0.390041	0.384382	0.402469	0.380545	
1225	0.411806	0.383253	0.400478	0.404300	0.438594	0.414378	0.389439	0.385361	0.402337	0.383229	
1230	0.407538	0.380028	0.397504	0.402016	0.438092	0.420400	0.394633	0.381691	0.398727	0.377013	
1235	0.407719	0.383282	0.404166	0.401785	0.426240	0.419573	0.396754	0.387428	0.398745	0.373704	
1240	0.401915	0.377557	0.400144	0.403937	0.426705	0.420818	0.395405	0.395193	0.396707	0.369449	
1245	0.401756	0.383330	0.404270	0.407776	0.430604	0.418379	0.398615	0.404046	0.401705	0.365145	
1250	0.409228	0.384518	0.405139	0.406157	0.428932	0.419303	0.398236	0.413758	0.394301	0.374219	
1255	0.400853	0.384346	0.398571	0.408792	0.432762	0.418062	0.403260	0.415868	0.398868	0.377781	
1260	0.397976	0.385937	0.399119	0.408776	0.436305	0.414120	0.400395	0.413295	0.400011	0.374062	
1265	0.397269	0.387143	0.394309	0.408822	0.435515	0.413785	0.402112	0.411850	0.400237	0.380093	
1270	0.402180	0.388750	0.400005	0.405525	0.432072	0.413173	0.399299	0.413761	0.404597	0.378096	
1275	0.399847	0.391381	0.401559	0.408207	0.427235	0.412254	0.401850	0.411765	0.411170	0.373617	
1280	0.404855	0.388284	0.403696	0.410146	0.429352	0.408765	0.394715	0.415803	0.410970	0.378891	
1285	0.407459	0.385697	0.391734	0.411082	0.434926	0.411361	0.387206	0.422855	0.408438	0.375949	
1290	0.406068	0.383226	0.390577	0.414341	0.430694	0.409523	0.391160	0.424659	0.408345	0.374239	
1295	0.402632	0.388412	0.396675	0.414522	0.430244	0.411322	0.390089	0.423402	0.409310	0.374028	
1300	0.393607	0.390961	0.394123	0.416981	0.435292	0.406966	0.390696	0.425699	0.408689	0.376535	
1305	0.389793	0.393999	0.395313	0.416335	0.433018	0.409687	0.385239	0.426983	0.404338	0.377072	
1310	0.382169	0.391519	0.396546	0.425199	0.429740	0.407664	0.386307	0.427313	0.412219	0.378984	
1315	0.388024	0.400290	0.393215	0.431054	0.429714	0.408486	0.391083	0.432151	0.417282	0.378430	
1320	0.382310	0.398077	0.395373	0.432168	0.424219	0.406639	0.395496	0.432801	0.421295	0.379922	
1325	0.377342	0.405422	0.392994	0.432997	0.424591	0.402195	0.394253	0.436887	0.419896	0.381384	
1330	0.375411	0.404983	0.393330	0.430559	0.423670	0.403241	0.400213	0.439845	0.419575	0.384465	
1335	0.375077	0.409441	0.388297	0.431640	0.423671	0.404720	0.394605	0.438686	0.426809	0.384820	
1340	0.378136	0.416230	0.388242	0.423538	0.419701	0.405194	0.396849	0.435645	0.426839	0.384068	
1345	0.374814	0.416493	0.390864	0.427670	0.411028	0.408694	0.390498	0.434102	0.428373	0.382544	
1350	0.377139	0.414544	0.397158	0.424370	0.409017	0.406909	0.391724	0.434816	0.435867	0.385885	
1355	0.388334	0.417632	0.397881	0.420792	0.415482	0.406594	0.387361	0.431675	0.431454	0.382959	
1360	0.391219	0.412369	0.401414	0.411477	0.421935	0.411648	0.385269	0.429986	0.431493	0.384426	
1365	0.392380	0.410942	0.401429	0.412920	0.425221	0.406916	0.388857	0.430222	0.428803	0.385613	
1370	0.395154	0.417829	0.401080	0.407543	0.428630	0.403747	0.389831	0.424755	0.427288	0.388568	
1375	0.401481	0.418666	0.400177	0.400533	0.422773	0.406365	0.385789	0.419190	0.428794	0.393514	
1380	0.408102	0.416213	0.404231	0.402818	0.424915	0.410373	0.392501	0.421141	0.425167	0.389050	
1385	0.408519	0.412773	0.401978	0.405510	0.423842	0.411758	0.389968	0.424452	0.424925	0.379891	
1390	0.408377	0.408356	0.396377	0.400462	0.429161	0.410273	0.387453	0.417262	0.428388	0.371968	
1395	0.414304	0.407645	0.398145	0.399651	0.426306	0.418811	0.383864	0.416171	0.423794	0.379255	
1400	0.413235	0.408735	0.394658	0.399168	0.415052	0.413343	0.385116	0.414525	0.417143	0.378932	
1405	0.408976	0.407577	0.397744	0.408175	0.417660	0.417170	0.388435	0.418772	0.419742	0.380101	
1410	0.413282	0.403534	0.400918	0.409248	0.414620	0.416556	0.384632	0.418303	0.413798	0.380589	
1415	0.412599	0.406599	0.403376	0.404398	0.417149	0.419972	0.383033	0.422957	0.415382	0.383461	
1420	0.411029	0.395985	0.406355	0.404130	0.421836	0.424587	0.387242	0.421088	0.408148	0.384074	
1425	0.414182	0.391986	0.399543	0.406775	0.422551	0.422808	0.385681	0.417740	0.409797	0.386275	
1430	0.424209	0.399809	0.395788	0.405244	0.422309	0.422167	0.382337	0.424229	0.404677	0.387923	
1435	0.426540	0.392651	0.394986	0.401410	0.424342	0.419265	0.384370	0.425462	0.404730	0.388719	
1440	0.424871	0.396808	0.393956	0.397896	0.423696	0.416804	0.386731	0.417360	0.396352	0.384653	
1445	0.424366	0.394367	0.395637	0.395491	0.429604	0.419494	0.384129	0.416520	0.393884	0.387859	
1450	0.422431	0.396152	0.396367	0.387478	0.437214	0.421050	0.381841	0.418235	0.397011	0.392276	
1455	0.418612	0.397856	0.399863	0.388384	0.435024	0.420240	0.383325	0.410490	0.397133	0.400093	
1460	0.427535	0.399712	0.404285	0.387753	0.440265	0.416227	0.379211	0.407711	0.398678	0.395483	
1465	0.418569	0.395015	0.402288	0.390681	0.434864	0.425004	0.381995	0.407597	0.396921	0.398441	
1470	0.422532	0.396979	0.404101	0.395010	0.434149	0.425195	0.385170	0.414148	0.402486	0.394160	
1475	0.422551	0.390835	0.409497	0.395076	0.434317	0.430711	0.382745	0.409009	0.402672	0.392638	
1480	0.428153	0.398455	0.420517	0.395050	0.434580	0.437094	0.382482	0.404163	0.405772	0.387635	
1485	0.427930	0.404946	0.420632	0.390563	0.428604	0.437121	0.379365	0.405631	0.414404	0.388470	
1490	0.427146	0.398062	0.421451	0.390929	0.426580	0.444475	0.376327	0.404232	0.405632	0.395707	
1495	0.428728	0.401363	0.430381	0.394138	0.431216	0.442605	0.377233	0.404994	0.408807	0.397300	
1500	0.435938	0.404890	0.433512	0.395435	0.428699	0.442149	0.389400	0.402393	0.411086	0.396599	
1505	0.434281	0.403273	0.436812	0.392413	0.436335	0.442215	0.392943	0.409280	0.410654	0.399909	
1510	0.425314	0.396524	0.441677	0.397489	0.437087	0.441229	0.393452	0.408599	0.416849	0.407367	
1515	0.420828	0.398945	0.448290	0.393841	0.443647	0.438281	0.393268	0.414691	0.416272	0.411133	
1520	0.422143	0.403947	0.452518	0.399605	0.448957	0.441647	0.392414	0.417908	0.411718	0.413022	
1525	0.415823	0.403498	0.450132	0.400663	0.447610	0.446105	0.390628	0.417807	0.409211	0.417266	
1530	0.417915	0.399084	0.450349	0.393989	0.447059	0.444631	0.393288	0.425821	0.408851	0.412407	
1535	0.420590	0.401891	0.447406	0.389680	0.451013	0.445562	0.397619	0.428446	0.403550	0.409689	
1540	0.419738	0.401423	0.451854	0.388811	0.450878	0.443064	0.399787	0.424978	0.401017	0.402995	
1545	0.411175	0.401600	0.449402	0.389620	0.448915	0.440374	0.399286	0.425561	0.400961	0.406212	
1550	0.409365	0.403014	0.450255	0.389964	0.445016	0.441512	0.405716	0.432524	0.399382	0.408987	
1555	0.412520	0.406278	0.458751	0.395617	0.445668	0.452365	0.414088	0.435531	0.399148	0.411215	
1560	0.413027	0.405641	0.457679	0.398489	0.442952	0.447277	0.411074	0.431578	0.404820	0.415202	
1565	0.412016	0.406799	0.456885	0.399884	0.437192	0.445406	0.413684	0.427438	0.408449	0.418752	
1570	0.416891	0.410332	0.453599	0.404034	0.436602	0.447740	0.414742	0.421946	0.412416	0.413858	
1575	0.420370	0.412240	0.454699	0.399899	0.440085	0.447486	0.415583	0.423646	0.404495	0.405787	
1580	0.424226	0.409837	0.455488	0.398762	0.439429	0.453069	0.412583	0.422396	0.400331	0.403863	
1585	0.425215	0.414813	0.454616	0.396167	0.437566	0.450847	0.418444	0.419891	0.403372	0.397308	
1590	0.428175	0.412291	0.454766	0.397259	0.438590	0.446307	0.412825	0.420266	0.403604	0.395474	
1595	0.437977	0.410501	0.460321	0.395856	0.447345	0.439396	0.411398	0.423981	0.406147	0.393318	
1600	0.434749	0.411514	0.457035	0.399294	0.444462	0.444709	0.409373	0.427205	0.398166	0.387114	
1605	0.427916	0.410996	0.451874	0.403440	0.446024	0.446164	0.411474	0.424443	0.399114	0.385868	
1610	0.428150	0.411743	0.447744	0.402340	0.447458	0.446474	0.413477	0.431380	0.405757	0.394137	
1615	0.427411	0.406051	0.438682	0.406515	0.449412	0.445236	0.418668	0.425289	0.403841	0.397173	
1620	0.433689	0.404935	0.439408	0.410886	0.448130	0.440631	0.409529	0.430072	0.406196	0.403209	
1625	0.433886	0.401319	0.438092	0.411605	0.444608	0.434729	0.406267	0.419919	0.406246	0.397133	
1630	0.428390	0.405355	0.436057	0.419679	0.442516	0.430394	0.404319	0.417683	0.406541	0.398178	
1635	0.429992	0.407048	0.433697	0.418601	0.440570	0.429529	0.406919	0.412747	0.401685	0.400970	
1640	0.429162	0.406582	0.438720	0.421619	0.435478	0.429393	0.411258	0.406514	0.396484	0.401887	
1645	0.430128	0.410045	0.435983	0.415973	0.438245	0.430012	0.411981	0.410098	0.392599	0.408667	
1650	0.425507	0.410680	0.434437	0.412912	0.439736	0.424606	0.413656	0.409723	0.392477	0.406188	
1655	0.429378	0.408814	0.439554	0.412003	0.429224	0.415663	0.413946	0.412916	0.388978	0.403925	
1660	0.414872	0.413229	0.437719	0.417472	0.420738	0.411851	0.418685	0.412367	0.390183	0.405177	
1665	0.417230	0.409993	0.444440	0.407463	0.415101	0.415189	0.423849	0.413195	0.391710	0.402996	
1670	0.409835	0.410718	0.446247	0.410006	0.406390	0.411250	0.421086	0.412649	0.379164	0.402273	
1675	0.416348	0.408227	0.441418	0.406649	0.405699	0.403646	0.417827	0.411619	0.381814	0.402028	
1680	0.421043	0.406360	0.431319	0.405447	0.400782	0.412382	0.415917	0.417410	0.375947	0.408903	
1685	0.420646	0.407285	0.435378	0.404736	0.415841	0.408223	0.411881	0.414507	0.379068	0.412250	
1690	0.423296	0.404265	0.435327	0.404795	0.422108	0.408062	0.408912	0.423724	0.371533	0.414227	
1695	0.422432	0.410294	0.432835	0.413229	0.416382	0.414122	0.409142	0.428223	0.375775	0.406811	
1700	0.427056	0.416272	0.432397	0.408538	0.414695	0.414770	0.406198	0.424128	0.374402	0.402563	
1705	0.423938	0.416309	0.426530	0.407535	0.415319	0.417819	0.406831	0.426008	0.378293	0.406716	
1710	0.423175	0.418467	0.425649	0.411606	0.415027	0.418462	0.408051	0.424294	0.387079	0.406400	
1715	0.425465	0.416320	0.426176	0.417004	0.410533	0.419124	0.410522	0.419262	0.376016	0.413503	
1720	0.424213	0.416511	0.427832	0.416210	0.408903	0.418053	0.409636	0.415731	0.372730	0.413025	
1725	0.432351	0.426585	0.427416	0.415373	0.415303	0.423595	0.411727	0.418843	0.376739	0.406143	
1730	0.432924	0.432299	0.434407	0.408737	0.412197	0.421682	0.404533	0.421596	0.372700	0.403280	
1735	0.432337	0.430482	0.431746	0.406965	0.414437	0.419460	0.404723	0.419162	0.369687	0.403610	
1740	0.431777	0.427317	0.425629	0.408423	0.414318	0.417277	0.400949	0.415448	0.373970	0.400307	
1745	0.431175	0.424296	0.424741	0.409216	0.412259	0.422909	0.400237	0.416227	0.380470	0.396259	
1750	0.428139	0.434433	0.424002	0.408552	0.413374	0.418675	0.400022	0.419454	0.383307	0.396051	
1755	0.424015	0.427132	0.426281	0.407613	0.408377	0.423098	0.392015	0.423844	0.383549	0.392923	
1760	0.416438	0.425972	0.431571	0.406930	0.409319	0.426825	0.397807	0.423228	0.379894	0.389235	
1765	0.416278	0.427151	0.430404	0.408888	0.409711	0.430059	0.402623	0.426024	0.377264	0.386747	
1770	0.406923	0.426141	0.429643	0.408992	0.405006	0.431931	0.407467	0.425114	0.375340	0.384697	
1775	0.398621	0.428561	0.427017	0.406868	0.402567	0.433073	0.408415	0.422138	0.385382	0.392661	
1780	0.398593	0.432213	0.429021	0.409958	0.394702	0.433285	0.411174	0.423361	0.388688	0.392982	
1785	0.402322	0.428392	0.420922	0.410351	0.386241	0.435975	0.405444	0.426225	0.391112	0.397956	
1790	0.393116	0.432036	0.414795	0.409496	0.389932	0.435707	0.402576	0.419221	0.384787	0.399567	
1795	0.391358	0.433006	0.416510	0.407540	0.383406	0.435226	0.414057	0.415479	0.387072	0.400673	
1800	0.383150	0.430525	0.414322	0.413712	0.383594	0.435686	0.416396	0.411683	0.393337	0.397978	
1805	0.387147	0.428210	0.413860	0.411122	0.382681	0.436539	0.407651	0.409432	0.390166	0.400356	
1810	0.381893	0.423321	0.411270	0.419512	0.375309	0.434557	0.411036	0.406395	0.384628	0.401294	
1815	0.385510	0.426008	0.408370	0.420384	0.381234	0.428516	0.406582	0.401191	0.385861	0.398529	
1820	0.380326	0.425221	0.412121	0.428315	0.387272	0.427573	0.411549	0.398945	0.385356	0.400942	
1825	0.384772	0.424157	0.412336	0.422684	0.393425	0.418787	0.412958	0.401481	0.388363	0.402587	
1830	0.393517	0.426094	0.420705	0.424075	0.397293	0.419620	0.415500	0.403093	0.388523	0.401798	
1835	0.394618	0.422756	0.417850	0.425468	0.398153	0.418307	0.415871	0.403416	0.391643	0.405424	
1840	0.393697	0.425127	0.423001	0.425639	0.396321	0.413353	0.413167	0.403106	0.388850	0.405115	
1845	0.398507	0.429188	0.419801	0.423043	0.402504	0.413650	0.412005	0.402803	0.391728	0.409332	
1850	0.395872	0.434641	0.421446	0.429807	0.393812	0.418586	0.411565	0.403882	0.384890	0.411960	
1855	0.399197	0.433817	0.420276	0.428793	0.396597	0.421703	0.406018	0.406132	0.377277	0.411505	
1860	0.397141	0.432682	0.417759	0.428590	0.391407	0.420871	0.406825	0.407855	0.384989	0.416141	
1865	0.398535	0.435518	0.413226	0.428555	0.389876	0.419766	0.400307	0.399965	0.389776	0.407405	
1870	0.401978	0.431888	0.414470	0.426489	0.396815	0.420686	0.404164	0.397986	0.393082	0.408213	
1875	0.404900	0.433045	0.416784	0.429468	0.391171	0.424203	0.405770	0.398514	0.395861	0.418160	
1880	0.398900	0.431443	0.410680	0.429987	0.388842	0.422833	0.405171	0.398362	0.399802	0.421665	
1885	0.397353	0.430721	0.412671	0.434135	0.384695	0.426225	0.406224	0.403532	0.398378	0.428653	
1890	0.399547	0.437711	0.410986	0.427974	0.383842	0.427378	0.409364	0.404925	0.397020	0.427597	
1895	0.393695	0.434347	0.409783	0.418056	0.380738	0.428552	0.413310	0.403588	0.404726	0.429567	
1900	0.393832	0.430060	0.409188	0.418016	0.380722	0.423927	0.405242	0.400714	0.405159	0.426247	
1905	0.398580	0.422393	0.405546	0.421180	0.373334	0.416685	0.409141	0.401437	0.404270	0.428775	
1910	0.403919	0.421079	0.410429	0.416649	0.372746	0.423352	0.405872	0.403438	0.402321	0.431304	
1915	0.402722	0.416337	0.408112	0.416985	0.373591	0.419646	0.407758	0.399006	0.406671	0.436202	
1920	0.408048	0.414810	0.406108	0.411252	0.377010	0.418202	0.407167	0.397872	0.407160	0.440045	
1925	0.402614	0.419232	0.405831	0.410585	0.377047	0.416409	0.405264	0.398249	0.412240	0.435715	
1930	0.404607	0.422058	0.404829	0.410754	0.376410	0.416832	0.408656	0.402767	0.412836	0.440183	
1935	0.393031	0.421258	0.410097	0.408476	0.374573	0.418421	0.406968	0.402177	0.406071	0.439673	
1940	0.393841	0.419677	0.416168	0.410904	0.374421	0.421660	0.416279	0.403967	0.408859	0.433596	
1945	0.396224	0.419488	0.421147	0.413761	0.374327	0.429742	0.420972	0.402179	0.413950	0.433441	
1950	0.396267	0.418304	0.432988	0.413835	0.378003	0.430072	0.419954	0.399361	0.414689	0.434518	
1955	0.401583	0.414373	0.435300	0.414282	0.380457	0.430261	0.425339	0.401755	0.416627	0.433488	
1960	0.403579	0.412474	0.431477	0.415332	0.377437	0.432300	0.426611	0.399455	0.415383	0.430343	
1965	0.405809	0.415685	0.432645	0.413533	0.379424	0.427965	0.423943	0.396877	0.419277	0.432244	
1970	0.406278	0.414295	0.433936	0.415510	0.379567	0.436438	0.422867	0.390868	0.422533	0.434647	
1975	0.409329	0.412827	0.429661	0.415733	0.378625	0.439972	0.422055	0.397485	0.423863	0.427760	
1980	0.407781	0.414264	0.431046	0.413590	0.380996	0.436294	0.423953	0.400036	0.418398	0.428581	
1985	0.410961	0.415032	0.429205	0.405298	0.382475	0.435595	0.423687	0.399344	0.421324	0.428990	
1990	0.415546	0.410995	0.426264	0.406258	0.389497	0.438395	0.421351	0.403231	0.420090	0.431071	
1995	0.416238	0.406354	0.425687	0.405253	0.388142	0.439790	0.425574	0.401430	0.413574	0.437921	
2000	0.420235	0.411031	0.438829	0.406284	0.397978	0.435413	0.427813	0.392993	0.415450	0.443795	
2005	0.421532	0.414938	0.443973	0.409889	0.397258	0.437429	0.432071	0.382757	0.413321	0.439227	
2010	0.426771	0.410442	0.445092	0.406524	0.397929	0.429484	0.433910	0.377358	0.412593	0.437492	
2015	0.424542	0.409712	0.456593	0.405059	0.396360	0.428436	0.432212	0.378015	0.403963	0.437715	
2020	0.420330	0.411449	0.454669	0.411358	0.398782	0.427517	0.433692	0.377279	0.401485	0.442021	
2025	0.422001	0.415949	0.460363	0.412045	0.399749	0.429813	0.433394	0.381204	0.407282	0.443652	
2030	0.418470	0.418359	0.452681	0.408613	0.399223	0.434798	0.436463	0.376573	0.415304	0.439857	
2035	0.409173	0.417344	0.455276	0.412457	0.397624	0.431685	0.430752	0.381718	0.423858	0.431508	
2040	0.406428	0.414726	0.460724	0.412393	0.391244	0.435308	0.427746	0.379370	0.425862	0.434678	
2045	0.407303	0.410497	0.463223	0.408459	0.395290	0.440679	0.424670	0.386279	0.416041	0.429177	
2050	0.405760	0.411130	0.459423	0.412173	0.398200	0.437175	0.427075	0.382378	0.413345	0.423661	
2055	0.403348	0.407448	0.445741	0.413611	0.400245	0.432444	0.419235	0.380584	0.413377	0.427267	
2060	0.396300	0.412258	0.443325	0.418059	0.405835	0.429281	0.412075	0.382573	0.413098	0.429663	
2065	0.398920	0.418541	0.440306	0.416239	0.399729	0.429578	0.410613	0.385289	0.411570	0.427560	
2070	0.397620	0.419558	0.434084	0.416915	0.402216	0.427090	0.417139	0.386404	0.408542	0.425619	
2075	0.392342	0.413223	0.425656	0.419483	0.408108	0.428486	0.426046	0.383416	0.406554	0.433922	
2080	0.394127	0.418853	0.427079	0.422591	0.400398	0.425793	0.429429	0.374795	0.397664	0.428331	
2085	0.393609	0.421536	0.425052	0.423353	0.398626	0.430299	0.430925	0.376378	0.400954	0.428623	
2090	0.388851	0.416494	0.422285	0.420590	0.398471	0.426824	0.433256	0.382688	0.401277	0.428671	
2095	0.394344	0.412019	0.416042	0.416948	0.396226	0.424440	0.436692	0.385378	0.408716	0.423582	
2100	0.395802	0.408955	0.417242	0.425787	0.389909	0.429927	0.436913	0.387329	0.406863	0.415741	
2105	0.390876	0.407051	0.413904	0.418605	0.395321	0.432280	0.427543	0.387598	0.400355	0.417054	
2110	0.394600	0.407050	0.409150	0.422289	0.395910	0.425919	0.425105	0.392069	0.396277	0.421998	
2115	0.394569	0.403257	0.411570	0.421322	0.407196	0.433455	0.430320	0.394816	0.396795	0.420068	
2120	0.383330	0.400156	0.405870	0.421802	0.405943	0.431318	0.431634	0.392357	0.395743	0.418959	
2125	0.380848	0.401405	0.410242	0.422982	0.405608	0.431262	0.420684	0.392934	0.392139	0.424735	
2130	0.385036	0.401273	0.408930	0.422955	0.400460	0.431298	0.417093	0.390246	0.396316	0.431726	
2135	0.389867	0.399645	0.418679	0.422985	0.401113	0.440607	0.419631	0.392919	0.392921	0.428999	
2140	0.391352	0.399231	0.409173	0.422235	0.401242	0.439872	0.421264	0.392117	0.392336	0.424782	
2145	0.388621	0.405809	0.417747	0.415360	0.398342	0.441453	0.427528	0.394361	0.388160	0.424312	
2150	0.393108	0.407473	0.421959	0.415056	0.400875	0.436274	0.427615	0.394148	0.386095	0.428565	
2155	0.400168	0.406611	0.418409	0.410895	0.398376	0.431740	0.421953	0.397943	0.382768	0.428082	
2160	0.400068	0.414644	0.418463	0.408299	0.400808	0.424444	0.425570	0.402167	0.378015	0.423771	
2165	0.399192	0.416253	0.419223	0.411473	0.400349	0.425955	0.426610	0.398699	0.378180	0.421445	
2170	0.400660	0.416094	0.408814	0.407858	0.401406	0.423795	0.432504	0.404388	0.379169	0.419970	
2175	0.395866	0.411560	0.405745	0.417880	0.407682	0.420614	0.433125	0.405171	0.378037	0.421997	
2180	0.393588	0.412416	0.407614	0.419645	0.405634	0.424227	0.430177	0.398735	0.375757	0.423160	
2185	0.392650	0.419688	0.407631	0.419704	0.405520	0.421986	0.421757	0.401500	0.378984	0.421060	
2190	0.393822	0.421704	0.409293	0.416081	0.405418	0.425015	0.418494	0.397082	0.377494	0.410922	
2195	0.393788	0.418334	0.401567	0.418915	0.409864	0.431867	0.418946	0.400528	0.373772	0.414625	
2200	0.394392	0.422164	0.404044	0.413482	0.411646	0.424971	0.416570	0.398997	0.364917	0.418360	
2205	0.393075	0.421344	0.403102	0.410801	0.406183	0.422617	0.427174	0.388936	0.370682	0.417038	
2210	0.401317	0.422325	0.399086	0.409660	0.403965	0.428152	0.424208	0.384277	0.372848	0.411827	
2215	0.398082	0.418060	0.394608	0.410938	0.409794	0.428340	0.422726	0.383983	0.375355	0.416882	
2220	0.398839	0.416565	0.398425	0.412157	0.407332	0.426743	0.420698	0.386436	0.374460	0.401368	
2225	0.407537	0.412504	0.399933	0.411447	0.404070	0.430270	0.420481	0.389234	0.378445	0.411219	
2230	0.400617	0.412094	0.401526	0.412514	0.404607	0.433241	0.421274	0.385135	0.385807	0.407136	
2235	0.404431	0.422749	0.398363	0.418798	0.410816	0.441499	0.418300	0.389708	0.393692	0.414645	
2240	0.402436	0.425318	0.405865	0.416361	0.417828	0.442449	0.413880	0.386641	0.398226	0.422664	
2245	0.401016	0.424033	0.413040	0.413099	0.415303	0.443650	0.414235	0.380504	0.394520	0.427116	
2250	0.397926	0.418304	0.418934	0.415525	0.411118	0.448955	0.414722	0.380267	0.401992	0.428264	
2255	0.395522	0.416321	0.417113	0.416151	0.411563	0.452798	0.415678	0.385348	0.400880	0.426469	
2260	0.389227	0.416750	0.411419	0.417112	0.408707	0.456714	0.413579	0.377706	0.408722	0.422762	
2265	0.386969	0.408950	0.408710	0.423207	0.407350	0.453628	0.410538	0.371083	0.416286	0.425352	
2270	0.398893	0.414866	0.416265	0.423532	0.399748	0.457365	0.415683	0.366432	0.422249	0.424619	
2275	0.401222	0.418622	0.408340	0.429500	0.402703	0.458864	0.418596	0.360911	0.418944	0.425845	
2280	0.400298	0.411464	0.409533	0.418273	0.405507	0.463041	0.418037	0.360506	0.410477	0.429493	
2285	0.402234	0.415740	0.407407	0.418908	0.405264	0.456115	0.422146	0.359948	0.407907	0.427678	
2290	0.402833	0.408068	0.405898	0.415012	0.403827	0.452202	0.428248	0.363381	0.412601	0.430871	
2295	0.403417	0.412246	0.403921	0.414160	0.408608	0.450868	0.423461	0.359796	0.409365	0.427667	
2300	0.398657	0.419939	0.400658	0.418721	0.404910	0.449626	0.422830	0.359348	0.402484	0.426632	
2305	0.404082	0.422828	0.399097	0.421616	0.413107	0.440240	0.418388	0.355400	0.400235	0.417195	
2310	0.401630	0.426464	0.405811	0.425142	0.407508	0.438492	0.415906	0.354213	0.400390	0.417650	
2315	0.401044	0.431992	0.409548	0.421892	0.412126	0.432059	0.413456	0.354121	0.398646	0.417133	
2320	0.406731	0.423078	0.408252	0.424138	0.409586	0.430390	0.407654	0.357666	0.394111	0.419891	
2325	0.403699	0.428847	0.411252	0.425705	0.406125	0.426009	0.405344	0.362626	0.393858	0.419718	
2330	0.404068	0.433927	0.409050	0.424570	0.413759	0.425725	0.404225	0.358030	0.395112	0.417758	
2335	0.401989	0.426709	0.408276	0.425183	0.417932	0.415538	0.407997	0.359153	0.392389	0.416941	
2340	0.400530	0.419401	0.411691	0.421843	0.424574	0.413487	0.412191	0.361608	0.391317	0.426570	
2345	0.409315	0.415540	0.411948	0.419702	0.420040	0.422717	0.414439	0.359632	0.388908	0.421836	
2350	0.405935	0.414395	0.411923	0.420099	0.419144	0.425007	0.417692	0.364653	0.394306	0.422171	
2355	0.406238	0.415747	0.414176	0.421836	0.428215	0.425395	0.422344	0.359968	0.389372	0.423930	
2360	0.402932	0.413872	0.417616	0.424186	0.418896	0.427706	0.420755	0.360185	0.388087	0.424473	
2365	0.404150	0.410115	0.415192	0.416567	0.416382	0.426324	0.415225	0.356089	0.386738	0.422121	
2370	0.408554	0.407969	0.409831	0.416003	0.414294	0.426085	0.415208	0.354299	0.381355	0.425250	
2375	0.406350	0.412196	0.408357	0.411444	0.410573	0.424391	0.410045	0.355094	0.384600	0.427417	
2380	0.412934	0.407255	0.410318	0.412743	0.420811	0.434191	0.411597	0.351844	0.386817	0.424703	
2385	0.408424	0.409637	0.406456	0.414131	0.426410	0.426440	0.407070	0.350121	0.390896	0.425514	
2390	0.405463	0.406423	0.401858	0.414916	0.424199	0.425450	0.406969	0.350550	0.395218	0.421113	
2395	0.407312	0.396107	0.397948	0.412672	0.414917	0.428434	0.405848	0.349447	0.404114	0.419750	
2400	0.410217	0.402146	0.398707	0.409100	0.416554	0.430853	0.411562	0.350782	0.404125	0.415947	
2405	0.414654	0.407238	0.402812	0.412431	0.413038	0.428873	0.410558	0.355900	0.402262	0.419800	
2410	0.417842	0.407507	0.399678	0.414756	0.414157	0.431686	0.413145	0.360635	0.408728	0.411922	
2415	0.416891	0.412523	0.389717	0.413411	0.406291	0.432057	0.409694	0.367232	0.408124	0.409427	
2420	0.419080	0.413482	0.392991	0.417761	0.403113	0.435243	0.410831	0.367062	0.405025	0.410443	
2425	0.419814	0.411132	0.396091	0.421134	0.405371	0.436746	0.412080	0.366492	0.403444	0.416648	
2430	0.419388	0.420527	0.396342	0.419106	0.405413	0.438777	0.412882	0.369311	0.399194	0.420005	
2435	0.415696	0.422505	0.395001	0.420007	0.408669	0.438276	0.414344	0.372738	0.404519	0.426164	
2440	0.410652	0.421682	0.394159	0.416929	0.410495	0.438874	0.421282	0.372301	0.405703	0.426891	
2445	0.416131	0.423008	0.394462	0.417352	0.410493	0.440093	0.417689	0.376159	0.409431	0.425442	
2450	0.410767	0.426150	0.397452	0.418814	0.414532	0.439286	0.425795	0.378734	0.406850	0.422382	
2455	0.419607	0.424316	0.400129	0.421588	0.413408	0.439275	0.427763	0.373534	0.403478	0.421286	
2460	0.421546	0.425785	0.401347	0.421584	0.412673	0.440292	0.420842	0.381512	0.403686	0.413527	
2465	0.421386	0.427206	0.397919	0.427066	0.416942	0.439175	0.426569	0.379890	0.403637	0.416922	
2470	0.422396	0.423973	0.400543	0.429526	0.416416	0.439469	0.434559	0.387471	0.396144	0.419874	
2475	0.418854	0.423265	0.402833	0.430579	0.414514	0.437235	0.434335	0.394958	0.399678	0.416188	
2480	0.418651	0.424889	0.400572	0.433817	0.413812	0.448084	0.431920	0.396649	0.396442	0.421471	
2485	0.417568	0.428645	0.403772	0.430491	0.413971	0.448641	0.423421	0.400924	0.399569	0.421271	
2490	0.413346	0.421841	0.408949	0.426111	0.416726	0.444669	0.417440	0.397991	0.399235	0.424558	
2495	0.408377	0.421375	0.409895	0.429734	0.413810	0.449058	0.416757	0.394692	0.401330	0.423324	
2500	0.410586	0.419588	0.409959	0.429337	0.410113	0.445350	0.415517	0.390341	0.408009	0.421599	
2505	0.410093	0.417200	0.407237	0.430825	0.414351	0.445854	0.420954	0.388861	0.416703	0.424407	
2510	0.417012	0.422196	0.408791	0.436500	0.412387	0.441366	0.424057	0.391605	0.426395	0.425082	
2515	0.420576	0.421890	0.411126	0.433498	0.419564	0.439106	0.426276	0.383563	0.426037	0.423086	
2520	0.426497	0.419192	0.415130	0.426916	0.419671	0.439626	0.422722	0.377882	0.425177	0.420550	
2525	0.420065	0.418043	0.413030	0.421804	0.420899	0.427992	0.427572	0.388468	0.431592	0.414830	
2530	0.424706	0.416358	0.409796	0.417186	0.423707	0.429789	0.434904	0.387642	0.428051	0.412203	
2535	0.426297	0.414722	0.412489	0.412187	0.425295	0.421519	0.439243	0.385286	0.427659	0.409453	
2540	0.425458	0.416026	0.415546	0.409826	0.427250	0.414818	0.436041	0.388037	0.418534	0.406150	
2545	0.433997	0.420235	0.415438	0.415056	0.429101	0.410647	0.434010	0.382548	0.418291	0.402337	
2550	0.428892	0.425302	0.412207	0.416124	0.428493	0.404702	0.424720	0.375473	0.419336	0.412628	
2555	0.435426	0.423119	0.415845	0.420350	0.425994	0.402930	0.419990	0.373516	0.419870	0.410416	
2560	0.437533	0.427630	0.420486	0.421922	0.429494	0.399322	0.420275	0.368486	0.423332	0.414869	
2565	0.438069	0.430584	0.420644	0.421969	0.428086	0.397353	0.416437	0.370352	0.419124	0.411149	
2570	0.432459	0.432739	0.419793	0.420266	0.418421	0.397884	0.418042	0.367421	0.415149	0.407035	
2575	0.430354	0.426109	0.424694	0.424143	0.420189	0.401818	0.420907	0.369774	0.419493	0.408714	
2580	0.431857	0.426129	0.426277	0.424923	0.420349	0.404156	0.411962	0.366403	0.422823	0.405937	
2585	0.436168	0.426159	0.422144	0.432115	0.415954	0.409177	0.412565	0.376187	0.425725	0.402475	
2590	0.437545	0.427581	0.418835	0.426625	0.410777	0.403730	0.411498	0.380270	0.421915	0.404571	
2595	0.438463	0.429955	0.421700	0.431844	0.414945	0.399416	0.408595	0.384025	0.417637	0.407057	
2600	0.434732	0.428718	0.417331	0.437151	0.413663	0.404351	0.407236	0.392653	0.412576	0.409584	
2605	0.429585	0.423574	0.412562	0.436581	0.417775	0.403908	0.410411	0.390225	0.414786	0.414450	
2610	0.418567	0.420824	0.411720	0.442639	0.421918	0.408858	0.406702	0.399481	0.418410	0.407668	
2615	0.415270	0.421571	0.407832	0.439802	0.421175	0.411980	0.402419	0.395238	0.413855	0.408887	
2620	0.406768	0.426351	0.410006	0.443856	0.417008	0.407099	0.405689	0.396011	0.413581	0.408841	
2625	0.409782	0.433628	0.412038	0.447533	0.421844	0.411666	0.400434	0.393703	0.412221	0.411248	
2630	0.415607	0.439697	0.411584	0.446311	0.414696	0.413956	0.400321	0.395344	0.406867	0.414159	
2635	0.419879	0.444601	0.413565	0.447393	0.409522	0.411348	0.407064	0.394366	0.408387	0.412390	
2640	0.415783	0.443688	0.420363	0.450538	0.407052	0.410249	0.406538	0.389346	0.409419	0.407553	
2645	0.415094	0.439581	0.414148	0.448487	0.404841	0.412494	0.408667	0.393456	0.404952	0.415373	
2650	0.415405	0.428190	0.412544	0.442131	0.404828	0.412472	0.412307	0.394241	0.407453	0.412519	
2655	0.411678	0.423950	0.410380	0.444666	0.407730	0.412438	0.415441	0.394251	0.407349	0.414760	
2660	0.410281	0.431060	0.412268	0.442729	0.409481	0.415951	0.411034	0.403670	0.401441	0.424063	
2665	0.410858	0.430206	0.407581	0.439677	0.411504	0.415140	0.411253	0.406675	0.398759	0.413975	
2670	0.404969	0.426908	0.408093	0.439434	0.415151	0.425979	0.407983	0.410858	0.407525	0.409935	
2675	0.407347	0.434498	0.415717	0.435318	0.424483	0.427534	0.403812	0.411315	0.404643	0.413245	
2680	0.405530	0.432811	0.417747	0.440159	0.422721	0.422934	0.402235	0.415363	0.405639	0.413108	
2685	0.402743	0.433598	0.417568	0.436822	0.423016	0.419370	0.405624	0.417442	0.404013	0.423178	
2690	0.399292	0.437737	0.418312	0.439617	0.419053	0.426072	0.407736	0.414862	0.412309	0.421794	
2695	0.396468	0.435275	0.418848	0.436423	0.419234	0.427538	0.411439	0.406276	0.404320	0.423739	
2700	0.397053	0.430023	0.422933	0.440022	0.418417	0.420699	0.413020	0.398729	0.409695	0.423792	
2705	0.402772	0.430571	0.422580	0.438394	0.414015	0.421542	0.417501	0.398626	0.407304	0.425136	
2710	0.407803	0.429972	0.422218	0.435335	0.406939	0.420607	0.414174	0.403503	0.407838	0.427440	
2715	0.407898	0.423981	0.426943	0.440154	0.417457	0.423295	0.409210	0.401970	0.408761	0.433967	
2720	0.408711	0.423271	0.429072	0.439995	0.412525	0.428646	0.411164	0.402904	0.411092	0.432885	
2725	0.418859	0.414350	0.426460	0.434363	0.416008	0.418233	0.415705	0.405263	0.412309	0.436027	
2730	0.422339	0.413030	0.418594	0.432199	0.403334	0.417049	0.414435	0.401654	0.411244	0.436354	
2735	0.419779	0.411501	0.419340	0.428452	0.408698	0.422466	0.415071	0.399552	0.409569	0.436215	
2740	0.421375	0.408301	0.420100	0.422786	0.407478	0.424592	0.418618	0.405283	0.411268	0.440129	
2745	0.425219	0.407707	0.425303	0.425875	0.407526	0.422937	0.414933	0.408112	0.413629	0.434495	
2750	0.420426	0.401646	0.426196	0.429232	0.406547	0.417880	0.410978	0.408482	0.409124	0.438768	
2755	0.422620	0.398456	0.425316	0.425179	0.402844	0.414603	0.408516	0.407672	0.408971	0.441490	
2760	0.428603	0.399954	0.431303	0.431362	0.407691	0.411748	0.410996	0.408163	0.416639	0.437167	
2765	0.433719	0.403543	0.433491	0.432108	0.405997	0.403943	0.412524	0.413850	0.414312	0.437651	
2770	0.431141	0.408546	0.429998	0.435749	0.404227	0.406587	0.413562	0.416833	0.413597	0.429954	
2775	0.432250	0.408639	0.423578	0.431073	0.407351	0.410171	0.421412	0.412782	0.418728	0.437535	
2780	0.434300	0.406957	0.421884	0.436909	0.412997	0.416035	0.422145	0.411038	0.420043	0.436562	
2785	0.437003	0.410005	0.426918	0.434608	0.420087	0.418269	0.426499	0.413606	0.422976	0.429002	
2790	0.439886	0.405605	0.419885	0.439560	0.418368	0.418969	0.423402	0.415578	0.428644	0.423258	
2795	0.446721	0.405296	0.413774	0.444475	0.418274	0.417745	0.431556	0.416967	0.424571	0.422790	
2800	0.448981	0.402663	0.425707	0.443597	0.416434	0.412606	0.437917	0.417256	0.418942	0.422377	
2805	0.456030	0.398582	0.419949	0.438733	0.410056	0.412277	0.431603	0.424354	0.423652	0.422895	
2810	0.459859	0.396440	0.428847	0.437660	0.406083	0.407945	0.436375	0.426481	0.424191	0.427979	
2815	0.455519	0.402187	0.431224	0.436396	0.411142	0.409000	0.441465	0.423974	0.415646	0.432717	
2820	0.450211	0.398178	0.422342	0.434418	0.409983	0.410388	0.446841	0.420114	0.413827	0.424914	
2825	0.451621	0.402342	0.418944	0.430644	0.406682	0.412429	0.444505	0.421901	0.410464	0.429978	
2830	0.449804	0.404866	0.418951	0.422547	0.410792	0.417312	0.448157	0.418753	0.406920	0.426000	
2835	0.436398	0.414285	0.424122	0.415999	0.416611	0.418354	0.440004	0.424708	0.404170	0.426183	
2840	0.434411	0.416074	0.419335	0.410049	0.415563	0.418535	0.443794	0.430233	0.402679	0.428388	
2845	0.431113	0.424151	0.419397	0.415014	0.417330	0.417322	0.431875	0.429185	0.402334	0.420374	
2850	0.428739	0.425720	0.419902	0.411635	0.416748	0.410943	0.433231	0.429103	0.398532	0.420731	
2855	0.433786	0.427221	0.414893	0.415000	0.419275	0.406435	0.429482	0.429197	0.394337	0.425643	
2860	0.435182	0.426381	0.416169	0.417651	0.418754	0.400419	0.428691	0.433711	0.395721	0.430428	
2865	0.434144	0.416895	0.413397	0.417963	0.424390	0.410305	0.433082	0.439479	0.400112	0.433142	
2870	0.434478	0.419498	0.412856	0.414195	0.425649	0.401248	0.428913	0.436962	0.401676	0.432814	
2875	0.443181	0.420457	0.415154	0.413979	0.425043	0.403927	0.432828	0.438241	0.402291	0.439074	
2880	0.446907	0.422960	0.412575	0.420101	0.424673	0.408215	0.433191	0.440618	0.403621	0.435172	
2885	0.442036	0.421076	0.409192	0.415135	0.430415	0.416038	0.423876	0.438366	0.403962	0.434920	
2890	0.438458	0.424381	0.410417	0.414550	0.433565	0.421666	0.422887	0.437824	0.403771	0.432375	
2895	0.437188	0.430629	0.412019	0.419706	0.429351	0.412110	0.421206	0.435934	0.406593	0.429907	
2900	0.441311	0.425423	0.411547	0.419973	0.430683	0.413398	0.418053	0.440291	0.405165	0.431279	
2905	0.443263	0.427461	0.412420	0.420670	0.422513	0.407250	0.419925	0.435930	0.404284	0.436456	
2910	0.443595	0.429331	0.410684	0.422645	0.422759	0.412890	0.419085	0.428757	0.407443	0.433836	
2915	0.447347	0.424920	0.417714	0.421905	0.427991	0.410348	0.410891	0.426133	0.405269	0.430225	
2920	0.447850	0.424351	0.415996	0.418186	0.426654	0.410323	0.412551	0.426521	0.408643	0.428735	
2925	0.449506	0.420210	0.411841	0.417162	0.423340	0.411850	0.407632	0.418381	0.406152	0.423412	
2930	0.442378	0.426532	0.404236	0.416424	0.422576	0.418926	0.403584	0.417160	0.404337	0.417992	
2935	0.441156	0.428610	0.403610	0.414327	0.418229	0.410261	0.405621	0.422781	0.405298	0.414864	
2940	0.437781	0.433765	0.406358	0.412294	0.416539	0.416984	0.400920	0.427038	0.400777	0.412248	
2945	0.442378	0.439089	0.410486	0.411361	0.414815	0.418358	0.402399	0.430388	0.409120	0.411422	
2950	0.441568	0.435787	0.415095	0.410867	0.416861	0.416294	0.405763	0.430767	0.408050	0.414009	
2955	0.449710	0.431141	0.421253	0.411388	0.413435	0.421124	0.404739	0.430420	0.405301	0.424139	
2960	0.446087	0.432398	0.412116	0.409302	0.416909	0.423080	0.399948	0.430967	0.414306	0.430762	
2965	0.444828	0.428774	0.406999	0.410011	0.417279	0.426769	0.393591	0.428841	0.414207	0.437575	
2970	0.437125	0.428195	0.405915	0.414014	0.420931	0.426710	0.387677	0.427250	0.419016	0.436857	
2975	0.442999	0.424280	0.407549	0.410545	0.420044	0.430232	0.386556	0.423557	0.418102	0.436469	
2980	0.445995	0.420862	0.408462	0.413844	0.421147	0.432871	0.391453	0.424282	0.421890	0.438661	
2985	0.433347	0.417637	0.412317	0.419541	0.425864	0.429445	0.382662	0.425817	0.422941	0.435632	
2990	0.427607	0.426756	0.417544	0.411610	0.426946	0.421798	0.386939	0.431246	0.423345	0.436552	
2995	0.423961	0.426586	0.415361	0.419918	0.431817	0.420188	0.383549	0.428325	0.426106	0.437945	
3000	0.421376	0.429036	0.415829	0.418620	0.431355	0.418436	0.387286	0.426414	0.420254	0.439948	
