T	rep_1	rep_2	rep_3	rep_4	rep_5	rep_6	rep_7	rep_8	rep_9	rep_10
5	0.000000	0.000000	0.000000	0.000000	0.000000	0.000000	0.000000	0.000000	0.000000	0.000000	
10	0.000000	0.000000	0.000000	0.000000	0.000000	0.000000	0.000000	0.000000	0.000000	0.000000	
15	0.000000	0.000000	0.000000	0.000000	0.000000	0.000000	0.000000	0.000000	0.000000	0.000000	
20	0.000000	0.000000	0.000000	0.000000	0.000000	0.000000	0.000000	0.000000	0.000000	0.000000	
25	0.000000	0.000000	0.000000	0.000000	0.000000	0.000000	0.000000	0.000000	0.000000	0.000000	
30	0.000000	0.000000	0.000000	0.000000	0.000000	0.000000	0.000000	0.000000	0.000000	0.000000	
35	0.000000	0.000000	0.000000	0.000000	0.000000	0.000000	0.000000	0.000000	0.000000	0.000000	
40	0.000000	0.000000	0.000000	0.000000	0.000000	0.000000	0.000000	0.000000	0.000000	0.000000	
45	0.000000	0.000000	0.000000	0.000000	0.000000	0.000000	0.000000	0.000000	0.000000	0.000000	
50	0.000000	0.000000	0.000000	0.000000	0.000000	0.000000	0.000000	0.000000	0.000000	0.000000	
55	0.000000	0.000000	0.000000	0.000000	0.000000	0.000000	0.000000	0.000000	0.000000	0.000000	
60	0.000000	0.000000	0.000000	0.000000	0.000000	0.000000	0.000000	0.000000	0.000000	0.000000	
65	0.000000	0.000000	0.000000	0.000000	0.000000	0.000000	0.000000	0.000000	0.000000	0.000000	
70	0.000000	0.000000	0.000000	0.000000	0.000000	0.000000	0.000000	0.000000	0.000000	0.000000	
75	0.000000	0.000000	0.000000	0.000000	0.000000	0.000000	0.000000	0.000000	0.000000	0.000000	
80	0.000000	0.000000	0.000000	0.000000	0.000000	0.000000	0.000000	0.000000	0.000000	0.000000	
85	0.000000	0.000000	0.000000	0.000000	0.000000	0.000000	0.000000	0.000000	0.000000	0.000000	
90	0.000000	0.000000	0.000000	0.000000	0.000000	0.000000	0.000000	0.000000	0.000000	0.000000	
95	0.000000	0.000000	0.000000	0.000000	0.000000	0.000000	0.000000	0.000000	0.000000	0.000000	
100	0.000000	0.000000	0.000000	0.000000	0.000000	0.000000	0.000000	0.000000	0.000000	0.000000	
105	0.000000	0.000000	0.000000	0.000000	0.000000	0.000000	0.000000	0.000000	0.000000	0.000000	
110	0.000000	0.000000	0.000000	0.000000	0.000000	0.000000	0.000000	0.000000	0.000000	0.000000	
115	0.000000	0.000000	0.000000	0.000000	0.000000	0.000000	0.000000	0.000000	0.000000	0.000000	
120	0.000000	0.000000	0.000000	0.000000	0.000000	0.000000	0.000000	0.000000	0.000000	0.000000	
125	0.000000	0.000000	0.000000	0.000000	0.000000	0.000000	0.000000	0.000000	0.000000	0.000000	
130	0.000000	0.000000	0.000000	0.000000	0.000000	0.000000	0.000000	0.000000	0.000000	0.000000	
135	0.000000	0.000000	0.000000	0.000000	0.000000	0.000000	0.000000	0.000000	0.000000	0.000000	
140	0.000000	0.000000	0.000000	0.000000	0.000000	0.000000	0.000000	0.000000	0.000000	0.000000	
145	0.000000	0.000000	0.000000	0.000000	0.000000	0.000000	0.000000	0.000000	0.000000	0.000000	
150	0.000000	0.000000	0.000000	0.000000	0.000000	0.000000	0.000000	0.000000	0.000000	0.000000	
155	0.000000	0.000000	0.000000	0.000000	0.000000	0.000000	0.000000	0.000000	0.000000	0.000000	
160	0.000000	0.000000	0.000000	0.000000	0.000000	0.000000	0.000000	0.000000	0.000000	0.000000	
165	0.000000	0.000000	0.000000	0.000000	0.000000	0.000000	0.000000	0.000000	0.000000	0.000000	
170	0.000000	0.000000	0.000000	0.000000	0.000000	0.000000	0.000000	0.000000	0.000000	0.000000	
175	0.000000	0.000000	0.000000	0.000000	0.000000	0.000000	0.000000	0.000000	0.000000	0.000000	
180	0.000000	0.000000	0.000000	0.000000	0.000000	0.000000	0.000000	0.000000	0.000000	0.000000	
185	0.000000	0.000000	0.000000	0.000000	0.000000	0.000000	0.000000	0.000000	0.000000	0.000000	
190	0.000000	0.000000	0.000000	0.000000	0.000000	0.000000	0.000000	0.000000	0.000000	0.000000	
195	0.000000	0.000000	0.000000	0.000000	0.000000	0.000000	0.000000	0.000000	0.000000	0.000000	
200	0.000000	0.000000	0.000000	0.000000	0.000000	0.000000	0.000000	0.000000	0.000000	0.000000	
205	0.001291	0.001379	0.001374	0.001671	0.000767	0.001204	0.001601	0.001393	0.000881	0.000959	
210	0.003984	0.002460	0.002809	0.002121	0.002075	0.002163	0.002965	0.003503	0.001910	0.001874	
215	0.002826	0.003072	0.003340	0.003140	0.002206	0.002888	0.003259	0.005301	0.003024	0.001789	
220	0.004827	0.003847	0.003894	0.003572	0.003771	0.005622	0.004120	0.003919	0.004170	0.003348	
225	0.005979	0.004594	0.003670	0.004458	0.004034	0.005165	0.006350	0.004803	0.003466	0.005114	
230	0.008096	0.004921	0.004129	0.003238	0.004619	0.007039	0.004230	0.005100	0.004034	0.005248	
235	0.006706	0.004989	0.005468	0.004453	0.006965	0.004011	0.002883	0.007333	0.004669	0.005795	
240	0.008891	0.004420	0.007378	0.005430	0.006113	0.003166	0.003502	0.005023	0.004756	0.007916	
245	0.008054	0.005222	0.008190	0.004588	0.007244	0.006054	0.004209	0.003297	0.004472	0.008890	
250	0.008101	0.006951	0.007030	0.003444	0.006697	0.008711	0.004345	0.005402	0.003257	0.005235	
255	0.009578	0.006687	0.007932	0.004127	0.006496	0.009550	0.005445	0.006560	0.004947	0.005634	
260	0.009403	0.006675	0.006791	0.003468	0.007020	0.010413	0.006141	0.007257	0.005356	0.006162	
265	0.007768	0.007604	0.006184	0.004118	0.009559	0.011510	0.003754	0.007005	0.004786	0.005335	
270	0.009310	0.007364	0.006354	0.004303	0.009852	0.012745	0.003792	0.006867	0.005890	0.004569	
275	0.008600	0.006191	0.008805	0.004308	0.011894	0.010831	0.004963	0.007296	0.006318	0.005355	
280	0.010097	0.006707	0.007637	0.004947	0.011494	0.010323	0.006163	0.007965	0.006387	0.004691	
285	0.008262	0.007548	0.005891	0.004774	0.010860	0.010577	0.007377	0.006374	0.006744	0.005588	
290	0.007187	0.008724	0.005367	0.004370	0.010734	0.011811	0.007238	0.008287	0.006244	0.006860	
295	0.006092	0.007791	0.006499	0.004599	0.012176	0.010791	0.006373	0.006514	0.004644	0.009739	
300	0.007250	0.008385	0.007216	0.004636	0.012721	0.014934	0.007360	0.004723	0.005528	0.006960	
305	0.007554	0.006821	0.006903	0.003970	0.012950	0.012047	0.007315	0.005524	0.005292	0.004863	
310	0.008384	0.007422	0.007318	0.005197	0.010376	0.011952	0.007733	0.005562	0.007456	0.005256	
315	0.007654	0.008705	0.005965	0.006648	0.011325	0.013500	0.007841	0.006045	0.007395	0.006529	
320	0.006976	0.009539	0.005378	0.006943	0.013275	0.013172	0.006997	0.006400	0.005985	0.006487	
325	0.007421	0.007614	0.005330	0.005748	0.011234	0.016156	0.006632	0.005686	0.006097	0.005393	
330	0.006912	0.008663	0.006356	0.007880	0.012418	0.014352	0.006587	0.006461	0.005756	0.005796	
335	0.006078	0.007784	0.005045	0.006783	0.012156	0.013914	0.007290	0.007085	0.006191	0.006693	
340	0.005993	0.006180	0.006322	0.005912	0.011329	0.012688	0.007505	0.007215	0.008044	0.005838	
345	0.004781	0.005815	0.005006	0.006807	0.012604	0.013570	0.008994	0.009018	0.007766	0.005352	
350	0.004735	0.006015	0.005176	0.006533	0.010117	0.010785	0.006804	0.008591	0.007071	0.005341	
355	0.005115	0.007593	0.006044	0.006350	0.010351	0.010752	0.008644	0.007756	0.006440	0.005523	
360	0.007584	0.008403	0.007750	0.008073	0.010854	0.011855	0.009902	0.008540	0.006299	0.004961	
365	0.007836	0.006650	0.009232	0.007008	0.010103	0.010938	0.008488	0.007724	0.005191	0.006633	
370	0.006723	0.007463	0.007478	0.008872	0.008788	0.009421	0.010008	0.006510	0.006582	0.006958	
375	0.006450	0.006999	0.006586	0.011378	0.009074	0.009773	0.008539	0.005565	0.007823	0.007662	
380	0.005981	0.006720	0.005662	0.009215	0.009037	0.007758	0.010154	0.005865	0.008735	0.008701	
385	0.006463	0.007308	0.006232	0.008221	0.009750	0.008606	0.007872	0.007317	0.006558	0.007474	
390	0.007633	0.007836	0.007292	0.008511	0.009806	0.008116	0.007145	0.007079	0.006806	0.006092	
395	0.006597	0.007968	0.006849	0.009138	0.011519	0.006580	0.007735	0.007218	0.007269	0.006336	
400	0.007690	0.009217	0.004876	0.008747	0.010337	0.008626	0.007065	0.006703	0.008265	0.006505	
405	0.008942	0.008694	0.006218	0.009232	0.008811	0.008995	0.007422	0.007682	0.010507	0.006334	
410	0.008419	0.009337	0.007593	0.009945	0.008432	0.010734	0.008561	0.006716	0.012079	0.005652	
415	0.007195	0.009330	0.007769	0.010159	0.008290	0.010890	0.007907	0.006243	0.011207	0.007081	
420	0.008939	0.010494	0.005216	0.010490	0.008043	0.008363	0.006613	0.006591	0.012190	0.008057	
425	0.008218	0.013377	0.004918	0.012039	0.008405	0.008013	0.009443	0.006275	0.011763	0.007404	
430	0.009406	0.015556	0.005627	0.010926	0.007761	0.008922	0.012760	0.007580	0.009755	0.009299	
435	0.009197	0.012071	0.005684	0.010833	0.008053	0.010851	0.008998	0.008499	0.010612	0.010957	
440	0.007727	0.014399	0.005206	0.010222	0.007582	0.011162	0.009479	0.008665	0.010284	0.010514	
445	0.008369	0.012637	0.004895	0.010288	0.008330	0.011912	0.009034	0.008630	0.011566	0.010316	
450	0.006519	0.012520	0.004983	0.011472	0.008659	0.009978	0.006926	0.008578	0.012079	0.011388	
455	0.006544	0.010865	0.005800	0.009147	0.006588	0.010071	0.007682	0.007954	0.014022	0.010888	
460	0.006377	0.008571	0.006083	0.009233	0.005462	0.009518	0.007547	0.008537	0.012092	0.012483	
465	0.006897	0.006964	0.007993	0.005899	0.006233	0.010673	0.007198	0.007154	0.012776	0.010549	
470	0.007212	0.009173	0.006777	0.006045	0.005718	0.011204	0.007557	0.006397	0.011494	0.009768	
475	0.008118	0.009521	0.007130	0.006920	0.006343	0.010723	0.008326	0.006333	0.011370	0.011572	
480	0.007736	0.008718	0.006958	0.007982	0.004433	0.011151	0.009955	0.008674	0.011417	0.011125	
485	0.008830	0.007728	0.007240	0.007881	0.005375	0.010783	0.009773	0.010632	0.012074	0.009520	
490	0.008925	0.007246	0.009002	0.008082	0.004248	0.010311	0.010687	0.011770	0.010803	0.009653	
495	0.010854	0.006612	0.007960	0.007427	0.006406	0.010429	0.010135	0.011343	0.009904	0.009964	
500	0.008882	0.006816	0.006930	0.007360	0.006126	0.009496	0.011537	0.010925	0.010059	0.008736	
505	0.009614	0.005527	0.007228	0.005206	0.005321	0.008521	0.012084	0.010979	0.009625	0.011124	
510	0.009589	0.006594	0.007044	0.005921	0.007102	0.009178	0.011995	0.012074	0.010258	0.011910	
515	0.010290	0.006638	0.005975	0.004815	0.008253	0.007251	0.010291	0.012128	0.009903	0.010665	
520	0.008332	0.008858	0.006181	0.006026	0.009625	0.009127	0.009468	0.012166	0.009635	0.010871	
525	0.009126	0.008925	0.007043	0.004442	0.009021	0.009828	0.015128	0.009730	0.010239	0.011263	
530	0.010962	0.010803	0.007248	0.004053	0.009317	0.010675	0.013852	0.008567	0.010231	0.011135	
535	0.012716	0.011003	0.007619	0.004300	0.008769	0.009445	0.014123	0.008724	0.010349	0.011423	
540	0.013155	0.009462	0.007305	0.005168	0.009624	0.009075	0.012499	0.009407	0.011331	0.012190	
545	0.011760	0.008381	0.008927	0.005531	0.009680	0.009624	0.010902	0.008216	0.011924	0.012734	
550	0.011784	0.008754	0.007690	0.005854	0.009533	0.009898	0.012440	0.010004	0.009359	0.011036	
555	0.010435	0.007566	0.007216	0.006166	0.010305	0.009350	0.011271	0.011092	0.009748	0.010369	
560	0.011111	0.007623	0.007957	0.006947	0.009765	0.008975	0.009423	0.010550	0.009858	0.007476	
565	0.010522	0.006607	0.008294	0.005750	0.009829	0.010382	0.010363	0.009620	0.009486	0.008918	
570	0.011258	0.006675	0.005633	0.007697	0.007815	0.010132	0.011085	0.010839	0.008143	0.010567	
575	0.011058	0.007382	0.005182	0.008328	0.008774	0.010002	0.012607	0.013807	0.008148	0.010174	
580	0.009684	0.008791	0.006513	0.008283	0.009583	0.009471	0.009256	0.012492	0.007882	0.012083	
585	0.009154	0.008833	0.006772	0.008797	0.008883	0.007496	0.008321	0.010652	0.007627	0.012825	
590	0.007732	0.009698	0.007835	0.007700	0.009834	0.008784	0.008238	0.010400	0.008562	0.012009	
595	0.007326	0.009554	0.007993	0.008916	0.008934	0.010557	0.007310	0.010392	0.008570	0.011080	
600	0.007756	0.008858	0.007348	0.009022	0.008918	0.008282	0.006190	0.010269	0.009669	0.009935	
605	0.009511	0.009111	0.005801	0.007813	0.009452	0.010226	0.007363	0.009458	0.008585	0.011001	
610	0.008506	0.007598	0.006286	0.008173	0.009236	0.010612	0.007975	0.008539	0.007022	0.013850	
615	0.009455	0.007042	0.005792	0.006815	0.009130	0.008397	0.009127	0.008241	0.007403	0.011425	
620	0.009849	0.007275	0.008255	0.007967	0.008512	0.006655	0.009459	0.008180	0.008171	0.011252	
625	0.010863	0.006982	0.008117	0.007564	0.008491	0.005320	0.010974	0.007703	0.008066	0.009740	
630	0.009775	0.006223	0.010202	0.008350	0.007117	0.005128	0.012239	0.008471	0.007468	0.008910	
635	0.009791	0.007800	0.009835	0.010661	0.006006	0.007118	0.011466	0.009425	0.006990	0.009733	
640	0.010530	0.010046	0.007843	0.010590	0.005830	0.007491	0.009737	0.008768	0.007933	0.010345	
645	0.011791	0.013263	0.009178	0.010493	0.006531	0.008085	0.009987	0.008802	0.007423	0.010570	
650	0.010887	0.010933	0.008317	0.009532	0.007536	0.008525	0.012297	0.008742	0.006942	0.010891	
655	0.009717	0.009914	0.009221	0.008509	0.007591	0.008191	0.010425	0.008656	0.006940	0.013114	
660	0.009845	0.008746	0.008854	0.008651	0.006644	0.009071	0.010988	0.008656	0.007411	0.014190	
665	0.011535	0.009528	0.008786	0.009903	0.007032	0.009994	0.010405	0.008294	0.007681	0.013781	
670	0.010860	0.010750	0.010980	0.010969	0.008304	0.007407	0.007376	0.007647	0.008121	0.010596	
675	0.008184	0.007634	0.010532	0.010555	0.009214	0.006791	0.008183	0.007016	0.007433	0.008198	
680	0.009362	0.008571	0.009926	0.009305	0.011079	0.006430	0.007679	0.007005	0.009034	0.007776	
685	0.007864	0.006460	0.009032	0.008953	0.011002	0.006626	0.007616	0.008113	0.009976	0.007921	
690	0.007859	0.005990	0.009306	0.008832	0.009147	0.009338	0.007990	0.007782	0.012476	0.007332	
695	0.009220	0.005614	0.009896	0.010112	0.008499	0.009430	0.005276	0.007197	0.011288	0.008616	
700	0.008780	0.005085	0.010426	0.008439	0.008760	0.011783	0.005746	0.006586	0.010805	0.007718	
705	0.010741	0.005544	0.009313	0.009089	0.008819	0.011090	0.006636	0.007843	0.009155	0.008189	
710	0.009673	0.005769	0.010395	0.007077	0.007840	0.008603	0.007276	0.007976	0.009330	0.007899	
715	0.008936	0.006195	0.011257	0.009068	0.007080	0.008771	0.006843	0.007699	0.010160	0.007850	
720	0.009752	0.006351	0.010125	0.010693	0.007120	0.009146	0.006093	0.008288	0.011548	0.008252	
725	0.009343	0.008743	0.009412	0.011045	0.006597	0.009551	0.008714	0.010268	0.008653	0.008236	
730	0.006382	0.009219	0.010620	0.009684	0.006735	0.008302	0.007633	0.010803	0.007485	0.007334	
735	0.007855	0.007853	0.010347	0.012286	0.007560	0.007354	0.008073	0.008936	0.006325	0.007762	
740	0.009505	0.006528	0.009835	0.012546	0.008587	0.007188	0.008328	0.008882	0.006121	0.008638	
745	0.007457	0.007485	0.010492	0.010738	0.008969	0.007697	0.007122	0.010417	0.006115	0.008779	
750	0.007896	0.008878	0.009894	0.011096	0.007577	0.008726	0.008485	0.008044	0.005083	0.007397	
755	0.007016	0.010255	0.010823	0.010553	0.007863	0.008617	0.008799	0.007885	0.005406	0.009401	
760	0.004994	0.008908	0.009804	0.009874	0.008203	0.009220	0.006523	0.010275	0.006580	0.007389	
765	0.005534	0.006773	0.009549	0.011100	0.008453	0.007085	0.006945	0.008744	0.005338	0.007466	
770	0.005425	0.005928	0.011323	0.010233	0.008435	0.009578	0.008531	0.009302	0.006556	0.006430	
775	0.005218	0.007396	0.009043	0.010514	0.009285	0.009001	0.008349	0.009596	0.007703	0.008356	
780	0.006145	0.008614	0.008287	0.010360	0.009723	0.007809	0.006940	0.008747	0.006830	0.008499	
785	0.006506	0.009582	0.007108	0.009782	0.010092	0.007011	0.007253	0.009402	0.006582	0.007644	
790	0.005512	0.008885	0.007799	0.011739	0.011633	0.005907	0.008223	0.011415	0.007092	0.008566	
795	0.006119	0.008924	0.008271	0.011926	0.013145	0.006743	0.007778	0.009779	0.006207	0.010647	
800	0.007352	0.009112	0.008251	0.011290	0.014118	0.008120	0.006746	0.007915	0.006132	0.009451	
805	0.007024	0.008618	0.009077	0.009532	0.012390	0.008409	0.006715	0.008951	0.006545	0.009394	
810	0.008096	0.010632	0.009366	0.009466	0.011172	0.007377	0.005906	0.007447	0.006770	0.008142	
815	0.006716	0.011922	0.009720	0.012277	0.011422	0.008483	0.006672	0.007476	0.005987	0.007965	
820	0.006828	0.011028	0.011094	0.011708	0.011416	0.007966	0.006227	0.008577	0.005665	0.008171	
825	0.007578	0.012691	0.011262	0.011524	0.010289	0.007898	0.007604	0.011792	0.006308	0.009301	
830	0.008652	0.014156	0.009853	0.011306	0.009965	0.007504	0.008215	0.010060	0.006743	0.008088	
835	0.007812	0.011821	0.011027	0.011341	0.012145	0.006584	0.007115	0.009971	0.007795	0.008445	
840	0.007784	0.011460	0.010139	0.011189	0.008845	0.007336	0.007308	0.010757	0.008835	0.007220	
845	0.007021	0.009162	0.010480	0.011395	0.009414	0.006580	0.006679	0.010431	0.007370	0.006648	
850	0.009216	0.010696	0.012430	0.010095	0.010878	0.006265	0.007492	0.008138	0.008843	0.006043	
855	0.007678	0.008925	0.010582	0.008275	0.008826	0.006170	0.008120	0.007206	0.007093	0.004789	
860	0.007172	0.009680	0.011309	0.008171	0.008102	0.007985	0.007972	0.009412	0.007745	0.005183	
865	0.007005	0.009506	0.012058	0.008787	0.007139	0.006905	0.008496	0.009152	0.009537	0.006373	
870	0.007365	0.010628	0.011027	0.007127	0.008346	0.005711	0.008431	0.008404	0.009124	0.008262	
875	0.008156	0.010724	0.011729	0.007427	0.008078	0.004982	0.007319	0.006738	0.008014	0.009483	
880	0.009407	0.010331	0.011350	0.007882	0.008213	0.006312	0.007826	0.006223	0.008112	0.008887	
885	0.009452	0.011677	0.010416	0.007593	0.007693	0.005915	0.011455	0.006307	0.008682	0.008325	
890	0.007336	0.011558	0.010802	0.007510	0.007232	0.005617	0.011039	0.005896	0.007120	0.009551	
895	0.008057	0.009844	0.011477	0.009366	0.007228	0.005120	0.011334	0.005723	0.005639	0.008224	
900	0.007002	0.009320	0.011403	0.009948	0.006035	0.006868	0.013075	0.005967	0.005993	0.008400	
905	0.007971	0.011676	0.011028	0.009128	0.008032	0.007693	0.011285	0.005542	0.005644	0.006005	
910	0.007342	0.011358	0.010997	0.009433	0.007368	0.008602	0.009801	0.005710	0.006340	0.005742	
915	0.008066	0.010285	0.011372	0.008977	0.006305	0.006949	0.011830	0.004547	0.007790	0.004163	
920	0.007517	0.008708	0.013819	0.009671	0.006807	0.005851	0.009282	0.005502	0.007217	0.003198	
925	0.007538	0.010492	0.014115	0.011119	0.005860	0.006441	0.009509	0.005427	0.009862	0.006518	
930	0.007052	0.010072	0.014704	0.013251	0.005863	0.006669	0.007848	0.006604	0.007642	0.007695	
935	0.006738	0.009467	0.014960	0.012720	0.006766	0.005839	0.006639	0.006247	0.008382	0.007411	
940	0.009635	0.010813	0.010784	0.015421	0.006263	0.006150	0.005526	0.006271	0.007857	0.008779	
945	0.009541	0.010192	0.010442	0.015607	0.004494	0.008993	0.004870	0.005646	0.008909	0.008711	
950	0.006323	0.009927	0.008571	0.014623	0.003942	0.009308	0.004405	0.004419	0.008148	0.006674	
955	0.007993	0.009239	0.009528	0.014852	0.003954	0.010623	0.005337	0.007044	0.008771	0.007568	
960	0.007816	0.010653	0.010471	0.015277	0.006793	0.011298	0.005319	0.007447	0.008951	0.008002	
965	0.007808	0.010320	0.013119	0.014406	0.004883	0.011073	0.007907	0.006898	0.008480	0.005785	
970	0.008476	0.011152	0.012733	0.013979	0.003114	0.011945	0.009817	0.005728	0.007948	0.005100	
975	0.008738	0.010883	0.011569	0.012202	0.004789	0.012100	0.010281	0.006207	0.006424	0.007065	
980	0.008809	0.009909	0.009427	0.013354	0.005190	0.011534	0.011190	0.007464	0.007078	0.006846	
985	0.010982	0.011643	0.009519	0.011140	0.006781	0.012025	0.009324	0.007766	0.008602	0.007864	
990	0.010656	0.011590	0.010790	0.009594	0.006858	0.011372	0.012198	0.007720	0.007068	0.006678	
995	0.009571	0.011216	0.010685	0.010393	0.008215	0.010104	0.011082	0.008657	0.007309	0.005323	
1000	0.008167	0.009648	0.009540	0.009727	0.007398	0.011654	0.010053	0.007367	0.007932	0.005815	
1005	0.008752	0.009761	0.010247	0.009139	0.010605	0.013426	0.011525	0.007499	0.007180	0.006745	
1010	0.007168	0.010170	0.010655	0.009374	0.009040	0.012773	0.012892	0.006777	0.007425	0.006034	
1015	0.008752	0.009519	0.009708	0.009974	0.010671	0.013787	0.011171	0.006156	0.006567	0.005978	
1020	0.006878	0.010051	0.009435	0.011497	0.012021	0.012337	0.010009	0.005001	0.006662	0.008598	
1025	0.006707	0.010969	0.011524	0.011315	0.010765	0.011536	0.010366	0.005784	0.008113	0.006744	
1030	0.005999	0.012095	0.011126	0.011835	0.012001	0.011806	0.009194	0.006834	0.009868	0.006810	
1035	0.007889	0.010503	0.011963	0.012033	0.012246	0.011012	0.009443	0.007847	0.008707	0.007879	
1040	0.007895	0.010052	0.011691	0.011157	0.012755	0.009601	0.009271	0.008142	0.007636	0.006280	
1045	0.008250	0.009796	0.011909	0.010821	0.011755	0.008873	0.008000	0.007785	0.008180	0.006914	
1050	0.008786	0.008881	0.014165	0.010156	0.011646	0.008296	0.007924	0.006877	0.009207	0.007017	
1055	0.009067	0.010552	0.012861	0.009504	0.011284	0.009485	0.007501	0.006388	0.009829	0.005388	
1060	0.008215	0.009902	0.012734	0.010993	0.010512	0.008134	0.009316	0.006293	0.009357	0.005754	
1065	0.007592	0.009157	0.012419	0.009122	0.009150	0.007358	0.012120	0.004487	0.011720	0.006629	
1070	0.008157	0.008517	0.013322	0.010596	0.008941	0.006957	0.011336	0.003979	0.010471	0.006413	
1075	0.008360	0.009562	0.012474	0.010770	0.010752	0.006951	0.010534	0.005204	0.010416	0.006169	
1080	0.009943	0.010759	0.011812	0.012228	0.009103	0.006198	0.011928	0.006412	0.011419	0.007703	
1085	0.009804	0.009609	0.011926	0.011472	0.010370	0.005627	0.013374	0.007700	0.011715	0.005688	
1090	0.008678	0.008377	0.012362	0.014163	0.011489	0.006363	0.012634	0.007371	0.010246	0.006259	
1095	0.006771	0.010217	0.012025	0.012028	0.009986	0.007115	0.010803	0.007514	0.009868	0.007020	
1100	0.005953	0.010552	0.013733	0.010086	0.009814	0.007868	0.009699	0.007711	0.013131	0.006632	
1105	0.006109	0.009453	0.012385	0.013315	0.010026	0.006064	0.008406	0.007576	0.012842	0.008017	
1110	0.005474	0.008951	0.011019	0.014295	0.007919	0.008033	0.008753	0.007883	0.011084	0.008389	
1115	0.006601	0.008191	0.010204	0.014089	0.008165	0.005916	0.010018	0.006501	0.012981	0.005155	
1120	0.004766	0.006690	0.010760	0.013420	0.007353	0.006543	0.007987	0.005947	0.012841	0.004549	
1125	0.005232	0.006204	0.010856	0.012751	0.007321	0.006323	0.008548	0.006256	0.014109	0.004347	
1130	0.005783	0.006923	0.011735	0.014538	0.009743	0.006911	0.010525	0.008350	0.014114	0.005132	
1135	0.005787	0.006460	0.011424	0.014333	0.009326	0.007179	0.012283	0.007610	0.012642	0.003919	
1140	0.006406	0.006249	0.010080	0.013465	0.009010	0.006057	0.011150	0.005901	0.009752	0.005670	
1145	0.007481	0.004217	0.009464	0.013211	0.008558	0.007121	0.009547	0.006326	0.009739	0.006704	
1150	0.009239	0.005624	0.009768	0.013814	0.009675	0.006777	0.008428	0.005384	0.010376	0.007025	
1155	0.011368	0.005106	0.009950	0.014819	0.010274	0.006891	0.010022	0.005356	0.009425	0.005599	
1160	0.011391	0.006438	0.010467	0.012987	0.011039	0.006104	0.009538	0.006610	0.009702	0.006186	
1165	0.010593	0.008550	0.012119	0.011926	0.012149	0.006405	0.008056	0.006934	0.009463	0.007972	
1170	0.010641	0.009916	0.011024	0.010067	0.010285	0.003965	0.008107	0.008308	0.009200	0.007160	
1175	0.008986	0.008637	0.008277	0.010183	0.009888	0.005276	0.010961	0.008024	0.008830	0.006272	
1180	0.009284	0.008232	0.007981	0.009953	0.008469	0.004979	0.010605	0.009288	0.010863	0.007511	
1185	0.008941	0.007588	0.009944	0.010598	0.010712	0.004757	0.009937	0.009355	0.010121	0.005971	
1190	0.007905	0.007307	0.011235	0.009324	0.009624	0.004330	0.008268	0.008377	0.010958	0.005340	
1195	0.006838	0.006146	0.010854	0.008843	0.007431	0.006051	0.007493	0.007011	0.009767	0.005883	
1200	0.006365	0.008375	0.011222	0.010238	0.009324	0.005485	0.009348	0.008450	0.010499	0.006474	
1205	0.007412	0.006725	0.010372	0.009997	0.008748	0.005100	0.009175	0.007844	0.010780	0.004597	
1210	0.007173	0.007676	0.010971	0.009588	0.010040	0.005314	0.009345	0.005933	0.012029	0.006137	
1215	0.007382	0.006168	0.008902	0.007831	0.008772	0.004966	0.007145	0.006959	0.012851	0.006924	
1220	0.007485	0.007594	0.008477	0.008510	0.006816	0.006060	0.008729	0.007250	0.011623	0.007987	
1225	0.006061	0.008241	0.007379	0.007910	0.006829	0.006404	0.007174	0.007815	0.010886	0.009591	
1230	0.006668	0.008107	0.008220	0.006600	0.008205	0.006179	0.007010	0.007955	0.009030	0.009926	
1235	0.007530	0.006538	0.009455	0.009206	0.008000	0.006085	0.005470	0.007235	0.009490	0.010873	
1240	0.008061	0.006627	0.009651	0.008456	0.008194	0.006522	0.005818	0.006516	0.010195	0.010657	
1245	0.008310	0.006661	0.009883	0.009692	0.011069	0.006584	0.006169	0.006443	0.010711	0.010778	
1250	0.008770	0.006918	0.009046	0.009264	0.011964	0.008172	0.007396	0.006687	0.008517	0.010508	
1255	0.008786	0.007804	0.010017	0.008607	0.011296	0.008056	0.008264	0.008472	0.011408	0.011204	
1260	0.010781	0.008480	0.010514	0.007590	0.009996	0.008337	0.008837	0.008332	0.009154	0.011166	
1265	0.008929	0.006336	0.010896	0.008289	0.010349	0.008537	0.006583	0.008148	0.008337	0.009972	
1270	0.008535	0.006317	0.010816	0.009133	0.010369	0.007698	0.006801	0.009491	0.009649	0.010568	
1275	0.008966	0.006021	0.011773	0.009052	0.011181	0.007703	0.004993	0.009592	0.011216	0.011703	
1280	0.010987	0.007535	0.009800	0.007950	0.010219	0.007975	0.005559	0.011862	0.011323	0.011985	
1285	0.008436	0.006165	0.009700	0.006830	0.007771	0.007120	0.006672	0.012681	0.012333	0.013742	
1290	0.009307	0.006652	0.009884	0.008034	0.009000	0.006207	0.009267	0.012846	0.012105	0.014043	
1295	0.008875	0.006199	0.009866	0.009487	0.009044	0.007061	0.008172	0.014041	0.012589	0.014375	
1300	0.009963	0.006906	0.007672	0.011556	0.008540	0.007521	0.008436	0.014904	0.011169	0.012578	
1305	0.010674	0.005802	0.006528	0.009848	0.008783	0.008392	0.009055	0.011799	0.012255	0.012323	
1310	0.009950	0.006949	0.007812	0.009193	0.007956	0.008339	0.007592	0.010780	0.010215	0.011835	
1315	0.012377	0.006989	0.007173	0.008641	0.006771	0.008220	0.007686	0.010238	0.011603	0.011202	
1320	0.013733	0.006602	0.007136	0.009611	0.007741	0.008260	0.008201	0.011031	0.010156	0.011680	
1325	0.011881	0.004622	0.008292	0.010380	0.008454	0.009252	0.006098	0.012383	0.012160	0.009530	
1330	0.009106	0.006727	0.007057	0.009377	0.009500	0.008930	0.006765	0.011575	0.013236	0.010513	
1335	0.009618	0.005055	0.006325	0.009700	0.009847	0.009793	0.005569	0.010675	0.009448	0.008038	
1340	0.009675	0.004426	0.006362	0.011625	0.010805	0.008664	0.006442	0.010266	0.010049	0.009824	
1345	0.008855	0.005622	0.007048	0.012166	0.009135	0.010088	0.006967	0.008699	0.007944	0.011749	
1350	0.009613	0.004391	0.009446	0.011353	0.008375	0.008806	0.004228	0.009677	0.008594	0.011557	
1355	0.009469	0.006183	0.008734	0.011242	0.010464	0.009730	0.005433	0.013726	0.009033	0.010877	
1360	0.008871	0.005196	0.008311	0.009925	0.010505	0.009087	0.004472	0.013554	0.009138	0.011311	
1365	0.010964	0.006717	0.007101	0.010156	0.010972	0.008446	0.004426	0.009691	0.008549	0.010425	
1370	0.011312	0.007441	0.007071	0.010524	0.009103	0.009017	0.004766	0.011186	0.007981	0.009338	
1375	0.012609	0.008854	0.007492	0.008635	0.009414	0.008446	0.005060	0.011968	0.007316	0.011243	
1380	0.011192	0.007639	0.008449	0.008615	0.010292	0.006440	0.004984	0.012603	0.009022	0.010622	
1385	0.012560	0.007166	0.010466	0.008255	0.010202	0.005953	0.005375	0.013484	0.008106	0.010848	
1390	0.011284	0.006594	0.009511	0.010776	0.010685	0.004172	0.006046	0.011413	0.008135	0.009899	
1395	0.010843	0.007008	0.009872	0.010355	0.009940	0.005827	0.005285	0.011301	0.005482	0.010767	
1400	0.011688	0.006678	0.009250	0.010441	0.009437	0.005246	0.005240	0.012380	0.006055	0.008629	
1405	0.009554	0.007291	0.008617	0.012083	0.009928	0.006074	0.006447	0.013420	0.005921	0.009086	
1410	0.008645	0.005453	0.009867	0.008506	0.009449	0.006417	0.006222	0.012705	0.007418	0.008585	
1415	0.009992	0.007145	0.012231	0.009820	0.009348	0.006360	0.006246	0.011112	0.008536	0.009697	
1420	0.011225	0.008947	0.010982	0.010962	0.007934	0.008303	0.006472	0.010314	0.007580	0.008374	
1425	0.011521	0.007626	0.010617	0.008180	0.008589	0.008781	0.007375	0.011623	0.009112	0.007445	
1430	0.010626	0.007310	0.008519	0.007979	0.008617	0.008702	0.009318	0.010518	0.011487	0.006323	
1435	0.010328	0.006795	0.009083	0.008133	0.007987	0.008857	0.010787	0.011023	0.010966	0.007846	
1440	0.011030	0.006643	0.010379	0.006926	0.007927	0.010942	0.009005	0.011295	0.010752	0.005674	
1445	0.012134	0.006864	0.009464	0.006453	0.010811	0.012831	0.008797	0.011346	0.011008	0.008787	
1450	0.012537	0.007114	0.008770	0.007562	0.007776	0.013060	0.009296	0.009452	0.009481	0.009463	
1455	0.012100	0.007643	0.008461	0.007934	0.007401	0.012243	0.009125	0.011480	0.009246	0.010255	
1460	0.013046	0.006608	0.008924	0.008237	0.008554	0.011981	0.010009	0.011115	0.008895	0.011522	
1465	0.013615	0.008050	0.010058	0.008846	0.009645	0.013102	0.010249	0.010184	0.010416	0.009263	
1470	0.011769	0.008850	0.008780	0.008077	0.008180	0.013391	0.008569	0.010676	0.010237	0.010928	
1475	0.011717	0.007673	0.007468	0.006546	0.010188	0.013541	0.008190	0.012536	0.010418	0.010502	
1480	0.012318	0.006274	0.008133	0.008736	0.009854	0.010418	0.008545	0.014992	0.009945	0.011686	
1485	0.011991	0.005757	0.008104	0.008440	0.012119	0.010175	0.009040	0.012276	0.009905	0.011015	
1490	0.012156	0.005805	0.009076	0.010141	0.011195	0.008875	0.008176	0.014224	0.008456	0.011113	
1495	0.010187	0.008483	0.008825	0.010036	0.011843	0.010623	0.006518	0.013802	0.009095	0.012184	
1500	0.011936	0.008193	0.008783	0.010883	0.011421	0.008848	0.005107	0.013045	0.010735	0.011519	
1505	0.013087	0.007909	0.009132	0.009006	0.009059	0.007225	0.005661	0.014467	0.010551	0.011291	
1510	0.013409	0.009514	0.008258	0.009947	0.008438	0.006642	0.007875	0.013528	0.011213	0.010826	
1515	0.012007	0.009134	0.010227	0.008887	0.008292	0.008743	0.007203	0.014233	0.010329	0.009948	
1520	0.010464	0.009458	0.009560	0.009758	0.008527	0.009661	0.007806	0.015182	0.010390	0.011205	
1525	0.010354	0.008861	0.009603	0.009100	0.009563	0.009360	0.008018	0.013424	0.009824	0.009416	
1530	0.011087	0.007739	0.010776	0.009946	0.009255	0.011469	0.007055	0.015150	0.008769	0.009093	
1535	0.009212	0.007297	0.009107	0.008682	0.010030	0.009832	0.006596	0.012867	0.008678	0.010659	
1540	0.010631	0.009298	0.007842	0.008468	0.011084	0.006697	0.006473	0.012722	0.007808	0.011055	
1545	0.011849	0.009579	0.009170	0.006427	0.013237	0.005981	0.005762	0.013896	0.008350	0.008425	
1550	0.010629	0.011092	0.008327	0.006269	0.011391	0.006624	0.006646	0.012394	0.009262	0.011617	
1555	0.011418	0.011343	0.008322	0.005283	0.010820	0.006670	0.008359	0.010716	0.010892	0.011012	
1560	0.012912	0.009983	0.007980	0.005204	0.011737	0.007474	0.005709	0.011177	0.011305	0.010260	
1565	0.011262	0.008861	0.008418	0.004411	0.010697	0.007823	0.006192	0.012546	0.010995	0.009469	
1570	0.008974	0.009916	0.007925	0.006374	0.009845	0.008295	0.006702	0.012267	0.012518	0.009966	
1575	0.009415	0.009321	0.010223	0.005764	0.010259	0.010512	0.006377	0.012134	0.013031	0.011365	
1580	0.010902	0.008601	0.010071	0.007110	0.011091	0.009928	0.007109	0.010544	0.012266	0.009819	
1585	0.007868	0.007936	0.009822	0.007597	0.008097	0.010922	0.005975	0.010161	0.011508	0.008594	
1590	0.009908	0.007168	0.009069	0.008136	0.010479	0.010491	0.006569	0.010059	0.011016	0.007702	
1595	0.009601	0.006997	0.009046	0.008832	0.010322	0.009555	0.005769	0.010843	0.011792	0.007844	
1600	0.009122	0.008305	0.007742	0.008159	0.009136	0.009291	0.007061	0.010172	0.011036	0.009904	
1605	0.010535	0.006896	0.008143	0.008041	0.008609	0.009646	0.007487	0.011489	0.011517	0.008204	
1610	0.008918	0.008673	0.007763	0.006636	0.009436	0.008369	0.007515	0.011587	0.010878	0.007323	
1615	0.007611	0.009061	0.009397	0.006433	0.007586	0.005711	0.008342	0.010430	0.009873	0.007783	
1620	0.007061	0.011159	0.011008	0.007742	0.008701	0.005755	0.007446	0.010571	0.008449	0.008015	
1625	0.005944	0.011078	0.010949	0.006248	0.011271	0.007013	0.009470	0.010995	0.007731	0.006688	
1630	0.007880	0.010712	0.010510	0.005949	0.010523	0.006733	0.009281	0.011735	0.007621	0.008247	
1635	0.006214	0.010153	0.010120	0.006902	0.010369	0.007493	0.008231	0.010252	0.009135	0.009671	
1640	0.007336	0.011125	0.010288	0.008385	0.009398	0.008118	0.008977	0.010249	0.009800	0.012386	
1645	0.008200	0.012729	0.008908	0.008604	0.009905	0.010257	0.009201	0.009723	0.012194	0.010351	
1650	0.008207	0.011494	0.008080	0.008331	0.011912	0.011196	0.009232	0.007603	0.011696	0.008910	
1655	0.008810	0.010684	0.008783	0.007748	0.012300	0.011714	0.008829	0.007436	0.009479	0.010304	
1660	0.007604	0.010210	0.008523	0.007660	0.012603	0.011799	0.009042	0.009621	0.009744	0.010565	
1665	0.007629	0.008665	0.009326	0.007887	0.011927	0.011510	0.008252	0.009833	0.008072	0.010480	
1670	0.008696	0.008980	0.009781	0.007555	0.011757	0.010616	0.006122	0.010841	0.010095	0.011030	
1675	0.006873	0.009062	0.009139	0.007064	0.010044	0.010586	0.005791	0.010803	0.010726	0.010036	
1680	0.006762	0.008155	0.010092	0.006805	0.008288	0.009058	0.006800	0.010270	0.010809	0.010480	
1685	0.008002	0.010323	0.008878	0.007190	0.007388	0.009494	0.009715	0.010355	0.012594	0.011919	
1690	0.007997	0.009698	0.008890	0.007063	0.005124	0.008203	0.010211	0.009198	0.013575	0.012145	
1695	0.007816	0.009646	0.009201	0.007708	0.005670	0.008673	0.010112	0.008790	0.014128	0.012145	
1700	0.007567	0.008628	0.008565	0.008665	0.007160	0.008558	0.009598	0.008797	0.012831	0.011605	
1705	0.007799	0.010330	0.007694	0.008717	0.007457	0.007512	0.009569	0.009049	0.012566	0.013104	
1710	0.006987	0.009075	0.007037	0.010074	0.006110	0.008248	0.009625	0.009104	0.011175	0.013440	
1715	0.006870	0.010485	0.008252	0.009789	0.006637	0.008884	0.011644	0.010146	0.011490	0.011804	
1720	0.009376	0.009380	0.008567	0.008519	0.005606	0.007579	0.010647	0.010990	0.013282	0.010675	
1725	0.009683	0.008619	0.007655	0.007439	0.007691	0.008553	0.010782	0.009689	0.014739	0.009989	
1730	0.008189	0.008368	0.008146	0.007899	0.006991	0.008353	0.010473	0.010677	0.012697	0.010952	
1735	0.009695	0.007979	0.009964	0.006543	0.007831	0.009898	0.010135	0.011168	0.013296	0.011642	
1740	0.009323	0.009460	0.009910	0.007186	0.008793	0.011982	0.009778	0.009603	0.009860	0.011008	
1745	0.010023	0.007935	0.009833	0.009672	0.007166	0.010032	0.008132	0.008720	0.009224	0.011551	
1750	0.014058	0.008894	0.012013	0.009762	0.008640	0.009007	0.009726	0.009291	0.009437	0.010652	
1755	0.011919	0.009105	0.011667	0.007971	0.006605	0.007527	0.007893	0.010554	0.011125	0.012036	
1760	0.009684	0.008033	0.009819	0.007470	0.007268	0.006497	0.009035	0.009403	0.012710	0.011839	
1765	0.009854	0.007133	0.008785	0.008454	0.008197	0.005551	0.008526	0.008695	0.012400	0.010966	
1770	0.008750	0.009720	0.009413	0.007262	0.008076	0.005962	0.009430	0.008754	0.013971	0.008577	
1775	0.009070	0.008607	0.009369	0.008689	0.009728	0.005516	0.010758	0.008335	0.014595	0.008290	
1780	0.009609	0.009046	0.009064	0.009496	0.011243	0.005262	0.010163	0.011228	0.013851	0.007952	
1785	0.008206	0.006939	0.009386	0.007057	0.008898	0.006683	0.010938	0.009832	0.013895	0.007695	
1790	0.008285	0.007050	0.009052	0.007585	0.006469	0.006284	0.011061	0.010232	0.014691	0.008969	
1795	0.009608	0.006748	0.010351	0.007249	0.005878	0.007683	0.008868	0.009106	0.014435	0.008057	
1800	0.009669	0.005877	0.009543	0.007116	0.006392	0.009042	0.008245	0.008677	0.014078	0.007634	
1805	0.009559	0.004841	0.008883	0.006576	0.007797	0.008631	0.009075	0.007021	0.014698	0.007494	
1810	0.010962	0.006241	0.010325	0.007825	0.007934	0.005740	0.009643	0.007525	0.015341	0.008187	
1815	0.008935	0.006801	0.010613	0.007462	0.008698	0.005505	0.009755	0.006827	0.016582	0.008243	
1820	0.009449	0.006176	0.011049	0.007412	0.008737	0.006807	0.007681	0.007905	0.015668	0.007711	
1825	0.008015	0.007184	0.009648	0.006685	0.009804	0.008203	0.007797	0.008487	0.014204	0.008969	
1830	0.008337	0.008272	0.009075	0.006978	0.008405	0.008266	0.006921	0.009220	0.014457	0.008981	
1835	0.009133	0.008133	0.009536	0.007649	0.010275	0.008145	0.007560	0.007298	0.013680	0.011255	
1840	0.008595	0.009058	0.007552	0.007249	0.008714	0.005503	0.007900	0.008741	0.012796	0.010909	
1845	0.009907	0.010793	0.008576	0.006528	0.008809	0.007280	0.010020	0.008180	0.012138	0.010448	
1850	0.009151	0.010778	0.008993	0.005602	0.009093	0.007546	0.008384	0.008274	0.009891	0.011115	
1855	0.008009	0.011047	0.008055	0.007349	0.009362	0.009609	0.009179	0.006852	0.009556	0.012137	
1860	0.008347	0.011941	0.008030	0.007393	0.009860	0.010454	0.010865	0.006849	0.008619	0.012162	
1865	0.007506	0.012865	0.008917	0.007024	0.010305	0.009023	0.009747	0.007888	0.009814	0.011741	
1870	0.009552	0.014585	0.011484	0.008573	0.012269	0.008961	0.009616	0.009323	0.011183	0.010176	
1875	0.008793	0.011326	0.010778	0.009236	0.010010	0.007389	0.008507	0.010550	0.010463	0.011265	
1880	0.006517	0.008482	0.009063	0.007810	0.011071	0.007875	0.007853	0.010560	0.008561	0.012699	
1885	0.008491	0.009132	0.009290	0.007271	0.009701	0.007271	0.007870	0.010235	0.009964	0.011530	
1890	0.009531	0.010016	0.008789	0.009745	0.009766	0.009266	0.008256	0.009345	0.008203	0.011764	
1895	0.008146	0.008669	0.008469	0.010921	0.008049	0.007880	0.006810	0.009854	0.010142	0.010475	
1900	0.006605	0.009548	0.007482	0.010768	0.009484	0.007790	0.008386	0.007921	0.009326	0.011233	
1905	0.005018	0.009921	0.009715	0.006920	0.010027	0.009541	0.007383	0.007669	0.008266	0.011006	
1910	0.005365	0.008784	0.011203	0.006345	0.009597	0.008245	0.008503	0.008567	0.009118	0.011156	
1915	0.005321	0.007981	0.011341	0.007346	0.011287	0.008901	0.009577	0.007519	0.010466	0.010532	
1920	0.006128	0.010292	0.014045	0.006579	0.010701	0.008064	0.010739	0.008085	0.010841	0.010074	
1925	0.007279	0.010685	0.009314	0.004979	0.010993	0.007516	0.010736	0.007394	0.010963	0.010044	
1930	0.008259	0.010847	0.008281	0.006050	0.011370	0.007457	0.010654	0.008168	0.010384	0.012089	
1935	0.005651	0.009997	0.008721	0.006547	0.008697	0.007810	0.008768	0.006236	0.009911	0.010381	
1940	0.006324	0.009306	0.010304	0.007672	0.006510	0.008681	0.009178	0.006169	0.011542	0.010230	
1945	0.006038	0.008990	0.008051	0.008189	0.005997	0.009676	0.009204	0.006061	0.009083	0.011325	
1950	0.007594	0.009203	0.008721	0.005179	0.005889	0.009591	0.008925	0.006836	0.008445	0.012285	
1955	0.004785	0.009741	0.009329	0.006563	0.005884	0.010889	0.009064	0.005198	0.008400	0.012861	
1960	0.005152	0.011207	0.009143	0.007811	0.007023	0.011944	0.010014	0.007224	0.009332	0.011447	
1965	0.005127	0.011905	0.009620	0.005047	0.007282	0.010767	0.010392	0.008195	0.008623	0.012378	
1970	0.004325	0.012218	0.009971	0.005084	0.005849	0.009997	0.007866	0.007272	0.008298	0.011758	
1975	0.004433	0.013092	0.009531	0.006655	0.004884	0.007923	0.008353	0.008527	0.008498	0.010618	
1980	0.006053	0.012184	0.011895	0.005754	0.005106	0.008318	0.009695	0.009489	0.008485	0.011145	
1985	0.006747	0.011508	0.013800	0.006820	0.007332	0.006354	0.009798	0.009233	0.008333	0.010704	
1990	0.006169	0.009754	0.010566	0.006923	0.008255	0.006692	0.011005	0.008471	0.007598	0.010877	
1995	0.005253	0.009922	0.009360	0.005923	0.006940	0.006464	0.010551	0.007944	0.008701	0.011814	
2000	0.006841	0.010407	0.011257	0.005536	0.008610	0.006678	0.011556	0.007628	0.009316	0.010711	
2005	0.007590	0.010499	0.010232	0.006466	0.009241	0.006273	0.011504	0.008778	0.009385	0.009494	
2010	0.006590	0.010064	0.011297	0.007793	0.010619	0.005700	0.010261	0.008228	0.010352	0.007211	
2015	0.008097	0.009846	0.009889	0.006636	0.010732	0.006671	0.010050	0.008388	0.010814	0.006843	
2020	0.009865	0.006965	0.009516	0.007309	0.011857	0.005460	0.009597	0.007367	0.010664	0.006262	
2025	0.011499	0.006680	0.009866	0.008104	0.009131	0.004264	0.009711	0.008061	0.010674	0.007015	
2030	0.012339	0.007017	0.010800	0.007911	0.010254	0.004577	0.009903	0.007794	0.010927	0.007792	
2035	0.012645	0.005066	0.011364	0.007806	0.009979	0.005318	0.010643	0.006351	0.009001	0.005705	
2040	0.010098	0.004742	0.010182	0.009521	0.011237	0.005457	0.010312	0.006498	0.010107	0.006427	
2045	0.009094	0.005178	0.009067	0.011953	0.009786	0.004161	0.009935	0.007567	0.010467	0.008212	
2050	0.010149	0.005249	0.008702	0.010028	0.008812	0.004774	0.011102	0.007549	0.010442	0.007949	
2055	0.011178	0.006650	0.006802	0.008436	0.007786	0.004564	0.010301	0.006905	0.010281	0.008995	
2060	0.009417	0.006366	0.006870	0.010164	0.008048	0.004087	0.010475	0.007518	0.008805	0.009414	
2065	0.008973	0.005687	0.007595	0.012374	0.007030	0.005628	0.009926	0.006961	0.010424	0.008762	
2070	0.010964	0.007388	0.008850	0.009009	0.007790	0.005679	0.009364	0.009953	0.011551	0.007057	
2075	0.013754	0.005144	0.009526	0.010236	0.008573	0.005949	0.009404	0.008961	0.009408	0.004865	
2080	0.012547	0.004749	0.009218	0.008144	0.008650	0.006497	0.010427	0.009428	0.009601	0.004665	
2085	0.015069	0.006357	0.008248	0.009232	0.008601	0.008009	0.011720	0.010392	0.009138	0.005475	
2090	0.012992	0.006718	0.007709	0.008600	0.007784	0.008038	0.011236	0.010151	0.009079	0.008272	
2095	0.013516	0.006363	0.006885	0.008815	0.008029	0.006857	0.008804	0.010876	0.008873	0.006743	
2100	0.012353	0.005520	0.008445	0.008115	0.009056	0.008194	0.008638	0.011931	0.010172	0.007015	
2105	0.011744	0.004734	0.009760	0.009399	0.009736	0.009292	0.009932	0.009552	0.008058	0.006909	
2110	0.010406	0.005493	0.011621	0.009742	0.009267	0.008028	0.011915	0.009760	0.008497	0.009349	
2115	0.011538	0.005315	0.011748	0.009196	0.011335	0.008266	0.014469	0.009985	0.007667	0.009074	
2120	0.010216	0.006205	0.009990	0.010330	0.013042	0.008107	0.013836	0.008005	0.008236	0.008554	
2125	0.011279	0.006962	0.008405	0.010074	0.012836	0.008537	0.012727	0.006539	0.008664	0.009178	
2130	0.010584	0.007467	0.010385	0.010034	0.013103	0.007417	0.011094	0.006049	0.008845	0.009529	
2135	0.010476	0.009367	0.009362	0.011587	0.010882	0.006371	0.010754	0.005733	0.007785	0.010524	
2140	0.012198	0.007037	0.010851	0.010877	0.012349	0.005691	0.010540	0.006603	0.009974	0.011943	
2145	0.013071	0.005379	0.011440	0.010525	0.012088	0.006065	0.010846	0.007090	0.010316	0.013529	
2150	0.012751	0.008612	0.012138	0.009185	0.010903	0.005036	0.011846	0.008083	0.008838	0.015052	
2155	0.012432	0.009896	0.013160	0.006832	0.010448	0.005152	0.009839	0.008326	0.010281	0.014624	
2160	0.010478	0.008173	0.012490	0.006606	0.010870	0.006740	0.009477	0.007776	0.009970	0.014075	
2165	0.010589	0.007173	0.010592	0.004880	0.011852	0.007253	0.009196	0.008567	0.009474	0.013778	
2170	0.010060	0.006911	0.012138	0.004788	0.013005	0.006030	0.008250	0.006234	0.009003	0.012317	
2175	0.010074	0.008303	0.011145	0.004680	0.013967	0.004576	0.007726	0.006074	0.008229	0.012874	
2180	0.011766	0.007776	0.010589	0.006453	0.014859	0.005984	0.007134	0.005989	0.007656	0.009381	
2185	0.013028	0.007425	0.010317	0.009290	0.013642	0.005179	0.008391	0.007468	0.009554	0.009380	
2190	0.014023	0.009585	0.011303	0.008574	0.012885	0.004071	0.007384	0.007261	0.009163	0.011818	
2195	0.012307	0.010981	0.010640	0.008192	0.010203	0.004420	0.007353	0.007238	0.009918	0.010744	
2200	0.010932	0.007984	0.011853	0.007907	0.012071	0.004655	0.008012	0.006308	0.009925	0.012239	
2205	0.012866	0.007325	0.010194	0.009201	0.011944	0.004036	0.008347	0.005881	0.010964	0.012210	
2210	0.010622	0.006859	0.007170	0.009109	0.011016	0.004313	0.007051	0.005266	0.010499	0.012845	
2215	0.011369	0.006946	0.006650	0.008452	0.010835	0.005957	0.006351	0.004949	0.011171	0.012462	
2220	0.011949	0.007458	0.006304	0.006988	0.010122	0.006663	0.006680	0.006219	0.011984	0.012809	
2225	0.011147	0.009200	0.005488	0.006461	0.009551	0.006491	0.009116	0.005678	0.010889	0.012684	
2230	0.010256	0.009334	0.006070	0.006985	0.011322	0.007552	0.009573	0.006839	0.009376	0.012452	
2235	0.009917	0.009701	0.005702	0.007293	0.010237	0.006937	0.007943	0.006389	0.008971	0.013216	
2240	0.011511	0.011052	0.006512	0.007902	0.011009	0.008672	0.005934	0.005307	0.009357	0.012130	
2245	0.011629	0.010666	0.008068	0.009060	0.011822	0.007476	0.006766	0.004348	0.009657	0.011135	
2250	0.010708	0.010255	0.010570	0.010128	0.012896	0.007984	0.008378	0.006768	0.009501	0.012483	
2255	0.010618	0.009090	0.009182	0.009106	0.014086	0.006987	0.007584	0.007351	0.009559	0.010565	
2260	0.011522	0.010502	0.009151	0.008414	0.012123	0.005520	0.009708	0.007803	0.009212	0.011294	
2265	0.012295	0.009594	0.009708	0.010014	0.013380	0.005910	0.006735	0.006784	0.009634	0.010069	
2270	0.010331	0.010071	0.010594	0.007471	0.014683	0.006004	0.006887	0.006955	0.009644	0.010435	
2275	0.011300	0.010057	0.010167	0.006454	0.014106	0.005073	0.009705	0.006938	0.009942	0.009659	
2280	0.011873	0.008632	0.010258	0.009483	0.013380	0.006256	0.008432	0.007802	0.010672	0.010845	
2285	0.012567	0.010153	0.009200	0.006579	0.013727	0.005981	0.007951	0.007069	0.009909	0.009995	
2290	0.011810	0.010692	0.011812	0.005427	0.013210	0.004945	0.009780	0.007616	0.009536	0.009559	
2295	0.015149	0.010682	0.012785	0.004817	0.013152	0.006086	0.010961	0.008987	0.007426	0.011320	
2300	0.016202	0.009739	0.012102	0.007070	0.013611	0.006675	0.008104	0.010817	0.006831	0.012948	
2305	0.013135	0.007098	0.010922	0.008260	0.014095	0.006049	0.010179	0.010968	0.007830	0.012285	
2310	0.012075	0.008249	0.011454	0.007825	0.012481	0.006515	0.009163	0.010191	0.007530	0.011733	
2315	0.010388	0.008316	0.009646	0.009467	0.011171	0.005557	0.007513	0.009218	0.007203	0.011362	
2320	0.010374	0.007635	0.009566	0.009147	0.013228	0.004319	0.006780	0.009475	0.008032	0.011762	
2325	0.011299	0.008959	0.010122	0.008708	0.014944	0.003834	0.009690	0.007700	0.008204	0.012308	
2330	0.010025	0.007878	0.011053	0.007662	0.014570	0.004757	0.011546	0.009140	0.008734	0.012062	
2335	0.008153	0.011156	0.012166	0.009187	0.015174	0.005330	0.008945	0.008294	0.009126	0.013444	
2340	0.009048	0.008286	0.014510	0.008821	0.016838	0.005111	0.008725	0.007529	0.007214	0.010134	
2345	0.009365	0.010017	0.013221	0.009269	0.016320	0.005416	0.008192	0.007026	0.008075	0.012271	
2350	0.011228	0.009877	0.010328	0.008749	0.016322	0.006096	0.008635	0.005377	0.007886	0.012656	
2355	0.010890	0.010050	0.009963	0.008978	0.014092	0.003884	0.009884	0.006628	0.008595	0.011687	
2360	0.009070	0.010312	0.010358	0.008206	0.013364	0.003406	0.009706	0.007382	0.009092	0.011765	
2365	0.009959	0.009323	0.010173	0.008841	0.013759	0.004479	0.009208	0.006949	0.010129	0.011457	
2370	0.010799	0.007549	0.010214	0.010968	0.012883	0.004967	0.008876	0.006356	0.008230	0.010568	
2375	0.008243	0.008313	0.009849	0.010037	0.014843	0.005392	0.009636	0.006029	0.006962	0.008829	
2380	0.008526	0.007109	0.010392	0.011611	0.013220	0.006474	0.009927	0.005102	0.006986	0.008956	
2385	0.009815	0.008568	0.008391	0.012097	0.011034	0.006832	0.009748	0.006422	0.007887	0.010192	
2390	0.008103	0.008285	0.010630	0.010247	0.011789	0.006585	0.007890	0.008376	0.005981	0.011816	
2395	0.008778	0.008913	0.011614	0.013243	0.011281	0.006574	0.007581	0.008703	0.005518	0.013906	
2400	0.008016	0.008811	0.010608	0.012181	0.012945	0.005048	0.006544	0.006547	0.008037	0.013530	
2405	0.007207	0.009659	0.009272	0.013845	0.011325	0.006704	0.007391	0.006314	0.010451	0.012267	
2410	0.009398	0.009360	0.007144	0.013281	0.012064	0.007618	0.007004	0.005291	0.009664	0.011877	
2415	0.010782	0.011632	0.008325	0.012483	0.011494	0.008621	0.007426	0.005738	0.007721	0.011764	
2420	0.008369	0.010603	0.009303	0.012110	0.010533	0.006995	0.007830	0.006046	0.007696	0.014081	
2425	0.006998	0.010557	0.011361	0.011671	0.011054	0.007252	0.007034	0.004581	0.007387	0.015348	
2430	0.006852	0.011103	0.012891	0.011067	0.010763	0.006784	0.006613	0.005846	0.007332	0.015503	
2435	0.006407	0.010353	0.012575	0.009819	0.011265	0.007700	0.006132	0.006004	0.007297	0.015162	
2440	0.007046	0.011323	0.010215	0.008932	0.010455	0.009817	0.006502	0.006659	0.007957	0.012694	
2445	0.007133	0.009725	0.009777	0.009829	0.010541	0.007690	0.007189	0.008112	0.011196	0.011575	
2450	0.005995	0.009840	0.009683	0.009545	0.010276	0.007330	0.007306	0.007234	0.012744	0.012128	
2455	0.005208	0.010596	0.009276	0.006863	0.009468	0.008360	0.007938	0.005745	0.008974	0.011297	
2460	0.006688	0.012478	0.007436	0.008188	0.007440	0.010698	0.007333	0.003906	0.009715	0.012633	
2465	0.005394	0.012259	0.008495	0.009854	0.008760	0.009610	0.006983	0.003973	0.009360	0.011822	
2470	0.005840	0.011475	0.009367	0.007333	0.007599	0.010374	0.007137	0.005723	0.009870	0.013093	
2475	0.006454	0.012938	0.010120	0.007653	0.010173	0.009151	0.007051	0.005490	0.008593	0.015068	
2480	0.008054	0.013721	0.009088	0.008139	0.009532	0.008206	0.008660	0.005920	0.010656	0.012301	
2485	0.007541	0.014592	0.009137	0.007922	0.009786	0.008597	0.008291	0.004589	0.009713	0.010993	
2490	0.007694	0.012451	0.011101	0.007525	0.008822	0.008434	0.009503	0.005171	0.010138	0.011905	
2495	0.011370	0.012631	0.011101	0.007352	0.009841	0.009045	0.009998	0.004180	0.010114	0.010456	
2500	0.009741	0.013728	0.010636	0.007304	0.008965	0.009956	0.011860	0.004409	0.007938	0.010328	
2505	0.010617	0.014951	0.008239	0.006996	0.008649	0.009152	0.012167	0.005414	0.008275	0.010061	
2510	0.010928	0.012637	0.009143	0.009211	0.009446	0.009928	0.013647	0.004141	0.006505	0.009810	
2515	0.011048	0.012746	0.008437	0.009862	0.009142	0.008967	0.013894	0.004255	0.005755	0.009524	
2520	0.009399	0.011900	0.007358	0.010145	0.007557	0.008685	0.011133	0.004966	0.005574	0.010216	
2525	0.008045	0.010414	0.006441	0.010414	0.009115	0.010754	0.009641	0.005724	0.007138	0.009382	
2530	0.010036	0.011114	0.006547	0.008562	0.007169	0.010597	0.011132	0.005859	0.005846	0.008732	
2535	0.008113	0.011415	0.006609	0.008087	0.006407	0.010771	0.011000	0.006627	0.007611	0.007413	
2540	0.007998	0.011310	0.007136	0.008393	0.007903	0.011486	0.009842	0.008658	0.009662	0.007464	
2545	0.007708	0.010971	0.007375	0.007885	0.007039	0.009518	0.009965	0.008157	0.008221	0.007678	
2550	0.007691	0.009309	0.008697	0.009647	0.009653	0.007587	0.009849	0.007207	0.007622	0.007069	
2555	0.008724	0.010720	0.008971	0.008973	0.008782	0.006980	0.009405	0.006486	0.007613	0.006810	
2560	0.008739	0.009263	0.010520	0.009603	0.010146	0.006604	0.009862	0.008123	0.007409	0.006662	
2565	0.010936	0.010599	0.007846	0.007450	0.009034	0.007344	0.009634	0.006791	0.008452	0.007871	
2570	0.010111	0.010498	0.008165	0.007233	0.009982	0.007034	0.008382	0.007859	0.007940	0.007596	
2575	0.009620	0.011142	0.007237	0.008138	0.007957	0.005407	0.008315	0.007540	0.007951	0.007819	
2580	0.011333	0.011222	0.005736	0.007957	0.007500	0.004837	0.007925	0.009570	0.010396	0.008809	
2585	0.010077	0.009453	0.008019	0.005608	0.009329	0.005500	0.007460	0.009590	0.007713	0.008687	
2590	0.009388	0.009598	0.009183	0.008091	0.010737	0.006357	0.008160	0.009883	0.007291	0.008106	
2595	0.010904	0.009603	0.009584	0.010456	0.010799	0.007323	0.008161	0.008573	0.007868	0.007499	
2600	0.012335	0.010901	0.009600	0.010071	0.008088	0.008360	0.007839	0.007421	0.009634	0.010096	
2605	0.012323	0.010474	0.010876	0.011058	0.008721	0.010729	0.008298	0.006022	0.008271	0.010987	
2610	0.009875	0.011217	0.011836	0.008568	0.009832	0.010326	0.009381	0.007931	0.009761	0.008888	
2615	0.010456	0.011349	0.008913	0.007959	0.009107	0.012964	0.009728	0.008460	0.011382	0.010032	
2620	0.011298	0.012024	0.008176	0.009136	0.009727	0.011836	0.010058	0.008269	0.011594	0.010472	
2625	0.010928	0.012899	0.006750	0.007962	0.010817	0.010170	0.011368	0.007530	0.012182	0.011487	
2630	0.010154	0.014840	0.009921	0.010075	0.010419	0.012057	0.010610	0.009842	0.011548	0.009430	
2635	0.008272	0.013291	0.007406	0.008697	0.009785	0.012128	0.011771	0.011495	0.010107	0.008892	
2640	0.009146	0.014202	0.007084	0.009214	0.009922	0.012518	0.013232	0.013500	0.007550	0.011091	
2645	0.008020	0.012451	0.006222	0.009728	0.009188	0.010239	0.012408	0.014792	0.007356	0.011993	
2650	0.008848	0.012057	0.005581	0.011427	0.008193	0.010771	0.010861	0.013149	0.006202	0.014316	
2655	0.007641	0.011490	0.008364	0.010812	0.008467	0.009156	0.008895	0.009664	0.007519	0.013251	
2660	0.007557	0.012147	0.008755	0.010646	0.008755	0.009508	0.010060	0.012048	0.006996	0.013503	
2665	0.008555	0.011677	0.007498	0.013488	0.008545	0.010228	0.009601	0.012564	0.007875	0.011631	
2670	0.007994	0.010054	0.008447	0.010544	0.008095	0.008621	0.008826	0.010251	0.007569	0.010671	
2675	0.006683	0.010222	0.007259	0.008575	0.010184	0.007865	0.008756	0.011139	0.008685	0.010505	
2680	0.006929	0.009007	0.008897	0.008448	0.009135	0.009543	0.009390	0.011649	0.009304	0.010970	
2685	0.006767	0.011402	0.009527	0.008321	0.010910	0.011654	0.007459	0.011973	0.007442	0.010768	
2690	0.007621	0.011243	0.008060	0.007906	0.011846	0.009435	0.007941	0.015242	0.006739	0.009923	
2695	0.009032	0.009654	0.006539	0.006631	0.011519	0.010267	0.008150	0.013622	0.007860	0.009203	
2700	0.007628	0.009381	0.007865	0.006948	0.010895	0.011444	0.007961	0.012993	0.008507	0.011091	
2705	0.007471	0.010169	0.007839	0.006815	0.010965	0.011977	0.008503	0.010582	0.011792	0.009568	
2710	0.008016	0.009508	0.008364	0.006922	0.010800	0.012991	0.007963	0.010403	0.010210	0.009744	
2715	0.008054	0.008682	0.009556	0.007365	0.009732	0.012507	0.008821	0.010508	0.009564	0.007694	
2720	0.010465	0.008841	0.008126	0.008094	0.010708	0.009717	0.009033	0.009615	0.009337	0.007134	
2725	0.010878	0.009520	0.006303	0.008849	0.011084	0.007763	0.010008	0.010797	0.009696	0.007704	
2730	0.010454	0.009259	0.006350	0.009448	0.011019	0.008027	0.008063	0.014430	0.008461	0.008613	
2735	0.009337	0.009140	0.005220	0.009017	0.011545	0.008023	0.005984	0.014427	0.007979	0.010097	
2740	0.009305	0.009265	0.006216	0.008642	0.011505	0.009211	0.006674	0.012906	0.007762	0.007773	
2745	0.009484	0.007790	0.006236	0.007578	0.013930	0.009676	0.007469	0.012370	0.007712	0.008922	
2750	0.008330	0.008571	0.007387	0.007362	0.013658	0.010155	0.007416	0.010436	0.007033	0.007322	
2755	0.007821	0.009963	0.008302	0.008161	0.012151	0.012962	0.008089	0.008442	0.006553	0.007066	
2760	0.007096	0.011091	0.008493	0.009493	0.011628	0.009752	0.009186	0.007919	0.009750	0.005934	
2765	0.008534	0.012153	0.006173	0.008094	0.012654	0.008997	0.010126	0.007980	0.011512	0.007487	
2770	0.008691	0.012801	0.006349	0.008989	0.010582	0.009385	0.008829	0.008181	0.010892	0.008481	
2775	0.008004	0.012561	0.006753	0.009764	0.010785	0.007741	0.009981	0.005691	0.010612	0.007994	
2780	0.007412	0.011428	0.008065	0.008608	0.010544	0.007319	0.010331	0.007334	0.008711	0.008961	
2785	0.009460	0.008876	0.007656	0.007989	0.009699	0.007506	0.009466	0.006288	0.010027	0.010614	
2790	0.009787	0.011202	0.009757	0.005552	0.006502	0.007605	0.011942	0.006393	0.010582	0.009464	
2795	0.007535	0.012052	0.008307	0.006201	0.009423	0.008140	0.012483	0.005292	0.008969	0.009237	
2800	0.009429	0.012100	0.009256	0.007228	0.009255	0.006619	0.013311	0.007058	0.009694	0.009848	
2805	0.009021	0.012096	0.006754	0.006918	0.009364	0.007249	0.012195	0.008149	0.008776	0.008968	
2810	0.008033	0.012516	0.007346	0.006693	0.009980	0.005760	0.013331	0.007767	0.009521	0.009932	
2815	0.008187	0.012018	0.007139	0.005874	0.012589	0.006545	0.013925	0.009216	0.007838	0.010809	
2820	0.006280	0.011232	0.008030	0.006229	0.013716	0.006355	0.011861	0.009211	0.007105	0.012186	
2825	0.007087	0.011782	0.009355	0.007310	0.012078	0.006437	0.013384	0.007151	0.008355	0.011045	
2830	0.006542	0.012466	0.008836	0.007153	0.010785	0.006887	0.014650	0.008835	0.008777	0.012002	
2835	0.005784	0.010400	0.008610	0.006312	0.009044	0.005822	0.014205	0.011432	0.009869	0.013334	
2840	0.007095	0.011997	0.007984	0.009317	0.010073	0.006012	0.011437	0.009819	0.009273	0.014694	
2845	0.005285	0.013054	0.006562	0.008366	0.008378	0.006506	0.012012	0.008043	0.010294	0.012357	
2850	0.006092	0.013508	0.006595	0.007828	0.009690	0.006774	0.013361	0.008913	0.010016	0.014604	
2855	0.006198	0.014069	0.006741	0.008530	0.009820	0.006918	0.010380	0.008014	0.010476	0.011959	
2860	0.005519	0.013109	0.006336	0.010795	0.012193	0.007422	0.010583	0.007906	0.012019	0.009547	
2865	0.006060	0.012324	0.007403	0.012843	0.009044	0.007500	0.011199	0.007946	0.010775	0.009013	
2870	0.005318	0.013131	0.009684	0.012894	0.009374	0.007638	0.011905	0.009660	0.012348	0.010041	
2875	0.004353	0.010393	0.010055	0.010511	0.008920	0.007370	0.012439	0.007870	0.014869	0.012371	
2880	0.004418	0.011559	0.010121	0.012051	0.007172	0.005805	0.012539	0.007514	0.013384	0.013301	
2885	0.005539	0.010872	0.011123	0.010497	0.008344	0.006824	0.012933	0.010346	0.014637	0.013565	
2890	0.006186	0.008762	0.010407	0.010764	0.007397	0.008569	0.011950	0.009054	0.011662	0.012131	
2895	0.005717	0.007770	0.009647	0.009960	0.007809	0.007467	0.014513	0.007719	0.011864	0.011666	
2900	0.004563	0.007934	0.008624	0.010693	0.007573	0.006077	0.012810	0.008771	0.010345	0.010920	
2905	0.004401	0.009113	0.012192	0.012844	0.007646	0.007438	0.011453	0.010267	0.009603	0.009310	
2910	0.004130	0.007896	0.011837	0.011495	0.007003	0.007319	0.011687	0.009092	0.010503	0.009734	
2915	0.005901	0.007614	0.010096	0.009520	0.006376	0.006893	0.011330	0.010106	0.011397	0.009613	
2920	0.005120	0.008833	0.010097	0.011115	0.006264	0.006915	0.012597	0.010717	0.010528	0.010035	
2925	0.006778	0.008346	0.011353	0.009439	0.006565	0.007287	0.011288	0.011141	0.011707	0.009782	
2930	0.007006	0.009542	0.010110	0.008775	0.007876	0.007005	0.011483	0.012143	0.013624	0.011761	
2935	0.007874	0.007997	0.009202	0.009301	0.006410	0.007009	0.010474	0.011133	0.011518	0.011321	
2940	0.009611	0.007155	0.008264	0.008315	0.007100	0.006924	0.010183	0.010319	0.009315	0.012126	
2945	0.008583	0.008319	0.008272	0.009588	0.006322	0.007969	0.011341	0.009392	0.008378	0.011492	
2950	0.008156	0.011319	0.009146	0.009573	0.008043	0.007929	0.011259	0.011335	0.008922	0.012987	
2955	0.007139	0.010573	0.008461	0.009690	0.009076	0.009146	0.011944	0.012485	0.007045	0.015515	
2960	0.008528	0.011982	0.008798	0.008193	0.008870	0.009408	0.010825	0.010981	0.008387	0.011893	
2965	0.009853	0.011777	0.008210	0.008967	0.010411	0.009615	0.011529	0.010191	0.007592	0.009101	
2970	0.008825	0.010474	0.008842	0.008937	0.008631	0.010393	0.013387	0.008890	0.007517	0.008338	
2975	0.007937	0.010341	0.008461	0.008028	0.006835	0.011537	0.013528	0.009468	0.009642	0.008853	
2980	0.007319	0.010442	0.010006	0.009510	0.005736	0.010331	0.013076	0.009745	0.009127	0.009909	
2985	0.007153	0.010312	0.009585	0.010036	0.008743	0.006325	0.010332	0.010095	0.009566	0.009832	
2990	0.007016	0.010267	0.010631	0.008251	0.007426	0.008031	0.009777	0.010825	0.007826	0.012391	
2995	0.006378	0.009141	0.009629	0.008116	0.007628	0.008538	0.009367	0.010200	0.008891	0.011751	
3000	0.007483	0.009249	0.010810	0.007136	0.009927	0.007802	0.009305	0.009749	0.008236	0.010950	
