T	rep_1	rep_2	rep_3	rep_4	rep_5	rep_6	rep_7	rep_8	rep_9	rep_10
5	0.008178	0.006537	0.002570	0.004061	0.007122	0.004755	0.007628	0.003860	0.003139	0.004528	
10	0.087855	0.083277	0.043314	0.066359	0.075997	0.084357	0.091688	0.062700	0.059995	0.070962	
15	0.146645	0.141311	0.119528	0.138154	0.146756	0.129214	0.165041	0.115554	0.156193	0.148981	
20	0.172998	0.174226	0.179119	0.165015	0.177155	0.163127	0.223567	0.148548	0.197864	0.199207	
25	0.191935	0.194304	0.221023	0.194523	0.201766	0.184837	0.300590	0.175384	0.210305	0.226607	
30	0.216754	0.215565	0.254196	0.227050	0.229430	0.211000	0.347483	0.210794	0.221976	0.251354	
35	0.245076	0.249208	0.285538	0.256485	0.258039	0.228391	0.365694	0.244617	0.239494	0.274895	
40	0.272524	0.279897	0.307972	0.277894	0.285836	0.249373	0.375799	0.288563	0.260891	0.291123	
45	0.297447	0.310678	0.333651	0.309392	0.313363	0.268475	0.383336	0.328373	0.278793	0.304638	
50	0.318774	0.334826	0.366476	0.339219	0.331568	0.288659	0.384565	0.352629	0.299493	0.316835	
55	0.333629	0.352676	0.385960	0.362813	0.348035	0.310425	0.389705	0.366478	0.318815	0.338959	
60	0.347730	0.366158	0.400871	0.378400	0.370629	0.334015	0.394840	0.375968	0.343004	0.347375	
65	0.355477	0.374584	0.414418	0.399564	0.382657	0.348366	0.397315	0.387261	0.365051	0.358502	
70	0.362636	0.381884	0.422870	0.411439	0.391195	0.369684	0.401964	0.392295	0.381664	0.371627	
75	0.372959	0.389878	0.427827	0.417730	0.406981	0.382863	0.408371	0.399366	0.395807	0.386709	
80	0.374613	0.390910	0.433141	0.429916	0.414953	0.397421	0.414127	0.400333	0.401165	0.392208	
85	0.379859	0.400784	0.444307	0.433859	0.424530	0.404905	0.416929	0.409855	0.407884	0.397300	
90	0.381071	0.404616	0.448219	0.434117	0.439794	0.420106	0.424715	0.415023	0.411294	0.404373	
95	0.383959	0.404930	0.450396	0.441863	0.440499	0.424510	0.435845	0.423139	0.415700	0.412500	
100	0.388406	0.404906	0.453565	0.442767	0.445755	0.434953	0.438215	0.427472	0.428912	0.419150	
105	0.397703	0.405740	0.459195	0.449007	0.457153	0.435540	0.446143	0.431432	0.435226	0.426307	
110	0.402001	0.408719	0.462557	0.452582	0.465071	0.437673	0.446515	0.436103	0.441541	0.427649	
115	0.412565	0.414242	0.463322	0.455840	0.467335	0.440600	0.444492	0.436173	0.445000	0.433636	
120	0.418937	0.416360	0.468696	0.457538	0.466810	0.444499	0.447723	0.439081	0.445406	0.434774	
125	0.422501	0.417105	0.469901	0.462827	0.472260	0.443370	0.444058	0.442693	0.453164	0.437600	
130	0.430553	0.417968	0.467946	0.460057	0.468925	0.442588	0.445555	0.445773	0.453438	0.434518	
135	0.441189	0.419587	0.466089	0.457594	0.472767	0.442668	0.442943	0.443934	0.452563	0.433008	
140	0.436942	0.420288	0.465084	0.455773	0.470220	0.444725	0.447943	0.443862	0.451058	0.430937	
145	0.441391	0.418265	0.464413	0.451050	0.470871	0.444480	0.448123	0.439928	0.443810	0.429812	
150	0.434932	0.413970	0.462322	0.443000	0.471780	0.436892	0.451330	0.442275	0.443805	0.424152	
155	0.436571	0.411198	0.452958	0.440356	0.470913	0.432886	0.453885	0.441339	0.439667	0.414288	
160	0.430812	0.406958	0.452284	0.435937	0.472276	0.425927	0.447225	0.434535	0.441054	0.409207	
165	0.426076	0.406131	0.450117	0.432499	0.469374	0.419209	0.444367	0.430083	0.435878	0.405499	
170	0.425677	0.406578	0.442676	0.427648	0.459689	0.419259	0.448715	0.434366	0.437293	0.402340	
175	0.421383	0.402167	0.439201	0.423658	0.455534	0.413063	0.443969	0.428155	0.429445	0.403703	
180	0.412713	0.404451	0.436334	0.422966	0.452101	0.413387	0.436746	0.422375	0.416398	0.403625	
185	0.409771	0.403359	0.430731	0.416532	0.444651	0.410212	0.442161	0.418714	0.413540	0.400260	
190	0.404880	0.405780	0.424467	0.416037	0.438684	0.412485	0.442432	0.421993	0.415250	0.399133	
195	0.403780	0.398258	0.426514	0.420513	0.432340	0.412715	0.440820	0.416186	0.418614	0.399256	
200	0.399837	0.393702	0.424848	0.418087	0.422590	0.412279	0.441270	0.414132	0.424249	0.394129	
205	0.399120	0.396065	0.423584	0.411139	0.419942	0.411407	0.432623	0.416381	0.420485	0.390685	
210	0.391173	0.395833	0.418822	0.408289	0.414600	0.407971	0.427911	0.417828	0.421312	0.395064	
215	0.388559	0.393565	0.415689	0.406500	0.417166	0.397738	0.428009	0.415193	0.425734	0.391752	
220	0.391175	0.397437	0.410933	0.406474	0.416001	0.391433	0.427559	0.411017	0.423546	0.391759	
225	0.392301	0.395981	0.408437	0.404211	0.416421	0.393020	0.427294	0.404739	0.423808	0.393690	
230	0.394022	0.393230	0.409167	0.403731	0.411278	0.392687	0.422764	0.404050	0.425645	0.395096	
235	0.393982	0.389910	0.405260	0.404230	0.410668	0.395982	0.421297	0.401473	0.424420	0.393161	
240	0.395665	0.397101	0.405388	0.405604	0.406081	0.398695	0.421938	0.399138	0.421742	0.393904	
245	0.393678	0.394184	0.402708	0.410245	0.410694	0.397072	0.418626	0.401599	0.418722	0.395446	
250	0.390296	0.394254	0.400560	0.413009	0.413126	0.393775	0.412256	0.400971	0.418434	0.393185	
255	0.387707	0.395432	0.400500	0.410919	0.410573	0.390875	0.407238	0.396593	0.412701	0.391465	
260	0.386088	0.397060	0.401823	0.413445	0.411133	0.386232	0.401830	0.397054	0.414713	0.389681	
265	0.393089	0.392586	0.401776	0.414153	0.405766	0.388073	0.400429	0.394322	0.412789	0.390198	
270	0.395500	0.397390	0.403121	0.411845	0.406605	0.384682	0.403937	0.394235	0.416206	0.388507	
275	0.391927	0.393625	0.409560	0.411954	0.408189	0.383784	0.408267	0.393880	0.419303	0.389463	
280	0.391158	0.394693	0.404438	0.413256	0.411244	0.377730	0.408450	0.393853	0.414736	0.392564	
285	0.391595	0.391601	0.400961	0.416891	0.415205	0.383579	0.410616	0.393391	0.413498	0.394021	
290	0.391192	0.393923	0.401252	0.414786	0.412679	0.381452	0.410755	0.387770	0.412659	0.397044	
295	0.389195	0.393610	0.399836	0.413240	0.407029	0.382237	0.411774	0.391189	0.409267	0.396056	
300	0.388999	0.395547	0.398342	0.412898	0.406426	0.378798	0.415434	0.391222	0.408246	0.396993	
305	0.393167	0.392389	0.393877	0.413180	0.401895	0.377442	0.421278	0.394663	0.411633	0.398013	
310	0.390397	0.387491	0.391678	0.412395	0.404515	0.378389	0.422239	0.391172	0.414265	0.393918	
315	0.389328	0.384020	0.391253	0.408198	0.395481	0.379315	0.426490	0.391014	0.414008	0.398920	
320	0.391171	0.389234	0.385683	0.406143	0.392935	0.382485	0.421582	0.385310	0.413674	0.401070	
325	0.391559	0.390527	0.391665	0.409652	0.391883	0.382428	0.420763	0.393383	0.413885	0.404833	
330	0.390868	0.391563	0.398771	0.407048	0.393613	0.379625	0.409410	0.393416	0.411282	0.403000	
335	0.389910	0.385970	0.403699	0.406960	0.394042	0.377409	0.405399	0.395048	0.410221	0.401136	
340	0.390892	0.388725	0.404965	0.405809	0.392581	0.379177	0.404086	0.395327	0.407279	0.400051	
345	0.388016	0.391315	0.408070	0.412558	0.390566	0.386944	0.400242	0.394253	0.403040	0.402464	
350	0.388001	0.389760	0.409178	0.411550	0.397832	0.386252	0.403188	0.391270	0.408006	0.403661	
355	0.390047	0.388978	0.415630	0.411608	0.397795	0.386119	0.402311	0.394359	0.407389	0.400146	
360	0.390973	0.390899	0.412272	0.418000	0.396355	0.388714	0.402554	0.392350	0.409418	0.398302	
365	0.392199	0.387081	0.415880	0.419092	0.396556	0.392010	0.404828	0.384618	0.413489	0.401330	
370	0.391585	0.387570	0.417646	0.416686	0.394224	0.393379	0.402915	0.382855	0.408607	0.402086	
375	0.387069	0.383109	0.418407	0.415295	0.394456	0.392313	0.402485	0.381584	0.412983	0.404014	
380	0.385243	0.385159	0.418744	0.411525	0.395076	0.389973	0.403488	0.386081	0.415952	0.399879	
385	0.384011	0.385007	0.417992	0.407393	0.393113	0.388820	0.407372	0.378991	0.411924	0.398353	
390	0.384071	0.386113	0.414903	0.407985	0.391997	0.390561	0.403143	0.381419	0.416721	0.402436	
395	0.384727	0.388134	0.406221	0.409941	0.392706	0.392223	0.395963	0.385494	0.407640	0.402630	
400	0.386277	0.384513	0.403449	0.411372	0.392122	0.391688	0.398812	0.387225	0.416723	0.403249	
405	0.385059	0.382949	0.403022	0.408373	0.392516	0.390335	0.397281	0.386727	0.410851	0.402948	
410	0.384849	0.387477	0.407062	0.406437	0.393362	0.392474	0.396272	0.383937	0.407654	0.400804	
415	0.390059	0.386271	0.405465	0.404514	0.395521	0.389778	0.399250	0.385992	0.404847	0.403130	
420	0.389779	0.386813	0.407959	0.406137	0.403053	0.393047	0.396473	0.381165	0.401887	0.400906	
425	0.385896	0.386228	0.406966	0.411750	0.406288	0.393501	0.397466	0.380454	0.411295	0.398024	
430	0.388101	0.386042	0.407920	0.409810	0.406123	0.393773	0.395235	0.379218	0.405702	0.394949	
435	0.386065	0.387910	0.406766	0.410322	0.406400	0.394594	0.388756	0.378890	0.410501	0.395131	
440	0.384850	0.387173	0.410814	0.413881	0.404470	0.392750	0.385382	0.376252	0.412707	0.393267	
445	0.387468	0.385338	0.406184	0.412569	0.404317	0.391142	0.387233	0.378348	0.412723	0.394018	
450	0.385282	0.387294	0.404916	0.406903	0.399911	0.389577	0.386759	0.375471	0.409863	0.393986	
455	0.383013	0.388204	0.400980	0.408412	0.395797	0.388381	0.385637	0.377355	0.413445	0.389648	
460	0.382691	0.389643	0.398299	0.411105	0.393624	0.391118	0.381088	0.378437	0.412393	0.386435	
465	0.381162	0.387873	0.403220	0.412691	0.389723	0.394371	0.379134	0.384849	0.412827	0.387171	
470	0.380527	0.387809	0.402842	0.416648	0.393861	0.389687	0.382797	0.385606	0.414910	0.387503	
475	0.383001	0.390658	0.398295	0.412777	0.396903	0.394183	0.388298	0.382170	0.415525	0.388068	
480	0.381110	0.389238	0.402096	0.414154	0.390010	0.395077	0.382932	0.383754	0.410342	0.393082	
485	0.387931	0.390460	0.400423	0.416975	0.389167	0.400568	0.378877	0.387488	0.408244	0.389524	
490	0.387346	0.387103	0.395575	0.417851	0.388069	0.400501	0.380714	0.386278	0.405364	0.386128	
495	0.386472	0.388470	0.396341	0.413588	0.388681	0.400237	0.382865	0.386587	0.400931	0.381826	
500	0.385771	0.392023	0.393379	0.412643	0.384423	0.402084	0.381677	0.383635	0.400865	0.387742	
505	0.383578	0.390685	0.388458	0.413824	0.383106	0.400840	0.381698	0.383834	0.400070	0.388117	
510	0.385318	0.388339	0.392874	0.413205	0.384408	0.399887	0.379765	0.383191	0.401491	0.394537	
515	0.380119	0.389171	0.392131	0.415053	0.382329	0.405375	0.380206	0.385462	0.405902	0.394810	
520	0.379918	0.389939	0.390520	0.413954	0.377750	0.399066	0.378432	0.386476	0.407791	0.396899	
525	0.376746	0.390369	0.394100	0.410395	0.379496	0.395849	0.378301	0.386146	0.411592	0.392092	
530	0.375655	0.391681	0.388439	0.410397	0.379943	0.392831	0.377110	0.388583	0.407517	0.388537	
535	0.372924	0.392604	0.384299	0.406877	0.380844	0.393496	0.378987	0.384738	0.409492	0.390265	
540	0.378835	0.395112	0.384238	0.404133	0.379918	0.394592	0.378958	0.388909	0.405869	0.383767	
545	0.380926	0.400743	0.389948	0.405200	0.379635	0.392670	0.379784	0.390908	0.405257	0.384347	
550	0.380520	0.398264	0.386759	0.407012	0.379175	0.392333	0.376910	0.395488	0.403193	0.383164	
555	0.381916	0.397542	0.390289	0.409633	0.379433	0.390990	0.374836	0.396096	0.406909	0.381975	
560	0.380398	0.402196	0.391351	0.408259	0.378319	0.392355	0.373472	0.392172	0.408607	0.379710	
565	0.379721	0.402060	0.390617	0.411931	0.378805	0.387622	0.373054	0.389863	0.408150	0.388384	
570	0.382666	0.401558	0.392493	0.405964	0.379550	0.386780	0.373054	0.389605	0.404134	0.384432	
575	0.389476	0.399725	0.392162	0.402033	0.380219	0.383293	0.373211	0.384940	0.408785	0.384111	
580	0.391926	0.396960	0.389371	0.404019	0.377153	0.385812	0.373561	0.389662	0.408069	0.387384	
585	0.393309	0.393057	0.385560	0.403636	0.374424	0.386009	0.373193	0.390217	0.405123	0.385583	
590	0.394750	0.391260	0.388739	0.407420	0.377288	0.389127	0.375715	0.393006	0.404228	0.382005	
595	0.394888	0.389517	0.391113	0.402397	0.378643	0.384919	0.373221	0.391569	0.405892	0.384844	
600	0.391777	0.387725	0.388870	0.399850	0.379221	0.385412	0.372011	0.389484	0.405360	0.385306	
605	0.391974	0.386243	0.389158	0.402811	0.382453	0.385097	0.373989	0.393525	0.402378	0.386697	
610	0.394468	0.382446	0.388166	0.402932	0.383403	0.388804	0.371461	0.390547	0.406825	0.386247	
615	0.397790	0.383918	0.385961	0.398393	0.386910	0.389835	0.373429	0.391051	0.406138	0.389924	
620	0.396634	0.378163	0.381915	0.398616	0.387012	0.394206	0.373952	0.392755	0.402858	0.387380	
625	0.398300	0.380858	0.380775	0.399843	0.390690	0.391171	0.373594	0.390554	0.399652	0.388570	
630	0.398374	0.378937	0.379225	0.400014	0.393710	0.389513	0.370682	0.390251	0.403769	0.388223	
635	0.398474	0.379180	0.381244	0.398461	0.393001	0.388454	0.370936	0.386258	0.402892	0.390994	
640	0.402965	0.382174	0.383570	0.397430	0.392671	0.391181	0.367964	0.387941	0.406033	0.387973	
645	0.403298	0.382696	0.384742	0.396833	0.391278	0.391839	0.369477	0.386009	0.402604	0.388825	
650	0.400056	0.379745	0.386423	0.398617	0.388152	0.387021	0.371516	0.389161	0.402305	0.387857	
655	0.399778	0.377077	0.388884	0.399369	0.389447	0.383095	0.373544	0.395065	0.399579	0.389339	
660	0.398362	0.380634	0.387783	0.397096	0.388758	0.382118	0.371137	0.393639	0.400191	0.390473	
665	0.396964	0.379375	0.390864	0.394106	0.392144	0.379936	0.369059	0.398474	0.397968	0.389402	
670	0.397144	0.376768	0.392811	0.390534	0.387377	0.381573	0.373194	0.399428	0.398260	0.389297	
675	0.402287	0.373515	0.390170	0.392369	0.389723	0.381487	0.374074	0.403372	0.404723	0.389036	
680	0.400949	0.376247	0.390351	0.392147	0.386221	0.382435	0.371027	0.403128	0.403648	0.387017	
685	0.393884	0.378412	0.393180	0.392484	0.378741	0.383446	0.375405	0.402673	0.402466	0.384676	
690	0.392038	0.380925	0.391641	0.398393	0.378410	0.384154	0.375545	0.402432	0.399122	0.388555	
695	0.394955	0.380983	0.396176	0.401739	0.383553	0.387256	0.377161	0.403649	0.397539	0.392149	
700	0.396870	0.382498	0.393671	0.402180	0.381357	0.385609	0.376277	0.400145	0.395096	0.395316	
705	0.394439	0.379725	0.394898	0.402326	0.382074	0.390268	0.379366	0.400533	0.397033	0.392146	
710	0.393004	0.376105	0.399282	0.400505	0.383037	0.390428	0.379363	0.400093	0.389616	0.392198	
715	0.391772	0.379292	0.403471	0.406063	0.389450	0.389317	0.380435	0.397501	0.392093	0.392898	
720	0.392159	0.374938	0.396885	0.401188	0.385771	0.388912	0.382740	0.401905	0.389418	0.390456	
725	0.393088	0.371894	0.394219	0.398460	0.379535	0.386344	0.383068	0.400056	0.395007	0.390823	
730	0.391418	0.370623	0.394896	0.395751	0.384387	0.385915	0.384663	0.397596	0.394677	0.391345	
735	0.397178	0.368123	0.389983	0.401293	0.382436	0.389667	0.384821	0.401825	0.395849	0.384310	
740	0.400327	0.366325	0.394157	0.393628	0.384931	0.390468	0.384529	0.404383	0.395350	0.390308	
745	0.396693	0.364220	0.392135	0.394824	0.387986	0.392988	0.383127	0.399008	0.393117	0.391743	
750	0.398253	0.365305	0.388214	0.398611	0.387345	0.395568	0.376233	0.400821	0.394824	0.394285	
755	0.396686	0.364794	0.387796	0.400073	0.385200	0.398457	0.375628	0.401902	0.392748	0.393386	
760	0.399306	0.366594	0.388321	0.400194	0.385313	0.396890	0.374489	0.397948	0.391184	0.393305	
765	0.398607	0.371433	0.382859	0.398775	0.384879	0.397314	0.377634	0.397645	0.394385	0.392079	
770	0.398751	0.378783	0.386724	0.390540	0.389168	0.398415	0.380819	0.398092	0.393578	0.393729	
775	0.400630	0.375407	0.381872	0.393561	0.391001	0.401275	0.376894	0.396946	0.396297	0.397109	
780	0.403322	0.374408	0.382989	0.392931	0.392502	0.399009	0.377795	0.397155	0.397081	0.394993	
785	0.403718	0.370996	0.381724	0.387510	0.392369	0.398986	0.380377	0.397910	0.398448	0.392670	
790	0.404975	0.373715	0.381914	0.389673	0.392636	0.402382	0.382145	0.396734	0.398693	0.396062	
795	0.403742	0.374913	0.380492	0.386957	0.391142	0.401452	0.383616	0.398398	0.399018	0.397802	
800	0.405138	0.375994	0.379707	0.391678	0.390319	0.399087	0.384994	0.395587	0.397725	0.399353	
805	0.404523	0.377586	0.383752	0.390687	0.391854	0.398042	0.388909	0.399261	0.394972	0.394199	
810	0.404035	0.374920	0.382947	0.392502	0.393237	0.399680	0.395212	0.400760	0.391380	0.395101	
815	0.402545	0.379385	0.384061	0.395198	0.392841	0.402338	0.388787	0.402517	0.391574	0.394431	
820	0.405263	0.378897	0.387210	0.397196	0.392848	0.405274	0.386650	0.400993	0.397569	0.395944	
825	0.402873	0.377610	0.389313	0.396898	0.392377	0.407593	0.387884	0.399726	0.391866	0.395216	
830	0.400830	0.382613	0.387523	0.392766	0.387314	0.404263	0.390713	0.396544	0.391357	0.391088	
835	0.395605	0.379454	0.389790	0.396278	0.389815	0.402404	0.387436	0.394011	0.392095	0.393473	
840	0.398405	0.379516	0.388563	0.393301	0.387631	0.399363	0.384327	0.393050	0.392600	0.394423	
845	0.397375	0.379042	0.388632	0.393262	0.389680	0.398168	0.382709	0.395171	0.391850	0.394060	
850	0.400261	0.377531	0.390058	0.388626	0.391389	0.399248	0.388183	0.396414	0.393400	0.394111	
855	0.396818	0.382214	0.387886	0.386902	0.386947	0.397623	0.385663	0.393600	0.393641	0.389706	
860	0.400339	0.378146	0.390379	0.386476	0.387323	0.397296	0.385557	0.399334	0.396474	0.383975	
865	0.398648	0.378908	0.386885	0.388839	0.393310	0.399461	0.384680	0.396909	0.394107	0.384635	
870	0.400960	0.378203	0.387329	0.395572	0.391064	0.397483	0.384362	0.393881	0.391898	0.386170	
875	0.398330	0.375366	0.389628	0.396217	0.390267	0.400136	0.380027	0.393028	0.396518	0.385515	
880	0.395468	0.372062	0.391551	0.397846	0.390017	0.397519	0.380842	0.392426	0.396331	0.386131	
885	0.392923	0.369658	0.391650	0.395232	0.393522	0.399717	0.377053	0.388359	0.402489	0.387164	
890	0.390154	0.363903	0.388268	0.394560	0.391593	0.402088	0.375234	0.395911	0.400939	0.383349	
895	0.389319	0.365311	0.387945	0.396941	0.392321	0.400583	0.371538	0.399162	0.403403	0.381843	
900	0.387832	0.367551	0.382530	0.396405	0.387585	0.396718	0.374051	0.396491	0.406313	0.379369	
905	0.387501	0.364644	0.384107	0.396508	0.386594	0.399755	0.374048	0.394694	0.405264	0.379131	
910	0.386245	0.369596	0.382110	0.395968	0.388948	0.401703	0.378139	0.393851	0.402591	0.382950	
915	0.386071	0.372079	0.383834	0.398432	0.390053	0.403603	0.382072	0.394651	0.400431	0.386786	
920	0.385139	0.372482	0.381282	0.399061	0.389898	0.401008	0.378049	0.398276	0.404111	0.386151	
925	0.387044	0.372575	0.381408	0.397580	0.386166	0.396338	0.376812	0.393658	0.400586	0.384967	
930	0.387087	0.372060	0.383146	0.400541	0.385539	0.395268	0.376763	0.394605	0.402367	0.385405	
935	0.387273	0.374418	0.381705	0.398372	0.386451	0.401334	0.380918	0.389697	0.404061	0.384430	
940	0.387039	0.369966	0.383079	0.401325	0.387836	0.399778	0.380889	0.389586	0.403576	0.382012	
945	0.384974	0.366898	0.382368	0.403118	0.387426	0.399606	0.376796	0.392085	0.404038	0.379153	
950	0.389217	0.370242	0.382580	0.398154	0.385932	0.400158	0.376861	0.389775	0.404433	0.381135	
955	0.389706	0.367937	0.383101	0.394104	0.386864	0.396061	0.378085	0.389070	0.403157	0.384649	
960	0.383695	0.370547	0.384291	0.394656	0.384339	0.394020	0.380839	0.385971	0.407768	0.385320	
965	0.387629	0.373756	0.386806	0.393658	0.382335	0.396390	0.382867	0.391378	0.407484	0.391894	
970	0.392108	0.375851	0.385974	0.391647	0.383592	0.396373	0.380781	0.391534	0.405397	0.394055	
975	0.390945	0.375003	0.387758	0.391380	0.383639	0.395613	0.377945	0.387283	0.408224	0.396245	
980	0.394378	0.377589	0.381972	0.390772	0.385969	0.398294	0.374824	0.392144	0.406161	0.398350	
985	0.397905	0.377587	0.383226	0.387672	0.382713	0.398304	0.376896	0.391907	0.406971	0.396533	
990	0.395836	0.380750	0.381367	0.386390	0.380414	0.397052	0.376586	0.390209	0.405778	0.396913	
995	0.392583	0.381593	0.379792	0.384031	0.382488	0.396331	0.378425	0.387505	0.404403	0.392266	
1000	0.392513	0.377288	0.380342	0.385609	0.382365	0.399150	0.373697	0.384054	0.407922	0.392304	
1005	0.393568	0.372044	0.378388	0.387094	0.384329	0.400055	0.371321	0.383579	0.408433	0.388184	
1010	0.383586	0.373920	0.383194	0.385947	0.386709	0.399299	0.368976	0.383870	0.403162	0.387249	
1015	0.384517	0.374392	0.385985	0.388678	0.395157	0.395948	0.366684	0.384757	0.404396	0.385076	
1020	0.388402	0.375724	0.387531	0.387721	0.389784	0.400354	0.370151	0.381916	0.404293	0.383873	
1025	0.392032	0.374466	0.383150	0.385390	0.391051	0.401244	0.368193	0.379916	0.400549	0.381831	
1030	0.389676	0.382098	0.382779	0.390139	0.392161	0.398054	0.361297	0.380700	0.396258	0.386601	
1035	0.391207	0.381328	0.387461	0.389680	0.389404	0.400590	0.359144	0.384021	0.394889	0.388652	
1040	0.398027	0.385436	0.390056	0.392281	0.387983	0.404749	0.358823	0.378470	0.394775	0.391827	
1045	0.399618	0.386145	0.389466	0.388978	0.389573	0.411276	0.356711	0.383477	0.395628	0.385909	
1050	0.405365	0.386437	0.388730	0.384229	0.391740	0.414565	0.356024	0.380355	0.392833	0.388044	
1055	0.400375	0.382864	0.390433	0.381854	0.390659	0.407774	0.355917	0.378409	0.392560	0.395187	
1060	0.405078	0.382624	0.386518	0.382246	0.390859	0.405989	0.355321	0.374917	0.388656	0.391805	
1065	0.401738	0.379960	0.385931	0.383610	0.390871	0.406423	0.353868	0.380940	0.391337	0.386232	
1070	0.396961	0.384585	0.392317	0.381754	0.385387	0.408555	0.353236	0.380563	0.392390	0.386165	
1075	0.397282	0.386357	0.395794	0.382722	0.388871	0.410666	0.353856	0.376537	0.389907	0.383345	
1080	0.398620	0.385413	0.391637	0.384868	0.387134	0.412986	0.359438	0.377994	0.390039	0.388732	
1085	0.396660	0.380401	0.393525	0.389373	0.387017	0.408858	0.362395	0.377225	0.394873	0.388947	
1090	0.394263	0.375685	0.393094	0.391615	0.387210	0.411056	0.359231	0.374395	0.391972	0.386683	
1095	0.395567	0.376168	0.393419	0.392543	0.385571	0.412315	0.357167	0.374527	0.394813	0.388603	
1100	0.397106	0.379866	0.391786	0.389404	0.383770	0.411941	0.356863	0.371912	0.393656	0.383982	
1105	0.397540	0.379996	0.390826	0.389496	0.384976	0.413900	0.355620	0.369130	0.392287	0.385343	
1110	0.401477	0.377598	0.392788	0.389585	0.387990	0.418067	0.354251	0.370838	0.390899	0.387267	
1115	0.396637	0.377561	0.393783	0.387679	0.387644	0.421305	0.359830	0.372330	0.390068	0.387554	
1120	0.398105	0.381166	0.398005	0.389035	0.383992	0.419153	0.359659	0.375247	0.392863	0.387884	
1125	0.402154	0.382473	0.398279	0.387856	0.387189	0.416459	0.359516	0.378254	0.392557	0.388432	
1130	0.407831	0.385413	0.398809	0.388294	0.384748	0.418171	0.357896	0.379755	0.393355	0.379988	
1135	0.408997	0.385529	0.400447	0.389929	0.388031	0.415656	0.359010	0.379966	0.393407	0.378424	
1140	0.403600	0.388299	0.402853	0.388065	0.387058	0.411875	0.360803	0.376267	0.392874	0.382967	
1145	0.404117	0.387502	0.402011	0.382697	0.387495	0.412184	0.360016	0.379984	0.391453	0.382227	
1150	0.406631	0.384320	0.398873	0.388344	0.391981	0.413459	0.359277	0.378651	0.393772	0.383433	
1155	0.403451	0.383461	0.397590	0.393887	0.392523	0.412800	0.359540	0.377142	0.390386	0.387575	
1160	0.405384	0.385967	0.400145	0.390600	0.395750	0.409341	0.362239	0.380660	0.390089	0.386244	
1165	0.402431	0.379878	0.402270	0.396770	0.396718	0.411248	0.364573	0.377449	0.391364	0.385128	
1170	0.396926	0.386839	0.402985	0.396989	0.397737	0.414461	0.361542	0.383727	0.390713	0.387131	
1175	0.400517	0.386412	0.400935	0.398458	0.396804	0.413140	0.362350	0.383030	0.389484	0.384686	
1180	0.405703	0.390823	0.399027	0.401257	0.400355	0.406072	0.363446	0.380787	0.388509	0.385524	
1185	0.407145	0.386936	0.399749	0.399758	0.400549	0.401824	0.368213	0.385661	0.387365	0.382713	
1190	0.399438	0.384801	0.394897	0.399929	0.402251	0.400425	0.369619	0.384787	0.385855	0.379137	
1195	0.398920	0.384976	0.395910	0.393481	0.401847	0.397304	0.364464	0.385258	0.384046	0.378334	
1200	0.391359	0.385335	0.395863	0.393440	0.401458	0.397040	0.360760	0.386804	0.381481	0.377625	
1205	0.391536	0.381041	0.396488	0.395471	0.399316	0.398595	0.363279	0.389908	0.383019	0.379353	
1210	0.387891	0.378756	0.398212	0.398446	0.400132	0.401351	0.365226	0.393803	0.381821	0.377267	
1215	0.391726	0.380346	0.392751	0.394777	0.405398	0.398243	0.364953	0.391945	0.385979	0.378614	
1220	0.390998	0.381922	0.389718	0.392424	0.409899	0.400939	0.365538	0.393568	0.388253	0.377100	
1225	0.392212	0.376598	0.390614	0.393772	0.407930	0.401095	0.370008	0.391413	0.387555	0.378489	
1230	0.392057	0.377514	0.387113	0.396311	0.401972	0.406525	0.370790	0.392256	0.389583	0.384687	
1235	0.392218	0.381145	0.385394	0.396616	0.400304	0.404927	0.380521	0.396345	0.386098	0.382478	
1240	0.393802	0.382709	0.383687	0.400049	0.398413	0.401818	0.383954	0.393476	0.389425	0.385542	
1245	0.395761	0.379078	0.384296	0.395553	0.400054	0.403521	0.391208	0.396111	0.391838	0.378886	
1250	0.397113	0.382134	0.385862	0.397543	0.400260	0.402818	0.388982	0.393283	0.392587	0.379246	
1255	0.400308	0.381815	0.384612	0.397348	0.394535	0.401003	0.392914	0.394583	0.395196	0.379923	
1260	0.398487	0.380241	0.385902	0.399199	0.390879	0.403599	0.396274	0.396709	0.394471	0.379257	
1265	0.398627	0.376235	0.386510	0.401710	0.393775	0.401821	0.400713	0.395498	0.397509	0.374013	
1270	0.402682	0.376050	0.386512	0.402802	0.390463	0.405228	0.399475	0.395861	0.395386	0.375622	
1275	0.401005	0.369830	0.392048	0.399157	0.390534	0.402811	0.396567	0.396556	0.394969	0.377754	
1280	0.401825	0.368500	0.387559	0.397908	0.395007	0.399994	0.398182	0.394881	0.395963	0.384288	
1285	0.402040	0.369819	0.385509	0.396542	0.391547	0.402203	0.399280	0.396143	0.394313	0.381101	
1290	0.403380	0.369027	0.385870	0.394718	0.392417	0.399063	0.400632	0.393303	0.395350	0.381547	
1295	0.406593	0.369557	0.383505	0.399334	0.392702	0.396435	0.400892	0.394423	0.394961	0.381264	
1300	0.403969	0.367989	0.387167	0.399111	0.390683	0.398439	0.399654	0.395540	0.396712	0.377918	
1305	0.398899	0.370932	0.385976	0.402702	0.389537	0.399075	0.398148	0.398973	0.398509	0.376420	
1310	0.402464	0.371755	0.383264	0.399009	0.391805	0.398782	0.399895	0.397485	0.396190	0.375091	
1315	0.405613	0.367978	0.384179	0.399098	0.388198	0.402585	0.402434	0.396086	0.398915	0.378269	
1320	0.405648	0.367261	0.382931	0.401540	0.388943	0.403312	0.405187	0.396437	0.395878	0.376397	
1325	0.400606	0.365067	0.375597	0.399781	0.391712	0.405672	0.403826	0.394407	0.395400	0.377560	
1330	0.390477	0.369066	0.377192	0.396071	0.392982	0.405252	0.402876	0.395079	0.396496	0.380420	
1335	0.393851	0.373274	0.377134	0.397687	0.394135	0.404305	0.399909	0.394305	0.396027	0.380641	
1340	0.395607	0.375446	0.372451	0.401209	0.392117	0.405170	0.400796	0.394450	0.399462	0.382104	
1345	0.398117	0.375745	0.374434	0.398369	0.392579	0.407842	0.401160	0.392410	0.399751	0.379582	
1350	0.393955	0.374299	0.380281	0.400682	0.390090	0.408046	0.400662	0.386319	0.401211	0.382081	
1355	0.396612	0.371965	0.378540	0.400849	0.387353	0.407544	0.398047	0.382169	0.402231	0.386174	
1360	0.395251	0.371983	0.375520	0.399346	0.390420	0.405798	0.401923	0.376765	0.400543	0.385705	
1365	0.390236	0.373902	0.376831	0.396993	0.388788	0.410995	0.404700	0.381867	0.398779	0.384430	
1370	0.391180	0.374510	0.379454	0.395601	0.387410	0.417105	0.411116	0.379215	0.395794	0.387759	
1375	0.396024	0.369407	0.377404	0.391561	0.389831	0.418428	0.410015	0.382516	0.398692	0.385651	
1380	0.396124	0.365678	0.377657	0.390846	0.392399	0.421950	0.404309	0.386212	0.400779	0.385406	
1385	0.391877	0.371207	0.380677	0.393772	0.386490	0.419551	0.408409	0.389315	0.400671	0.382318	
1390	0.393706	0.371164	0.379949	0.390816	0.384630	0.418437	0.404883	0.396530	0.405135	0.384482	
1395	0.390867	0.369465	0.379541	0.393280	0.389162	0.419330	0.406806	0.395487	0.402441	0.380562	
1400	0.389847	0.366648	0.385575	0.395879	0.389872	0.414980	0.407539	0.397191	0.402684	0.379797	
1405	0.391721	0.376035	0.386487	0.393684	0.385674	0.415779	0.408185	0.395380	0.400530	0.376625	
1410	0.391195	0.374969	0.388893	0.394423	0.384192	0.415747	0.403957	0.391012	0.398821	0.378714	
1415	0.391651	0.379687	0.389203	0.392900	0.382007	0.412342	0.402440	0.392079	0.395501	0.377795	
1420	0.390440	0.374227	0.386380	0.392928	0.379362	0.410508	0.401631	0.403385	0.399088	0.373908	
1425	0.389970	0.375045	0.385149	0.391811	0.380309	0.406466	0.400636	0.399200	0.400149	0.379607	
1430	0.390435	0.377724	0.385970	0.391880	0.380504	0.407160	0.400406	0.396184	0.397537	0.381425	
1435	0.382689	0.382922	0.390476	0.386647	0.382244	0.406298	0.396578	0.394117	0.398349	0.381310	
1440	0.382008	0.389350	0.390130	0.385793	0.380651	0.402859	0.393544	0.393859	0.398887	0.379696	
1445	0.384430	0.390493	0.391475	0.387897	0.383267	0.404535	0.393522	0.394980	0.400840	0.386956	
1450	0.383574	0.385696	0.396358	0.386938	0.377670	0.403310	0.390854	0.392087	0.401851	0.384596	
1455	0.387044	0.387461	0.396839	0.389322	0.376361	0.401877	0.388710	0.388260	0.405321	0.386649	
1460	0.387666	0.393858	0.395518	0.392996	0.382329	0.397153	0.387273	0.397180	0.402507	0.387596	
1465	0.387782	0.392510	0.395924	0.386937	0.385845	0.397068	0.384591	0.397762	0.408371	0.382815	
1470	0.388466	0.392695	0.396724	0.384107	0.385092	0.399165	0.388781	0.397667	0.403801	0.381562	
1475	0.387726	0.394009	0.396531	0.389184	0.383404	0.394603	0.391651	0.395875	0.399372	0.382119	
1480	0.386412	0.393769	0.396144	0.390260	0.385566	0.402252	0.395127	0.394729	0.402317	0.385010	
1485	0.385166	0.392159	0.398747	0.391905	0.382963	0.404522	0.397767	0.394024	0.406778	0.388643	
1490	0.383883	0.387610	0.399529	0.397273	0.382356	0.404472	0.392378	0.387724	0.409960	0.389029	
1495	0.384127	0.387238	0.395397	0.395723	0.385414	0.402421	0.394500	0.386529	0.407331	0.390191	
1500	0.383533	0.381917	0.396593	0.397401	0.382427	0.404399	0.395872	0.387739	0.411652	0.389502	
1505	0.383323	0.383897	0.398985	0.397457	0.384389	0.400972	0.393148	0.392667	0.410761	0.395761	
1510	0.385588	0.384346	0.394675	0.393375	0.384402	0.401674	0.391641	0.392169	0.413428	0.392628	
1515	0.383028	0.384927	0.393398	0.392983	0.385158	0.403429	0.393427	0.389522	0.413203	0.397573	
1520	0.383334	0.385410	0.400693	0.396449	0.383220	0.406038	0.389767	0.392753	0.413594	0.399120	
1525	0.385485	0.381416	0.397367	0.393403	0.383579	0.404695	0.389717	0.397105	0.415521	0.397206	
1530	0.382071	0.383725	0.399413	0.391871	0.385138	0.411213	0.388859	0.399929	0.419896	0.396451	
1535	0.385623	0.385526	0.394486	0.396335	0.386834	0.414148	0.395877	0.401689	0.418171	0.391450	
1540	0.389022	0.387241	0.396619	0.395663	0.386272	0.411798	0.393365	0.402655	0.420059	0.389984	
1545	0.390696	0.387316	0.396402	0.397683	0.384098	0.409842	0.395641	0.400735	0.421163	0.389368	
1550	0.390752	0.385845	0.399231	0.399121	0.384662	0.409370	0.394431	0.399884	0.422008	0.388438	
1555	0.391806	0.384917	0.394982	0.400882	0.382547	0.408577	0.392971	0.401544	0.415513	0.386937	
1560	0.393676	0.387198	0.393448	0.403138	0.380126	0.406056	0.394818	0.399762	0.415648	0.385880	
1565	0.396848	0.382853	0.394298	0.403896	0.381478	0.406915	0.393070	0.395302	0.416351	0.386926	
1570	0.398190	0.379856	0.390401	0.401759	0.380468	0.410603	0.390928	0.395904	0.408239	0.385829	
1575	0.398037	0.376933	0.390602	0.401341	0.380189	0.408890	0.388629	0.398460	0.411944	0.381072	
1580	0.395509	0.374228	0.392072	0.398010	0.379552	0.410580	0.389054	0.398701	0.417732	0.379523	
1585	0.390334	0.374187	0.388774	0.397247	0.380035	0.409367	0.386006	0.397754	0.417525	0.378979	
1590	0.385188	0.381286	0.392603	0.398941	0.376584	0.410798	0.389606	0.394372	0.417034	0.378494	
1595	0.387834	0.381302	0.389994	0.394781	0.381202	0.408251	0.387423	0.389971	0.414375	0.376019	
1600	0.387245	0.382788	0.395586	0.398054	0.382422	0.402039	0.389132	0.386111	0.411075	0.374792	
1605	0.388317	0.381622	0.398425	0.397161	0.380344	0.400787	0.385063	0.389510	0.411122	0.375977	
1610	0.389814	0.380921	0.400331	0.405457	0.382691	0.401206	0.387816	0.392774	0.414204	0.376216	
1615	0.389472	0.380848	0.399099	0.406507	0.384581	0.401244	0.389399	0.394501	0.414564	0.376618	
1620	0.393001	0.381199	0.398593	0.399169	0.383551	0.399139	0.391330	0.392844	0.417844	0.380625	
1625	0.390371	0.384832	0.402195	0.395237	0.390621	0.400305	0.392938	0.394367	0.411803	0.381184	
1630	0.390741	0.384206	0.398443	0.395709	0.390338	0.394946	0.395228	0.397003	0.407750	0.377850	
1635	0.391570	0.384948	0.397039	0.392853	0.390429	0.395276	0.400976	0.394863	0.400850	0.377992	
1640	0.392615	0.381057	0.398870	0.391400	0.385405	0.398051	0.402129	0.390147	0.400493	0.377386	
1645	0.391886	0.379522	0.395659	0.394785	0.387992	0.395197	0.405508	0.392790	0.404946	0.376397	
1650	0.391598	0.377748	0.392419	0.400108	0.389036	0.392122	0.403348	0.388686	0.405645	0.382009	
1655	0.390406	0.382673	0.388823	0.406394	0.389905	0.389280	0.401841	0.390370	0.405353	0.381202	
1660	0.394451	0.377602	0.392147	0.403753	0.381931	0.386633	0.398599	0.392692	0.405108	0.378398	
1665	0.384857	0.381606	0.392543	0.405276	0.381880	0.391051	0.397220	0.395695	0.406213	0.377265	
1670	0.379637	0.382174	0.389146	0.406949	0.382824	0.396746	0.396643	0.391663	0.408789	0.378866	
1675	0.380138	0.381473	0.388529	0.408036	0.383068	0.393961	0.398351	0.390473	0.409347	0.379559	
1680	0.380400	0.381618	0.394396	0.407072	0.378363	0.384736	0.398730	0.396047	0.407019	0.373910	
1685	0.379168	0.382811	0.390305	0.403370	0.381471	0.384629	0.395681	0.397200	0.410000	0.373169	
1690	0.377271	0.385216	0.393076	0.397874	0.387257	0.386201	0.398128	0.401877	0.409830	0.376896	
1695	0.377885	0.385149	0.396964	0.398939	0.384375	0.391673	0.400158	0.402574	0.412034	0.377080	
1700	0.380518	0.390372	0.390544	0.397696	0.383682	0.398747	0.396859	0.402450	0.413164	0.375712	
1705	0.379786	0.392488	0.391213	0.392853	0.383739	0.398688	0.398212	0.404883	0.409895	0.376405	
1710	0.380689	0.387951	0.387825	0.399238	0.383969	0.397876	0.400038	0.405840	0.404705	0.374492	
1715	0.384119	0.384832	0.390364	0.399456	0.386079	0.395435	0.399951	0.405332	0.400257	0.372156	
1720	0.382359	0.385689	0.393245	0.392990	0.387467	0.394760	0.394710	0.405557	0.399241	0.373641	
1725	0.380145	0.388497	0.399155	0.390104	0.386379	0.395424	0.395637	0.408705	0.399505	0.371047	
1730	0.384891	0.388356	0.396574	0.393341	0.383450	0.392179	0.393533	0.402625	0.397732	0.373510	
1735	0.382576	0.389590	0.395662	0.393047	0.385532	0.395413	0.387082	0.399411	0.402254	0.375582	
1740	0.384356	0.390219	0.389692	0.390846	0.382721	0.392983	0.386558	0.403012	0.403961	0.374098	
1745	0.388245	0.394921	0.390673	0.394854	0.382814	0.396403	0.390612	0.404421	0.406718	0.376298	
1750	0.388080	0.396213	0.388559	0.398699	0.380327	0.396739	0.390446	0.405228	0.408885	0.376087	
1755	0.389313	0.394834	0.392663	0.395403	0.378174	0.402066	0.385896	0.401379	0.405272	0.374876	
1760	0.382490	0.391934	0.397908	0.392932	0.383417	0.401657	0.387435	0.396222	0.407671	0.375525	
1765	0.385050	0.394581	0.398818	0.389090	0.384640	0.402891	0.389831	0.398020	0.407681	0.377425	
1770	0.384468	0.396465	0.395234	0.395664	0.383878	0.401260	0.382697	0.393006	0.408391	0.378769	
1775	0.383427	0.397376	0.392453	0.397266	0.388445	0.402812	0.383313	0.394413	0.408190	0.380405	
1780	0.383455	0.393260	0.392604	0.400987	0.385347	0.398383	0.386209	0.398492	0.405373	0.379109	
1785	0.380574	0.397695	0.394735	0.399915	0.384885	0.403688	0.389854	0.397580	0.404762	0.376886	
1790	0.380113	0.397008	0.391039	0.397232	0.389369	0.403202	0.390331	0.400974	0.412218	0.381440	
1795	0.381652	0.393170	0.388333	0.398088	0.387130	0.400235	0.392028	0.404393	0.411537	0.387192	
1800	0.383110	0.393202	0.392138	0.399785	0.391425	0.395106	0.392614	0.405317	0.410475	0.385120	
1805	0.381042	0.393772	0.393137	0.398315	0.390090	0.393739	0.399363	0.405515	0.411644	0.387452	
1810	0.384770	0.390756	0.395189	0.397187	0.391006	0.390047	0.397499	0.404804	0.412036	0.393176	
1815	0.386596	0.389917	0.401430	0.397763	0.392184	0.390833	0.395202	0.405523	0.413255	0.386876	
1820	0.383816	0.388613	0.404545	0.395492	0.394099	0.387170	0.394896	0.403158	0.416198	0.381536	
1825	0.383773	0.391411	0.404214	0.396974	0.386806	0.390726	0.393366	0.404175	0.415697	0.381079	
1830	0.381940	0.388068	0.403125	0.395832	0.386302	0.390578	0.393674	0.403883	0.414324	0.382863	
1835	0.380644	0.386893	0.402577	0.393825	0.389346	0.389051	0.395699	0.407446	0.414215	0.382076	
1840	0.381395	0.386133	0.401477	0.395479	0.395591	0.391264	0.400787	0.405108	0.414164	0.380163	
1845	0.382121	0.394339	0.393349	0.391309	0.396631	0.394766	0.406057	0.403272	0.414269	0.378056	
1850	0.381949	0.389159	0.397751	0.387344	0.399807	0.392218	0.407550	0.402883	0.416203	0.376618	
1855	0.384262	0.385549	0.396859	0.384074	0.402662	0.391077	0.408202	0.407536	0.411446	0.378402	
1860	0.381333	0.385255	0.397948	0.382598	0.398880	0.389545	0.400876	0.408685	0.410263	0.381572	
1865	0.386567	0.383775	0.398021	0.383579	0.399551	0.391519	0.400179	0.407584	0.409921	0.378636	
1870	0.381379	0.386054	0.397144	0.378787	0.397049	0.391578	0.400997	0.409826	0.413144	0.377387	
1875	0.384589	0.392350	0.397587	0.379194	0.399019	0.396235	0.406006	0.410984	0.415031	0.377563	
1880	0.379257	0.390539	0.394447	0.379219	0.395229	0.392526	0.405021	0.412298	0.413848	0.373479	
1885	0.379772	0.385983	0.395784	0.381741	0.394491	0.390640	0.404588	0.414542	0.416722	0.371282	
1890	0.378904	0.388747	0.397637	0.385962	0.398088	0.382883	0.403670	0.410526	0.417920	0.371899	
1895	0.379887	0.390229	0.399976	0.387371	0.394126	0.388561	0.401157	0.411333	0.418513	0.373309	
1900	0.380782	0.393836	0.402072	0.385977	0.396499	0.389890	0.403997	0.409189	0.415441	0.369582	
1905	0.381900	0.390384	0.395254	0.384294	0.398420	0.393390	0.400950	0.409508	0.413110	0.367819	
1910	0.384009	0.392827	0.400821	0.382611	0.395490	0.389181	0.393724	0.408829	0.415878	0.367942	
1915	0.386634	0.394038	0.404861	0.383244	0.395010	0.385370	0.400891	0.407968	0.415254	0.370486	
1920	0.387088	0.391950	0.405657	0.385570	0.392009	0.384064	0.402528	0.412372	0.415712	0.371970	
1925	0.388047	0.395479	0.407099	0.384662	0.388222	0.378922	0.406363	0.410656	0.414546	0.373464	
1930	0.387091	0.393517	0.409537	0.384566	0.385512	0.383914	0.408701	0.408174	0.414386	0.373654	
1935	0.390195	0.392478	0.407240	0.385547	0.389953	0.380724	0.410930	0.407100	0.416993	0.370584	
1940	0.392366	0.391574	0.410781	0.383611	0.391375	0.382564	0.407092	0.407354	0.417042	0.371736	
1945	0.392594	0.393110	0.414205	0.380201	0.390604	0.381556	0.407456	0.407558	0.412919	0.367959	
1950	0.388156	0.390414	0.414772	0.382894	0.388283	0.376995	0.404430	0.404496	0.411605	0.369741	
1955	0.388791	0.390930	0.409038	0.382108	0.391821	0.378463	0.405755	0.405085	0.410101	0.372035	
1960	0.387025	0.393526	0.403776	0.384862	0.393943	0.379882	0.409212	0.404622	0.419913	0.372749	
1965	0.386140	0.395251	0.400184	0.382280	0.391692	0.386679	0.409022	0.404314	0.424038	0.374756	
1970	0.388579	0.393414	0.401868	0.378120	0.390090	0.389453	0.407846	0.403479	0.425321	0.374293	
1975	0.387559	0.388554	0.406635	0.380942	0.391858	0.388498	0.407331	0.402269	0.423916	0.368926	
1980	0.393015	0.388408	0.401397	0.384294	0.393092	0.392939	0.407999	0.404814	0.426599	0.371288	
1985	0.394340	0.388614	0.400991	0.378693	0.389487	0.392743	0.410806	0.402794	0.429153	0.373068	
1990	0.392688	0.389332	0.393781	0.370869	0.386462	0.388770	0.411317	0.400522	0.429620	0.371882	
1995	0.386535	0.387150	0.397552	0.372960	0.391499	0.390695	0.412726	0.400799	0.425000	0.372912	
2000	0.386777	0.390793	0.393673	0.372950	0.392359	0.386047	0.409348	0.397964	0.429759	0.372522	
2005	0.383459	0.392685	0.393993	0.374663	0.391261	0.388113	0.408939	0.397916	0.427804	0.372456	
2010	0.386095	0.394113	0.394527	0.379467	0.391234	0.386334	0.410210	0.398322	0.425213	0.372877	
2015	0.383077	0.396980	0.399355	0.378613	0.391909	0.387877	0.411941	0.402395	0.423745	0.372920	
2020	0.378898	0.396350	0.392348	0.377453	0.393917	0.391713	0.414271	0.398638	0.428197	0.376793	
2025	0.374948	0.396956	0.393151	0.378583	0.396227	0.391429	0.414710	0.396731	0.427124	0.376749	
2030	0.370639	0.399371	0.394683	0.385615	0.396139	0.389058	0.415489	0.399497	0.431664	0.374728	
2035	0.370235	0.401422	0.394414	0.385911	0.399136	0.389368	0.413486	0.400911	0.424888	0.375577	
2040	0.371199	0.400071	0.396078	0.384983	0.397347	0.387605	0.413354	0.398754	0.424388	0.376106	
2045	0.371326	0.396271	0.397061	0.386930	0.395107	0.384249	0.414382	0.398987	0.421956	0.378053	
2050	0.370004	0.397378	0.393065	0.387051	0.397713	0.387642	0.417254	0.400189	0.418947	0.379208	
2055	0.370137	0.394453	0.393035	0.381914	0.400345	0.387470	0.420820	0.398871	0.418351	0.379841	
2060	0.374032	0.395781	0.395937	0.379745	0.402574	0.388668	0.422018	0.398235	0.414292	0.375423	
2065	0.371899	0.399942	0.397691	0.379447	0.403603	0.389265	0.420027	0.400168	0.411568	0.376712	
2070	0.370710	0.400086	0.396984	0.376732	0.402267	0.383440	0.419753	0.403734	0.412042	0.373195	
2075	0.370512	0.404804	0.397627	0.377660	0.398786	0.379115	0.422608	0.400817	0.412463	0.373772	
2080	0.366752	0.402802	0.396982	0.378801	0.393120	0.379851	0.421609	0.402248	0.413177	0.373199	
2085	0.364626	0.401937	0.393957	0.378143	0.386885	0.379135	0.420997	0.401789	0.414526	0.379721	
2090	0.371345	0.399067	0.393574	0.378724	0.387916	0.382898	0.421185	0.399020	0.415130	0.375093	
2095	0.375325	0.399176	0.396560	0.378880	0.385414	0.385904	0.420582	0.398976	0.411639	0.378981	
2100	0.375396	0.396090	0.395183	0.379373	0.384356	0.384675	0.414801	0.400672	0.413329	0.379352	
2105	0.381771	0.397905	0.398055	0.382433	0.382897	0.383939	0.408314	0.404244	0.415383	0.378594	
2110	0.373678	0.400301	0.397168	0.381090	0.384619	0.390290	0.412246	0.401831	0.415789	0.376904	
2115	0.363111	0.400338	0.398069	0.383660	0.384273	0.388978	0.411390	0.401984	0.415317	0.376811	
2120	0.366079	0.400836	0.398563	0.381879	0.385854	0.389458	0.411087	0.404142	0.412163	0.372192	
2125	0.369868	0.403028	0.395106	0.381580	0.383172	0.384275	0.411582	0.406021	0.413003	0.374804	
2130	0.371806	0.399297	0.392785	0.376410	0.387253	0.378676	0.413690	0.404237	0.415835	0.370837	
2135	0.368318	0.401817	0.392500	0.378193	0.387676	0.375135	0.416970	0.407391	0.419749	0.371784	
2140	0.374191	0.401891	0.396378	0.380903	0.386367	0.376044	0.413326	0.410274	0.423558	0.373577	
2145	0.375909	0.407849	0.401197	0.376558	0.389140	0.376502	0.413808	0.405959	0.421050	0.371772	
2150	0.374879	0.409481	0.394710	0.378655	0.387478	0.378655	0.416128	0.403719	0.416418	0.373941	
2155	0.377322	0.411370	0.399319	0.378783	0.389467	0.378776	0.413204	0.404235	0.418912	0.376746	
2160	0.382146	0.412089	0.398010	0.377305	0.389038	0.378387	0.412441	0.402609	0.414230	0.375178	
2165	0.379738	0.409556	0.399200	0.379170	0.387726	0.375508	0.411877	0.401329	0.413663	0.378927	
2170	0.377005	0.404874	0.400168	0.379852	0.388110	0.376884	0.412883	0.399165	0.410315	0.380851	
2175	0.379222	0.404915	0.396746	0.380301	0.387348	0.374331	0.412782	0.402305	0.410589	0.380884	
2180	0.378684	0.401813	0.397215	0.382665	0.386083	0.372217	0.410861	0.406351	0.409477	0.382409	
2185	0.378512	0.401481	0.391762	0.381791	0.387794	0.372791	0.414705	0.406810	0.406467	0.381966	
2190	0.379041	0.406333	0.391233	0.382720	0.388450	0.367536	0.411710	0.407426	0.402734	0.384504	
2195	0.373269	0.405811	0.390722	0.379640	0.387593	0.368483	0.414613	0.403459	0.401869	0.376136	
2200	0.374175	0.404474	0.383886	0.382862	0.386991	0.372071	0.418828	0.400561	0.400245	0.378233	
2205	0.375439	0.400814	0.385054	0.388357	0.386064	0.369173	0.416634	0.399329	0.403204	0.373438	
2210	0.373162	0.399280	0.393620	0.384236	0.384881	0.373006	0.418507	0.395338	0.406619	0.373669	
2215	0.368842	0.396677	0.389661	0.384358	0.387086	0.367853	0.418963	0.396732	0.409199	0.367832	
2220	0.370952	0.399814	0.387783	0.384696	0.391535	0.371101	0.416895	0.398464	0.411129	0.364380	
2225	0.373487	0.403190	0.392237	0.388290	0.390317	0.371513	0.409310	0.401147	0.405552	0.364331	
2230	0.377897	0.407769	0.387906	0.389512	0.388486	0.373002	0.410174	0.397923	0.405232	0.365058	
2235	0.372022	0.406129	0.389191	0.389561	0.390005	0.369617	0.412561	0.396434	0.405542	0.361666	
2240	0.374029	0.406473	0.391920	0.388706	0.390566	0.374365	0.409628	0.395653	0.402926	0.359905	
2245	0.374433	0.407223	0.388457	0.384045	0.393687	0.377468	0.411139	0.394849	0.400092	0.363867	
2250	0.377588	0.406005	0.396801	0.382541	0.392612	0.376984	0.412449	0.401409	0.406099	0.367290	
2255	0.378636	0.408694	0.395386	0.381829	0.390839	0.377878	0.405278	0.401753	0.405907	0.371165	
2260	0.374652	0.407473	0.396726	0.379756	0.393925	0.379512	0.408500	0.402167	0.404855	0.368971	
2265	0.369632	0.404725	0.396900	0.378330	0.398883	0.377270	0.407246	0.406910	0.406600	0.371157	
2270	0.369961	0.407937	0.400406	0.378517	0.404028	0.379282	0.407291	0.410068	0.403464	0.374949	
2275	0.371207	0.411555	0.399477	0.379283	0.403979	0.379327	0.409684	0.408334	0.402858	0.372785	
2280	0.372388	0.409644	0.404834	0.376897	0.402511	0.385212	0.415240	0.406456	0.405507	0.370419	
2285	0.373822	0.408950	0.412075	0.377217	0.402537	0.388019	0.417900	0.406365	0.403935	0.376026	
2290	0.375762	0.406179	0.413688	0.380939	0.403838	0.385603	0.420312	0.407333	0.404974	0.374660	
2295	0.374079	0.403047	0.408636	0.379487	0.397475	0.383446	0.417107	0.407409	0.405474	0.373229	
2300	0.378497	0.397296	0.407517	0.378917	0.397146	0.384847	0.412727	0.406916	0.405014	0.372113	
2305	0.383037	0.394086	0.409368	0.376926	0.400190	0.390975	0.415746	0.407298	0.407318	0.367093	
2310	0.386444	0.399210	0.408293	0.384670	0.398636	0.393487	0.415330	0.406021	0.405359	0.370664	
2315	0.386401	0.400628	0.407916	0.389537	0.402154	0.393826	0.413266	0.403794	0.402047	0.367032	
2320	0.389881	0.400768	0.407078	0.392125	0.401378	0.390832	0.408814	0.406291	0.400491	0.371852	
2325	0.389484	0.400944	0.404280	0.384722	0.396891	0.386636	0.413364	0.406055	0.399841	0.370041	
2330	0.386241	0.395674	0.406230	0.382109	0.395589	0.390373	0.410345	0.409500	0.398585	0.371174	
2335	0.383977	0.395713	0.399686	0.383912	0.396569	0.387384	0.410870	0.404465	0.395198	0.373270	
2340	0.382714	0.398673	0.401507	0.387425	0.396881	0.388013	0.412441	0.414021	0.396298	0.377858	
2345	0.383561	0.396544	0.401240	0.385472	0.394082	0.390791	0.406176	0.410816	0.394926	0.375113	
2350	0.383911	0.394657	0.398247	0.383534	0.393008	0.388809	0.414998	0.404003	0.394906	0.374902	
2355	0.382924	0.394951	0.402429	0.385875	0.394769	0.387618	0.409227	0.403836	0.395406	0.376095	
2360	0.382254	0.399112	0.406465	0.386769	0.393163	0.385628	0.410938	0.403573	0.398201	0.379792	
2365	0.385140	0.392627	0.407220	0.387883	0.393364	0.388149	0.409894	0.402284	0.394502	0.384402	
2370	0.388934	0.393960	0.406504	0.383618	0.388346	0.383686	0.414389	0.396494	0.395704	0.381296	
2375	0.389228	0.387558	0.405431	0.379429	0.387256	0.386353	0.414166	0.399869	0.395944	0.382844	
2380	0.391867	0.389667	0.407164	0.385036	0.383001	0.384826	0.413049	0.401743	0.397371	0.377787	
2385	0.391602	0.392275	0.401256	0.385022	0.381118	0.388098	0.415023	0.402680	0.395445	0.380394	
2390	0.394958	0.394564	0.399169	0.388054	0.379866	0.390311	0.414720	0.407132	0.395951	0.383762	
2395	0.393380	0.393319	0.398086	0.387706	0.382846	0.393653	0.413825	0.410338	0.393100	0.381984	
2400	0.393216	0.395384	0.396260	0.388838	0.383304	0.396294	0.412054	0.409805	0.390878	0.381498	
2405	0.395610	0.395110	0.397203	0.389497	0.388298	0.391498	0.410591	0.411675	0.390052	0.383851	
2410	0.388958	0.396798	0.396830	0.385693	0.385335	0.389287	0.416937	0.413579	0.391278	0.382709	
2415	0.386056	0.397387	0.392248	0.384132	0.384447	0.385689	0.417831	0.415313	0.392919	0.384648	
2420	0.390065	0.392622	0.390881	0.383189	0.384008	0.385555	0.417034	0.420116	0.393028	0.381158	
2425	0.391545	0.391560	0.388908	0.385388	0.385968	0.388197	0.412903	0.417663	0.390365	0.380758	
2430	0.394339	0.391459	0.391313	0.383042	0.382440	0.387837	0.414284	0.412560	0.386610	0.379699	
2435	0.389184	0.391774	0.390687	0.386331	0.384257	0.391013	0.412702	0.416626	0.385306	0.380961	
2440	0.392764	0.392356	0.388218	0.386233	0.386024	0.389883	0.412224	0.417485	0.386580	0.385205	
2445	0.394784	0.394724	0.388339	0.384395	0.388063	0.394408	0.409601	0.413936	0.383846	0.382413	
2450	0.396947	0.391949	0.386485	0.385878	0.384133	0.392725	0.408733	0.409915	0.383605	0.378804	
2455	0.400498	0.387205	0.388596	0.386586	0.383724	0.396371	0.409517	0.415384	0.383497	0.379164	
2460	0.397013	0.387022	0.388472	0.383872	0.382871	0.395788	0.411475	0.407817	0.386470	0.381426	
2465	0.400363	0.385440	0.389333	0.383494	0.387323	0.394905	0.405705	0.409733	0.381665	0.381570	
2470	0.403021	0.387206	0.391325	0.382476	0.388781	0.394199	0.407282	0.408291	0.386993	0.383970	
2475	0.400847	0.382494	0.389106	0.386285	0.388028	0.398603	0.400049	0.406076	0.388073	0.386669	
2480	0.401313	0.384900	0.390000	0.383969	0.389574	0.399478	0.398004	0.405509	0.382165	0.387769	
2485	0.404371	0.381663	0.387290	0.385142	0.392556	0.400883	0.393813	0.401862	0.383121	0.393703	
2490	0.403521	0.383865	0.389354	0.380307	0.394177	0.400102	0.394014	0.402459	0.384201	0.388913	
2495	0.405498	0.382352	0.389148	0.378873	0.393273	0.398182	0.393321	0.401392	0.385081	0.387474	
2500	0.402816	0.380421	0.389884	0.385139	0.390556	0.395167	0.396529	0.400218	0.384453	0.386281	
2505	0.406418	0.380701	0.385229	0.386016	0.386481	0.392852	0.394117	0.400137	0.388505	0.386160	
2510	0.404046	0.378311	0.385719	0.386772	0.388138	0.397654	0.392639	0.401182	0.387201	0.387364	
2515	0.401100	0.376928	0.383074	0.383305	0.391803	0.396457	0.390726	0.403851	0.389743	0.385475	
2520	0.404041	0.375498	0.379320	0.379934	0.395009	0.396319	0.390434	0.401099	0.387540	0.385170	
2525	0.405997	0.378960	0.381192	0.380743	0.391241	0.398003	0.389716	0.404385	0.388083	0.384323	
2530	0.400963	0.376434	0.377311	0.380148	0.392539	0.398892	0.386768	0.402817	0.387800	0.387527	
2535	0.400424	0.379955	0.376874	0.382333	0.389908	0.400523	0.387342	0.402333	0.389674	0.387329	
2540	0.396367	0.381742	0.379199	0.381652	0.389747	0.395909	0.386594	0.398842	0.390438	0.387400	
2545	0.395399	0.388192	0.380989	0.378950	0.386618	0.392101	0.381572	0.394200	0.395096	0.386624	
2550	0.395977	0.384926	0.378064	0.375975	0.389761	0.390887	0.381669	0.394877	0.395829	0.384625	
2555	0.393444	0.387257	0.374019	0.375384	0.392413	0.392316	0.384505	0.390333	0.392708	0.386545	
2560	0.390956	0.385938	0.373237	0.377542	0.393057	0.387832	0.388439	0.389662	0.395866	0.384271	
2565	0.391040	0.384700	0.377789	0.377938	0.396858	0.391673	0.390273	0.383712	0.395931	0.384694	
2570	0.388863	0.381027	0.384153	0.374882	0.399817	0.393980	0.392832	0.386035	0.397343	0.387518	
2575	0.385668	0.383528	0.388012	0.377505	0.400144	0.394755	0.392205	0.387357	0.394811	0.383740	
2580	0.386982	0.385891	0.385468	0.380402	0.403813	0.390842	0.392508	0.382486	0.396409	0.385494	
2585	0.385113	0.383421	0.384549	0.381690	0.406657	0.390396	0.392481	0.385444	0.397827	0.384331	
2590	0.386992	0.383474	0.390671	0.380815	0.406922	0.387338	0.389532	0.388912	0.397768	0.384072	
2595	0.395418	0.382473	0.389957	0.383397	0.405029	0.387895	0.391777	0.385410	0.396318	0.385414	
2600	0.396407	0.384660	0.393162	0.383896	0.406848	0.387221	0.390755	0.381424	0.401325	0.384282	
2605	0.398922	0.384790	0.395053	0.382221	0.407440	0.388918	0.390554	0.381109	0.399412	0.379086	
2610	0.395667	0.381785	0.398079	0.383133	0.403130	0.386550	0.393040	0.380894	0.398650	0.380709	
2615	0.393437	0.381378	0.399472	0.381936	0.396239	0.388498	0.390153	0.379264	0.396144	0.382378	
2620	0.391557	0.380180	0.399876	0.384710	0.394335	0.390673	0.392398	0.376863	0.395578	0.385749	
2625	0.397444	0.373644	0.400972	0.384400	0.394147	0.390618	0.393838	0.384684	0.400163	0.385560	
2630	0.395285	0.371722	0.398499	0.389236	0.390641	0.391600	0.392880	0.387050	0.401218	0.387328	
2635	0.394423	0.376268	0.403057	0.390520	0.394615	0.393352	0.395530	0.387571	0.398527	0.385527	
2640	0.392700	0.375594	0.410367	0.387455	0.398244	0.394651	0.396918	0.386571	0.399078	0.381997	
2645	0.397544	0.380857	0.409582	0.391948	0.395453	0.390949	0.397235	0.383382	0.402885	0.383162	
2650	0.397973	0.383257	0.403613	0.395060	0.395598	0.390878	0.396213	0.381377	0.403012	0.378688	
2655	0.398361	0.382938	0.405320	0.395874	0.397311	0.391638	0.390524	0.380097	0.399614	0.383351	
2660	0.397207	0.383829	0.407436	0.392331	0.401066	0.389678	0.391211	0.384729	0.396188	0.382866	
2665	0.396085	0.383358	0.406333	0.394427	0.404659	0.393016	0.392076	0.385924	0.397605	0.381719	
2670	0.396668	0.385049	0.406829	0.394878	0.406430	0.398034	0.385239	0.385721	0.397466	0.384187	
2675	0.399305	0.383576	0.405030	0.396090	0.406795	0.396443	0.381236	0.385193	0.398954	0.384809	
2680	0.397765	0.382747	0.402737	0.400298	0.402079	0.393474	0.380763	0.383227	0.398456	0.383559	
2685	0.396968	0.383390	0.403017	0.403230	0.403051	0.395874	0.378352	0.381917	0.405635	0.382568	
2690	0.398811	0.386872	0.405209	0.401422	0.404556	0.393886	0.377493	0.379564	0.399885	0.383822	
2695	0.396525	0.387354	0.404453	0.399818	0.401156	0.389084	0.376671	0.377735	0.396032	0.382236	
2700	0.397783	0.393730	0.397750	0.399094	0.401906	0.388786	0.379038	0.381940	0.391981	0.375659	
2705	0.399065	0.389297	0.399779	0.400505	0.401712	0.383645	0.373985	0.381719	0.387653	0.376334	
2710	0.399313	0.388890	0.399049	0.400894	0.403391	0.384101	0.375734	0.378429	0.386960	0.379413	
2715	0.403137	0.387557	0.402386	0.396429	0.403208	0.383244	0.375819	0.377364	0.383133	0.377232	
2720	0.401243	0.391185	0.405848	0.399662	0.405076	0.382326	0.373508	0.378802	0.386759	0.377838	
2725	0.398228	0.391787	0.400913	0.401477	0.404862	0.383192	0.370706	0.375794	0.389671	0.375003	
2730	0.403675	0.396971	0.398426	0.402048	0.405669	0.381250	0.370215	0.379492	0.391456	0.368901	
2735	0.409099	0.401097	0.391535	0.402724	0.408171	0.383062	0.365891	0.378853	0.391620	0.369465	
2740	0.412178	0.395557	0.392259	0.411368	0.409581	0.380785	0.370963	0.378883	0.389071	0.369684	
2745	0.410874	0.391899	0.391958	0.410905	0.408465	0.387576	0.375839	0.380489	0.391143	0.370625	
2750	0.410616	0.392348	0.389140	0.412048	0.407044	0.389593	0.371333	0.375036	0.393067	0.369035	
2755	0.409194	0.393252	0.390533	0.410540	0.406180	0.390715	0.373297	0.371326	0.392476	0.369760	
2760	0.410493	0.394966	0.395160	0.399947	0.408354	0.388781	0.375761	0.375048	0.391713	0.367224	
2765	0.405026	0.393218	0.395124	0.395836	0.397269	0.388144	0.375599	0.372116	0.389660	0.367674	
2770	0.405489	0.393686	0.392090	0.394876	0.400186	0.387459	0.379909	0.370837	0.396339	0.374220	
2775	0.403569	0.392520	0.392402	0.395526	0.396947	0.390033	0.378373	0.371790	0.400090	0.381493	
2780	0.407534	0.395632	0.393803	0.392497	0.394463	0.391694	0.379964	0.375874	0.403366	0.382573	
2785	0.403566	0.394338	0.395374	0.394460	0.394158	0.389251	0.378201	0.382922	0.403044	0.383003	
2790	0.405023	0.393376	0.396000	0.390691	0.397929	0.391206	0.380126	0.387374	0.407366	0.382859	
2795	0.404525	0.395883	0.394285	0.391015	0.398704	0.390549	0.378289	0.387407	0.404642	0.385352	
2800	0.404230	0.398428	0.393616	0.395287	0.390024	0.391238	0.382292	0.386736	0.404371	0.384406	
2805	0.406674	0.400905	0.387272	0.400323	0.394882	0.392472	0.380674	0.384679	0.398444	0.384252	
2810	0.409492	0.400222	0.385558	0.398501	0.393231	0.390484	0.383291	0.384273	0.397318	0.381413	
2815	0.408282	0.397589	0.385941	0.396469	0.390348	0.388678	0.381083	0.380041	0.401541	0.381973	
2820	0.408491	0.396488	0.386964	0.393150	0.395148	0.388860	0.378349	0.382649	0.404598	0.382318	
2825	0.410977	0.392391	0.387705	0.399782	0.390089	0.395411	0.381548	0.382548	0.400911	0.381312	
2830	0.409822	0.388045	0.386376	0.396367	0.390491	0.394023	0.380768	0.381417	0.402191	0.379695	
2835	0.411411	0.388689	0.391444	0.396824	0.392461	0.393129	0.381611	0.380251	0.406064	0.381067	
2840	0.410946	0.388436	0.395665	0.389771	0.395241	0.393218	0.384083	0.376514	0.401282	0.378078	
2845	0.409360	0.383746	0.393978	0.390792	0.396865	0.385439	0.384713	0.378478	0.398465	0.383726	
2850	0.412955	0.384718	0.391326	0.391063	0.394857	0.384548	0.384877	0.377637	0.395971	0.383200	
2855	0.410841	0.390416	0.390813	0.386120	0.398625	0.387638	0.385735	0.381343	0.393787	0.385408	
2860	0.406591	0.393162	0.391106	0.388931	0.399806	0.388512	0.383777	0.379709	0.396170	0.385340	
2865	0.412559	0.391782	0.396414	0.389186	0.396313	0.392811	0.377948	0.379257	0.398379	0.380269	
2870	0.413719	0.396501	0.396408	0.386915	0.395761	0.394150	0.377051	0.386453	0.399105	0.381790	
2875	0.409704	0.396631	0.396907	0.383746	0.394821	0.399474	0.376174	0.383597	0.395604	0.380476	
2880	0.408566	0.400019	0.396590	0.382430	0.399723	0.397157	0.377220	0.388160	0.395893	0.376733	
2885	0.405704	0.404855	0.395944	0.386609	0.400042	0.396784	0.381055	0.391379	0.390582	0.378754	
2890	0.407996	0.402794	0.396844	0.385595	0.401057	0.399246	0.379993	0.394596	0.388449	0.383347	
2895	0.406820	0.400691	0.393409	0.384294	0.400736	0.397255	0.382684	0.392125	0.393051	0.382003	
2900	0.404253	0.405884	0.394576	0.383535	0.401039	0.395465	0.382138	0.392715	0.391744	0.377525	
2905	0.406186	0.403213	0.394848	0.384270	0.401310	0.394100	0.380626	0.394852	0.389704	0.377885	
2910	0.405945	0.400975	0.394903	0.380526	0.402714	0.393602	0.380137	0.394327	0.385197	0.380570	
2915	0.403466	0.396980	0.390622	0.384681	0.409550	0.394576	0.376905	0.391878	0.377767	0.382471	
2920	0.398356	0.397551	0.393942	0.384637	0.402220	0.390953	0.375863	0.390811	0.377468	0.381083	
2925	0.399315	0.395098	0.390799	0.384713	0.401846	0.389165	0.378828	0.394716	0.382557	0.380132	
2930	0.393281	0.392663	0.387368	0.381430	0.403053	0.386645	0.381491	0.398036	0.387487	0.382551	
2935	0.395328	0.390819	0.387105	0.385180	0.405986	0.384524	0.381804	0.397064	0.384894	0.382991	
2940	0.391939	0.390296	0.386217	0.382073	0.399284	0.384458	0.384696	0.400176	0.388410	0.379489	
2945	0.393685	0.390005	0.390228	0.386399	0.405638	0.386832	0.386641	0.394424	0.392907	0.379626	
2950	0.391560	0.388932	0.390520	0.392046	0.404993	0.384913	0.381880	0.396742	0.391856	0.381242	
2955	0.393601	0.387178	0.390997	0.392181	0.409202	0.382450	0.380409	0.395993	0.391395	0.380111	
2960	0.394991	0.385600	0.392713	0.391134	0.411542	0.382351	0.381374	0.393106	0.391823	0.380232	
2965	0.396949	0.384530	0.393322	0.395805	0.413986	0.381497	0.382026	0.396198	0.389356	0.382571	
2970	0.395637	0.379673	0.391697	0.395907	0.412076	0.379557	0.384245	0.395545	0.388841	0.379803	
2975	0.397308	0.385391	0.394447	0.393596	0.413008	0.380349	0.385377	0.391574	0.386503	0.379778	
2980	0.403757	0.390858	0.394831	0.394647	0.415108	0.380525	0.384552	0.390969	0.386098	0.378341	
2985	0.402453	0.383741	0.391713	0.395707	0.413024	0.381737	0.387186	0.390425	0.385209	0.379273	
2990	0.401918	0.385434	0.391101	0.396305	0.420281	0.383734	0.389209	0.388334	0.384633	0.383626	
2995	0.402420	0.384691	0.390078	0.395720	0.415273	0.384214	0.390733	0.388448	0.384170	0.383733	
3000	0.403608	0.383289	0.393155	0.396824	0.411544	0.382711	0.394320	0.394151	0.384181	0.382626	
