T	rep_1	rep_2	rep_3	rep_4	rep_5	rep_6	rep_7	rep_8	rep_9	rep_10
5	0.000000	0.000000	0.000000	0.000000	0.000000	0.000000	0.000000	0.000000	0.000000	0.000000	
10	0.000000	0.000000	0.000000	0.000000	0.000000	0.000000	0.000000	0.000000	0.000000	0.000000	
15	0.000000	0.000000	0.000000	0.000000	0.000000	0.000000	0.000000	0.000000	0.000000	0.000000	
20	0.000000	0.000000	0.000000	0.000000	0.000000	0.000000	0.000000	0.000000	0.000000	0.000000	
25	0.000000	0.000000	0.000000	0.000000	0.000000	0.000000	0.000000	0.000000	0.000000	0.000000	
30	0.000000	0.000000	0.000000	0.000000	0.000000	0.000000	0.000000	0.000000	0.000000	0.000000	
35	0.000000	0.000000	0.000000	0.000000	0.000000	0.000000	0.000000	0.000000	0.000000	0.000000	
40	0.000000	0.000000	0.000000	0.000000	0.000000	0.000000	0.000000	0.000000	0.000000	0.000000	
45	0.000000	0.000000	0.000000	0.000000	0.000000	0.000000	0.000000	0.000000	0.000000	0.000000	
50	0.000000	0.000000	0.000000	0.000000	0.000000	0.000000	0.000000	0.000000	0.000000	0.000000	
55	0.000000	0.000000	0.000000	0.000000	0.000000	0.000000	0.000000	0.000000	0.000000	0.000000	
60	0.000000	0.000000	0.000000	0.000000	0.000000	0.000000	0.000000	0.000000	0.000000	0.000000	
65	0.000000	0.000000	0.000000	0.000000	0.000000	0.000000	0.000000	0.000000	0.000000	0.000000	
70	0.000000	0.000000	0.000000	0.000000	0.000000	0.000000	0.000000	0.000000	0.000000	0.000000	
75	0.000000	0.000000	0.000000	0.000000	0.000000	0.000000	0.000000	0.000000	0.000000	0.000000	
80	0.000000	0.000000	0.000000	0.000000	0.000000	0.000000	0.000000	0.000000	0.000000	0.000000	
85	0.000000	0.000000	0.000000	0.000000	0.000000	0.000000	0.000000	0.000000	0.000000	0.000000	
90	0.000000	0.000000	0.000000	0.000000	0.000000	0.000000	0.000000	0.000000	0.000000	0.000000	
95	0.000000	0.000000	0.000000	0.000000	0.000000	0.000000	0.000000	0.000000	0.000000	0.000000	
100	0.000000	0.000000	0.000000	0.000000	0.000000	0.000000	0.000000	0.000000	0.000000	0.000000	
105	0.001195	0.002539	0.001673	0.002344	0.001900	0.001473	0.001241	0.001052	0.000937	0.001322	
110	0.006979	0.005914	0.005311	0.006179	0.008435	0.006055	0.005503	0.005457	0.005592	0.004252	
115	0.014380	0.012556	0.009950	0.011807	0.017649	0.010632	0.012622	0.013267	0.012640	0.008978	
120	0.021466	0.020029	0.016555	0.022746	0.031645	0.019367	0.024842	0.024193	0.024157	0.018299	
125	0.033024	0.038011	0.025356	0.039565	0.052537	0.031631	0.037761	0.042054	0.040034	0.029105	
130	0.047272	0.060882	0.042228	0.054183	0.071526	0.045379	0.053671	0.060776	0.054099	0.041291	
135	0.060757	0.075402	0.062365	0.068661	0.086515	0.060347	0.069944	0.075678	0.069096	0.055169	
140	0.077216	0.093046	0.076124	0.078167	0.101832	0.071903	0.081640	0.085000	0.080076	0.073442	
145	0.085276	0.101037	0.084306	0.086558	0.110765	0.078965	0.089138	0.092089	0.092261	0.085005	
150	0.092239	0.105030	0.095279	0.091248	0.115574	0.083504	0.096967	0.100285	0.100412	0.094590	
155	0.105291	0.106249	0.099756	0.096138	0.126005	0.087228	0.102849	0.106027	0.105615	0.106551	
160	0.112610	0.109872	0.104474	0.100552	0.126782	0.091242	0.106353	0.110371	0.110294	0.114700	
165	0.119524	0.114633	0.110967	0.103324	0.130024	0.095404	0.110264	0.118031	0.116341	0.119200	
170	0.125133	0.118861	0.116236	0.106680	0.130455	0.098363	0.114210	0.118982	0.122872	0.127149	
175	0.128660	0.122112	0.121349	0.110583	0.130656	0.101245	0.117776	0.123953	0.129743	0.127145	
180	0.133504	0.125050	0.124714	0.116119	0.135464	0.105443	0.127513	0.130399	0.130647	0.131094	
185	0.139046	0.130130	0.130321	0.117860	0.141923	0.110285	0.136056	0.133658	0.140817	0.133829	
190	0.144726	0.133374	0.135093	0.120864	0.145741	0.117095	0.141337	0.140071	0.145917	0.138902	
195	0.150068	0.138190	0.137686	0.123170	0.148810	0.119391	0.146302	0.144360	0.149902	0.146750	
200	0.161756	0.139914	0.139063	0.130613	0.150870	0.122799	0.148904	0.145333	0.151448	0.149780	
205	0.165305	0.144715	0.143500	0.129563	0.153613	0.127240	0.154596	0.151539	0.156196	0.154025	
210	0.167521	0.147515	0.147010	0.135860	0.153814	0.133670	0.161112	0.148760	0.162052	0.156404	
215	0.173381	0.153219	0.148748	0.137055	0.159110	0.136916	0.158091	0.151237	0.162832	0.161668	
220	0.173789	0.156313	0.150895	0.141455	0.158582	0.138805	0.156785	0.156425	0.165963	0.162533	
225	0.176251	0.158080	0.157388	0.143256	0.161577	0.145372	0.162195	0.156265	0.170734	0.169184	
230	0.179089	0.158463	0.157444	0.144087	0.162615	0.148362	0.165941	0.160684	0.171145	0.173520	
235	0.179369	0.162129	0.159733	0.146764	0.165729	0.150765	0.170687	0.162221	0.173277	0.173206	
240	0.182625	0.164537	0.159709	0.145554	0.164699	0.154752	0.173999	0.164355	0.175549	0.179341	
245	0.184871	0.167806	0.160367	0.149666	0.166157	0.155937	0.172760	0.167263	0.176750	0.184785	
250	0.187177	0.167570	0.163104	0.151738	0.169560	0.158826	0.171103	0.169357	0.177323	0.183100	
255	0.188777	0.168721	0.167098	0.152639	0.169218	0.160442	0.169251	0.168556	0.175704	0.186065	
260	0.184728	0.173219	0.170450	0.153093	0.171375	0.164762	0.164452	0.168299	0.177239	0.186602	
265	0.190059	0.172824	0.175547	0.152601	0.174229	0.171942	0.168852	0.169124	0.179156	0.186619	
270	0.186429	0.169451	0.178797	0.153287	0.175436	0.176934	0.167608	0.172136	0.176837	0.189580	
275	0.192323	0.169450	0.175405	0.153530	0.176583	0.174925	0.169052	0.174446	0.178502	0.190197	
280	0.190001	0.171469	0.176528	0.153105	0.175290	0.177810	0.169027	0.171246	0.181666	0.190950	
285	0.190052	0.173849	0.177946	0.153131	0.177222	0.179068	0.168271	0.172409	0.181729	0.193542	
290	0.184427	0.173889	0.178742	0.152144	0.180146	0.179646	0.167139	0.172149	0.180167	0.189896	
295	0.185376	0.176479	0.177028	0.152177	0.179317	0.183379	0.169249	0.173385	0.181456	0.188876	
300	0.186685	0.179126	0.178322	0.152734	0.176913	0.182026	0.167634	0.174313	0.179656	0.187494	
305	0.190748	0.181804	0.177226	0.150190	0.176150	0.181989	0.171496	0.174455	0.176346	0.189516	
310	0.191286	0.182019	0.178400	0.149849	0.178944	0.183086	0.171132	0.174310	0.175509	0.192154	
315	0.186952	0.180721	0.176473	0.152264	0.177754	0.181168	0.173055	0.175214	0.179389	0.192044	
320	0.188406	0.181605	0.178616	0.152223	0.177608	0.180693	0.170670	0.171084	0.177040	0.190701	
325	0.187314	0.181234	0.177893	0.153609	0.176021	0.182322	0.172731	0.172449	0.176710	0.192963	
330	0.188778	0.182089	0.176989	0.154983	0.178880	0.183778	0.171494	0.171320	0.175443	0.196179	
335	0.186392	0.180924	0.177271	0.158757	0.180566	0.183373	0.170223	0.174655	0.174151	0.197202	
340	0.184940	0.178919	0.178720	0.157967	0.177036	0.181312	0.171276	0.179376	0.170972	0.194003	
345	0.180013	0.179417	0.177151	0.157428	0.177392	0.180186	0.170043	0.180065	0.171547	0.194954	
350	0.178874	0.177915	0.179694	0.159024	0.177374	0.180744	0.172394	0.180127	0.170433	0.194535	
355	0.178437	0.176052	0.176190	0.158549	0.177161	0.179928	0.171442	0.178316	0.168353	0.190855	
360	0.174630	0.172295	0.174759	0.159743	0.175877	0.174875	0.172683	0.177719	0.167826	0.191991	
365	0.173844	0.175148	0.172586	0.162936	0.174731	0.176455	0.171673	0.172843	0.170229	0.192915	
370	0.175583	0.175700	0.170986	0.164959	0.173084	0.176052	0.173521	0.175949	0.169097	0.191369	
375	0.172962	0.178403	0.168498	0.162865	0.176023	0.178323	0.172919	0.177316	0.168648	0.189559	
380	0.173668	0.176210	0.167229	0.163184	0.177420	0.178710	0.174717	0.172327	0.171176	0.189506	
385	0.175476	0.176621	0.168365	0.163173	0.175938	0.176511	0.171569	0.170444	0.171585	0.186199	
390	0.170060	0.176924	0.171402	0.162380	0.175048	0.177035	0.173670	0.170101	0.175859	0.181090	
395	0.164326	0.174165	0.172563	0.162469	0.173616	0.176703	0.168880	0.171341	0.178096	0.177668	
400	0.166176	0.172506	0.174164	0.159163	0.171900	0.177472	0.167549	0.172467	0.177785	0.176176	
405	0.168343	0.171763	0.172324	0.159185	0.171349	0.176442	0.168599	0.173389	0.178594	0.172860	
410	0.170710	0.168980	0.174450	0.164004	0.174191	0.176514	0.170054	0.171461	0.177505	0.175386	
415	0.170900	0.168030	0.174569	0.161332	0.174099	0.177128	0.171815	0.171458	0.173571	0.175330	
420	0.172848	0.167667	0.173296	0.162970	0.173950	0.178522	0.172226	0.171771	0.174859	0.172758	
425	0.169839	0.167531	0.170580	0.160558	0.173062	0.178419	0.173725	0.173945	0.173039	0.170774	
430	0.169897	0.169296	0.171472	0.161537	0.175768	0.175450	0.175413	0.172848	0.174828	0.172698	
435	0.167567	0.169198	0.172135	0.167481	0.174384	0.173673	0.175315	0.171179	0.174747	0.172535	
440	0.164980	0.171384	0.168797	0.169635	0.172546	0.174336	0.172509	0.170833	0.175076	0.175207	
445	0.165957	0.170617	0.164007	0.167578	0.172240	0.174323	0.173298	0.173359	0.174475	0.173295	
450	0.164266	0.171112	0.162239	0.165661	0.170700	0.177128	0.175142	0.174326	0.172815	0.176443	
455	0.162144	0.171352	0.163089	0.167145	0.169674	0.176849	0.171188	0.177653	0.171183	0.174649	
460	0.164193	0.175125	0.161949	0.160301	0.173065	0.175293	0.171943	0.176871	0.174927	0.172359	
465	0.164561	0.172894	0.162096	0.162232	0.169793	0.175961	0.171994	0.175834	0.175403	0.172610	
470	0.162238	0.169477	0.161988	0.160878	0.165373	0.174966	0.173536	0.176664	0.176397	0.173083	
475	0.160344	0.166559	0.162459	0.163777	0.165488	0.176822	0.174344	0.175721	0.173946	0.175495	
480	0.160531	0.163247	0.164689	0.162709	0.166001	0.175167	0.172261	0.176019	0.173651	0.173775	
485	0.159653	0.166856	0.163194	0.164648	0.168878	0.178910	0.171384	0.175129	0.174001	0.171982	
490	0.158651	0.164821	0.166518	0.164449	0.169877	0.179535	0.171054	0.177051	0.173655	0.171531	
495	0.160813	0.164232	0.163801	0.166678	0.164600	0.180529	0.172341	0.176509	0.175346	0.169636	
500	0.159228	0.165519	0.162839	0.168182	0.163331	0.176009	0.168153	0.176268	0.173948	0.170319	
505	0.157434	0.166844	0.161513	0.168420	0.162995	0.174949	0.170765	0.175613	0.173258	0.170250	
510	0.157947	0.166570	0.160568	0.167052	0.164821	0.175776	0.171450	0.176889	0.170821	0.166589	
515	0.157036	0.166915	0.163032	0.165070	0.165046	0.177241	0.171963	0.179894	0.170558	0.163450	
520	0.154145	0.169261	0.164935	0.164925	0.164431	0.176060	0.170825	0.179940	0.171500	0.163432	
525	0.156532	0.168861	0.163514	0.164176	0.165261	0.175682	0.169181	0.180786	0.171247	0.167495	
530	0.156825	0.167108	0.160214	0.162557	0.166602	0.176203	0.169762	0.179196	0.172280	0.165119	
535	0.157970	0.164138	0.161283	0.165156	0.168678	0.173272	0.170908	0.179707	0.174083	0.164296	
540	0.156844	0.165829	0.159938	0.164141	0.167967	0.173112	0.172747	0.178795	0.173829	0.166117	
545	0.161696	0.164463	0.160083	0.162342	0.166366	0.171897	0.175560	0.177263	0.177693	0.164268	
550	0.161937	0.165860	0.161966	0.162957	0.164831	0.174656	0.172958	0.175033	0.178917	0.165469	
555	0.162418	0.164375	0.159343	0.162814	0.161624	0.176390	0.169946	0.175372	0.178650	0.162870	
560	0.161601	0.163607	0.160719	0.164635	0.162414	0.177788	0.168207	0.177730	0.180494	0.165829	
565	0.161878	0.163147	0.157241	0.166224	0.162149	0.175258	0.165221	0.178030	0.181095	0.163833	
570	0.162011	0.164141	0.156421	0.166880	0.161955	0.175103	0.166454	0.177055	0.174952	0.163233	
575	0.162112	0.163399	0.156525	0.165055	0.165080	0.172542	0.165716	0.174983	0.175886	0.164700	
580	0.159951	0.163353	0.154904	0.163766	0.163539	0.172093	0.165232	0.173076	0.174901	0.165058	
585	0.158825	0.167857	0.156185	0.164883	0.167528	0.172638	0.163061	0.175675	0.170804	0.164269	
590	0.161734	0.165696	0.153647	0.167246	0.166237	0.172675	0.161896	0.175761	0.169438	0.163917	
595	0.158142	0.166418	0.154018	0.165951	0.167300	0.174693	0.164812	0.173512	0.170770	0.164914	
600	0.157763	0.168075	0.153405	0.163291	0.167376	0.171221	0.163404	0.171291	0.169684	0.165108	
605	0.160497	0.171130	0.152325	0.163010	0.171004	0.169809	0.163732	0.170885	0.170291	0.164112	
610	0.160889	0.170887	0.152146	0.160587	0.169096	0.171735	0.161914	0.168389	0.169331	0.163631	
615	0.160127	0.171500	0.149701	0.159907	0.167506	0.168633	0.161842	0.169477	0.168529	0.164888	
620	0.158017	0.175140	0.152179	0.160189	0.167274	0.167660	0.165565	0.170616	0.169630	0.163568	
625	0.162296	0.176571	0.152345	0.158081	0.166497	0.166394	0.165378	0.168949	0.172075	0.160930	
630	0.160246	0.173803	0.154236	0.159375	0.167374	0.166402	0.164664	0.170556	0.173897	0.163957	
635	0.162762	0.174455	0.156353	0.158826	0.168381	0.166234	0.166339	0.170424	0.166528	0.161667	
640	0.166304	0.174624	0.154183	0.158724	0.168459	0.162879	0.163950	0.167074	0.166055	0.156944	
645	0.167142	0.175669	0.152106	0.156590	0.168485	0.165769	0.167692	0.168026	0.168623	0.157543	
650	0.168736	0.176584	0.152767	0.159089	0.168551	0.167393	0.168653	0.166951	0.170557	0.160618	
655	0.166625	0.174217	0.153248	0.158146	0.171735	0.168318	0.166035	0.168454	0.171767	0.158200	
660	0.166687	0.170897	0.152940	0.154766	0.172841	0.167546	0.167844	0.167046	0.169952	0.159012	
665	0.166558	0.169578	0.153663	0.157110	0.172115	0.168059	0.169225	0.166724	0.166468	0.159750	
670	0.165062	0.164258	0.154196	0.155912	0.178400	0.167038	0.169193	0.166147	0.160424	0.161273	
675	0.165338	0.166099	0.152554	0.156763	0.178468	0.169139	0.168289	0.165504	0.163123	0.161455	
680	0.165114	0.164065	0.152599	0.156746	0.175123	0.167482	0.166514	0.166328	0.166800	0.160603	
685	0.161502	0.164340	0.153588	0.156158	0.173952	0.165567	0.168643	0.166941	0.169933	0.160311	
690	0.161930	0.166675	0.155131	0.155505	0.174034	0.168282	0.168814	0.166683	0.167113	0.160436	
695	0.162334	0.163385	0.154013	0.154318	0.172035	0.166847	0.169445	0.167375	0.165266	0.160507	
700	0.163857	0.161972	0.154767	0.152449	0.173089	0.162834	0.168823	0.168778	0.164797	0.158728	
705	0.167787	0.161301	0.157225	0.152522	0.171979	0.164030	0.168853	0.168544	0.161802	0.158561	
710	0.161822	0.159591	0.158221	0.152428	0.172774	0.166071	0.168278	0.168588	0.160378	0.158691	
715	0.160853	0.160654	0.156689	0.152748	0.175252	0.166578	0.168514	0.168865	0.162586	0.161422	
720	0.161015	0.166888	0.156548	0.155835	0.178454	0.166089	0.166949	0.170431	0.163205	0.163883	
725	0.159746	0.170271	0.155640	0.157430	0.179043	0.163296	0.163366	0.170410	0.164058	0.161411	
730	0.159196	0.170383	0.157450	0.158593	0.173394	0.164936	0.164517	0.172633	0.163224	0.157735	
735	0.158133	0.172030	0.155869	0.158401	0.174277	0.164655	0.162271	0.174803	0.163934	0.158845	
740	0.157329	0.173278	0.158234	0.158041	0.177002	0.163359	0.164180	0.173079	0.160972	0.157748	
745	0.155838	0.168641	0.157243	0.159056	0.176151	0.170542	0.162985	0.175946	0.156960	0.158538	
750	0.156245	0.163300	0.160061	0.158838	0.171290	0.169411	0.162291	0.173438	0.157611	0.162429	
755	0.154419	0.162123	0.162693	0.156900	0.172943	0.170689	0.164370	0.173762	0.155067	0.162519	
760	0.154075	0.166326	0.162410	0.156663	0.172142	0.168540	0.167290	0.169218	0.152304	0.160546	
765	0.155078	0.165562	0.162581	0.157924	0.170575	0.170436	0.169235	0.168073	0.154967	0.159640	
770	0.154078	0.168604	0.160834	0.157319	0.169947	0.169532	0.170526	0.166554	0.153781	0.160986	
775	0.157504	0.166183	0.159212	0.157233	0.173439	0.169482	0.170997	0.166941	0.152495	0.164945	
780	0.157289	0.169145	0.159903	0.157703	0.170123	0.167066	0.170092	0.164455	0.151543	0.168243	
785	0.158608	0.170969	0.160316	0.153424	0.170386	0.166939	0.170334	0.163761	0.151923	0.165676	
790	0.158100	0.171594	0.160734	0.154126	0.172627	0.166543	0.169510	0.163330	0.153028	0.167858	
795	0.155483	0.168649	0.161806	0.153187	0.173394	0.169081	0.170566	0.163370	0.153384	0.164294	
800	0.156172	0.171084	0.161749	0.151673	0.173471	0.171697	0.170823	0.165388	0.154711	0.161861	
805	0.153219	0.173178	0.161408	0.155600	0.173708	0.170529	0.169475	0.164754	0.156977	0.164904	
810	0.152271	0.175312	0.160148	0.155848	0.170596	0.167816	0.165549	0.165967	0.154759	0.166651	
815	0.153457	0.173429	0.158270	0.156068	0.168494	0.169043	0.167386	0.166665	0.156086	0.161988	
820	0.151756	0.175006	0.158338	0.154965	0.167249	0.167721	0.166049	0.171378	0.155759	0.163555	
825	0.150772	0.170767	0.162667	0.154798	0.165419	0.166639	0.162513	0.172217	0.153610	0.164707	
830	0.151510	0.170863	0.159410	0.154654	0.167015	0.166758	0.161540	0.171126	0.156348	0.161946	
835	0.152548	0.167373	0.159565	0.155076	0.166308	0.166939	0.162157	0.168194	0.156332	0.160021	
840	0.155335	0.166910	0.160759	0.153833	0.165822	0.166243	0.163672	0.170987	0.155319	0.159649	
845	0.155393	0.167241	0.159603	0.154393	0.167438	0.167059	0.162690	0.170149	0.152897	0.158006	
850	0.156238	0.166557	0.158195	0.150562	0.164903	0.164710	0.163786	0.167355	0.151809	0.157750	
855	0.156201	0.166183	0.158059	0.149546	0.166113	0.165777	0.164406	0.167875	0.153895	0.159618	
860	0.157634	0.164043	0.154235	0.153739	0.166910	0.166774	0.162408	0.163959	0.154732	0.161319	
865	0.158518	0.162284	0.156437	0.155306	0.170057	0.166697	0.163527	0.164467	0.153968	0.164342	
870	0.158481	0.163510	0.158350	0.154797	0.171671	0.168099	0.165454	0.163215	0.154452	0.161585	
875	0.159188	0.161480	0.157642	0.153387	0.172562	0.164486	0.166500	0.162923	0.151738	0.161493	
880	0.158850	0.162807	0.155500	0.155378	0.172830	0.165397	0.163028	0.164330	0.153873	0.162887	
885	0.159063	0.164439	0.155507	0.155295	0.170635	0.167257	0.165853	0.163955	0.155674	0.160517	
890	0.160846	0.164155	0.156395	0.153369	0.172247	0.164381	0.161610	0.164385	0.155469	0.162710	
895	0.161117	0.163452	0.156302	0.152811	0.174486	0.164489	0.167975	0.163567	0.155465	0.161837	
900	0.161226	0.165177	0.154431	0.151034	0.176173	0.166215	0.166050	0.163222	0.157907	0.162764	
905	0.161840	0.165528	0.154877	0.152200	0.174072	0.164285	0.166828	0.163478	0.155862	0.164236	
910	0.164320	0.167651	0.153868	0.153272	0.173465	0.166601	0.167519	0.166057	0.156774	0.163995	
915	0.164882	0.167496	0.153534	0.153653	0.174111	0.166522	0.168324	0.167009	0.154738	0.160289	
920	0.164850	0.168348	0.154235	0.153495	0.172772	0.167837	0.168958	0.166957	0.154712	0.163449	
925	0.164396	0.167437	0.156357	0.156194	0.170810	0.171070	0.168975	0.168153	0.155982	0.163287	
930	0.162562	0.166849	0.153314	0.156149	0.168626	0.168320	0.168156	0.167122	0.158071	0.162549	
935	0.163909	0.166953	0.156387	0.156566	0.164540	0.165698	0.167798	0.165862	0.159076	0.161529	
940	0.165576	0.167105	0.158265	0.153927	0.167869	0.166142	0.168007	0.162599	0.159857	0.160617	
945	0.165157	0.164988	0.159240	0.156951	0.169127	0.168582	0.167578	0.162633	0.156640	0.157972	
950	0.168196	0.166313	0.158938	0.156452	0.171383	0.172806	0.165076	0.164000	0.155858	0.157225	
955	0.163889	0.169410	0.157220	0.155341	0.173150	0.170943	0.164337	0.164328	0.154412	0.158973	
960	0.163500	0.167461	0.154983	0.154210	0.174265	0.172878	0.163202	0.161107	0.157451	0.158665	
965	0.166209	0.163562	0.153440	0.154100	0.173964	0.171580	0.163688	0.162626	0.157808	0.157921	
970	0.168929	0.163194	0.154805	0.154892	0.174700	0.170847	0.164634	0.162253	0.158844	0.158056	
975	0.172939	0.164895	0.155682	0.157415	0.174818	0.169585	0.161117	0.162382	0.157530	0.158946	
980	0.175625	0.166680	0.155588	0.155991	0.172848	0.170406	0.163455	0.164590	0.157639	0.156017	
985	0.174189	0.167918	0.160573	0.158111	0.174896	0.171124	0.163053	0.159580	0.159896	0.155960	
990	0.174862	0.167163	0.159742	0.159346	0.171911	0.169872	0.161627	0.161457	0.160918	0.153084	
995	0.175996	0.170035	0.158807	0.159478	0.175673	0.172351	0.164517	0.162209	0.157793	0.156925	
1000	0.174728	0.173053	0.159820	0.156134	0.171535	0.168838	0.160622	0.161578	0.158128	0.156281	
1005	0.170924	0.171213	0.161049	0.155779	0.174394	0.164968	0.160531	0.162921	0.160205	0.158164	
1010	0.167681	0.167248	0.159808	0.157415	0.173329	0.165520	0.159698	0.164959	0.160101	0.159000	
1015	0.168497	0.166174	0.163753	0.157814	0.172606	0.162624	0.162195	0.163882	0.159560	0.156626	
1020	0.168709	0.161555	0.163326	0.156523	0.170755	0.162256	0.163371	0.163781	0.157643	0.155592	
1025	0.166974	0.161884	0.159384	0.158395	0.170988	0.164343	0.162916	0.163536	0.161759	0.155583	
1030	0.170690	0.163722	0.159182	0.159203	0.169742	0.160164	0.162341	0.162509	0.162215	0.154549	
1035	0.172347	0.163568	0.158480	0.159167	0.174588	0.162084	0.162626	0.164228	0.161324	0.154990	
1040	0.175204	0.162567	0.157838	0.157782	0.170044	0.162340	0.160105	0.166143	0.158635	0.153239	
1045	0.173302	0.162927	0.157567	0.160133	0.171486	0.160893	0.159131	0.166848	0.159385	0.156996	
1050	0.174693	0.163137	0.159319	0.160367	0.171986	0.159015	0.159417	0.167835	0.160493	0.154741	
1055	0.175086	0.164404	0.157900	0.159869	0.169730	0.161100	0.156739	0.166170	0.160410	0.156369	
1060	0.173594	0.167989	0.157910	0.162110	0.166844	0.158332	0.158150	0.163213	0.160379	0.156418	
1065	0.174379	0.166694	0.159846	0.163821	0.166828	0.156531	0.157745	0.161676	0.159436	0.153458	
1070	0.169819	0.166900	0.158491	0.163460	0.165627	0.158710	0.156530	0.166632	0.159948	0.152183	
1075	0.166877	0.169467	0.159630	0.162733	0.166947	0.160635	0.158644	0.168228	0.158600	0.153137	
1080	0.168676	0.168813	0.160574	0.159222	0.164943	0.158035	0.157424	0.166466	0.160229	0.154599	
1085	0.166260	0.166369	0.161251	0.161487	0.165229	0.157399	0.157416	0.166184	0.160906	0.155280	
1090	0.167891	0.168881	0.158955	0.162732	0.165472	0.153659	0.157708	0.167992	0.163430	0.159065	
1095	0.170350	0.168141	0.158885	0.163770	0.166747	0.153672	0.155317	0.168366	0.163301	0.161585	
1100	0.168404	0.169094	0.159148	0.164565	0.166167	0.153373	0.156283	0.164797	0.159989	0.160894	
1105	0.170283	0.170403	0.160540	0.164921	0.165589	0.154180	0.155070	0.166636	0.161197	0.160829	
1110	0.171733	0.171387	0.161938	0.163186	0.165898	0.156850	0.152455	0.164577	0.163291	0.161384	
1115	0.172430	0.169796	0.162649	0.159824	0.168770	0.155087	0.154157	0.167125	0.162773	0.159243	
1120	0.170233	0.172719	0.160940	0.158974	0.166088	0.156131	0.155721	0.167606	0.164586	0.158757	
1125	0.176709	0.175931	0.163315	0.159668	0.165000	0.154793	0.157222	0.163630	0.168659	0.157011	
1130	0.175406	0.175693	0.161215	0.157456	0.161399	0.152803	0.156671	0.163391	0.165686	0.159138	
1135	0.173933	0.174129	0.161689	0.155197	0.161679	0.152902	0.157036	0.161911	0.165494	0.157965	
1140	0.176090	0.176003	0.162646	0.152062	0.162815	0.153041	0.158292	0.159806	0.168451	0.159764	
1145	0.173878	0.175468	0.162799	0.151027	0.165979	0.153289	0.157894	0.157567	0.172398	0.160243	
1150	0.175864	0.175452	0.159509	0.153034	0.169182	0.154028	0.160418	0.157972	0.169519	0.160827	
1155	0.178699	0.176164	0.158460	0.154904	0.165232	0.153305	0.158520	0.158442	0.167553	0.158598	
1160	0.178575	0.178398	0.158422	0.154913	0.168430	0.154377	0.159052	0.158365	0.166634	0.157888	
1165	0.175606	0.175522	0.156006	0.155643	0.168541	0.154342	0.158253	0.156886	0.166954	0.156904	
1170	0.175476	0.171850	0.157392	0.157294	0.169991	0.154321	0.157751	0.155945	0.167963	0.157165	
1175	0.176361	0.173274	0.156898	0.155448	0.168928	0.154918	0.156477	0.159137	0.166785	0.155135	
1180	0.175592	0.173111	0.155815	0.157245	0.169459	0.152746	0.155793	0.160662	0.165175	0.156821	
1185	0.177602	0.175014	0.158310	0.157197	0.170976	0.157780	0.159007	0.161866	0.162877	0.156805	
1190	0.178235	0.173331	0.157080	0.161638	0.171559	0.155066	0.161465	0.159892	0.162641	0.156240	
1195	0.175118	0.175973	0.155303	0.163126	0.168468	0.155158	0.160089	0.161261	0.165349	0.156355	
1200	0.172260	0.171952	0.156978	0.161629	0.170119	0.155511	0.160263	0.160970	0.164203	0.154461	
1205	0.173921	0.170717	0.158821	0.160233	0.169406	0.154602	0.160176	0.160841	0.168267	0.156637	
1210	0.171445	0.171797	0.159197	0.162926	0.166581	0.153916	0.158449	0.159552	0.170029	0.160623	
1215	0.171186	0.170619	0.158427	0.162633	0.168492	0.151641	0.163937	0.159564	0.168098	0.161033	
1220	0.172276	0.168538	0.160287	0.159686	0.168842	0.151744	0.165900	0.159241	0.170174	0.159144	
1225	0.171990	0.168142	0.160651	0.157888	0.169811	0.151852	0.165847	0.159999	0.169672	0.154520	
1230	0.173543	0.167855	0.161189	0.156764	0.171512	0.152365	0.162692	0.158961	0.168092	0.154791	
1235	0.175965	0.171229	0.160564	0.158243	0.171266	0.150990	0.163805	0.161480	0.168470	0.155567	
1240	0.178240	0.168359	0.164992	0.160979	0.169430	0.153307	0.162232	0.161522	0.168414	0.152842	
1245	0.175599	0.165756	0.165462	0.159267	0.170064	0.155860	0.160558	0.162529	0.172334	0.152592	
1250	0.172557	0.166466	0.162528	0.161236	0.168822	0.156043	0.160495	0.164894	0.171266	0.152777	
1255	0.170750	0.166238	0.159274	0.159244	0.170590	0.157081	0.160713	0.164702	0.171868	0.153578	
1260	0.175403	0.163054	0.162298	0.160545	0.170804	0.157374	0.157555	0.165285	0.168203	0.155760	
1265	0.175344	0.162471	0.162297	0.159161	0.169284	0.158503	0.161715	0.166733	0.170518	0.157724	
1270	0.175016	0.163450	0.163954	0.159783	0.171382	0.159917	0.161648	0.163777	0.169328	0.157721	
1275	0.174921	0.164514	0.163208	0.157851	0.168757	0.159617	0.162364	0.164299	0.167233	0.157320	
1280	0.176105	0.164906	0.162874	0.158504	0.171017	0.161270	0.162055	0.167177	0.166552	0.156730	
1285	0.174790	0.164351	0.161190	0.157221	0.165396	0.160260	0.161956	0.165781	0.168483	0.158389	
1290	0.175739	0.163406	0.158284	0.157081	0.165010	0.161584	0.160950	0.167029	0.167135	0.157669	
1295	0.173243	0.164218	0.159955	0.156891	0.164912	0.158694	0.162673	0.169707	0.168697	0.157302	
1300	0.172625	0.162301	0.162180	0.159679	0.162223	0.161138	0.159807	0.168708	0.169077	0.157723	
1305	0.172654	0.162531	0.161927	0.157468	0.161658	0.160786	0.159079	0.168724	0.168874	0.159429	
1310	0.172568	0.161144	0.157800	0.158717	0.161830	0.159736	0.163930	0.169233	0.170466	0.158066	
1315	0.172008	0.160434	0.163305	0.155724	0.161115	0.161780	0.163306	0.168203	0.169444	0.158498	
1320	0.169791	0.161067	0.165719	0.154569	0.162760	0.161473	0.164484	0.165086	0.167887	0.159256	
1325	0.171077	0.164432	0.164979	0.157161	0.166553	0.165945	0.162417	0.160758	0.169325	0.157291	
1330	0.170666	0.161312	0.167578	0.155969	0.166190	0.162364	0.165565	0.161757	0.168470	0.158703	
1335	0.169509	0.160561	0.164961	0.155238	0.166781	0.163700	0.165440	0.162166	0.168689	0.159940	
1340	0.171840	0.161762	0.163072	0.154734	0.165402	0.161061	0.165731	0.163661	0.168859	0.159152	
1345	0.171326	0.162108	0.163234	0.156711	0.164357	0.161591	0.165966	0.164913	0.164442	0.156223	
1350	0.173860	0.161703	0.165899	0.155055	0.162310	0.163197	0.166524	0.166998	0.161446	0.156969	
1355	0.175129	0.161562	0.167182	0.156617	0.162488	0.162817	0.167901	0.164169	0.161600	0.154783	
1360	0.174056	0.162465	0.165771	0.156116	0.160354	0.163260	0.171939	0.163931	0.161008	0.158141	
1365	0.171910	0.164901	0.164586	0.154182	0.159397	0.159811	0.172621	0.164363	0.163184	0.158279	
1370	0.169238	0.160851	0.160656	0.153626	0.161069	0.159206	0.173721	0.164671	0.165257	0.158732	
1375	0.169874	0.159352	0.159139	0.154769	0.159251	0.155576	0.169018	0.165112	0.164723	0.157285	
1380	0.170293	0.158123	0.158057	0.151282	0.157035	0.155402	0.171189	0.166019	0.165811	0.154166	
1385	0.169342	0.160993	0.154706	0.150695	0.156891	0.154442	0.174193	0.166102	0.167705	0.155871	
1390	0.169490	0.162228	0.156249	0.149456	0.155662	0.155367	0.171748	0.164239	0.167471	0.156527	
1395	0.167095	0.161365	0.160118	0.151755	0.154246	0.157859	0.171806	0.166679	0.166883	0.161336	
1400	0.167545	0.160560	0.161618	0.151514	0.153919	0.159792	0.166419	0.163767	0.168415	0.164246	
1405	0.168464	0.158509	0.158364	0.152252	0.151760	0.157936	0.166895	0.163818	0.163459	0.163852	
1410	0.170069	0.158513	0.157296	0.152589	0.151274	0.161210	0.166568	0.166125	0.164043	0.163547	
1415	0.166028	0.158370	0.158883	0.153214	0.149535	0.161621	0.167803	0.165963	0.160056	0.164083	
1420	0.166970	0.158956	0.157452	0.152636	0.151295	0.160798	0.166704	0.167749	0.162339	0.163617	
1425	0.166360	0.157244	0.155976	0.150597	0.151611	0.160086	0.164346	0.165865	0.164732	0.164674	
1430	0.166141	0.156943	0.156780	0.152605	0.153180	0.161892	0.164891	0.162746	0.164374	0.165664	
1435	0.161389	0.155492	0.158453	0.152002	0.152739	0.161556	0.163785	0.163355	0.164471	0.165442	
1440	0.162009	0.151729	0.158779	0.152858	0.153601	0.162742	0.163283	0.162797	0.164846	0.166748	
1445	0.160677	0.149460	0.155776	0.153845	0.153473	0.163783	0.166939	0.164421	0.164376	0.164622	
1450	0.161440	0.151067	0.155705	0.153871	0.153164	0.166509	0.166203	0.164521	0.165489	0.163033	
1455	0.161998	0.152092	0.157466	0.155759	0.154395	0.166157	0.165841	0.161990	0.166024	0.161692	
1460	0.160445	0.154330	0.155766	0.155167	0.153491	0.166651	0.164962	0.160666	0.165891	0.157303	
1465	0.160350	0.156023	0.156654	0.154212	0.152969	0.164272	0.165769	0.160660	0.167993	0.157824	
1470	0.157579	0.156379	0.153961	0.153578	0.149454	0.163680	0.166193	0.163088	0.170442	0.161318	
1475	0.158949	0.152933	0.151339	0.155007	0.151305	0.163274	0.162248	0.167624	0.172729	0.160883	
1480	0.158155	0.153137	0.150936	0.153651	0.152535	0.165588	0.161308	0.167447	0.171145	0.162717	
1485	0.161188	0.153677	0.151920	0.157159	0.152597	0.162623	0.161310	0.167573	0.167608	0.162172	
1490	0.161759	0.153024	0.149368	0.155123	0.154797	0.160714	0.162816	0.168361	0.167837	0.163045	
1495	0.161035	0.157720	0.151681	0.155159	0.156960	0.161409	0.162479	0.171648	0.166064	0.165609	
1500	0.158305	0.158374	0.151776	0.158276	0.157592	0.161634	0.161719	0.175783	0.162942	0.166408	
1505	0.163481	0.157894	0.152259	0.156728	0.154709	0.163849	0.162332	0.176559	0.163187	0.166096	
1510	0.162941	0.157439	0.151294	0.159136	0.156217	0.164622	0.159845	0.180690	0.159172	0.165322	
1515	0.161805	0.158064	0.148037	0.163773	0.159753	0.164437	0.161357	0.182070	0.157905	0.163460	
1520	0.159441	0.157300	0.147351	0.161128	0.159809	0.165693	0.160053	0.179245	0.157748	0.165407	
1525	0.156898	0.155900	0.150401	0.163203	0.157561	0.167035	0.160593	0.180343	0.157340	0.162771	
1530	0.156749	0.158073	0.152548	0.164501	0.154180	0.164222	0.161846	0.182790	0.154745	0.162368	
1535	0.157180	0.155253	0.152749	0.164538	0.152103	0.164718	0.162145	0.180657	0.154083	0.165829	
1540	0.156903	0.154784	0.148710	0.162219	0.154090	0.164010	0.159933	0.175161	0.154620	0.168054	
1545	0.156501	0.155105	0.150586	0.163207	0.152378	0.161654	0.157161	0.175055	0.153558	0.168118	
1550	0.156426	0.158642	0.153283	0.162770	0.151768	0.162110	0.158003	0.177382	0.152325	0.167780	
1555	0.156367	0.156134	0.154690	0.161574	0.152225	0.159134	0.160238	0.175786	0.152286	0.169899	
1560	0.158714	0.154443	0.155143	0.162101	0.152369	0.160612	0.158650	0.174841	0.153701	0.166910	
1565	0.161998	0.151916	0.157689	0.164575	0.156474	0.162275	0.158619	0.176417	0.150593	0.165357	
1570	0.159547	0.156195	0.158603	0.163629	0.156998	0.161698	0.160502	0.174645	0.151227	0.165696	
1575	0.161113	0.155298	0.157788	0.162570	0.156128	0.161088	0.161135	0.175076	0.151846	0.161629	
1580	0.163187	0.155420	0.158163	0.161086	0.155697	0.163774	0.159584	0.171447	0.150395	0.161556	
1585	0.162790	0.154688	0.159182	0.162908	0.156422	0.164271	0.158956	0.172632	0.153239	0.158914	
1590	0.161276	0.153189	0.158003	0.162480	0.156588	0.164220	0.158844	0.173592	0.153731	0.162745	
1595	0.159417	0.149554	0.160895	0.162064	0.158393	0.161877	0.158527	0.171600	0.154148	0.163996	
1600	0.157881	0.149283	0.161937	0.162025	0.157131	0.160977	0.155795	0.173140	0.154375	0.164835	
1605	0.159745	0.149606	0.161329	0.162034	0.160491	0.158363	0.160085	0.174188	0.151313	0.167146	
1610	0.159796	0.151281	0.160384	0.172312	0.160761	0.156746	0.159888	0.172828	0.151177	0.166175	
1615	0.157474	0.151905	0.161056	0.171066	0.164376	0.156786	0.157867	0.174060	0.152249	0.167433	
1620	0.156429	0.151576	0.161985	0.169875	0.164317	0.156032	0.155787	0.176068	0.150320	0.169445	
1625	0.156632	0.150418	0.162276	0.166534	0.166051	0.154236	0.157546	0.171159	0.148715	0.166786	
1630	0.159030	0.151599	0.161841	0.164727	0.165533	0.155679	0.155615	0.170921	0.148995	0.169070	
1635	0.159992	0.150331	0.164258	0.165613	0.164922	0.156979	0.160128	0.172073	0.150921	0.168847	
1640	0.161735	0.149554	0.161155	0.164622	0.163335	0.158509	0.161676	0.171009	0.152492	0.167692	
1645	0.162350	0.152255	0.160890	0.163561	0.166726	0.158239	0.161208	0.173805	0.150206	0.167969	
1650	0.163543	0.149571	0.159669	0.164423	0.166661	0.157763	0.159213	0.175698	0.150223	0.164878	
1655	0.164088	0.148004	0.159875	0.162883	0.165783	0.158200	0.153884	0.174154	0.147712	0.162761	
1660	0.163287	0.149414	0.158415	0.162403	0.167149	0.160168	0.152859	0.172844	0.150561	0.160992	
1665	0.164155	0.147744	0.159725	0.159005	0.169041	0.161128	0.154313	0.170335	0.153716	0.159893	
1670	0.163611	0.146454	0.160694	0.158200	0.166283	0.157572	0.153236	0.172924	0.152662	0.156192	
1675	0.164772	0.150021	0.159276	0.163273	0.166236	0.158099	0.153398	0.175171	0.153792	0.157751	
1680	0.165858	0.147657	0.159436	0.160707	0.165717	0.159629	0.153729	0.174968	0.153914	0.155658	
1685	0.166544	0.144132	0.159315	0.163488	0.165733	0.158053	0.155151	0.176512	0.151528	0.155074	
1690	0.165451	0.145700	0.159075	0.161660	0.161786	0.156610	0.153953	0.177556	0.153680	0.156716	
1695	0.166419	0.146896	0.157612	0.161135	0.160772	0.156989	0.154752	0.179688	0.155296	0.155395	
1700	0.166169	0.150777	0.156512	0.158453	0.161207	0.157893	0.155874	0.179849	0.152867	0.157126	
1705	0.168219	0.152821	0.155164	0.161735	0.162686	0.159300	0.158778	0.174584	0.154404	0.156507	
1710	0.167368	0.152140	0.157289	0.165123	0.165802	0.157202	0.158530	0.172364	0.153536	0.158259	
1715	0.166754	0.152559	0.155227	0.164105	0.164210	0.155950	0.159411	0.175289	0.151187	0.158657	
1720	0.164260	0.153191	0.154779	0.165614	0.162687	0.154090	0.159244	0.173690	0.152079	0.158939	
1725	0.163447	0.153949	0.154902	0.164758	0.157151	0.154072	0.158498	0.171384	0.152035	0.159576	
1730	0.163803	0.151290	0.151337	0.164220	0.159007	0.155047	0.158380	0.175131	0.151008	0.161807	
1735	0.162737	0.151409	0.154128	0.164403	0.156051	0.157820	0.160927	0.174355	0.149165	0.159073	
1740	0.163781	0.152848	0.154787	0.165816	0.154338	0.156019	0.158981	0.175475	0.151265	0.159765	
1745	0.165521	0.152841	0.155410	0.166465	0.154625	0.155044	0.156919	0.174742	0.154471	0.160240	
1750	0.165940	0.152312	0.154499	0.167028	0.153250	0.156195	0.156152	0.173176	0.152686	0.158303	
1755	0.166304	0.150174	0.153784	0.166777	0.153562	0.155881	0.153799	0.175073	0.152644	0.161717	
1760	0.164649	0.153103	0.153675	0.170699	0.151874	0.153252	0.154389	0.173463	0.150119	0.163661	
1765	0.164864	0.152647	0.153911	0.169022	0.153330	0.156758	0.156468	0.172262	0.151706	0.164283	
1770	0.162536	0.153774	0.150013	0.168557	0.154271	0.158353	0.156771	0.170674	0.152053	0.163825	
1775	0.164717	0.153766	0.152192	0.169728	0.154502	0.158857	0.158404	0.172840	0.152707	0.164813	
1780	0.165795	0.152780	0.150206	0.167583	0.153767	0.158178	0.157618	0.172545	0.150751	0.162610	
1785	0.164928	0.157536	0.150881	0.167598	0.152187	0.161299	0.157059	0.172088	0.146462	0.162300	
1790	0.164450	0.160324	0.153882	0.167451	0.150959	0.158892	0.157867	0.171382	0.146970	0.164053	
1795	0.165991	0.159990	0.152994	0.168868	0.150303	0.157405	0.156272	0.174034	0.145112	0.164086	
1800	0.163062	0.157167	0.153794	0.170617	0.153178	0.158734	0.152358	0.172031	0.147325	0.167183	
1805	0.161044	0.161312	0.152845	0.168026	0.152646	0.157096	0.151451	0.175199	0.146471	0.166955	
1810	0.160418	0.162171	0.154342	0.169124	0.148649	0.158847	0.151655	0.176929	0.147574	0.167401	
1815	0.162550	0.159652	0.156750	0.169387	0.153413	0.158461	0.150211	0.177241	0.148698	0.163849	
1820	0.159912	0.159099	0.155987	0.169891	0.152380	0.158196	0.147605	0.174105	0.150170	0.163348	
1825	0.160191	0.158900	0.153188	0.170781	0.151520	0.157059	0.147887	0.173338	0.150207	0.164402	
1830	0.160798	0.160828	0.156766	0.173288	0.152242	0.156120	0.147779	0.176536	0.148968	0.164840	
1835	0.160343	0.157245	0.155794	0.172142	0.155441	0.152702	0.151497	0.177233	0.146389	0.166168	
1840	0.161721	0.156385	0.156523	0.172735	0.152513	0.151224	0.150842	0.178871	0.145414	0.166095	
1845	0.165158	0.154658	0.158533	0.174201	0.155321	0.150498	0.151002	0.177401	0.146234	0.163862	
1850	0.164920	0.159004	0.159740	0.174517	0.152611	0.147727	0.149745	0.178022	0.146892	0.165747	
1855	0.165521	0.161171	0.157906	0.172610	0.155145	0.149258	0.150555	0.179785	0.147619	0.164235	
1860	0.163238	0.156937	0.161974	0.173610	0.151231	0.152032	0.151708	0.178045	0.151826	0.163118	
1865	0.163587	0.157717	0.163701	0.172414	0.154800	0.152220	0.155017	0.177519	0.154302	0.166505	
1870	0.164470	0.164031	0.158806	0.171441	0.155472	0.152759	0.156829	0.175160	0.152318	0.167333	
1875	0.165663	0.160494	0.159204	0.170360	0.157642	0.151084	0.157054	0.175055	0.154043	0.166006	
1880	0.165900	0.162796	0.159319	0.172830	0.157886	0.152644	0.160281	0.176649	0.153862	0.164680	
1885	0.164858	0.160844	0.159263	0.169398	0.158256	0.152873	0.158760	0.175735	0.156538	0.165746	
1890	0.166309	0.160940	0.160545	0.168364	0.156756	0.153611	0.161523	0.172559	0.155793	0.161808	
1895	0.167603	0.159447	0.159209	0.170523	0.157902	0.152236	0.163689	0.171192	0.158122	0.160876	
1900	0.168332	0.162008	0.158567	0.171387	0.156419	0.148582	0.159727	0.171092	0.160996	0.161853	
1905	0.167859	0.160607	0.159551	0.171300	0.157350	0.150043	0.163163	0.170422	0.160436	0.158981	
1910	0.166887	0.160959	0.163469	0.173361	0.156603	0.151427	0.166082	0.170423	0.160280	0.158383	
1915	0.166947	0.163311	0.162202	0.173341	0.157200	0.153041	0.166804	0.168862	0.158760	0.158043	
1920	0.168206	0.164223	0.159807	0.173968	0.157540	0.154138	0.166472	0.168683	0.157273	0.159503	
1925	0.170477	0.164429	0.158283	0.174486	0.159643	0.155764	0.165309	0.167866	0.155325	0.162724	
1930	0.169870	0.163860	0.159002	0.172573	0.157260	0.157072	0.165426	0.167209	0.156728	0.162153	
1935	0.168504	0.164667	0.159035	0.169201	0.156628	0.160767	0.166669	0.165494	0.157518	0.159035	
1940	0.168035	0.165669	0.162020	0.168197	0.157799	0.158586	0.164778	0.165946	0.158465	0.161266	
1945	0.165903	0.165020	0.162361	0.168862	0.156912	0.157352	0.165678	0.165980	0.158347	0.160412	
1950	0.163908	0.164922	0.164966	0.167775	0.157347	0.160307	0.168888	0.166414	0.158726	0.159566	
1955	0.163938	0.167042	0.162520	0.168693	0.157258	0.161866	0.167780	0.168850	0.161685	0.155154	
1960	0.163972	0.165902	0.164189	0.170820	0.154278	0.160327	0.164960	0.167509	0.161145	0.154513	
1965	0.164982	0.166436	0.162335	0.169739	0.161352	0.161126	0.161591	0.168138	0.162777	0.158090	
1970	0.167223	0.166413	0.165186	0.168607	0.162545	0.160482	0.161877	0.169949	0.162130	0.156488	
1975	0.166431	0.168080	0.164153	0.165617	0.161116	0.159902	0.162126	0.167727	0.162476	0.157828	
1980	0.167113	0.169682	0.163502	0.164462	0.159073	0.158574	0.162664	0.165689	0.162297	0.156012	
1985	0.162408	0.166494	0.162984	0.165288	0.158098	0.158744	0.160760	0.168661	0.162187	0.157032	
1990	0.164147	0.163734	0.162200	0.165648	0.158570	0.158795	0.162205	0.171055	0.164229	0.159765	
1995	0.164026	0.163653	0.157689	0.166492	0.161513	0.158409	0.161929	0.171299	0.164488	0.163443	
2000	0.163497	0.165448	0.159130	0.167539	0.159719	0.159342	0.159539	0.170645	0.165005	0.163480	
2005	0.165771	0.164393	0.155905	0.167578	0.164517	0.159127	0.162042	0.172443	0.163953	0.162717	
2010	0.166804	0.164973	0.156387	0.164624	0.169191	0.157138	0.164042	0.174640	0.163542	0.161597	
2015	0.169268	0.167266	0.159542	0.165253	0.169385	0.160134	0.165286	0.171839	0.163013	0.165513	
2020	0.167937	0.166042	0.160264	0.168477	0.166552	0.160195	0.164195	0.168270	0.162721	0.166386	
2025	0.165903	0.165568	0.155658	0.169446	0.164472	0.160009	0.162080	0.172749	0.160036	0.165605	
2030	0.166718	0.163615	0.158650	0.170768	0.166732	0.160533	0.162598	0.172588	0.163853	0.164234	
2035	0.169105	0.165478	0.154092	0.169823	0.168031	0.161828	0.160552	0.172615	0.162555	0.162547	
2040	0.170118	0.165584	0.157321	0.167055	0.169389	0.158821	0.161384	0.170552	0.164635	0.158062	
2045	0.170542	0.164221	0.158631	0.166095	0.168987	0.160179	0.160641	0.171730	0.164681	0.157414	
2050	0.170139	0.163926	0.156967	0.167496	0.170876	0.159088	0.158559	0.171567	0.164737	0.155879	
2055	0.171416	0.162337	0.158237	0.166696	0.171846	0.160271	0.158754	0.167530	0.164344	0.156746	
2060	0.172335	0.164081	0.158997	0.161627	0.170671	0.158385	0.159194	0.169011	0.164049	0.158735	
2065	0.172103	0.163126	0.158718	0.160706	0.170371	0.159972	0.158323	0.168458	0.165965	0.161008	
2070	0.169637	0.164678	0.159745	0.160037	0.168495	0.158977	0.159353	0.164279	0.167048	0.163132	
2075	0.170783	0.168088	0.162133	0.160973	0.170094	0.161592	0.158034	0.161295	0.165209	0.157659	
2080	0.171073	0.165561	0.160183	0.161619	0.168401	0.159436	0.158071	0.161414	0.165235	0.157959	
2085	0.170616	0.169792	0.160248	0.161400	0.167586	0.156527	0.158021	0.161714	0.165949	0.158430	
2090	0.171036	0.170850	0.163046	0.160799	0.169489	0.157938	0.157046	0.157970	0.164722	0.158266	
2095	0.170691	0.170053	0.163054	0.164364	0.170409	0.159216	0.157551	0.157295	0.162448	0.156504	
2100	0.170298	0.172799	0.162307	0.162171	0.170397	0.159488	0.153102	0.157652	0.163302	0.156222	
2105	0.170254	0.171599	0.157949	0.159506	0.170798	0.158776	0.154105	0.155326	0.165321	0.157034	
2110	0.170900	0.170548	0.160805	0.160370	0.168972	0.159662	0.156592	0.156753	0.167093	0.157943	
2115	0.169534	0.170575	0.160647	0.161436	0.166705	0.160609	0.154075	0.158170	0.164461	0.157472	
2120	0.169456	0.174230	0.159229	0.161812	0.167965	0.161919	0.153704	0.158899	0.166655	0.153788	
2125	0.170846	0.172955	0.162917	0.160919	0.165464	0.164157	0.155657	0.158968	0.165922	0.157788	
2130	0.167166	0.173894	0.164397	0.162082	0.166387	0.164329	0.155442	0.159390	0.166592	0.157836	
2135	0.167207	0.172478	0.163780	0.165175	0.166251	0.165724	0.155580	0.160825	0.169325	0.159822	
2140	0.166533	0.172690	0.164326	0.161379	0.167143	0.164374	0.154480	0.160611	0.170678	0.157533	
2145	0.166502	0.170017	0.164106	0.161613	0.164967	0.165166	0.155036	0.159899	0.172572	0.159125	
2150	0.168562	0.171850	0.167075	0.159606	0.162877	0.162545	0.154058	0.159785	0.174244	0.158997	
2155	0.170479	0.167578	0.168236	0.162668	0.164724	0.162669	0.156364	0.159143	0.173248	0.160247	
2160	0.169671	0.166991	0.167871	0.160269	0.160165	0.163354	0.157310	0.156874	0.173968	0.158798	
2165	0.167927	0.165467	0.169918	0.161852	0.160621	0.163697	0.157029	0.156244	0.170613	0.159997	
2170	0.166743	0.166547	0.169646	0.160181	0.161456	0.165913	0.158449	0.156859	0.169593	0.159491	
2175	0.166811	0.167270	0.170190	0.162791	0.161042	0.167307	0.157968	0.159704	0.173588	0.159567	
2180	0.166483	0.167450	0.170257	0.159674	0.164197	0.163618	0.157632	0.158146	0.172971	0.161974	
2185	0.168254	0.169136	0.168144	0.158957	0.164696	0.162331	0.156469	0.159054	0.170374	0.161511	
2190	0.167152	0.171005	0.167891	0.155802	0.163966	0.161754	0.158953	0.157140	0.171588	0.157970	
2195	0.165393	0.171773	0.164453	0.156567	0.163658	0.162590	0.160802	0.154178	0.174406	0.156691	
2200	0.166185	0.170792	0.165406	0.157234	0.163700	0.160841	0.160202	0.158362	0.174470	0.157686	
2205	0.166247	0.167173	0.166559	0.157989	0.162978	0.163486	0.159966	0.156256	0.175545	0.157515	
2210	0.167779	0.166744	0.163079	0.156399	0.159496	0.162563	0.158689	0.156357	0.173033	0.158001	
2215	0.162107	0.165562	0.164005	0.156285	0.159384	0.161434	0.158518	0.159274	0.174097	0.156824	
2220	0.164875	0.164247	0.163368	0.157988	0.156107	0.162299	0.159604	0.156387	0.172615	0.160983	
2225	0.167626	0.164014	0.165828	0.159066	0.156865	0.163067	0.158543	0.155983	0.172863	0.158624	
2230	0.164133	0.162472	0.166396	0.158874	0.155204	0.161869	0.156660	0.155018	0.176650	0.159385	
2235	0.164801	0.164583	0.164772	0.159475	0.154398	0.161757	0.158748	0.154612	0.177636	0.163461	
2240	0.162118	0.163118	0.164890	0.158675	0.155726	0.162226	0.161320	0.154244	0.178055	0.163881	
2245	0.162634	0.163154	0.164011	0.160015	0.158311	0.161277	0.161159	0.158318	0.178212	0.161833	
2250	0.162228	0.164934	0.163822	0.163449	0.159296	0.161615	0.159991	0.158936	0.177023	0.160591	
2255	0.164436	0.162490	0.164458	0.165877	0.159503	0.161136	0.164079	0.156481	0.176640	0.161481	
2260	0.163040	0.160935	0.163410	0.165644	0.162685	0.164576	0.167593	0.155651	0.177688	0.157189	
2265	0.165303	0.160144	0.163075	0.164845	0.164663	0.165787	0.170445	0.159616	0.177094	0.156603	
2270	0.163719	0.159797	0.162900	0.163389	0.164427	0.165474	0.169667	0.158059	0.177055	0.157181	
2275	0.165628	0.160644	0.162303	0.162852	0.165710	0.161305	0.167524	0.160080	0.176977	0.157616	
2280	0.165619	0.161899	0.164256	0.163753	0.163951	0.161439	0.166633	0.158588	0.180063	0.158969	
2285	0.164262	0.160867	0.165660	0.164696	0.166130	0.162218	0.165802	0.157958	0.179698	0.159822	
2290	0.162510	0.158131	0.163841	0.165526	0.164441	0.161186	0.167482	0.159759	0.178409	0.158077	
2295	0.161116	0.157973	0.163757	0.166429	0.161367	0.161870	0.167065	0.157986	0.177496	0.159908	
2300	0.160734	0.156269	0.168078	0.165196	0.162681	0.161319	0.167975	0.156956	0.177672	0.160081	
2305	0.158684	0.154765	0.167116	0.165274	0.161686	0.159338	0.167721	0.156844	0.176314	0.157098	
2310	0.159182	0.153472	0.166490	0.165841	0.161619	0.155064	0.165882	0.154526	0.176829	0.155133	
2315	0.157716	0.151432	0.165235	0.168146	0.161034	0.157992	0.167155	0.154486	0.175544	0.153747	
2320	0.157899	0.152700	0.165466	0.172442	0.159778	0.156592	0.166274	0.151748	0.173675	0.152109	
2325	0.158259	0.154330	0.166754	0.173514	0.163693	0.155473	0.166871	0.150744	0.172458	0.153143	
2330	0.159679	0.151242	0.167614	0.170055	0.164086	0.156647	0.166798	0.153494	0.169477	0.154466	
2335	0.159073	0.153273	0.166766	0.169706	0.166929	0.160233	0.166212	0.152395	0.171706	0.153431	
2340	0.161444	0.154201	0.161372	0.172210	0.164529	0.162745	0.166799	0.152075	0.171907	0.153829	
2345	0.159086	0.156118	0.164793	0.172428	0.163239	0.164147	0.166216	0.150819	0.176188	0.154889	
2350	0.161653	0.154884	0.168070	0.172433	0.168101	0.164244	0.163091	0.148131	0.173977	0.156411	
2355	0.164363	0.152094	0.167670	0.168398	0.167605	0.161443	0.161195	0.149005	0.177253	0.156093	
2360	0.162007	0.148604	0.162614	0.168114	0.165129	0.162482	0.162019	0.148308	0.178538	0.156268	
2365	0.167041	0.148394	0.164963	0.168284	0.165356	0.161788	0.161178	0.151528	0.176626	0.155579	
2370	0.167613	0.150817	0.165891	0.170414	0.162927	0.159001	0.164188	0.151001	0.177174	0.154444	
2375	0.167982	0.153902	0.165553	0.167024	0.162795	0.156084	0.166371	0.152725	0.176662	0.155329	
2380	0.168519	0.155968	0.167877	0.162369	0.163931	0.156652	0.169111	0.150784	0.176844	0.155221	
2385	0.167282	0.155833	0.168445	0.161186	0.166183	0.157166	0.170440	0.150393	0.174749	0.153424	
2390	0.166422	0.154755	0.167764	0.160180	0.167426	0.155935	0.168081	0.150463	0.172424	0.151518	
2395	0.165373	0.155153	0.167692	0.158709	0.167197	0.155243	0.165492	0.151645	0.173377	0.151251	
2400	0.166959	0.155897	0.167916	0.159421	0.165775	0.154220	0.166055	0.150696	0.169570	0.148184	
2405	0.170224	0.156587	0.168230	0.160899	0.165017	0.152441	0.163206	0.152029	0.171194	0.149228	
2410	0.167678	0.155728	0.167890	0.161079	0.166401	0.152931	0.164684	0.149549	0.172814	0.151956	
2415	0.166187	0.156620	0.166704	0.163533	0.165011	0.151406	0.165228	0.153594	0.172390	0.155154	
2420	0.166221	0.155600	0.169314	0.161390	0.161572	0.154669	0.165134	0.156536	0.175192	0.158364	
2425	0.163665	0.154763	0.170598	0.162446	0.159193	0.152224	0.164923	0.156452	0.173385	0.158034	
2430	0.165507	0.157883	0.171307	0.158237	0.161119	0.150996	0.169474	0.153607	0.173681	0.156425	
2435	0.163169	0.161077	0.171557	0.158380	0.163607	0.155715	0.171211	0.152898	0.171220	0.155320	
2440	0.162458	0.160893	0.169479	0.154875	0.164162	0.153288	0.172289	0.151378	0.172434	0.154563	
2445	0.163475	0.158907	0.172238	0.152973	0.167910	0.153127	0.171529	0.155061	0.172421	0.155480	
2450	0.163458	0.159643	0.173015	0.154045	0.167262	0.152303	0.171335	0.153983	0.173284	0.155842	
2455	0.160827	0.157232	0.171213	0.156134	0.169466	0.153640	0.172055	0.150359	0.171393	0.159936	
2460	0.159547	0.156032	0.172575	0.154603	0.165490	0.152948	0.170849	0.151369	0.169457	0.158124	
2465	0.161448	0.158352	0.173600	0.157203	0.165786	0.154720	0.175040	0.149700	0.173278	0.155959	
2470	0.162225	0.157629	0.173697	0.157384	0.165913	0.153950	0.178107	0.151494	0.171728	0.157475	
2475	0.161085	0.159720	0.170815	0.155394	0.164570	0.157028	0.178974	0.149073	0.173093	0.158933	
2480	0.159350	0.158773	0.169494	0.154606	0.164047	0.156103	0.183203	0.146571	0.170304	0.155030	
2485	0.161090	0.161464	0.169021	0.157799	0.165275	0.155729	0.182032	0.148425	0.170888	0.157542	
2490	0.159972	0.159866	0.170417	0.157276	0.167187	0.156483	0.178577	0.149285	0.170203	0.156633	
2495	0.161059	0.157539	0.169398	0.154923	0.166274	0.160095	0.179879	0.152502	0.172415	0.157371	
2500	0.160935	0.158968	0.169562	0.157077	0.169255	0.160326	0.175567	0.152001	0.173442	0.159042	
2505	0.158813	0.156438	0.167218	0.155324	0.175392	0.159457	0.175796	0.152410	0.171643	0.158861	
2510	0.159026	0.160895	0.168702	0.155535	0.173145	0.158005	0.176453	0.155076	0.172679	0.160826	
2515	0.159536	0.161794	0.168162	0.156943	0.171499	0.159601	0.175471	0.150713	0.174429	0.159257	
2520	0.160951	0.162509	0.165654	0.155858	0.170312	0.158915	0.172858	0.148083	0.171326	0.159225	
2525	0.161804	0.165207	0.165397	0.156210	0.172204	0.159303	0.172875	0.150375	0.171723	0.157656	
2530	0.159840	0.164266	0.165602	0.155251	0.172247	0.156487	0.171167	0.152000	0.172451	0.159496	
2535	0.159900	0.166379	0.164859	0.155224	0.169158	0.156267	0.173350	0.155406	0.174170	0.161439	
2540	0.159364	0.163056	0.168588	0.154731	0.165989	0.156079	0.171415	0.154910	0.173205	0.160956	
2545	0.160220	0.163238	0.168567	0.155839	0.164919	0.156867	0.171601	0.153102	0.173394	0.161126	
2550	0.161095	0.162693	0.169522	0.155887	0.165328	0.154753	0.170558	0.153950	0.173095	0.160440	
2555	0.163233	0.164317	0.167802	0.155792	0.163145	0.153240	0.175065	0.155579	0.172145	0.160010	
2560	0.161782	0.164062	0.166671	0.155872	0.161359	0.153760	0.173058	0.155832	0.172185	0.159526	
2565	0.165057	0.164160	0.162179	0.154245	0.162077	0.155115	0.172183	0.155181	0.174307	0.162215	
2570	0.167300	0.162819	0.160928	0.157795	0.158931	0.155762	0.171777	0.152878	0.175110	0.164212	
2575	0.164882	0.163671	0.161403	0.160786	0.162223	0.155502	0.170511	0.155149	0.171634	0.163254	
2580	0.162774	0.164645	0.157265	0.160333	0.161243	0.154359	0.171545	0.154801	0.174035	0.165939	
2585	0.165250	0.162630	0.157038	0.160335	0.161546	0.155080	0.175731	0.156136	0.172975	0.165649	
2590	0.163829	0.159285	0.155934	0.160298	0.158688	0.154760	0.174179	0.156115	0.169941	0.164058	
2595	0.161566	0.161674	0.157231	0.162039	0.162818	0.155385	0.174251	0.156572	0.171562	0.165403	
2600	0.163811	0.161824	0.157275	0.164295	0.160597	0.153798	0.171643	0.156268	0.173846	0.161896	
2605	0.161237	0.160770	0.155615	0.160658	0.160426	0.156503	0.172933	0.161202	0.175390	0.160153	
2610	0.159789	0.159815	0.156040	0.160662	0.164218	0.154394	0.170701	0.161724	0.177889	0.160195	
2615	0.160446	0.161798	0.156638	0.163595	0.166072	0.153562	0.171006	0.163821	0.173305	0.162919	
2620	0.158218	0.163065	0.159558	0.162423	0.164412	0.157539	0.170512	0.163572	0.170205	0.163259	
2625	0.161784	0.162177	0.158370	0.162510	0.161529	0.160544	0.174217	0.164047	0.171361	0.164649	
2630	0.161279	0.161129	0.159794	0.162481	0.161028	0.158034	0.174892	0.166376	0.173977	0.162193	
2635	0.161261	0.162400	0.158911	0.160715	0.163029	0.157897	0.172962	0.164688	0.174275	0.163583	
2640	0.160468	0.163039	0.161762	0.161465	0.161528	0.156121	0.172315	0.162707	0.170625	0.164162	
2645	0.160025	0.161840	0.161178	0.162217	0.161310	0.155688	0.173463	0.162063	0.169531	0.162078	
2650	0.158648	0.161097	0.161402	0.162182	0.161726	0.156939	0.174028	0.159381	0.171412	0.162287	
2655	0.158937	0.164346	0.162673	0.162252	0.161784	0.156164	0.172777	0.161377	0.171565	0.166422	
2660	0.161345	0.165400	0.161756	0.164259	0.157815	0.154969	0.171588	0.160332	0.170623	0.162962	
2665	0.159858	0.167221	0.160902	0.165750	0.156328	0.154389	0.172562	0.158932	0.170109	0.167423	
2670	0.160921	0.166794	0.165152	0.167991	0.159003	0.155222	0.174674	0.160121	0.169453	0.165007	
2675	0.158433	0.166423	0.163951	0.167518	0.158641	0.154756	0.172734	0.159856	0.170395	0.165314	
2680	0.160736	0.166079	0.163946	0.163705	0.159324	0.156532	0.172944	0.159466	0.169095	0.166467	
2685	0.159106	0.164606	0.161901	0.164206	0.155721	0.155763	0.174140	0.158530	0.171422	0.166569	
2690	0.155110	0.164040	0.160003	0.165487	0.157415	0.153696	0.173335	0.159454	0.170621	0.166055	
2695	0.154145	0.163887	0.160467	0.164936	0.155402	0.155138	0.172757	0.154670	0.173770	0.167315	
2700	0.153045	0.165777	0.158370	0.162578	0.155535	0.152887	0.172889	0.153880	0.174779	0.165497	
2705	0.156048	0.164315	0.158587	0.158261	0.156099	0.152925	0.170921	0.153420	0.173570	0.167288	
2710	0.161019	0.165624	0.156977	0.157214	0.155710	0.149602	0.167407	0.151607	0.170946	0.163844	
2715	0.164422	0.165973	0.156646	0.157157	0.160797	0.149698	0.167213	0.153993	0.172448	0.164479	
2720	0.162719	0.169462	0.156134	0.157984	0.161186	0.147291	0.166709	0.151217	0.168321	0.165944	
2725	0.161346	0.167576	0.157647	0.158859	0.160388	0.145700	0.169699	0.152264	0.172586	0.167315	
2730	0.162951	0.165725	0.159956	0.158976	0.162941	0.147417	0.170697	0.148207	0.170671	0.170436	
2735	0.164189	0.162130	0.157635	0.162773	0.161396	0.149115	0.170064	0.146011	0.170311	0.172387	
2740	0.165980	0.163846	0.160676	0.162910	0.163471	0.148958	0.165873	0.149419	0.167242	0.172559	
2745	0.167635	0.162897	0.160562	0.162268	0.157966	0.149824	0.165455	0.150637	0.165832	0.172273	
2750	0.165426	0.161376	0.161365	0.164240	0.155984	0.148500	0.164110	0.153896	0.165991	0.170603	
2755	0.162955	0.161166	0.159715	0.168318	0.153622	0.148113	0.165227	0.153954	0.163983	0.170393	
2760	0.159561	0.160977	0.161407	0.170237	0.158442	0.150576	0.164900	0.153168	0.166053	0.169152	
2765	0.160345	0.158255	0.162056	0.168702	0.160170	0.153013	0.167657	0.152880	0.166826	0.166639	
2770	0.161995	0.157648	0.159401	0.167056	0.159109	0.153361	0.167465	0.153383	0.166865	0.165064	
2775	0.161561	0.155823	0.160086	0.167524	0.158407	0.152958	0.168405	0.154849	0.165372	0.165057	
2780	0.163731	0.156050	0.159415	0.168435	0.160155	0.151773	0.169185	0.155223	0.168183	0.162482	
2785	0.161107	0.156062	0.158811	0.170806	0.163892	0.152858	0.169584	0.152974	0.167064	0.163128	
2790	0.160348	0.157275	0.155549	0.171655	0.159992	0.150052	0.168954	0.153592	0.168013	0.163225	
2795	0.163583	0.154712	0.154173	0.170676	0.160308	0.152530	0.170725	0.153956	0.167526	0.163224	
2800	0.163399	0.155748	0.155160	0.169551	0.159762	0.152265	0.167977	0.153177	0.168723	0.162721	
2805	0.163472	0.154548	0.156849	0.169257	0.157939	0.155213	0.171663	0.153538	0.169731	0.163307	
2810	0.163264	0.156162	0.157798	0.171108	0.156595	0.156975	0.172811	0.152172	0.167551	0.165731	
2815	0.162210	0.157560	0.155892	0.169911	0.158994	0.154431	0.171123	0.154431	0.165141	0.164905	
2820	0.162766	0.154947	0.157884	0.172753	0.159591	0.154186	0.168176	0.157062	0.168413	0.164196	
2825	0.162721	0.156138	0.157281	0.171262	0.159894	0.154498	0.165022	0.156435	0.169657	0.167160	
2830	0.159794	0.154165	0.156468	0.170980	0.160589	0.154321	0.168830	0.156674	0.169992	0.166793	
2835	0.160999	0.155821	0.156770	0.168908	0.160189	0.154422	0.168010	0.157462	0.170228	0.163250	
2840	0.159513	0.158179	0.154512	0.168943	0.153563	0.158211	0.167028	0.156372	0.167153	0.163472	
2845	0.163824	0.161577	0.155221	0.169403	0.156664	0.159467	0.164339	0.155682	0.166442	0.164248	
2850	0.166387	0.159352	0.156485	0.169942	0.155149	0.159643	0.163762	0.157600	0.164498	0.163323	
2855	0.164875	0.159370	0.156349	0.170198	0.156954	0.158523	0.162478	0.161622	0.161121	0.162282	
2860	0.164077	0.161085	0.155738	0.168879	0.156282	0.157191	0.165584	0.161169	0.162173	0.165070	
2865	0.162114	0.161686	0.155744	0.168883	0.156865	0.158744	0.165016	0.160310	0.161496	0.166130	
2870	0.163818	0.159504	0.154314	0.167456	0.157187	0.158264	0.166285	0.159077	0.165898	0.167684	
2875	0.165000	0.160335	0.154350	0.168983	0.158928	0.160944	0.168092	0.157482	0.165762	0.169445	
2880	0.166020	0.159041	0.150504	0.168735	0.156477	0.158125	0.170329	0.157660	0.164901	0.171151	
2885	0.169848	0.159569	0.151919	0.167781	0.156211	0.157813	0.169721	0.162759	0.164130	0.170019	
2890	0.167183	0.158130	0.154948	0.167075	0.159646	0.158126	0.171582	0.162992	0.166051	0.167095	
2895	0.169316	0.160215	0.151817	0.167058	0.160074	0.159565	0.170035	0.164540	0.167491	0.169000	
2900	0.167978	0.162325	0.153149	0.169051	0.159682	0.158510	0.167694	0.166263	0.170442	0.169904	
2905	0.166625	0.162931	0.151715	0.163747	0.159819	0.159296	0.169857	0.164921	0.171334	0.169897	
2910	0.164377	0.162223	0.151881	0.165055	0.159843	0.160178	0.167169	0.160116	0.171402	0.168648	
2915	0.167863	0.161435	0.151823	0.163175	0.155850	0.163814	0.163162	0.160953	0.166585	0.169853	
2920	0.168890	0.158678	0.151538	0.167368	0.157024	0.163558	0.164048	0.159946	0.167567	0.170928	
2925	0.169081	0.160074	0.152232	0.168432	0.156960	0.161532	0.166917	0.163140	0.168198	0.172995	
2930	0.172774	0.163203	0.154455	0.165832	0.156355	0.160842	0.165183	0.164124	0.168613	0.167450	
2935	0.169481	0.161248	0.153045	0.163587	0.156659	0.160787	0.165059	0.164079	0.167406	0.168544	
2940	0.171645	0.163207	0.155084	0.165004	0.156584	0.159973	0.161079	0.163891	0.171936	0.170283	
2945	0.174631	0.166762	0.154674	0.166702	0.157810	0.160937	0.162307	0.161753	0.169996	0.166491	
2950	0.174242	0.163911	0.155030	0.165027	0.154828	0.160724	0.164824	0.159759	0.169087	0.165771	
2955	0.172612	0.168078	0.154902	0.167936	0.156204	0.161847	0.164188	0.157677	0.170796	0.164398	
2960	0.172414	0.168079	0.156520	0.166611	0.157943	0.163383	0.163041	0.154957	0.167254	0.163614	
2965	0.172146	0.172187	0.155556	0.168881	0.158778	0.162255	0.159520	0.155636	0.166505	0.164152	
2970	0.168945	0.170894	0.158441	0.169390	0.158294	0.163847	0.158663	0.158789	0.167800	0.163968	
2975	0.169694	0.170737	0.156891	0.169501	0.157399	0.163525	0.161196	0.161488	0.166646	0.163813	
2980	0.168298	0.173995	0.159239	0.171433	0.160023	0.161495	0.163398	0.162552	0.165779	0.165253	
2985	0.169683	0.172575	0.160656	0.172145	0.156163	0.158564	0.164176	0.162228	0.164364	0.161642	
2990	0.168392	0.171029	0.160450	0.169733	0.158560	0.156383	0.163034	0.163955	0.166332	0.161909	
2995	0.169147	0.170576	0.161030	0.171704	0.161228	0.155226	0.163888	0.165337	0.166296	0.162507	
3000	0.170102	0.174781	0.161357	0.170719	0.160972	0.158686	0.166732	0.163098	0.166362	0.161004	
