T	rep_1	rep_2	rep_3	rep_4	rep_5	rep_6	rep_7	rep_8	rep_9	rep_10
5	0.096079	0.110387	0.092117	0.088050	0.110192	0.109004	0.096383	0.081432	0.079722	0.107515	
10	0.220879	0.285386	0.225349	0.189581	0.236488	0.248313	0.188014	0.176034	0.176501	0.222040	
15	0.331245	0.349073	0.277295	0.261496	0.339163	0.303274	0.253046	0.314703	0.246843	0.290715	
20	0.393384	0.445200	0.344039	0.334934	0.443461	0.386080	0.355155	0.392101	0.333100	0.416017	
25	0.451910	0.520046	0.427062	0.434325	0.493787	0.507726	0.425138	0.440273	0.399376	0.494468	
30	0.519995	0.552460	0.483223	0.553438	0.521937	0.609216	0.476688	0.487024	0.451135	0.549731	
35	0.591899	0.582501	0.532341	0.675004	0.556218	0.694088	0.541384	0.537229	0.520792	0.617882	
40	0.649734	0.619139	0.581519	0.755988	0.611541	0.764628	0.611356	0.597390	0.616667	0.685735	
45	0.698594	0.669443	0.649729	0.793900	0.682614	0.808502	0.664307	0.667847	0.708162	0.734302	
50	0.736715	0.718841	0.722061	0.814281	0.750956	0.826523	0.697272	0.731115	0.764106	0.764646	
55	0.771093	0.763874	0.776420	0.823271	0.798638	0.839623	0.729265	0.770369	0.795488	0.787423	
60	0.791174	0.796176	0.813412	0.834269	0.830669	0.848223	0.754759	0.800105	0.814659	0.801039	
65	0.809739	0.817336	0.835518	0.838339	0.844822	0.853882	0.786960	0.819433	0.824681	0.814437	
70	0.821863	0.836552	0.846833	0.842199	0.855315	0.858313	0.812376	0.834856	0.833411	0.825227	
75	0.831053	0.851511	0.852714	0.844218	0.860687	0.864426	0.827971	0.843171	0.842119	0.835551	
80	0.839230	0.856945	0.855796	0.848498	0.865761	0.865731	0.839047	0.848448	0.845953	0.839628	
85	0.843006	0.862130	0.861029	0.849262	0.871908	0.869234	0.849106	0.853760	0.849492	0.846159	
90	0.850292	0.861569	0.863036	0.850068	0.873464	0.866394	0.856644	0.855022	0.855452	0.852469	
95	0.854734	0.860746	0.864623	0.851533	0.872676	0.867929	0.861558	0.859805	0.855334	0.855506	
100	0.857962	0.864592	0.862183	0.850360	0.872974	0.866360	0.862688	0.863737	0.858348	0.861094	
105	0.858926	0.866931	0.860732	0.850759	0.869776	0.866678	0.867578	0.862664	0.859595	0.864416	
110	0.859501	0.868633	0.860632	0.852526	0.869828	0.867768	0.865831	0.863003	0.859054	0.862430	
115	0.861235	0.864832	0.857680	0.853068	0.868578	0.869365	0.858405	0.859503	0.859169	0.859279	
120	0.853943	0.864654	0.854386	0.851251	0.867327	0.866038	0.852698	0.860677	0.858286	0.856860	
125	0.849890	0.856763	0.849652	0.850372	0.859119	0.865961	0.846409	0.856688	0.854416	0.852414	
130	0.843834	0.855274	0.847201	0.848466	0.859740	0.864213	0.839296	0.847577	0.851612	0.849520	
135	0.837930	0.841454	0.841812	0.843108	0.851514	0.856552	0.835972	0.840589	0.843765	0.844063	
140	0.829476	0.837347	0.835066	0.838180	0.844280	0.849657	0.824599	0.833285	0.837919	0.833553	
145	0.820011	0.832000	0.832716	0.832357	0.836117	0.843081	0.816914	0.828211	0.828543	0.824795	
150	0.813820	0.824507	0.826913	0.826695	0.833289	0.837491	0.812330	0.818542	0.821930	0.812787	
155	0.804996	0.819497	0.817156	0.820827	0.827400	0.828551	0.800756	0.816502	0.813520	0.812453	
160	0.795062	0.810081	0.812964	0.816319	0.819314	0.816710	0.799442	0.814408	0.804557	0.805584	
165	0.791872	0.804373	0.805613	0.809812	0.812427	0.810904	0.795331	0.810892	0.799787	0.804937	
170	0.792468	0.803832	0.801942	0.805798	0.806680	0.805273	0.792876	0.808721	0.792949	0.801168	
175	0.793020	0.801356	0.800305	0.802458	0.799204	0.800059	0.789367	0.806941	0.794414	0.796105	
180	0.791466	0.799219	0.797651	0.800265	0.797275	0.796476	0.788176	0.805757	0.795503	0.793659	
185	0.791530	0.800197	0.797020	0.802037	0.794945	0.797225	0.783678	0.802875	0.794055	0.789707	
190	0.789535	0.799578	0.794842	0.800412	0.793432	0.795236	0.778471	0.798554	0.790827	0.785383	
195	0.792187	0.797276	0.792545	0.800669	0.792447	0.797668	0.777839	0.799494	0.789805	0.782031	
200	0.794355	0.796527	0.789384	0.801677	0.791192	0.797364	0.781714	0.797657	0.788305	0.782924	
205	0.792405	0.795747	0.788413	0.799805	0.789742	0.793953	0.780341	0.800754	0.786382	0.781060	
210	0.790845	0.798197	0.786511	0.800125	0.789326	0.789735	0.780459	0.800733	0.787374	0.782272	
215	0.792544	0.793786	0.787088	0.803260	0.793554	0.792399	0.777817	0.799552	0.785216	0.783805	
220	0.792814	0.792295	0.789291	0.800159	0.795921	0.795100	0.777285	0.796901	0.786420	0.788265	
225	0.791556	0.790856	0.789234	0.799359	0.795765	0.793036	0.778451	0.797391	0.789578	0.789438	
230	0.793392	0.793289	0.790440	0.797744	0.795324	0.793767	0.780324	0.796033	0.789586	0.785091	
235	0.795498	0.793160	0.789161	0.797882	0.796109	0.791570	0.781941	0.795635	0.787809	0.784616	
240	0.794344	0.791627	0.787945	0.796262	0.797022	0.793034	0.783051	0.795078	0.788297	0.784239	
245	0.793658	0.791733	0.787723	0.796340	0.798896	0.793733	0.782058	0.794043	0.785799	0.786236	
250	0.792674	0.791182	0.785125	0.795097	0.797717	0.795846	0.780664	0.791508	0.785366	0.788102	
255	0.790466	0.792167	0.784053	0.792069	0.797525	0.794920	0.782153	0.794901	0.784766	0.786719	
260	0.790666	0.792679	0.784526	0.791571	0.800410	0.795099	0.784040	0.796438	0.783087	0.786679	
265	0.789406	0.793325	0.786268	0.792210	0.797297	0.797255	0.784095	0.794670	0.782738	0.787917	
270	0.787828	0.793123	0.785020	0.792552	0.801232	0.801715	0.779747	0.796628	0.785420	0.787125	
275	0.788500	0.791605	0.784233	0.791348	0.799718	0.799175	0.782321	0.796049	0.784509	0.791989	
280	0.791565	0.792099	0.785481	0.792125	0.799319	0.800328	0.782888	0.794940	0.784593	0.786743	
285	0.789744	0.792174	0.788212	0.789151	0.799329	0.796613	0.782992	0.793668	0.784960	0.786235	
290	0.792487	0.793375	0.789107	0.792359	0.799522	0.795617	0.782441	0.791957	0.782313	0.786349	
295	0.788817	0.796912	0.788803	0.791690	0.797588	0.794321	0.782567	0.792840	0.782249	0.787883	
300	0.787955	0.797236	0.789110	0.792053	0.800333	0.792648	0.782175	0.792869	0.784589	0.785998	
305	0.781647	0.797624	0.787335	0.787680	0.800144	0.790762	0.786194	0.792998	0.783270	0.783387	
310	0.781339	0.800702	0.788652	0.785226	0.799890	0.790219	0.784441	0.793747	0.782789	0.783396	
315	0.781310	0.796171	0.786312	0.783828	0.797186	0.789550	0.788224	0.795849	0.787069	0.783494	
320	0.785966	0.798743	0.787724	0.786660	0.795293	0.788179	0.789748	0.794389	0.787193	0.782298	
325	0.786742	0.802575	0.789170	0.786877	0.796555	0.787556	0.790348	0.792208	0.791419	0.780124	
330	0.787822	0.802881	0.790027	0.788570	0.794106	0.787803	0.792153	0.787133	0.789565	0.777718	
335	0.787451	0.799194	0.791475	0.789991	0.791388	0.789285	0.791461	0.789895	0.786133	0.781070	
340	0.789003	0.799933	0.790001	0.788519	0.789913	0.792725	0.791623	0.792104	0.788854	0.777422	
345	0.788206	0.797128	0.789429	0.787221	0.793434	0.793374	0.790104	0.793333	0.792102	0.773532	
350	0.789993	0.796130	0.786227	0.785610	0.792936	0.791929	0.786793	0.788525	0.791995	0.774860	
355	0.792057	0.793939	0.788138	0.783011	0.790267	0.791649	0.786166	0.787392	0.792824	0.776335	
360	0.789585	0.793903	0.787155	0.783612	0.794563	0.787429	0.785215	0.786949	0.792411	0.776151	
365	0.788473	0.794393	0.787054	0.789655	0.795141	0.787567	0.785484	0.786462	0.789066	0.775886	
370	0.792127	0.789926	0.790771	0.786831	0.791413	0.785605	0.783145	0.788694	0.791980	0.779216	
375	0.794696	0.791967	0.791663	0.788575	0.790453	0.785408	0.788311	0.789376	0.790367	0.780955	
380	0.790595	0.792491	0.788485	0.787671	0.790813	0.787849	0.791103	0.789236	0.790611	0.783081	
385	0.789817	0.792021	0.789994	0.785731	0.788779	0.787535	0.788199	0.787508	0.789656	0.783349	
390	0.791573	0.788323	0.788307	0.787956	0.788243	0.786185	0.787962	0.789460	0.787793	0.784224	
395	0.790828	0.786445	0.789485	0.787211	0.787119	0.784180	0.786216	0.789768	0.784829	0.783509	
400	0.789055	0.787057	0.785708	0.790578	0.789116	0.784938	0.788327	0.788863	0.783693	0.784842	
405	0.791301	0.785111	0.786927	0.789359	0.786790	0.783733	0.787067	0.788633	0.782065	0.786426	
410	0.788526	0.787042	0.792754	0.789938	0.789969	0.784325	0.788464	0.790230	0.780531	0.788772	
415	0.787278	0.787289	0.792615	0.789401	0.793302	0.786765	0.786965	0.791062	0.782249	0.792631	
420	0.786000	0.786114	0.792279	0.786724	0.791339	0.789254	0.789145	0.794635	0.779860	0.792639	
425	0.784916	0.787269	0.793387	0.786701	0.790818	0.793906	0.787343	0.791147	0.782515	0.789340	
430	0.786379	0.788748	0.797075	0.784762	0.788539	0.790025	0.788478	0.790021	0.784604	0.790241	
435	0.785662	0.788917	0.796016	0.786181	0.789925	0.788644	0.785775	0.787907	0.785202	0.787499	
440	0.787797	0.784747	0.795645	0.789325	0.786366	0.790747	0.783074	0.790039	0.784315	0.790050	
445	0.786438	0.787021	0.794873	0.790888	0.787761	0.788198	0.783185	0.792131	0.784693	0.791473	
450	0.782162	0.790947	0.795161	0.788252	0.785176	0.785062	0.784311	0.787751	0.784661	0.789708	
455	0.782053	0.791580	0.794338	0.788268	0.784729	0.786992	0.781246	0.791361	0.782932	0.793252	
460	0.784403	0.796082	0.795285	0.787194	0.787205	0.787303	0.783290	0.792909	0.781503	0.792227	
465	0.784847	0.791589	0.794574	0.785150	0.788012	0.786697	0.783904	0.788288	0.778262	0.790059	
470	0.784348	0.793440	0.794530	0.784787	0.785995	0.790147	0.785531	0.790667	0.783926	0.790514	
475	0.789036	0.793914	0.792831	0.784389	0.786061	0.791473	0.787159	0.790290	0.785700	0.788463	
480	0.789772	0.792666	0.793592	0.783805	0.785372	0.789358	0.789814	0.788395	0.786012	0.786188	
485	0.790902	0.796690	0.793772	0.788566	0.787073	0.789305	0.786957	0.787885	0.785220	0.789759	
490	0.790103	0.795083	0.795172	0.790078	0.787879	0.790989	0.784717	0.790698	0.785642	0.790908	
495	0.789557	0.796630	0.797193	0.791165	0.791610	0.791689	0.781737	0.788590	0.785334	0.789091	
500	0.787891	0.794969	0.793875	0.789462	0.791520	0.792309	0.781407	0.791480	0.783455	0.789016	
505	0.789468	0.796347	0.795210	0.789461	0.791451	0.792586	0.784216	0.790182	0.784168	0.790653	
510	0.791930	0.796160	0.797972	0.791203	0.790724	0.790623	0.784274	0.789749	0.787050	0.792715	
515	0.796035	0.797324	0.795586	0.791665	0.792166	0.789431	0.784925	0.790519	0.789673	0.792026	
520	0.795618	0.796265	0.796904	0.790093	0.789404	0.790481	0.782345	0.793539	0.794401	0.794581	
525	0.790314	0.796551	0.795107	0.789841	0.787947	0.789496	0.787849	0.793074	0.793285	0.792429	
530	0.788478	0.799569	0.792206	0.790797	0.783804	0.787315	0.788926	0.788518	0.790338	0.789268	
535	0.788158	0.800764	0.793560	0.790190	0.781389	0.789517	0.787753	0.788658	0.788390	0.789649	
540	0.785111	0.797149	0.790790	0.790783	0.783147	0.791465	0.788383	0.791715	0.789163	0.786995	
545	0.784536	0.797754	0.789812	0.790181	0.786093	0.789051	0.789640	0.792056	0.786744	0.789814	
550	0.782719	0.799207	0.791000	0.791405	0.786331	0.787459	0.788836	0.790983	0.788419	0.787059	
555	0.784450	0.798498	0.790516	0.789879	0.786565	0.785913	0.787408	0.786725	0.793246	0.788127	
560	0.784477	0.796112	0.794950	0.790384	0.786408	0.785347	0.786989	0.783877	0.792216	0.786446	
565	0.787968	0.795980	0.790578	0.792054	0.786807	0.785518	0.786677	0.784928	0.792091	0.790839	
570	0.787711	0.796354	0.791214	0.789968	0.789010	0.784957	0.787585	0.786455	0.794142	0.789404	
575	0.785700	0.794159	0.792425	0.790785	0.788689	0.789181	0.787310	0.784924	0.792922	0.787385	
580	0.783118	0.794350	0.790752	0.788670	0.787868	0.788495	0.784411	0.784973	0.790587	0.786871	
585	0.784027	0.793119	0.788593	0.791672	0.787147	0.788029	0.783997	0.785854	0.790744	0.787798	
590	0.785243	0.793569	0.789734	0.792180	0.785140	0.791443	0.784230	0.786411	0.790724	0.784918	
595	0.786599	0.793154	0.792241	0.791064	0.786695	0.787912	0.781908	0.789591	0.786860	0.788459	
600	0.787937	0.792276	0.790900	0.790401	0.786783	0.787526	0.781240	0.787762	0.783859	0.788958	
605	0.786395	0.791827	0.791641	0.791974	0.789583	0.787528	0.782369	0.794726	0.787050	0.787520	
610	0.785113	0.791583	0.788657	0.793321	0.789783	0.785812	0.780011	0.792364	0.787120	0.783566	
615	0.783490	0.792412	0.790656	0.792888	0.792853	0.784432	0.779871	0.795425	0.784720	0.784126	
620	0.785220	0.790830	0.792276	0.791212	0.797475	0.784980	0.778155	0.794122	0.787005	0.786969	
625	0.784153	0.789784	0.795055	0.790849	0.794430	0.787309	0.778278	0.793768	0.788716	0.787559	
630	0.782597	0.790553	0.792366	0.793509	0.789996	0.785729	0.780747	0.791917	0.787798	0.786850	
635	0.780468	0.793463	0.789606	0.792248	0.790932	0.786017	0.779642	0.792128	0.785046	0.788371	
640	0.778143	0.794134	0.788877	0.790970	0.793001	0.785093	0.780282	0.791737	0.789026	0.789125	
645	0.781574	0.791355	0.788049	0.790390	0.793653	0.784242	0.781896	0.790792	0.791472	0.788849	
650	0.783139	0.791131	0.787949	0.791001	0.794690	0.789545	0.783056	0.790191	0.789848	0.789680	
655	0.784046	0.792017	0.787636	0.789913	0.796210	0.788897	0.784436	0.789691	0.791272	0.789776	
660	0.783580	0.792577	0.787725	0.791595	0.794518	0.791579	0.785148	0.788959	0.791500	0.789472	
665	0.782960	0.791563	0.789471	0.791655	0.793975	0.792416	0.781837	0.791668	0.789318	0.792162	
670	0.779988	0.791659	0.790392	0.790892	0.793339	0.790110	0.783808	0.795335	0.785875	0.789788	
675	0.782947	0.792191	0.791636	0.794974	0.790970	0.788521	0.786171	0.795712	0.784960	0.788969	
680	0.780537	0.796257	0.791307	0.792425	0.786653	0.791235	0.785193	0.793974	0.787180	0.791617	
685	0.783633	0.796391	0.789386	0.788203	0.789237	0.792039	0.784156	0.793295	0.782863	0.796897	
690	0.782275	0.793145	0.789503	0.791458	0.788012	0.792036	0.784800	0.790381	0.781746	0.795885	
695	0.781629	0.793844	0.791572	0.789752	0.788473	0.791030	0.783839	0.790911	0.783506	0.792915	
700	0.780711	0.795712	0.791303	0.791100	0.790797	0.792394	0.784657	0.791646	0.781155	0.790778	
705	0.779686	0.796614	0.791388	0.790676	0.790272	0.794430	0.784611	0.788902	0.784305	0.784675	
710	0.779203	0.797434	0.792243	0.789290	0.790496	0.790779	0.785968	0.788968	0.784706	0.788347	
715	0.780762	0.794450	0.788611	0.787669	0.786895	0.791601	0.785066	0.788914	0.786802	0.791642	
720	0.785678	0.791992	0.789165	0.787411	0.787631	0.790738	0.783433	0.788480	0.784054	0.792925	
725	0.785929	0.792260	0.789132	0.789584	0.785886	0.789928	0.785338	0.789638	0.784723	0.790603	
730	0.788700	0.790459	0.791317	0.789003	0.786444	0.790171	0.788217	0.789327	0.784568	0.792875	
735	0.790066	0.791703	0.787395	0.789625	0.786596	0.789056	0.787400	0.789984	0.784746	0.792731	
740	0.790136	0.790485	0.787620	0.787596	0.787540	0.789163	0.790522	0.791889	0.783429	0.791256	
745	0.791281	0.791866	0.787345	0.784530	0.786793	0.786296	0.788740	0.791661	0.786786	0.789371	
750	0.786751	0.791307	0.787546	0.785671	0.785517	0.787605	0.787632	0.792406	0.787710	0.790854	
755	0.788751	0.789594	0.789160	0.786812	0.785050	0.786985	0.787764	0.789207	0.786084	0.791854	
760	0.784616	0.789707	0.790508	0.786393	0.783428	0.786702	0.789219	0.790189	0.786080	0.792581	
765	0.784187	0.790894	0.790328	0.788453	0.782584	0.785322	0.788164	0.792124	0.785962	0.793722	
770	0.783717	0.790842	0.789002	0.788423	0.782152	0.785273	0.789800	0.790363	0.783619	0.791766	
775	0.786237	0.792454	0.789006	0.788643	0.782522	0.785445	0.789488	0.789120	0.779890	0.794312	
780	0.786359	0.791035	0.789910	0.791017	0.784178	0.787139	0.790040	0.787650	0.777396	0.795271	
785	0.786205	0.790683	0.788187	0.791960	0.789077	0.787461	0.790496	0.790142	0.777541	0.794011	
790	0.785958	0.790396	0.786699	0.792930	0.787345	0.787232	0.790340	0.788369	0.779793	0.792972	
795	0.787752	0.790335	0.784544	0.793869	0.787909	0.784690	0.793589	0.783278	0.783770	0.793460	
800	0.785956	0.788600	0.789901	0.792494	0.790506	0.785053	0.796049	0.786518	0.785849	0.792246	
805	0.787009	0.788556	0.791300	0.791575	0.788712	0.785443	0.794290	0.786454	0.787741	0.792390	
810	0.786763	0.788611	0.791726	0.792356	0.788283	0.787738	0.794380	0.784593	0.787690	0.792713	
815	0.789028	0.789200	0.789884	0.791964	0.791209	0.787863	0.791149	0.786417	0.789552	0.789574	
820	0.789854	0.787484	0.789689	0.788926	0.794961	0.784644	0.786972	0.787808	0.789259	0.789687	
825	0.788811	0.788086	0.790867	0.788269	0.793141	0.785191	0.786688	0.789577	0.788132	0.790418	
830	0.785153	0.790732	0.790935	0.789019	0.791131	0.785143	0.785712	0.791828	0.788778	0.789439	
835	0.786999	0.787295	0.790112	0.786158	0.790847	0.782492	0.784861	0.789631	0.787127	0.789171	
840	0.790613	0.784539	0.789149	0.787618	0.790408	0.781960	0.789184	0.792879	0.784008	0.792964	
845	0.790782	0.781965	0.792572	0.787679	0.790379	0.781779	0.790926	0.790490	0.785665	0.793141	
850	0.787494	0.781410	0.790954	0.786233	0.787262	0.781423	0.790654	0.790728	0.785823	0.795059	
855	0.784319	0.781240	0.790755	0.787242	0.788674	0.782690	0.788574	0.790840	0.787283	0.791861	
860	0.782058	0.781897	0.792724	0.788637	0.789134	0.783985	0.786650	0.792904	0.788300	0.790174	
865	0.780665	0.783216	0.792274	0.792783	0.789297	0.780729	0.788074	0.791798	0.787068	0.788029	
870	0.783758	0.787953	0.789833	0.793965	0.791651	0.782413	0.787163	0.789927	0.787626	0.788654	
875	0.781848	0.786605	0.787939	0.791711	0.789590	0.781610	0.787104	0.790561	0.787286	0.789291	
880	0.782195	0.786553	0.790936	0.790361	0.790684	0.783234	0.785936	0.795270	0.789027	0.788299	
885	0.781021	0.784315	0.790203	0.789606	0.795159	0.780849	0.785819	0.794268	0.786017	0.789424	
890	0.785509	0.781863	0.790640	0.791938	0.794466	0.784396	0.787564	0.791624	0.787592	0.790163	
895	0.787531	0.785362	0.789855	0.788073	0.794232	0.783687	0.786462	0.790605	0.787690	0.790309	
900	0.785112	0.786633	0.789719	0.786025	0.790980	0.786459	0.786192	0.792026	0.787277	0.791083	
905	0.788274	0.789234	0.788158	0.785902	0.790341	0.787330	0.786025	0.793866	0.788325	0.789664	
910	0.788037	0.786802	0.790116	0.786071	0.789155	0.786926	0.786610	0.792852	0.790724	0.789444	
915	0.791686	0.786361	0.787783	0.785388	0.787832	0.787989	0.788999	0.789383	0.788541	0.791447	
920	0.792618	0.788578	0.788106	0.782769	0.787945	0.787924	0.793819	0.786698	0.786898	0.790099	
925	0.791441	0.786999	0.789513	0.786377	0.787572	0.786899	0.791853	0.786829	0.784749	0.789696	
930	0.786903	0.787757	0.789812	0.787721	0.790370	0.783187	0.790202	0.787670	0.782927	0.791870	
935	0.782346	0.790073	0.788775	0.788789	0.789964	0.785039	0.791478	0.787934	0.782608	0.788952	
940	0.782813	0.787611	0.786824	0.789309	0.792215	0.786420	0.794082	0.787613	0.785524	0.790424	
945	0.781774	0.787806	0.787785	0.786932	0.790558	0.788627	0.792304	0.785082	0.784241	0.787541	
950	0.783887	0.788078	0.789232	0.789122	0.793305	0.784882	0.791775	0.786297	0.785609	0.790008	
955	0.784256	0.788954	0.785410	0.789714	0.792074	0.785974	0.794760	0.784218	0.785235	0.792006	
960	0.789423	0.789864	0.785117	0.785501	0.794152	0.783314	0.792779	0.785773	0.783666	0.788865	
965	0.789155	0.789232	0.784565	0.786349	0.794987	0.783155	0.791424	0.783204	0.790166	0.789071	
970	0.794168	0.784131	0.785360	0.784190	0.795376	0.783169	0.790927	0.782393	0.787119	0.791805	
975	0.787642	0.786121	0.784662	0.788200	0.790880	0.783532	0.790789	0.782200	0.787852	0.790131	
980	0.786992	0.786432	0.784990	0.785809	0.789397	0.787797	0.791751	0.784140	0.786054	0.790407	
985	0.788795	0.782604	0.785953	0.784761	0.793419	0.787984	0.791347	0.785526	0.785692	0.787867	
990	0.788544	0.782771	0.781598	0.785552	0.794086	0.786357	0.787869	0.786995	0.785957	0.788299	
995	0.788611	0.782879	0.783961	0.784876	0.791124	0.784322	0.789795	0.785503	0.784782	0.788857	
1000	0.787005	0.780829	0.789427	0.780744	0.793732	0.785920	0.788801	0.786991	0.786020	0.787476	
1005	0.783039	0.780515	0.787950	0.783389	0.792589	0.786295	0.788106	0.787165	0.787255	0.791665	
1010	0.782353	0.777317	0.793189	0.785383	0.789866	0.786835	0.787867	0.786362	0.791519	0.794452	
1015	0.784083	0.777294	0.795533	0.785049	0.790626	0.784441	0.789730	0.785655	0.789052	0.791522	
1020	0.786759	0.777746	0.792169	0.783771	0.785380	0.785147	0.791315	0.787448	0.786295	0.787809	
1025	0.788583	0.777828	0.790582	0.787732	0.782010	0.782987	0.792180	0.787227	0.786837	0.788872	
1030	0.786166	0.777119	0.792516	0.784646	0.785503	0.782955	0.789271	0.789283	0.790143	0.787911	
1035	0.786594	0.777278	0.791632	0.783468	0.785609	0.784513	0.789200	0.790866	0.792095	0.786924	
1040	0.784674	0.776832	0.789097	0.783623	0.788138	0.786559	0.788176	0.789334	0.789950	0.789163	
1045	0.787926	0.779734	0.787906	0.788294	0.790099	0.785473	0.786301	0.793557	0.790835	0.788196	
1050	0.788036	0.780214	0.790315	0.788455	0.789128	0.788269	0.786123	0.790927	0.791917	0.788341	
1055	0.788289	0.780845	0.790014	0.789170	0.789418	0.788849	0.786976	0.789604	0.792105	0.785365	
1060	0.788171	0.780631	0.789117	0.786998	0.790666	0.787230	0.786623	0.788583	0.795381	0.782906	
1065	0.788185	0.780183	0.790486	0.781821	0.790760	0.786378	0.787190	0.787027	0.792112	0.781309	
1070	0.790045	0.782435	0.793701	0.782594	0.792298	0.784236	0.788291	0.782406	0.791865	0.781459	
1075	0.791542	0.780196	0.794263	0.781351	0.790332	0.785622	0.788651	0.782533	0.792575	0.784473	
1080	0.788767	0.786114	0.788556	0.782468	0.788608	0.786948	0.790141	0.782297	0.791737	0.783589	
1085	0.789772	0.790000	0.789990	0.782491	0.787864	0.785862	0.792737	0.785939	0.791538	0.783563	
1090	0.791989	0.788661	0.792226	0.783281	0.789111	0.783221	0.790978	0.785134	0.790240	0.781093	
1095	0.792610	0.792697	0.791773	0.787804	0.790738	0.780333	0.789926	0.789922	0.786363	0.780239	
1100	0.791659	0.797591	0.792941	0.786344	0.789096	0.782038	0.789277	0.790296	0.787727	0.782569	
1105	0.789310	0.797823	0.794596	0.785717	0.787079	0.782055	0.789076	0.789717	0.789299	0.782069	
1110	0.791872	0.798893	0.790549	0.788760	0.787344	0.782616	0.789689	0.788439	0.788763	0.782761	
1115	0.789532	0.800174	0.789639	0.788177	0.787354	0.782166	0.788951	0.788719	0.791906	0.782457	
1120	0.787729	0.799243	0.789818	0.785375	0.787303	0.782832	0.791286	0.787451	0.790732	0.783159	
1125	0.786171	0.793973	0.791275	0.791988	0.786370	0.780360	0.790958	0.787972	0.789877	0.784887	
1130	0.784584	0.792147	0.789722	0.790986	0.787229	0.781973	0.793448	0.787614	0.792538	0.781672	
1135	0.783983	0.794435	0.790702	0.790806	0.789862	0.782195	0.792161	0.788785	0.794855	0.778953	
1140	0.783081	0.790193	0.792322	0.792210	0.791062	0.778180	0.790362	0.788711	0.795284	0.779762	
1145	0.784153	0.794380	0.791935	0.795471	0.789636	0.780507	0.789443	0.790270	0.795611	0.779873	
1150	0.786192	0.792099	0.790859	0.791483	0.789015	0.780909	0.789790	0.793353	0.793947	0.779725	
1155	0.785236	0.788474	0.787154	0.790206	0.789190	0.784237	0.791930	0.788816	0.796682	0.782258	
1160	0.787263	0.787005	0.786661	0.791513	0.789543	0.783916	0.789360	0.786131	0.793628	0.783787	
1165	0.786004	0.786175	0.788610	0.789089	0.787851	0.785926	0.789103	0.787004	0.791142	0.781066	
1170	0.787095	0.787155	0.788100	0.791990	0.786527	0.783075	0.788517	0.787827	0.789845	0.782387	
1175	0.792724	0.787159	0.790091	0.787766	0.786952	0.785279	0.784032	0.788446	0.788113	0.783440	
1180	0.792034	0.788623	0.793075	0.788133	0.784006	0.784550	0.786316	0.784258	0.788804	0.781729	
1185	0.791085	0.787559	0.794639	0.790428	0.785118	0.783312	0.785993	0.783071	0.787646	0.784353	
1190	0.790877	0.788750	0.791425	0.789050	0.784195	0.786385	0.785063	0.782057	0.784360	0.783041	
1195	0.792265	0.787184	0.790800	0.788636	0.784777	0.788098	0.784280	0.782862	0.783263	0.784598	
1200	0.792604	0.786764	0.790765	0.787119	0.786284	0.787218	0.784465	0.784732	0.786179	0.784208	
1205	0.790470	0.787469	0.789033	0.784401	0.787239	0.789815	0.785477	0.786663	0.785448	0.784153	
1210	0.790146	0.785875	0.789144	0.784207	0.786885	0.788843	0.785391	0.789149	0.786059	0.786485	
1215	0.791168	0.788085	0.789883	0.787200	0.788569	0.789942	0.786094	0.786041	0.787461	0.786417	
1220	0.789638	0.790442	0.788751	0.791022	0.790575	0.790106	0.788586	0.787090	0.786452	0.784434	
1225	0.790075	0.789720	0.791206	0.790047	0.787771	0.791763	0.789025	0.783524	0.788140	0.786271	
1230	0.787086	0.785918	0.786891	0.788326	0.788572	0.788620	0.789438	0.780662	0.792154	0.786641	
1235	0.786638	0.781387	0.785902	0.789696	0.790922	0.788147	0.790559	0.778970	0.790717	0.782799	
1240	0.785661	0.782772	0.783896	0.786389	0.794729	0.787232	0.787687	0.780170	0.792557	0.784403	
1245	0.788002	0.783934	0.781864	0.784429	0.794488	0.783135	0.785984	0.780898	0.793066	0.786747	
1250	0.790031	0.783141	0.781158	0.784521	0.793347	0.784295	0.786127	0.781182	0.792106	0.783776	
1255	0.791790	0.781613	0.780927	0.784930	0.795300	0.784038	0.789605	0.780638	0.788992	0.785651	
1260	0.790999	0.782067	0.785415	0.789078	0.795149	0.786515	0.786068	0.780398	0.790102	0.784640	
1265	0.792096	0.785111	0.784056	0.790340	0.797366	0.787631	0.785677	0.781877	0.790175	0.782457	
1270	0.790659	0.789546	0.787898	0.789888	0.794516	0.788980	0.786379	0.784931	0.789872	0.785854	
1275	0.788551	0.790854	0.786844	0.790763	0.796489	0.788201	0.785796	0.786278	0.789099	0.783838	
1280	0.786386	0.788361	0.789137	0.791935	0.795322	0.790030	0.787139	0.785129	0.788682	0.782086	
1285	0.785803	0.791299	0.791623	0.792040	0.792971	0.789018	0.787236	0.786470	0.789326	0.783305	
1290	0.784012	0.791219	0.788484	0.791035	0.792291	0.787170	0.788075	0.784500	0.787971	0.782803	
1295	0.787508	0.791436	0.789191	0.790143	0.792232	0.788391	0.785570	0.784347	0.789079	0.785996	
1300	0.789012	0.787610	0.788984	0.789579	0.793134	0.789811	0.787495	0.786606	0.787305	0.787804	
1305	0.787642	0.787731	0.790061	0.788490	0.791209	0.789316	0.786687	0.781776	0.785754	0.787846	
1310	0.785166	0.790907	0.789195	0.792742	0.792263	0.787514	0.786393	0.785708	0.788530	0.783279	
1315	0.786488	0.789964	0.790792	0.793481	0.792131	0.788167	0.786799	0.785468	0.786979	0.781582	
1320	0.785848	0.790448	0.791702	0.790262	0.793196	0.787230	0.789841	0.784330	0.786910	0.782444	
1325	0.788222	0.792983	0.790913	0.791057	0.792742	0.786492	0.790867	0.786356	0.785503	0.782623	
1330	0.789854	0.794268	0.791509	0.792358	0.792308	0.784089	0.791472	0.782574	0.787580	0.783156	
1335	0.789062	0.792967	0.792794	0.792182	0.792330	0.784962	0.795304	0.785971	0.789850	0.783769	
1340	0.789469	0.794040	0.790689	0.792616	0.789013	0.786791	0.792574	0.787659	0.789503	0.783926	
1345	0.788443	0.794913	0.793378	0.791502	0.789607	0.784755	0.790636	0.788946	0.789623	0.782578	
1350	0.786530	0.792223	0.794000	0.789045	0.788745	0.783366	0.790264	0.786593	0.789425	0.781575	
1355	0.784780	0.791969	0.795493	0.790880	0.787074	0.780392	0.791182	0.786644	0.790211	0.779797	
1360	0.787031	0.791824	0.796666	0.789318	0.787091	0.783450	0.786511	0.787550	0.788053	0.779590	
1365	0.786636	0.789735	0.797809	0.790006	0.785699	0.782580	0.785830	0.786698	0.787240	0.779189	
1370	0.788012	0.789250	0.800291	0.789656	0.784000	0.784694	0.782838	0.787982	0.783449	0.777102	
1375	0.784331	0.787258	0.796489	0.791112	0.785937	0.783259	0.782847	0.789468	0.784738	0.776248	
1380	0.785634	0.786839	0.796374	0.788007	0.786406	0.784832	0.785891	0.788139	0.782201	0.779686	
1385	0.789078	0.789375	0.794067	0.790482	0.784854	0.784366	0.785921	0.788063	0.781033	0.783600	
1390	0.788596	0.787654	0.792254	0.790273	0.786275	0.785719	0.786556	0.786985	0.783139	0.782997	
1395	0.788245	0.785922	0.795720	0.791095	0.788056	0.784499	0.789734	0.789299	0.778633	0.785075	
1400	0.787153	0.784138	0.790236	0.789388	0.787956	0.784835	0.790071	0.787871	0.776762	0.787288	
1405	0.787519	0.786287	0.791748	0.792594	0.788990	0.787513	0.791266	0.786307	0.778601	0.785989	
1410	0.786081	0.788274	0.792440	0.792798	0.789327	0.785734	0.792316	0.790714	0.782179	0.783347	
1415	0.785062	0.787570	0.794777	0.794908	0.789157	0.786278	0.792886	0.791706	0.783489	0.780105	
1420	0.786793	0.784563	0.791515	0.794223	0.786449	0.784075	0.795645	0.792734	0.782315	0.783069	
1425	0.786516	0.787610	0.787082	0.796362	0.785022	0.785448	0.795049	0.790420	0.779441	0.779899	
1430	0.789561	0.786903	0.788086	0.796949	0.786162	0.785226	0.794675	0.788443	0.780432	0.778909	
1435	0.788274	0.786739	0.789123	0.796224	0.786743	0.785159	0.793558	0.789611	0.779613	0.780743	
1440	0.784101	0.790420	0.789938	0.795797	0.787732	0.785133	0.789469	0.787884	0.781456	0.778702	
1445	0.783641	0.789797	0.789597	0.795826	0.787329	0.786161	0.788969	0.788578	0.780563	0.777346	
1450	0.785639	0.791365	0.788377	0.796909	0.787808	0.789783	0.786470	0.788037	0.781740	0.778126	
1455	0.786538	0.789962	0.786557	0.795904	0.787857	0.789556	0.783847	0.785272	0.781815	0.777117	
1460	0.787944	0.790983	0.784651	0.793785	0.789701	0.791202	0.785760	0.784670	0.781289	0.777930	
1465	0.787303	0.793380	0.787387	0.792437	0.789185	0.789311	0.789197	0.787384	0.784500	0.780209	
1470	0.786670	0.790372	0.787021	0.792815	0.788517	0.789929	0.787501	0.785545	0.787568	0.780574	
1475	0.787141	0.795735	0.788350	0.794369	0.787035	0.789787	0.787149	0.788304	0.784696	0.782602	
1480	0.789980	0.793664	0.785914	0.793869	0.785674	0.788786	0.789046	0.786882	0.786721	0.784912	
1485	0.792157	0.793843	0.790849	0.789810	0.783580	0.787613	0.789854	0.786873	0.786202	0.785824	
1490	0.793454	0.794975	0.789437	0.787265	0.782132	0.783954	0.789347	0.789830	0.789724	0.783811	
1495	0.792735	0.793559	0.790665	0.786475	0.782630	0.788189	0.788679	0.792453	0.789314	0.786153	
1500	0.791337	0.792554	0.790429	0.788252	0.784603	0.788560	0.789357	0.792960	0.787098	0.786684	
1505	0.792968	0.792478	0.791779	0.786035	0.786188	0.786491	0.791955	0.794540	0.786134	0.782947	
1510	0.792472	0.792991	0.792449	0.788217	0.788740	0.789117	0.789651	0.794202	0.784394	0.781581	
1515	0.794693	0.794501	0.790811	0.787984	0.790470	0.791722	0.790731	0.794106	0.786352	0.780526	
1520	0.791231	0.794381	0.789641	0.789372	0.789487	0.793513	0.791120	0.791576	0.786446	0.784885	
1525	0.790786	0.792580	0.787057	0.789796	0.788714	0.790994	0.791990	0.791050	0.788837	0.785339	
1530	0.791244	0.791039	0.786981	0.788396	0.788347	0.789417	0.787755	0.792320	0.792793	0.782413	
1535	0.789417	0.794392	0.784717	0.787265	0.786976	0.789667	0.787742	0.791471	0.795262	0.781384	
1540	0.787052	0.790147	0.784843	0.786936	0.786070	0.788530	0.784573	0.792153	0.791726	0.779450	
1545	0.783662	0.790840	0.784845	0.788780	0.785856	0.790554	0.782463	0.793078	0.792071	0.784987	
1550	0.784861	0.787769	0.786071	0.788472	0.785201	0.789167	0.781187	0.794099	0.792780	0.783468	
1555	0.787298	0.791241	0.784631	0.787461	0.781593	0.791566	0.781627	0.794098	0.791021	0.786008	
1560	0.789480	0.792196	0.783700	0.789704	0.784382	0.792369	0.782786	0.792293	0.785429	0.787386	
1565	0.788683	0.791936	0.786193	0.790399	0.782292	0.791156	0.785777	0.787082	0.783771	0.786740	
1570	0.788895	0.788936	0.785566	0.789720	0.785476	0.791386	0.785975	0.786756	0.783255	0.787450	
1575	0.789382	0.788331	0.786072	0.792013	0.785168	0.789003	0.782384	0.787128	0.785174	0.785611	
1580	0.789994	0.788136	0.789486	0.788619	0.786442	0.787736	0.785248	0.788709	0.788136	0.780256	
1585	0.789602	0.786276	0.789111	0.788347	0.785009	0.786134	0.785662	0.788954	0.789108	0.778534	
1590	0.790316	0.787143	0.788209	0.785812	0.783852	0.783937	0.785107	0.787987	0.786908	0.776976	
1595	0.791354	0.790126	0.787683	0.788583	0.784639	0.783985	0.784578	0.789887	0.782985	0.777403	
1600	0.794171	0.790020	0.786713	0.786771	0.785586	0.782642	0.785505	0.792534	0.781236	0.775501	
1605	0.792785	0.789795	0.783137	0.786994	0.782233	0.780644	0.788918	0.790756	0.782521	0.772508	
1610	0.795955	0.790687	0.782980	0.786615	0.783908	0.782504	0.788737	0.790091	0.786934	0.777173	
1615	0.794986	0.790016	0.785480	0.784994	0.784971	0.781728	0.789416	0.786798	0.789585	0.778010	
1620	0.794363	0.789533	0.787360	0.783959	0.785221	0.783552	0.789887	0.789973	0.788592	0.777862	
1625	0.795833	0.788799	0.789204	0.783712	0.788085	0.782143	0.792922	0.790370	0.786547	0.777638	
1630	0.795290	0.792207	0.787194	0.784368	0.785910	0.783446	0.795353	0.790003	0.786742	0.780038	
1635	0.796964	0.797138	0.788347	0.787525	0.785258	0.782802	0.793631	0.790734	0.784305	0.784018	
1640	0.792758	0.795995	0.784659	0.787866	0.788499	0.783214	0.792897	0.790506	0.785797	0.785831	
1645	0.792853	0.798504	0.781599	0.787812	0.788995	0.786241	0.794289	0.787403	0.785822	0.788162	
1650	0.791745	0.798369	0.780407	0.789559	0.786208	0.785531	0.795631	0.789673	0.787879	0.787601	
1655	0.789427	0.797814	0.782386	0.789360	0.785560	0.785958	0.796122	0.792618	0.788542	0.788339	
1660	0.786634	0.795427	0.782371	0.791155	0.787584	0.785241	0.794815	0.791811	0.788115	0.786673	
1665	0.786927	0.792453	0.784359	0.789552	0.787061	0.786787	0.792412	0.791704	0.789377	0.784545	
1670	0.787407	0.791698	0.783752	0.788915	0.783665	0.785950	0.790176	0.791846	0.789724	0.783233	
1675	0.786788	0.789832	0.784165	0.791744	0.779253	0.785751	0.789285	0.789516	0.788310	0.779194	
1680	0.787449	0.792147	0.783936	0.792119	0.777561	0.788313	0.789435	0.784930	0.787458	0.778519	
1685	0.789743	0.793262	0.785631	0.793240	0.777415	0.788910	0.790471	0.786006	0.789405	0.779047	
1690	0.789575	0.787321	0.786310	0.794229	0.776561	0.788387	0.787214	0.784886	0.792709	0.777697	
1695	0.791429	0.791818	0.785376	0.793801	0.775672	0.788091	0.788895	0.783277	0.791965	0.777967	
1700	0.790638	0.789565	0.785663	0.791755	0.777606	0.790429	0.787696	0.785880	0.791508	0.779699	
1705	0.787704	0.789366	0.784505	0.793452	0.778148	0.790559	0.790267	0.785537	0.792145	0.781832	
1710	0.788300	0.787407	0.789598	0.793981	0.781363	0.792007	0.789533	0.784926	0.793572	0.780875	
1715	0.787389	0.786282	0.792723	0.792366	0.780969	0.792704	0.791451	0.789110	0.794619	0.784964	
1720	0.784353	0.786816	0.795148	0.790015	0.780864	0.790278	0.790775	0.787308	0.794894	0.786710	
1725	0.784840	0.782327	0.793598	0.787200	0.779872	0.790269	0.791544	0.786742	0.793428	0.785383	
1730	0.786132	0.782622	0.790181	0.788040	0.781791	0.786546	0.786348	0.786806	0.793785	0.779577	
1735	0.787908	0.784872	0.790167	0.788537	0.782443	0.786337	0.785442	0.783895	0.796150	0.781451	
1740	0.786066	0.786604	0.790440	0.788561	0.782212	0.783873	0.788740	0.782325	0.795720	0.784298	
1745	0.789056	0.788006	0.786552	0.789751	0.781271	0.785673	0.789267	0.784805	0.796867	0.785953	
1750	0.787605	0.788941	0.787774	0.788342	0.782861	0.784480	0.791508	0.783048	0.794403	0.784962	
1755	0.783721	0.791033	0.788220	0.786603	0.785738	0.787196	0.789750	0.781045	0.791590	0.784811	
1760	0.787608	0.791636	0.789692	0.784728	0.790587	0.782757	0.791208	0.783037	0.789690	0.786155	
1765	0.791576	0.788335	0.787363	0.787756	0.791514	0.783624	0.790885	0.783015	0.788896	0.784537	
1770	0.789134	0.791345	0.786765	0.787189	0.793039	0.780869	0.790735	0.782925	0.788949	0.787500	
1775	0.790290	0.791767	0.790891	0.790785	0.792652	0.782061	0.794782	0.787097	0.788494	0.789622	
1780	0.788613	0.788604	0.789185	0.789818	0.791304	0.778912	0.792275	0.788775	0.789719	0.788985	
1785	0.786882	0.789856	0.789395	0.794262	0.789145	0.777862	0.792139	0.790665	0.789553	0.787933	
1790	0.790572	0.788430	0.792124	0.796386	0.787256	0.782813	0.792992	0.791350	0.791489	0.792296	
1795	0.793184	0.787881	0.788107	0.796588	0.786627	0.782110	0.793136	0.791376	0.792818	0.794004	
1800	0.791399	0.789220	0.787373	0.792367	0.785458	0.780395	0.788422	0.788372	0.793295	0.792072	
1805	0.787685	0.786281	0.787761	0.792542	0.784238	0.781634	0.789752	0.788834	0.791044	0.794960	
1810	0.790796	0.784301	0.788800	0.792428	0.787099	0.785376	0.787349	0.789653	0.790345	0.791425	
1815	0.791972	0.787812	0.786817	0.789990	0.786549	0.787952	0.783953	0.786984	0.786549	0.788522	
1820	0.790872	0.789535	0.786090	0.789336	0.787250	0.784692	0.787711	0.788413	0.786514	0.789403	
1825	0.791683	0.789707	0.788368	0.789659	0.786459	0.786613	0.784619	0.788649	0.785980	0.787115	
1830	0.789895	0.790393	0.791400	0.792746	0.786007	0.786163	0.786039	0.791621	0.785612	0.786818	
1835	0.788674	0.790928	0.790087	0.792071	0.788130	0.785195	0.782988	0.792079	0.784994	0.788852	
1840	0.790469	0.791516	0.788864	0.793530	0.790056	0.783560	0.782377	0.789401	0.784666	0.788277	
1845	0.788300	0.791353	0.786147	0.793938	0.788891	0.785152	0.785721	0.787602	0.788052	0.787936	
1850	0.789423	0.789137	0.784219	0.791187	0.789881	0.785195	0.787409	0.785156	0.789062	0.789187	
1855	0.788543	0.789667	0.785985	0.792804	0.791533	0.784257	0.783596	0.785587	0.786112	0.786458	
1860	0.787336	0.788208	0.787507	0.794898	0.790990	0.786709	0.781678	0.785356	0.786945	0.788326	
1865	0.786583	0.792719	0.785485	0.794174	0.791900	0.787963	0.782548	0.787576	0.790315	0.789102	
1870	0.788927	0.791297	0.787739	0.795348	0.793187	0.789599	0.783685	0.784430	0.787282	0.788997	
1875	0.790253	0.791289	0.786218	0.793825	0.794414	0.789502	0.786838	0.780068	0.788375	0.788942	
1880	0.790742	0.789703	0.787500	0.790832	0.795769	0.787015	0.787201	0.783254	0.788930	0.787123	
1885	0.791323	0.788924	0.785072	0.788519	0.794820	0.788624	0.787132	0.786167	0.788495	0.787852	
1890	0.793635	0.784835	0.786657	0.791957	0.792748	0.789372	0.784766	0.784219	0.788067	0.786138	
1895	0.793009	0.786308	0.787932	0.793345	0.792424	0.789826	0.784503	0.781506	0.786733	0.781341	
1900	0.789851	0.784611	0.783484	0.792615	0.793452	0.789531	0.785343	0.780642	0.785356	0.778021	
1905	0.789545	0.786817	0.784152	0.791972	0.796051	0.789037	0.783728	0.785295	0.787029	0.778613	
1910	0.790970	0.784577	0.784293	0.794033	0.794056	0.788557	0.781163	0.787730	0.788520	0.779923	
1915	0.790447	0.785178	0.784637	0.792252	0.795520	0.787595	0.780858	0.786049	0.787355	0.778969	
1920	0.791378	0.787434	0.786600	0.789198	0.793744	0.788099	0.781481	0.786987	0.788021	0.781606	
1925	0.793680	0.790007	0.787960	0.788621	0.790565	0.787231	0.781793	0.787047	0.791011	0.777693	
1930	0.792228	0.789331	0.784105	0.787295	0.792743	0.788265	0.783828	0.788316	0.786339	0.777697	
1935	0.791530	0.788962	0.782363	0.786974	0.795964	0.790740	0.785919	0.791731	0.782452	0.784631	
1940	0.792296	0.788545	0.785209	0.786822	0.796760	0.792374	0.783405	0.793048	0.782203	0.785709	
1945	0.791549	0.786812	0.788657	0.787847	0.795734	0.792631	0.780559	0.796336	0.781837	0.785925	
1950	0.793872	0.788990	0.786503	0.784395	0.794640	0.791974	0.782470	0.794079	0.783232	0.784398	
1955	0.795640	0.786786	0.784902	0.787227	0.792043	0.788930	0.783283	0.790451	0.784876	0.780942	
1960	0.795691	0.786249	0.782203	0.786113	0.795151	0.785958	0.780711	0.793859	0.787051	0.784888	
1965	0.792950	0.789433	0.778565	0.785236	0.795377	0.784875	0.783708	0.792030	0.787597	0.784531	
1970	0.792842	0.789173	0.781854	0.787263	0.795310	0.782815	0.786094	0.789663	0.785714	0.784084	
1975	0.793584	0.790735	0.784297	0.787966	0.794426	0.785044	0.787103	0.790987	0.786101	0.787169	
1980	0.796167	0.791104	0.787543	0.788350	0.794131	0.786959	0.788140	0.790163	0.787496	0.782180	
1985	0.794951	0.788655	0.783164	0.788561	0.793676	0.788735	0.785404	0.790034	0.785937	0.781954	
1990	0.789636	0.786038	0.781903	0.788370	0.794210	0.786825	0.785179	0.789323	0.789507	0.780454	
1995	0.788130	0.787210	0.779266	0.789358	0.793738	0.789089	0.785098	0.787852	0.793393	0.779403	
2000	0.791812	0.786160	0.779184	0.785233	0.791192	0.790048	0.782338	0.788611	0.796159	0.776566	
2005	0.797782	0.786676	0.779366	0.785984	0.787732	0.791158	0.783734	0.788045	0.796897	0.776126	
2010	0.797008	0.786087	0.779089	0.786167	0.786303	0.790172	0.785312	0.789277	0.797891	0.776065	
2015	0.796768	0.785233	0.777730	0.789561	0.787253	0.790614	0.785886	0.786987	0.797500	0.773543	
2020	0.794506	0.784382	0.774057	0.789529	0.786719	0.789667	0.783163	0.786025	0.797035	0.774024	
2025	0.792166	0.785386	0.779860	0.788484	0.790117	0.791579	0.782359	0.784890	0.796152	0.777986	
2030	0.791159	0.788293	0.783887	0.789111	0.788746	0.791048	0.784500	0.787263	0.795426	0.783144	
2035	0.790622	0.789767	0.786077	0.790290	0.790016	0.789271	0.786191	0.786753	0.795176	0.782203	
2040	0.788351	0.786983	0.786442	0.791840	0.789545	0.792542	0.786776	0.785830	0.797959	0.780198	
2045	0.789155	0.785313	0.788229	0.788979	0.790436	0.791811	0.785713	0.785491	0.798053	0.780894	
2050	0.791105	0.786761	0.786328	0.791904	0.791848	0.792492	0.785393	0.785336	0.796757	0.780533	
2055	0.790808	0.787795	0.781432	0.789302	0.792721	0.792485	0.781889	0.788030	0.795988	0.782797	
2060	0.793996	0.784889	0.785103	0.788595	0.791076	0.791290	0.784473	0.785822	0.793017	0.782342	
2065	0.792955	0.788101	0.786800	0.791116	0.793735	0.794550	0.784271	0.784850	0.791717	0.785393	
2070	0.792058	0.792414	0.783125	0.789404	0.795295	0.791541	0.787465	0.785428	0.790016	0.781604	
2075	0.794791	0.792669	0.781592	0.791329	0.797305	0.789641	0.788130	0.782695	0.788386	0.782629	
2080	0.794617	0.792101	0.782089	0.789902	0.794697	0.790910	0.787717	0.783864	0.789288	0.783840	
2085	0.791011	0.788486	0.783400	0.791222	0.792388	0.789712	0.786894	0.781726	0.792435	0.783864	
2090	0.789926	0.787145	0.786781	0.792185	0.793382	0.788152	0.788459	0.781932	0.792692	0.783858	
2095	0.790270	0.785917	0.787085	0.790878	0.787833	0.788461	0.788170	0.785588	0.790187	0.787763	
2100	0.789699	0.785977	0.784700	0.791439	0.784679	0.786298	0.786672	0.785177	0.790118	0.783794	
2105	0.789899	0.787231	0.784137	0.794351	0.784628	0.787148	0.792692	0.784877	0.789538	0.782865	
2110	0.790938	0.786669	0.786726	0.792969	0.783453	0.789321	0.790658	0.790191	0.789323	0.781358	
2115	0.792841	0.783656	0.787461	0.790454	0.784759	0.788592	0.789035	0.789138	0.786899	0.781018	
2120	0.790844	0.780011	0.787413	0.789954	0.783846	0.787854	0.792510	0.787009	0.785047	0.778991	
2125	0.788971	0.784553	0.784737	0.792296	0.782130	0.787125	0.793891	0.783594	0.789228	0.781515	
2130	0.789541	0.785960	0.786058	0.788734	0.784322	0.790957	0.793872	0.783988	0.788942	0.782628	
2135	0.789649	0.787226	0.788105	0.787420	0.783183	0.791409	0.792103	0.786503	0.790008	0.784451	
2140	0.793638	0.782316	0.788751	0.784440	0.788309	0.792479	0.791092	0.787293	0.788812	0.784776	
2145	0.793397	0.781530	0.790190	0.787797	0.787650	0.789272	0.791910	0.787958	0.790478	0.784904	
2150	0.792886	0.784321	0.788701	0.788589	0.784847	0.789212	0.789786	0.788830	0.790855	0.782074	
2155	0.792184	0.786734	0.788366	0.790657	0.781546	0.788289	0.789726	0.789156	0.790385	0.779885	
2160	0.790258	0.788342	0.785637	0.792987	0.781717	0.789284	0.790470	0.788123	0.788202	0.780826	
2165	0.794667	0.788110	0.788085	0.792648	0.780542	0.785406	0.788080	0.791480	0.790114	0.785168	
2170	0.793098	0.790965	0.787149	0.790066	0.780561	0.785546	0.786115	0.790404	0.789303	0.787061	
2175	0.792942	0.792892	0.789352	0.790703	0.779938	0.784845	0.785219	0.792033	0.787638	0.786398	
2180	0.792448	0.794809	0.789594	0.792552	0.776884	0.785766	0.782463	0.792327	0.786359	0.786622	
2185	0.792208	0.794000	0.786842	0.788874	0.778430	0.786302	0.784267	0.791755	0.786259	0.783735	
2190	0.790764	0.791102	0.784034	0.789201	0.777045	0.786212	0.784423	0.796072	0.787575	0.783114	
2195	0.793635	0.790054	0.778947	0.787144	0.776836	0.790231	0.781303	0.792366	0.787368	0.783650	
2200	0.793881	0.788364	0.783390	0.788988	0.780480	0.787485	0.782219	0.791447	0.785988	0.784745	
2205	0.793930	0.788104	0.781808	0.784887	0.778194	0.786191	0.782927	0.793041	0.785684	0.783862	
2210	0.794161	0.787153	0.780188	0.783919	0.779884	0.787161	0.784612	0.789086	0.784310	0.780404	
2215	0.788983	0.786866	0.779486	0.788407	0.780256	0.787545	0.784765	0.787483	0.782957	0.779428	
2220	0.785535	0.787583	0.780271	0.787048	0.781002	0.788108	0.785051	0.790871	0.784394	0.779801	
2225	0.787698	0.788784	0.777871	0.786501	0.784479	0.784959	0.783962	0.791087	0.785021	0.782805	
2230	0.787938	0.791275	0.780369	0.786626	0.784977	0.784937	0.785672	0.789598	0.784518	0.783760	
2235	0.790743	0.790924	0.782310	0.783398	0.785037	0.785978	0.786965	0.789793	0.782912	0.785875	
2240	0.793423	0.792095	0.782298	0.781669	0.785147	0.787965	0.788733	0.790357	0.786717	0.784844	
2245	0.795201	0.791868	0.781293	0.779486	0.784647	0.791241	0.785713	0.789636	0.784661	0.787139	
2250	0.794529	0.790041	0.777374	0.779953	0.787686	0.791221	0.786373	0.790642	0.785862	0.786620	
2255	0.793549	0.789711	0.779616	0.781810	0.789188	0.792135	0.790286	0.787094	0.787215	0.786028	
2260	0.794027	0.787608	0.779271	0.782570	0.790561	0.794584	0.790389	0.785276	0.784782	0.785857	
2265	0.789069	0.782006	0.778601	0.782624	0.790790	0.793140	0.788718	0.783926	0.781825	0.788172	
2270	0.789091	0.777787	0.778940	0.784521	0.787935	0.793681	0.790388	0.783057	0.783140	0.786071	
2275	0.786908	0.777386	0.778248	0.783898	0.787539	0.793577	0.791901	0.781927	0.785252	0.785949	
2280	0.787601	0.778076	0.781720	0.784625	0.785707	0.791575	0.793158	0.786012	0.781793	0.782987	
2285	0.789436	0.779106	0.776721	0.785089	0.785559	0.791817	0.793457	0.788734	0.784428	0.782429	
2290	0.791855	0.780386	0.777335	0.784992	0.788548	0.792600	0.797609	0.788203	0.786526	0.783446	
2295	0.793113	0.782358	0.778867	0.784050	0.788219	0.791218	0.797146	0.786946	0.785397	0.786900	
2300	0.791534	0.779447	0.779554	0.789197	0.789736	0.792506	0.793292	0.785088	0.785820	0.785521	
2305	0.790088	0.780453	0.782016	0.787846	0.791938	0.794401	0.787866	0.785940	0.785271	0.785725	
2310	0.792165	0.781634	0.783223	0.788370	0.791910	0.793377	0.791013	0.784811	0.783103	0.786016	
2315	0.792417	0.786711	0.784349	0.787387	0.789190	0.792320	0.791923	0.785849	0.783417	0.787847	
2320	0.792538	0.788257	0.785948	0.787313	0.788413	0.795432	0.792657	0.788125	0.782155	0.788275	
2325	0.792476	0.786658	0.784409	0.784417	0.788672	0.794305	0.791324	0.789458	0.784466	0.789730	
2330	0.795283	0.784105	0.785658	0.781236	0.786585	0.795049	0.789345	0.790890	0.788527	0.787264	
2335	0.793641	0.784615	0.786235	0.782746	0.789222	0.794772	0.789420	0.793538	0.789932	0.788421	
2340	0.792099	0.785052	0.784006	0.783737	0.786861	0.792436	0.791360	0.788972	0.790993	0.789333	
2345	0.789073	0.787286	0.784289	0.783303	0.784443	0.790985	0.788003	0.786162	0.793450	0.791334	
2350	0.789174	0.788246	0.783430	0.785391	0.784122	0.788680	0.789125	0.788706	0.793891	0.792624	
2355	0.792883	0.788887	0.785010	0.783762	0.784640	0.790090	0.785528	0.790351	0.790394	0.792647	
2360	0.791235	0.787229	0.785166	0.782899	0.784242	0.787561	0.785040	0.789363	0.787864	0.792386	
2365	0.794036	0.785944	0.784570	0.784136	0.785514	0.786677	0.786677	0.787774	0.790187	0.789959	
2370	0.795584	0.786298	0.786865	0.787384	0.789614	0.786718	0.787253	0.790282	0.790369	0.790029	
2375	0.793941	0.784973	0.785472	0.786657	0.786942	0.788052	0.785891	0.791969	0.792482	0.785749	
2380	0.793033	0.782045	0.785194	0.784754	0.788154	0.785804	0.782379	0.792902	0.792578	0.785765	
2385	0.794910	0.784384	0.785848	0.785211	0.788339	0.788754	0.783277	0.794423	0.793671	0.787663	
2390	0.793477	0.790219	0.782576	0.786043	0.786809	0.787444	0.785245	0.791048	0.794667	0.787904	
2395	0.793927	0.792063	0.784607	0.782491	0.788568	0.788594	0.787023	0.790804	0.792671	0.788299	
2400	0.793730	0.788108	0.781273	0.781029	0.792789	0.789237	0.784605	0.789082	0.794408	0.786819	
2405	0.794543	0.786272	0.786363	0.779635	0.795069	0.787979	0.784947	0.786957	0.791949	0.786202	
2410	0.793076	0.785265	0.790027	0.776650	0.798514	0.786846	0.786289	0.788043	0.794467	0.785936	
2415	0.793314	0.783552	0.791143	0.776276	0.796525	0.789834	0.785020	0.784954	0.793122	0.787214	
2420	0.792991	0.786845	0.791607	0.776804	0.794541	0.788998	0.781814	0.791147	0.793097	0.787165	
2425	0.791541	0.789251	0.786663	0.780038	0.792825	0.789326	0.778454	0.788293	0.794300	0.790352	
2430	0.788339	0.792305	0.789259	0.781605	0.791050	0.791177	0.781898	0.785710	0.796184	0.791774	
2435	0.787864	0.794163	0.792580	0.780300	0.789831	0.787826	0.782106	0.784166	0.794932	0.791664	
2440	0.788716	0.794118	0.792195	0.781005	0.789009	0.787902	0.780961	0.785820	0.794488	0.791378	
2445	0.787847	0.796688	0.793756	0.781438	0.786090	0.789638	0.782696	0.792348	0.793856	0.792787	
2450	0.791254	0.797188	0.790716	0.781042	0.785802	0.790652	0.783274	0.790091	0.792159	0.793747	
2455	0.789889	0.794620	0.792046	0.781261	0.788339	0.788473	0.782254	0.789905	0.793457	0.793198	
2460	0.787287	0.794454	0.790899	0.783171	0.785170	0.784957	0.783659	0.790459	0.793016	0.796442	
2465	0.787153	0.795827	0.791432	0.782394	0.785836	0.784652	0.782717	0.788506	0.789815	0.795781	
2470	0.787678	0.797558	0.788418	0.778474	0.786933	0.787745	0.782830	0.788908	0.790136	0.793220	
2475	0.785352	0.797672	0.787790	0.778184	0.787330	0.788105	0.782344	0.786524	0.792523	0.795035	
2480	0.784944	0.795502	0.788482	0.777298	0.793591	0.783348	0.779216	0.784094	0.793594	0.794021	
2485	0.785106	0.794249	0.790559	0.777167	0.797703	0.780794	0.779230	0.783679	0.794083	0.796517	
2490	0.784658	0.794818	0.794057	0.775535	0.798018	0.777451	0.779999	0.785240	0.795586	0.794218	
2495	0.787949	0.795188	0.789841	0.774879	0.796066	0.779540	0.781430	0.788387	0.793844	0.793735	
2500	0.791935	0.791970	0.789412	0.774009	0.793290	0.779546	0.782352	0.787465	0.793253	0.792231	
2505	0.786649	0.790496	0.786719	0.775622	0.793129	0.777400	0.782843	0.786996	0.793616	0.785187	
2510	0.786963	0.793214	0.788449	0.773213	0.795968	0.777467	0.781235	0.785673	0.793818	0.785583	
2515	0.787892	0.793485	0.789537	0.778324	0.792877	0.779493	0.780132	0.782656	0.796265	0.785832	
2520	0.790724	0.789870	0.794584	0.777421	0.797482	0.780425	0.782400	0.785376	0.795013	0.782488	
2525	0.790745	0.790133	0.793672	0.777549	0.796866	0.780567	0.785168	0.789907	0.792747	0.782087	
2530	0.789892	0.791853	0.791483	0.776411	0.795197	0.782774	0.786685	0.789267	0.792528	0.784735	
2535	0.792441	0.792522	0.792035	0.773983	0.792514	0.782353	0.788424	0.787614	0.790761	0.784932	
2540	0.796042	0.789658	0.791749	0.776336	0.792315	0.783932	0.789726	0.785870	0.790977	0.784782	
2545	0.795277	0.794596	0.787800	0.775370	0.795203	0.782153	0.788120	0.787066	0.791494	0.785704	
2550	0.794397	0.796501	0.786149	0.775328	0.796831	0.782849	0.785617	0.783925	0.794123	0.788364	
2555	0.790478	0.796635	0.786294	0.775674	0.796513	0.782306	0.787634	0.787022	0.794624	0.784349	
2560	0.793209	0.792981	0.788194	0.774295	0.793831	0.786362	0.791922	0.786072	0.792601	0.786639	
2565	0.792432	0.792986	0.785564	0.771847	0.791670	0.781648	0.788415	0.786346	0.790745	0.788382	
2570	0.789311	0.792270	0.783987	0.769686	0.789293	0.783965	0.790314	0.786124	0.790020	0.788379	
2575	0.790235	0.791100	0.783870	0.773006	0.788164	0.785255	0.790869	0.781706	0.792935	0.793174	
2580	0.790210	0.787327	0.785376	0.771573	0.787293	0.789886	0.789536	0.784764	0.789765	0.790542	
2585	0.790470	0.785470	0.785754	0.770987	0.787363	0.791340	0.791544	0.783395	0.790401	0.788875	
2590	0.791251	0.784490	0.786243	0.771291	0.786761	0.789086	0.788228	0.782780	0.787517	0.789580	
2595	0.791905	0.782344	0.787404	0.775057	0.786777	0.789611	0.791569	0.783016	0.789832	0.791190	
2600	0.791117	0.783070	0.783946	0.774795	0.790852	0.790538	0.789577	0.782047	0.790748	0.789621	
2605	0.789987	0.784633	0.784428	0.773236	0.793675	0.786325	0.789222	0.785672	0.791605	0.788408	
2610	0.787684	0.783195	0.784688	0.775544	0.789195	0.784766	0.791374	0.787209	0.791998	0.787810	
2615	0.789830	0.784609	0.783924	0.778049	0.790427	0.785800	0.789286	0.785968	0.793406	0.790638	
2620	0.789932	0.782008	0.783952	0.778175	0.790774	0.787081	0.791386	0.784352	0.795783	0.790420	
2625	0.787186	0.782966	0.783083	0.779479	0.788007	0.785166	0.787278	0.784517	0.793211	0.790413	
2630	0.788520	0.784795	0.785194	0.776825	0.785386	0.788292	0.785141	0.784419	0.793015	0.791126	
2635	0.787743	0.781384	0.789319	0.774678	0.787667	0.786753	0.784026	0.784037	0.794588	0.789658	
2640	0.786712	0.781511	0.789913	0.773572	0.786381	0.783701	0.785753	0.784779	0.792404	0.791457	
2645	0.785454	0.780001	0.789625	0.772682	0.787594	0.782784	0.786276	0.785656	0.791899	0.790131	
2650	0.786759	0.778269	0.789124	0.772385	0.786619	0.780947	0.785488	0.788721	0.794533	0.785925	
2655	0.788411	0.781027	0.792301	0.774691	0.790223	0.778271	0.782146	0.787527	0.793210	0.787546	
2660	0.786128	0.784856	0.788003	0.773581	0.792842	0.780256	0.785582	0.785196	0.792625	0.792420	
2665	0.786080	0.786849	0.785121	0.777384	0.796077	0.780122	0.780851	0.783985	0.791833	0.794520	
2670	0.788035	0.786287	0.786425	0.777273	0.794857	0.784195	0.783227	0.785508	0.792543	0.791195	
2675	0.788428	0.785892	0.789978	0.778452	0.790350	0.785363	0.783331	0.790672	0.794294	0.790389	
2680	0.787206	0.784769	0.789946	0.776000	0.786593	0.787344	0.782897	0.787542	0.793543	0.787706	
2685	0.788308	0.781243	0.786557	0.775505	0.789353	0.785132	0.785852	0.788799	0.790399	0.785773	
2690	0.789125	0.782323	0.785775	0.776388	0.791140	0.785170	0.784721	0.786795	0.790845	0.786669	
2695	0.788359	0.784805	0.787370	0.774629	0.788460	0.784022	0.785314	0.785802	0.793757	0.785875	
2700	0.789879	0.785288	0.787933	0.775371	0.789162	0.784994	0.781985	0.787264	0.794663	0.788430	
2705	0.790197	0.786261	0.787504	0.774940	0.787088	0.789196	0.782806	0.790461	0.794524	0.789870	
2710	0.790406	0.782332	0.789806	0.775896	0.787826	0.788627	0.786391	0.789614	0.795599	0.790155	
2715	0.790338	0.783174	0.788472	0.779538	0.787799	0.787157	0.787314	0.789710	0.794458	0.788798	
2720	0.790199	0.785956	0.789747	0.780462	0.781787	0.785192	0.788168	0.790067	0.796328	0.788540	
2725	0.792586	0.786628	0.791061	0.782843	0.781602	0.782382	0.786899	0.790407	0.794070	0.787934	
2730	0.793228	0.784941	0.793109	0.777564	0.784804	0.784076	0.785709	0.790391	0.793334	0.787658	
2735	0.794055	0.787607	0.793627	0.778392	0.788263	0.781437	0.782565	0.790906	0.791850	0.792463	
2740	0.796155	0.786320	0.790994	0.781110	0.789126	0.781902	0.783603	0.788059	0.790303	0.792096	
2745	0.798120	0.786977	0.787967	0.783175	0.787233	0.781331	0.787837	0.787775	0.789952	0.790698	
2750	0.797402	0.787415	0.787650	0.785081	0.788987	0.783229	0.788545	0.788568	0.788099	0.788367	
2755	0.797700	0.786797	0.784974	0.786207	0.787001	0.781240	0.787056	0.784704	0.790141	0.785618	
2760	0.795003	0.789142	0.790492	0.789475	0.784270	0.779356	0.784793	0.782728	0.789111	0.785743	
2765	0.798519	0.787067	0.791488	0.787865	0.784212	0.779675	0.787020	0.786221	0.788926	0.781451	
2770	0.798788	0.787662	0.789532	0.787735	0.784492	0.778156	0.786918	0.784622	0.791525	0.782513	
2775	0.794671	0.787593	0.793113	0.790494	0.782424	0.777313	0.788636	0.783092	0.788681	0.788649	
2780	0.792719	0.786681	0.791624	0.789765	0.786122	0.778689	0.783477	0.783503	0.788568	0.788786	
2785	0.794793	0.786476	0.788118	0.786716	0.787981	0.780391	0.787002	0.786113	0.789255	0.788802	
2790	0.795110	0.788493	0.784431	0.784093	0.789709	0.783499	0.788071	0.788351	0.788224	0.786650	
2795	0.795494	0.786092	0.789488	0.785658	0.789496	0.785675	0.790066	0.789010	0.788662	0.788473	
2800	0.793978	0.786528	0.789195	0.784426	0.791388	0.784570	0.788435	0.789973	0.789836	0.789455	
2805	0.792477	0.788636	0.791137	0.786979	0.790731	0.779619	0.782990	0.791389	0.786540	0.789324	
2810	0.788359	0.788825	0.791158	0.787201	0.789022	0.779983	0.783777	0.790738	0.785748	0.790885	
2815	0.789945	0.786240	0.794856	0.787263	0.790554	0.778923	0.785775	0.790855	0.787116	0.792598	
2820	0.793789	0.785071	0.795202	0.789175	0.786723	0.778965	0.785985	0.790368	0.788734	0.790423	
2825	0.793388	0.784733	0.791762	0.790752	0.784291	0.782047	0.787355	0.788934	0.787030	0.791433	
2830	0.793164	0.784909	0.790084	0.790427	0.790306	0.781539	0.788078	0.789727	0.786128	0.788770	
2835	0.792659	0.784503	0.788159	0.792098	0.791223	0.780467	0.787168	0.786947	0.787364	0.787791	
2840	0.793597	0.780646	0.785955	0.792886	0.795870	0.780908	0.791465	0.784762	0.782724	0.786361	
2845	0.794015	0.778664	0.789348	0.790320	0.795003	0.783755	0.791802	0.786040	0.785611	0.788076	
2850	0.794868	0.779341	0.790079	0.791573	0.796006	0.782367	0.791087	0.784841	0.784267	0.786024	
2855	0.792007	0.781239	0.789389	0.789557	0.796972	0.784985	0.785352	0.785744	0.783664	0.786852	
2860	0.789979	0.781529	0.789293	0.791152	0.794705	0.783703	0.785293	0.786519	0.782916	0.786405	
2865	0.791577	0.782394	0.789707	0.789345	0.788336	0.787826	0.784500	0.789746	0.787023	0.789798	
2870	0.790050	0.782738	0.790804	0.789707	0.788684	0.788290	0.787502	0.789721	0.788091	0.786443	
2875	0.789877	0.777845	0.791531	0.789331	0.788699	0.793911	0.790652	0.789058	0.789163	0.789268	
2880	0.790692	0.776835	0.791983	0.787995	0.789965	0.791094	0.792597	0.789050	0.787282	0.783895	
2885	0.791660	0.777258	0.794282	0.784297	0.788305	0.791449	0.790412	0.788798	0.787180	0.781517	
2890	0.790003	0.778168	0.790354	0.784694	0.789334	0.790039	0.793459	0.788608	0.788877	0.783860	
2895	0.790615	0.776072	0.789857	0.784137	0.790559	0.788080	0.794206	0.785664	0.788451	0.789365	
2900	0.791667	0.778516	0.790408	0.785725	0.791485	0.784605	0.792411	0.781877	0.787310	0.788619	
2905	0.791195	0.779425	0.789796	0.781998	0.793911	0.788161	0.790637	0.780214	0.788143	0.791370	
2910	0.790996	0.778940	0.788190	0.783892	0.795292	0.787210	0.788760	0.782704	0.788244	0.790751	
2915	0.791659	0.782051	0.790907	0.785756	0.794377	0.788034	0.792201	0.780230	0.786330	0.791633	
2920	0.789105	0.782943	0.790704	0.785345	0.789802	0.788276	0.793612	0.782493	0.789916	0.789496	
2925	0.790194	0.784104	0.788778	0.786924	0.790550	0.786755	0.793347	0.782913	0.791201	0.790136	
2930	0.790750	0.784842	0.787597	0.783758	0.791835	0.786064	0.791672	0.779562	0.794254	0.788083	
2935	0.792571	0.781966	0.785162	0.778998	0.793668	0.786660	0.792394	0.781523	0.795031	0.789960	
2940	0.792390	0.782032	0.785404	0.778547	0.794669	0.782438	0.793487	0.782230	0.794752	0.788355	
2945	0.788315	0.782602	0.787135	0.783343	0.794290	0.783226	0.790610	0.782045	0.793424	0.789520	
2950	0.792024	0.782242	0.790619	0.783878	0.791105	0.782153	0.791912	0.784499	0.793965	0.788022	
2955	0.794019	0.779438	0.787588	0.783837	0.793948	0.784376	0.791731	0.784000	0.794392	0.786336	
2960	0.793536	0.783181	0.787636	0.784102	0.791577	0.785566	0.792355	0.782419	0.792458	0.783952	
2965	0.794707	0.783380	0.784604	0.786537	0.792285	0.784183	0.790759	0.782710	0.792864	0.781622	
2970	0.795716	0.783196	0.786144	0.786341	0.792379	0.785256	0.792665	0.784529	0.792707	0.784206	
2975	0.796125	0.785957	0.785560	0.783136	0.793318	0.786151	0.790383	0.784767	0.788595	0.783096	
2980	0.794126	0.785674	0.782758	0.782306	0.792331	0.785871	0.790808	0.785847	0.786832	0.783279	
2985	0.792551	0.788943	0.783037	0.787328	0.793400	0.784784	0.789802	0.785388	0.787500	0.788096	
2990	0.792724	0.786972	0.782245	0.788287	0.792316	0.780991	0.791789	0.787302	0.790592	0.787067	
2995	0.793238	0.789192	0.780577	0.789331	0.792209	0.780217	0.792817	0.784024	0.790856	0.786372	
3000	0.789380	0.791525	0.780671	0.788396	0.789406	0.780867	0.793163	0.780067	0.792364	0.785289	
