T	rep_1	rep_2	rep_3	rep_4	rep_5	rep_6	rep_7	rep_8	rep_9	rep_10
5	0.000000	0.000000	0.000000	0.000000	0.000000	0.000000	0.000000	0.000000	0.000000	0.000000	
10	0.000000	0.000000	0.000000	0.000000	0.000000	0.000000	0.000000	0.000000	0.000000	0.000000	
15	0.000000	0.000000	0.000000	0.000000	0.000000	0.000000	0.000000	0.000000	0.000000	0.000000	
20	0.000000	0.000000	0.000000	0.000000	0.000000	0.000000	0.000000	0.000000	0.000000	0.000000	
25	0.000000	0.000000	0.000000	0.000000	0.000000	0.000000	0.000000	0.000000	0.000000	0.000000	
30	0.000000	0.000000	0.000000	0.000000	0.000000	0.000000	0.000000	0.000000	0.000000	0.000000	
35	0.000000	0.000000	0.000000	0.000000	0.000000	0.000000	0.000000	0.000000	0.000000	0.000000	
40	0.000000	0.000000	0.000000	0.000000	0.000000	0.000000	0.000000	0.000000	0.000000	0.000000	
45	0.000000	0.000000	0.000000	0.000000	0.000000	0.000000	0.000000	0.000000	0.000000	0.000000	
50	0.000000	0.000000	0.000000	0.000000	0.000000	0.000000	0.000000	0.000000	0.000000	0.000000	
55	0.000000	0.000000	0.000000	0.000000	0.000000	0.000000	0.000000	0.000000	0.000000	0.000000	
60	0.000000	0.000000	0.000000	0.000000	0.000000	0.000000	0.000000	0.000000	0.000000	0.000000	
65	0.000000	0.000000	0.000000	0.000000	0.000000	0.000000	0.000000	0.000000	0.000000	0.000000	
70	0.000000	0.000000	0.000000	0.000000	0.000000	0.000000	0.000000	0.000000	0.000000	0.000000	
75	0.000000	0.000000	0.000000	0.000000	0.000000	0.000000	0.000000	0.000000	0.000000	0.000000	
80	0.000000	0.000000	0.000000	0.000000	0.000000	0.000000	0.000000	0.000000	0.000000	0.000000	
85	0.000000	0.000000	0.000000	0.000000	0.000000	0.000000	0.000000	0.000000	0.000000	0.000000	
90	0.000000	0.000000	0.000000	0.000000	0.000000	0.000000	0.000000	0.000000	0.000000	0.000000	
95	0.000000	0.000000	0.000000	0.000000	0.000000	0.000000	0.000000	0.000000	0.000000	0.000000	
100	0.000000	0.000000	0.000000	0.000000	0.000000	0.000000	0.000000	0.000000	0.000000	0.000000	
105	0.001113	0.001753	0.001757	0.001720	0.001265	0.001997	0.001442	0.001861	0.002278	0.002063	
110	0.004448	0.003891	0.004377	0.003289	0.003467	0.004205	0.002888	0.003789	0.003976	0.005726	
115	0.006322	0.007486	0.005650	0.006795	0.006044	0.007041	0.005414	0.006174	0.006845	0.007447	
120	0.009236	0.010568	0.009253	0.009758	0.009539	0.009901	0.008263	0.009012	0.009014	0.009544	
125	0.013107	0.015500	0.013690	0.013379	0.014394	0.014131	0.012485	0.013806	0.012206	0.014330	
130	0.017577	0.023044	0.016793	0.017615	0.019936	0.017733	0.017755	0.018584	0.016268	0.020765	
135	0.021047	0.027217	0.020961	0.023845	0.023029	0.021766	0.021668	0.022336	0.019092	0.022063	
140	0.025103	0.032088	0.024507	0.028505	0.027679	0.029012	0.026534	0.029527	0.021920	0.026072	
145	0.029842	0.037394	0.028366	0.034533	0.032368	0.033906	0.032237	0.038331	0.028496	0.031843	
150	0.032226	0.041829	0.031387	0.039878	0.036868	0.038239	0.038178	0.043914	0.034612	0.037458	
155	0.036532	0.046034	0.033755	0.044095	0.042852	0.041167	0.042720	0.049185	0.040151	0.041326	
160	0.040382	0.047579	0.038659	0.044734	0.045735	0.046764	0.047813	0.055823	0.043624	0.045923	
165	0.041737	0.050256	0.043437	0.048336	0.050718	0.049240	0.049106	0.055541	0.046228	0.050806	
170	0.043060	0.049643	0.046235	0.049624	0.054071	0.054072	0.053802	0.056593	0.048306	0.051511	
175	0.045692	0.051871	0.049422	0.051195	0.055313	0.053761	0.056740	0.058185	0.051326	0.053873	
180	0.045945	0.052886	0.051070	0.052427	0.054897	0.052553	0.059407	0.058215	0.051998	0.052983	
185	0.047305	0.052986	0.050941	0.053054	0.056602	0.053080	0.060902	0.057291	0.055554	0.052069	
190	0.048240	0.054257	0.051702	0.052508	0.055682	0.052807	0.060930	0.058124	0.055909	0.052213	
195	0.050080	0.055048	0.050804	0.052965	0.055700	0.053013	0.060675	0.060332	0.056552	0.051420	
200	0.048702	0.055190	0.052658	0.054335	0.054273	0.053324	0.062526	0.059722	0.059260	0.051898	
205	0.049332	0.057275	0.054589	0.055297	0.055862	0.053239	0.064465	0.058919	0.058454	0.053871	
210	0.048346	0.058210	0.052444	0.055074	0.056684	0.051521	0.063753	0.059463	0.059266	0.055714	
215	0.050058	0.057397	0.052188	0.054184	0.056901	0.051577	0.064645	0.058222	0.058311	0.055521	
220	0.048454	0.056992	0.053201	0.055602	0.058404	0.053076	0.063214	0.057072	0.059178	0.054508	
225	0.048265	0.057359	0.054929	0.056112	0.057998	0.052434	0.062237	0.057708	0.059724	0.054148	
230	0.050099	0.058643	0.054657	0.058049	0.057511	0.053055	0.059971	0.054639	0.057291	0.053533	
235	0.049977	0.058329	0.052862	0.057467	0.055368	0.053795	0.059853	0.055880	0.057440	0.053255	
240	0.051128	0.058455	0.054478	0.057399	0.055975	0.054483	0.059735	0.053916	0.057258	0.053545	
245	0.050014	0.057705	0.055227	0.056377	0.054758	0.053354	0.058899	0.055587	0.056857	0.053073	
250	0.050460	0.058642	0.055183	0.056426	0.055493	0.054090	0.058462	0.056261	0.057084	0.053213	
255	0.050173	0.060212	0.055205	0.055212	0.056698	0.054500	0.057577	0.055943	0.056928	0.054940	
260	0.050228	0.059114	0.054647	0.055015	0.055199	0.054841	0.056782	0.056836	0.055890	0.054860	
265	0.051465	0.059126	0.054443	0.055330	0.054994	0.054927	0.057474	0.055052	0.055811	0.052730	
270	0.052230	0.059201	0.054191	0.055259	0.055930	0.054898	0.058573	0.055855	0.056170	0.052163	
275	0.052271	0.058526	0.052490	0.056024	0.055319	0.054381	0.057944	0.056848	0.056533	0.054029	
280	0.052539	0.059752	0.052020	0.056686	0.056534	0.055487	0.057394	0.057416	0.057650	0.055336	
285	0.053706	0.058730	0.052430	0.056177	0.057636	0.057901	0.058515	0.056897	0.058087	0.055488	
290	0.054606	0.058069	0.051588	0.053293	0.059072	0.057097	0.057646	0.056569	0.059721	0.055713	
295	0.054946	0.057521	0.052022	0.050736	0.057443	0.057261	0.058792	0.058137	0.058951	0.055717	
300	0.054035	0.057111	0.052498	0.049416	0.058648	0.059261	0.061602	0.057787	0.060897	0.053710	
305	0.055388	0.058589	0.052890	0.049400	0.059681	0.057855	0.061122	0.056987	0.060706	0.056488	
310	0.056204	0.058732	0.053769	0.048906	0.059401	0.057640	0.058615	0.056920	0.060498	0.056288	
315	0.055898	0.058328	0.055639	0.049076	0.058587	0.055638	0.058627	0.058177	0.059332	0.056975	
320	0.055635	0.058546	0.053610	0.049875	0.058612	0.055183	0.058053	0.056369	0.058200	0.055940	
325	0.054634	0.058549	0.053441	0.049462	0.057096	0.056736	0.057528	0.056012	0.058394	0.055039	
330	0.055846	0.058668	0.053964	0.050430	0.057756	0.054298	0.058704	0.056329	0.057654	0.054293	
335	0.055643	0.057998	0.052888	0.051970	0.058096	0.052572	0.058646	0.054008	0.058700	0.053400	
340	0.055103	0.059019	0.053148	0.053850	0.057740	0.052390	0.059319	0.054192	0.057247	0.053148	
345	0.055682	0.056514	0.053394	0.053723	0.058678	0.052441	0.059860	0.055659	0.057101	0.053561	
350	0.053340	0.057056	0.053839	0.053706	0.060229	0.052723	0.059864	0.055757	0.058280	0.053857	
355	0.053245	0.059035	0.053529	0.054029	0.060439	0.053513	0.058354	0.056170	0.059720	0.053660	
360	0.054684	0.059151	0.054626	0.053814	0.060514	0.051391	0.058933	0.054357	0.059248	0.054152	
365	0.053738	0.060377	0.054715	0.054275	0.059322	0.053321	0.059748	0.053496	0.059187	0.054847	
370	0.052515	0.057740	0.055988	0.054646	0.057962	0.053387	0.061057	0.052780	0.057857	0.054338	
375	0.053369	0.057920	0.055475	0.054040	0.057092	0.053800	0.060209	0.052895	0.059075	0.055015	
380	0.054384	0.056828	0.055714	0.053937	0.057989	0.054269	0.059245	0.054067	0.057514	0.054972	
385	0.054704	0.056421	0.056692	0.051598	0.057148	0.054602	0.058787	0.053698	0.058374	0.054176	
390	0.054902	0.055541	0.059658	0.052182	0.056405	0.054927	0.057969	0.055361	0.056359	0.051913	
395	0.053364	0.056719	0.059370	0.050479	0.056287	0.057377	0.058061	0.055217	0.054688	0.052077	
400	0.054839	0.056872	0.058823	0.049017	0.055621	0.055545	0.059058	0.055123	0.054469	0.051489	
405	0.054566	0.057973	0.057727	0.049466	0.057073	0.054691	0.057238	0.054228	0.054048	0.052518	
410	0.055011	0.056971	0.057237	0.049298	0.057984	0.055762	0.057691	0.054563	0.053214	0.054795	
415	0.057255	0.054918	0.058134	0.050578	0.058921	0.057230	0.057366	0.054131	0.052810	0.054994	
420	0.058006	0.055394	0.058110	0.049905	0.057840	0.058514	0.057597	0.052772	0.053593	0.055269	
425	0.055223	0.054410	0.056349	0.051091	0.056805	0.059223	0.056992	0.052182	0.053605	0.057049	
430	0.055683	0.054970	0.058474	0.052821	0.058041	0.056686	0.056896	0.052268	0.052645	0.056342	
435	0.057479	0.054391	0.058232	0.052341	0.058042	0.057405	0.055731	0.050871	0.054231	0.055418	
440	0.056722	0.053297	0.058481	0.054186	0.057356	0.055028	0.056909	0.052483	0.055112	0.056909	
445	0.058714	0.054555	0.059075	0.055737	0.057186	0.057038	0.057224	0.053741	0.055041	0.056282	
450	0.058730	0.052592	0.058050	0.055975	0.055685	0.056176	0.056600	0.053854	0.054427	0.054703	
455	0.060194	0.052507	0.058773	0.058748	0.057037	0.055589	0.055359	0.052934	0.053906	0.055445	
460	0.058528	0.052829	0.056432	0.056945	0.057094	0.055912	0.056274	0.052228	0.053647	0.056481	
465	0.057710	0.054049	0.055541	0.055687	0.055821	0.056353	0.057036	0.052787	0.055136	0.058479	
470	0.056401	0.053609	0.056600	0.055782	0.054876	0.056297	0.057963	0.053513	0.053458	0.058968	
475	0.056446	0.054899	0.057021	0.056859	0.055125	0.055685	0.056811	0.054725	0.052494	0.058193	
480	0.056272	0.055523	0.056549	0.056704	0.055932	0.056174	0.057257	0.052489	0.053090	0.058850	
485	0.055892	0.056265	0.056257	0.054885	0.057196	0.055879	0.056088	0.052750	0.053601	0.056801	
490	0.057648	0.055421	0.056555	0.054363	0.055642	0.055637	0.056470	0.052520	0.054181	0.057494	
495	0.056288	0.055701	0.055924	0.054133	0.056046	0.056035	0.055987	0.052326	0.054237	0.056851	
500	0.055225	0.053869	0.055297	0.056361	0.057289	0.056309	0.055339	0.052994	0.053445	0.057599	
505	0.054382	0.054641	0.054704	0.055701	0.058833	0.055378	0.054922	0.053359	0.054288	0.059469	
510	0.054501	0.053681	0.055730	0.055826	0.060479	0.057515	0.054600	0.052941	0.054745	0.059524	
515	0.052768	0.052910	0.055736	0.054598	0.061965	0.057524	0.055513	0.053903	0.054447	0.060063	
520	0.051896	0.053359	0.056069	0.055004	0.061334	0.056793	0.055377	0.052305	0.052094	0.059331	
525	0.052462	0.053785	0.056034	0.056408	0.060297	0.057322	0.054795	0.053534	0.051854	0.059114	
530	0.052353	0.054817	0.055361	0.055946	0.058146	0.056343	0.053896	0.052327	0.051033	0.061599	
535	0.052926	0.054722	0.057520	0.056887	0.058901	0.057146	0.053344	0.052924	0.051616	0.057845	
540	0.053421	0.055679	0.056004	0.055759	0.060533	0.057794	0.054162	0.054027	0.051450	0.056485	
545	0.053849	0.056080	0.057152	0.055790	0.060461	0.057786	0.053542	0.053484	0.050465	0.055356	
550	0.053820	0.057229	0.056282	0.053913	0.059528	0.057841	0.055527	0.055110	0.050330	0.054532	
555	0.051864	0.057106	0.056714	0.052651	0.060441	0.059019	0.055678	0.053754	0.051086	0.055885	
560	0.052923	0.057129	0.056252	0.053907	0.060309	0.058791	0.056256	0.052316	0.051670	0.054918	
565	0.054668	0.056481	0.056831	0.054192	0.061602	0.060390	0.056565	0.052333	0.051710	0.055653	
570	0.054244	0.054332	0.056988	0.054907	0.060233	0.060177	0.057215	0.054372	0.051663	0.055789	
575	0.055204	0.054878	0.056401	0.055741	0.057875	0.059974	0.056062	0.053914	0.052175	0.055150	
580	0.054205	0.054479	0.057905	0.056293	0.058115	0.059743	0.054918	0.054090	0.052575	0.055503	
585	0.053755	0.054757	0.057530	0.057691	0.059852	0.058851	0.056515	0.051755	0.053333	0.056998	
590	0.053903	0.055355	0.057597	0.058630	0.058508	0.058655	0.056735	0.051651	0.055314	0.058615	
595	0.053619	0.054713	0.056820	0.057157	0.058024	0.056606	0.054710	0.050087	0.056371	0.058300	
600	0.054178	0.052870	0.056217	0.057145	0.057939	0.057485	0.056267	0.049470	0.055036	0.057225	
605	0.054455	0.053550	0.055680	0.056279	0.058602	0.058636	0.056600	0.049281	0.055652	0.057239	
610	0.055900	0.052859	0.054606	0.055827	0.059178	0.058279	0.055767	0.049030	0.056268	0.057432	
615	0.055719	0.053225	0.055366	0.057440	0.059638	0.058344	0.057531	0.049342	0.058238	0.058498	
620	0.057035	0.054414	0.055849	0.055614	0.058538	0.059282	0.057792	0.051626	0.057652	0.059502	
625	0.057458	0.055703	0.055410	0.055060	0.057467	0.059115	0.058435	0.052626	0.056777	0.060827	
630	0.057617	0.054236	0.055169	0.054100	0.059275	0.060470	0.058348	0.053944	0.057035	0.061483	
635	0.058441	0.053355	0.055542	0.054540	0.059972	0.059682	0.058892	0.054325	0.057943	0.059244	
640	0.059374	0.053425	0.055251	0.054727	0.062208	0.058764	0.057429	0.053978	0.057480	0.058403	
645	0.059450	0.054254	0.054916	0.055385	0.060775	0.058798	0.055876	0.054423	0.058000	0.058460	
650	0.060200	0.055426	0.054735	0.055086	0.057933	0.060327	0.055896	0.054913	0.057321	0.058188	
655	0.059967	0.054767	0.054714	0.056685	0.058429	0.058038	0.055416	0.053684	0.058367	0.056584	
660	0.058574	0.055502	0.053561	0.054621	0.057046	0.057414	0.055196	0.055816	0.058126	0.057825	
665	0.058080	0.054196	0.054136	0.058210	0.057564	0.058251	0.054448	0.055859	0.058071	0.057958	
670	0.058667	0.054338	0.054039	0.056300	0.055674	0.057216	0.054930	0.055282	0.060142	0.056982	
675	0.059459	0.055039	0.055562	0.055179	0.057170	0.056946	0.054249	0.056254	0.060139	0.055760	
680	0.058894	0.054200	0.057346	0.054240	0.055093	0.056105	0.052691	0.055185	0.061252	0.055607	
685	0.059091	0.054933	0.058033	0.055500	0.053921	0.056019	0.051270	0.055832	0.060705	0.055817	
690	0.058638	0.056061	0.057392	0.055408	0.056149	0.056603	0.051595	0.058052	0.057888	0.055759	
695	0.057804	0.054333	0.057480	0.055141	0.055883	0.057491	0.050740	0.056174	0.057542	0.053530	
700	0.057246	0.056874	0.058846	0.054517	0.055879	0.056794	0.052747	0.057878	0.057779	0.054138	
705	0.058454	0.055503	0.060492	0.055851	0.054831	0.055451	0.051966	0.055204	0.058320	0.052638	
710	0.057896	0.054201	0.060531	0.056604	0.053319	0.055363	0.051500	0.054303	0.058649	0.053374	
715	0.057307	0.054550	0.061288	0.056154	0.053338	0.057301	0.053774	0.053257	0.057699	0.053564	
720	0.056081	0.054402	0.061281	0.056652	0.052185	0.055654	0.055025	0.053415	0.056380	0.054709	
725	0.055378	0.053679	0.060841	0.057579	0.052198	0.056205	0.054112	0.054250	0.057672	0.055762	
730	0.056131	0.053043	0.059087	0.057062	0.052305	0.056204	0.053514	0.054317	0.056852	0.056490	
735	0.056121	0.053978	0.058554	0.056235	0.050984	0.055751	0.054419	0.054410	0.057368	0.057174	
740	0.056204	0.053750	0.059458	0.056080	0.050413	0.054719	0.054705	0.053585	0.054526	0.056639	
745	0.055911	0.053806	0.058112	0.055554	0.052012	0.056787	0.055795	0.053752	0.056738	0.058073	
750	0.055857	0.055709	0.058236	0.054675	0.053084	0.056500	0.054661	0.053172	0.055795	0.056475	
755	0.056025	0.053382	0.059619	0.054351	0.054098	0.057124	0.053617	0.053550	0.053375	0.056307	
760	0.056495	0.055511	0.061002	0.053920	0.054854	0.056943	0.053661	0.050466	0.053649	0.056443	
765	0.054896	0.057442	0.061005	0.054874	0.054703	0.058546	0.052861	0.050100	0.054098	0.055854	
770	0.054855	0.057896	0.062488	0.057021	0.054286	0.057841	0.052192	0.052443	0.055169	0.054953	
775	0.054168	0.059112	0.061397	0.058965	0.052746	0.056839	0.052352	0.051392	0.053308	0.055211	
780	0.055435	0.059148	0.060180	0.057441	0.052358	0.059063	0.052971	0.050085	0.052385	0.054160	
785	0.054643	0.060232	0.058918	0.056547	0.053360	0.059203	0.055129	0.050391	0.052140	0.055514	
790	0.055057	0.057977	0.058726	0.054785	0.052606	0.058920	0.054203	0.051532	0.051275	0.055867	
795	0.054323	0.059006	0.059888	0.054800	0.053199	0.058485	0.052622	0.051322	0.051773	0.056988	
800	0.054409	0.059109	0.059682	0.054461	0.051783	0.058323	0.053673	0.050514	0.051712	0.057162	
805	0.053998	0.059564	0.058793	0.055262	0.052103	0.058385	0.052660	0.052204	0.051508	0.055790	
810	0.054037	0.058569	0.057440	0.054139	0.053301	0.057254	0.054320	0.051930	0.050945	0.055074	
815	0.052992	0.058038	0.057206	0.052511	0.052486	0.056321	0.053372	0.052447	0.050978	0.054197	
820	0.052171	0.057488	0.057712	0.051997	0.053529	0.058021	0.053080	0.052103	0.050393	0.053491	
825	0.051226	0.059748	0.058179	0.053187	0.053192	0.058448	0.052794	0.052824	0.051294	0.054220	
830	0.051837	0.058345	0.058417	0.053227	0.052704	0.057257	0.053988	0.052467	0.052652	0.052774	
835	0.051190	0.059298	0.059650	0.053122	0.051929	0.059626	0.054991	0.053413	0.051525	0.053248	
840	0.052738	0.058300	0.059596	0.051457	0.052892	0.060130	0.053870	0.052679	0.050103	0.055184	
845	0.053741	0.058698	0.057920	0.051949	0.051996	0.060849	0.054452	0.053705	0.049988	0.056170	
850	0.054336	0.058967	0.058685	0.052006	0.053946	0.061601	0.056094	0.052568	0.050707	0.054219	
855	0.051633	0.059892	0.059993	0.052277	0.055148	0.064068	0.056342	0.054564	0.052357	0.054050	
860	0.051765	0.060789	0.059463	0.051853	0.054663	0.062507	0.055277	0.055393	0.053674	0.054876	
865	0.051621	0.059977	0.060685	0.052723	0.052754	0.062631	0.055264	0.055393	0.053881	0.057720	
870	0.052780	0.059760	0.059138	0.053608	0.052665	0.060968	0.055699	0.054451	0.052061	0.058200	
875	0.051341	0.058499	0.057210	0.052392	0.052326	0.061051	0.058183	0.054839	0.052763	0.061380	
880	0.050493	0.058063	0.058533	0.053094	0.052587	0.061119	0.057040	0.053735	0.053149	0.063502	
885	0.049940	0.057996	0.058422	0.052173	0.052495	0.060615	0.057942	0.053804	0.052968	0.061184	
890	0.051182	0.058185	0.057244	0.053199	0.052458	0.059966	0.057228	0.054221	0.053436	0.061597	
895	0.049354	0.057352	0.057410	0.052036	0.050909	0.059964	0.057331	0.054295	0.054406	0.060400	
900	0.049443	0.057588	0.058295	0.051451	0.050802	0.059613	0.058983	0.054556	0.054853	0.059615	
905	0.049580	0.058524	0.059032	0.051893	0.051818	0.057686	0.058930	0.055949	0.055727	0.060187	
910	0.050635	0.058780	0.059178	0.050273	0.051413	0.058119	0.058253	0.054066	0.057021	0.060345	
915	0.049091	0.057456	0.059381	0.050316	0.052673	0.057595	0.057723	0.054052	0.058577	0.058598	
920	0.049435	0.057324	0.058372	0.051237	0.051649	0.058743	0.056087	0.053830	0.058301	0.058574	
925	0.049986	0.055689	0.059525	0.051613	0.052429	0.057871	0.055492	0.051916	0.057175	0.058046	
930	0.052700	0.055270	0.060157	0.050271	0.052839	0.057795	0.054128	0.052347	0.060017	0.056609	
935	0.052011	0.055425	0.057278	0.050421	0.052340	0.056865	0.052917	0.052504	0.059023	0.057743	
940	0.052670	0.054561	0.058375	0.050173	0.052678	0.055517	0.054662	0.051659	0.059566	0.056167	
945	0.053370	0.054512	0.058823	0.050280	0.052392	0.057983	0.055352	0.051832	0.057857	0.055094	
950	0.054142	0.053889	0.057860	0.050694	0.052836	0.057878	0.053984	0.052114	0.057076	0.055333	
955	0.054956	0.052259	0.058388	0.051728	0.052196	0.057901	0.056881	0.053159	0.056685	0.054810	
960	0.055034	0.053743	0.057999	0.050091	0.051112	0.058424	0.056433	0.052716	0.058120	0.053785	
965	0.053470	0.053123	0.057802	0.049391	0.051217	0.058222	0.056288	0.052143	0.057879	0.052151	
970	0.052858	0.052961	0.056959	0.049332	0.050779	0.057193	0.056213	0.051114	0.058217	0.052908	
975	0.055226	0.052743	0.057585	0.048152	0.049464	0.055618	0.056525	0.049752	0.054379	0.053657	
980	0.055903	0.051637	0.059687	0.048640	0.050950	0.054987	0.055881	0.050923	0.054273	0.053381	
985	0.055652	0.052251	0.061318	0.050683	0.051393	0.056850	0.055668	0.050867	0.055059	0.053325	
990	0.056648	0.052998	0.060718	0.050727	0.050435	0.057558	0.055499	0.050303	0.054116	0.055125	
995	0.055666	0.054108	0.061107	0.049570	0.051015	0.055930	0.054957	0.049803	0.053341	0.054032	
1000	0.055209	0.055042	0.059362	0.048995	0.051401	0.056355	0.054354	0.050008	0.052711	0.054746	
1005	0.056202	0.054110	0.060179	0.048300	0.052438	0.054523	0.054178	0.049588	0.051931	0.055370	
1010	0.057472	0.052777	0.059875	0.049563	0.053895	0.053846	0.054884	0.050690	0.051678	0.056560	
1015	0.057049	0.053449	0.057807	0.049282	0.052737	0.055193	0.055994	0.050224	0.052015	0.055110	
1020	0.056059	0.052556	0.058623	0.050819	0.053475	0.056075	0.055017	0.049742	0.053143	0.055771	
1025	0.056691	0.052241	0.057449	0.051872	0.052884	0.056440	0.055546	0.050594	0.052980	0.056020	
1030	0.057830	0.052924	0.058709	0.052624	0.052470	0.057623	0.054998	0.050171	0.053137	0.055213	
1035	0.057020	0.052655	0.057712	0.051866	0.051948	0.057190	0.055662	0.050329	0.052808	0.055447	
1040	0.057163	0.052941	0.059203	0.052036	0.051660	0.057515	0.053950	0.051867	0.054633	0.057966	
1045	0.055932	0.053543	0.058765	0.052928	0.049204	0.055967	0.053572	0.053523	0.054650	0.059191	
1050	0.056993	0.054258	0.058665	0.052351	0.049384	0.056267	0.052358	0.054328	0.053418	0.059202	
1055	0.056248	0.053759	0.057629	0.053335	0.049926	0.055848	0.053133	0.053171	0.054517	0.059657	
1060	0.056465	0.055161	0.057330	0.054446	0.051026	0.057747	0.054710	0.051999	0.054493	0.058375	
1065	0.056772	0.055238	0.056965	0.051116	0.051380	0.055969	0.056138	0.052805	0.056261	0.059077	
1070	0.055494	0.054989	0.055658	0.050973	0.052042	0.057265	0.057285	0.053995	0.056276	0.056884	
1075	0.056245	0.055270	0.055835	0.050614	0.052270	0.056878	0.060100	0.052546	0.056178	0.056728	
1080	0.056484	0.054447	0.057048	0.052160	0.053099	0.056111	0.058855	0.053079	0.055617	0.056843	
1085	0.057017	0.054144	0.056669	0.051880	0.053248	0.055160	0.057304	0.051198	0.052956	0.056920	
1090	0.055633	0.054637	0.057925	0.052248	0.052802	0.056342	0.057395	0.050832	0.053301	0.055939	
1095	0.054667	0.053289	0.056907	0.053207	0.053192	0.055292	0.058478	0.052729	0.055664	0.054229	
1100	0.055919	0.052582	0.056849	0.054402	0.051702	0.054613	0.055820	0.052544	0.055114	0.054958	
1105	0.054024	0.053539	0.056983	0.053984	0.051009	0.052534	0.054603	0.053074	0.053738	0.054053	
1110	0.052382	0.053451	0.057218	0.053501	0.052538	0.054348	0.054004	0.052805	0.054663	0.053653	
1115	0.053099	0.053410	0.057253	0.052563	0.052569	0.055011	0.056172	0.051938	0.054847	0.053977	
1120	0.053528	0.053835	0.058752	0.052671	0.052375	0.054340	0.057736	0.051137	0.054221	0.052774	
1125	0.053471	0.054480	0.058728	0.054145	0.051030	0.053142	0.056795	0.050563	0.054281	0.054556	
1130	0.050707	0.055947	0.057685	0.053542	0.050587	0.053711	0.057994	0.050524	0.056064	0.053941	
1135	0.051330	0.053621	0.057895	0.053961	0.051209	0.053763	0.058667	0.049990	0.055316	0.054363	
1140	0.052528	0.054614	0.058856	0.053061	0.052052	0.053482	0.058416	0.052033	0.055716	0.054340	
1145	0.051217	0.054451	0.058468	0.053128	0.052805	0.052904	0.056043	0.051599	0.054591	0.053536	
1150	0.050226	0.053633	0.057671	0.053667	0.052314	0.052554	0.056725	0.053749	0.055407	0.053980	
1155	0.049425	0.053547	0.057148	0.053943	0.051720	0.050722	0.055778	0.053913	0.054933	0.054112	
1160	0.049661	0.053833	0.056714	0.052278	0.051212	0.052255	0.056213	0.054884	0.056107	0.055325	
1165	0.048967	0.053917	0.056871	0.052492	0.051904	0.052683	0.057160	0.057202	0.056672	0.056717	
1170	0.048143	0.054863	0.057199	0.052870	0.053116	0.052810	0.058154	0.055935	0.057674	0.057160	
1175	0.049575	0.054046	0.056618	0.053854	0.053259	0.052722	0.057016	0.054237	0.057217	0.058180	
1180	0.049919	0.055274	0.056452	0.052170	0.055494	0.053538	0.057015	0.055240	0.055925	0.058113	
1185	0.051027	0.056582	0.055567	0.053740	0.056958	0.052507	0.056095	0.053939	0.055861	0.056628	
1190	0.052675	0.057855	0.055156	0.051865	0.055155	0.052205	0.055287	0.053737	0.055724	0.055529	
1195	0.053104	0.057698	0.054751	0.052272	0.054472	0.052845	0.055203	0.054158	0.056680	0.055116	
1200	0.051604	0.056731	0.054047	0.052349	0.053514	0.052495	0.055927	0.053332	0.058337	0.055008	
1205	0.050422	0.056353	0.054119	0.052988	0.054904	0.051770	0.055899	0.053790	0.058037	0.055751	
1210	0.051019	0.055408	0.054139	0.052806	0.053386	0.052517	0.055583	0.053076	0.058351	0.054998	
1215	0.053865	0.056462	0.053304	0.052293	0.053408	0.054259	0.055919	0.052217	0.057820	0.057288	
1220	0.054121	0.056237	0.052869	0.054310	0.055123	0.054044	0.053668	0.053027	0.057319	0.057964	
1225	0.053706	0.056281	0.053228	0.054288	0.055646	0.053292	0.053270	0.053389	0.057502	0.057241	
1230	0.053810	0.058302	0.053842	0.054566	0.058356	0.052673	0.052135	0.054468	0.058467	0.057650	
1235	0.051371	0.058717	0.054069	0.053911	0.058418	0.052975	0.051933	0.056648	0.058600	0.058095	
1240	0.051094	0.060495	0.054502	0.054906	0.056865	0.052890	0.052095	0.055507	0.058289	0.057957	
1245	0.051764	0.058809	0.055254	0.055393	0.055939	0.053531	0.051763	0.053870	0.059625	0.057795	
1250	0.051783	0.057103	0.054079	0.054754	0.056121	0.053437	0.051118	0.054020	0.058911	0.058180	
1255	0.051557	0.056758	0.054142	0.054386	0.055364	0.053324	0.050991	0.054438	0.059903	0.059501	
1260	0.052775	0.056781	0.054035	0.054512	0.055503	0.053121	0.049465	0.055882	0.059604	0.058208	
1265	0.051000	0.056177	0.053597	0.053467	0.055840	0.054317	0.049614	0.055018	0.059187	0.059864	
1270	0.050815	0.056017	0.053855	0.055376	0.055783	0.052641	0.050073	0.053870	0.058437	0.059074	
1275	0.049760	0.055866	0.054712	0.055252	0.055686	0.053033	0.051567	0.055086	0.059113	0.059534	
1280	0.051968	0.055687	0.054572	0.055304	0.056032	0.053919	0.050682	0.053344	0.059509	0.060582	
1285	0.052194	0.055513	0.054708	0.053533	0.056261	0.055207	0.049417	0.053586	0.061061	0.058279	
1290	0.051453	0.056357	0.053236	0.053843	0.057025	0.053698	0.050231	0.053117	0.062606	0.058123	
1295	0.051400	0.057417	0.052984	0.054215	0.056251	0.052161	0.050972	0.052693	0.062684	0.058611	
1300	0.049863	0.057720	0.053938	0.054671	0.056815	0.052489	0.052915	0.052770	0.061838	0.058296	
1305	0.049002	0.057835	0.053914	0.052927	0.056454	0.052095	0.053450	0.051237	0.059965	0.058259	
1310	0.050272	0.059017	0.054585	0.054417	0.053991	0.052516	0.054543	0.051734	0.060162	0.056852	
1315	0.049760	0.059262	0.053445	0.053482	0.053911	0.054195	0.055424	0.051011	0.060985	0.056421	
1320	0.048613	0.058650	0.055290	0.053257	0.054321	0.053166	0.056327	0.051033	0.058977	0.054972	
1325	0.048556	0.060213	0.054371	0.053702	0.054363	0.053328	0.055091	0.050606	0.058940	0.056048	
1330	0.049518	0.060360	0.054947	0.054119	0.055112	0.055226	0.055758	0.050794	0.058668	0.053659	
1335	0.050242	0.060310	0.053942	0.052123	0.055410	0.056998	0.056259	0.051272	0.058673	0.053943	
1340	0.051160	0.060908	0.055024	0.053318	0.056392	0.060122	0.054969	0.051533	0.057450	0.053675	
1345	0.051075	0.060565	0.056000	0.051676	0.055950	0.057968	0.054524	0.051217	0.055234	0.054523	
1350	0.052170	0.058908	0.057081	0.051620	0.055485	0.057223	0.057092	0.052217	0.055155	0.053355	
1355	0.051669	0.059907	0.055029	0.052316	0.055395	0.056314	0.056678	0.050169	0.055368	0.052300	
1360	0.053134	0.059679	0.056415	0.051845	0.056048	0.056162	0.057318	0.049783	0.056231	0.051155	
1365	0.053805	0.058244	0.055945	0.052182	0.055186	0.057291	0.056295	0.048575	0.056973	0.051748	
1370	0.053546	0.056070	0.055235	0.052199	0.054745	0.058265	0.055871	0.049354	0.055639	0.051063	
1375	0.053219	0.057336	0.054820	0.055401	0.055040	0.059071	0.056962	0.049185	0.054843	0.051555	
1380	0.051125	0.057338	0.055102	0.054730	0.054210	0.058379	0.057394	0.048348	0.056386	0.051864	
1385	0.051579	0.057845	0.057464	0.054576	0.055017	0.059756	0.056320	0.048714	0.056734	0.053576	
1390	0.052895	0.060835	0.056185	0.054119	0.054632	0.060038	0.057862	0.049591	0.056846	0.055442	
1395	0.054428	0.058880	0.055450	0.055822	0.055500	0.060008	0.058599	0.048573	0.055488	0.054770	
1400	0.056265	0.056692	0.054096	0.056215	0.055696	0.058549	0.057162	0.048156	0.054787	0.054551	
1405	0.054991	0.057320	0.053537	0.057088	0.054984	0.059474	0.056017	0.047977	0.054758	0.054142	
1410	0.054089	0.056406	0.054874	0.058976	0.055255	0.058673	0.056113	0.051004	0.057076	0.053602	
1415	0.054057	0.055547	0.055517	0.057794	0.053492	0.059397	0.056990	0.051285	0.056756	0.054555	
1420	0.054192	0.054522	0.055040	0.057954	0.051659	0.058909	0.057448	0.051309	0.056547	0.054696	
1425	0.052818	0.053383	0.054904	0.056314	0.052270	0.059019	0.057881	0.048926	0.057026	0.054447	
1430	0.052249	0.052971	0.053658	0.056655	0.053927	0.058213	0.059070	0.050124	0.057058	0.055650	
1435	0.051355	0.053029	0.053552	0.058455	0.052805	0.057880	0.057962	0.052368	0.055028	0.055066	
1440	0.050738	0.051833	0.053022	0.059328	0.052038	0.057910	0.057237	0.051364	0.056643	0.053916	
1445	0.051253	0.051075	0.053954	0.059126	0.053675	0.058105	0.056952	0.052208	0.056094	0.055076	
1450	0.051342	0.051920	0.055093	0.057886	0.054114	0.057832	0.056258	0.053651	0.055985	0.055879	
1455	0.052635	0.051751	0.054614	0.057744	0.055708	0.056606	0.056545	0.051809	0.056433	0.055993	
1460	0.051486	0.051474	0.054272	0.057024	0.053941	0.058258	0.057809	0.052899	0.057612	0.056026	
1465	0.051694	0.051506	0.054233	0.058780	0.055177	0.058073	0.055834	0.053481	0.057578	0.056970	
1470	0.053229	0.052146	0.057298	0.060176	0.055060	0.056859	0.056162	0.055123	0.057167	0.056865	
1475	0.054207	0.052078	0.056472	0.060194	0.054911	0.055626	0.055826	0.055781	0.057757	0.055634	
1480	0.054233	0.051578	0.054419	0.059190	0.055122	0.056453	0.056972	0.056703	0.057690	0.055711	
1485	0.055221	0.051891	0.052355	0.058828	0.057094	0.056816	0.056886	0.056793	0.055953	0.057510	
1490	0.055481	0.052650	0.051677	0.057833	0.056959	0.056611	0.056172	0.056463	0.056451	0.056058	
1495	0.054765	0.052444	0.052193	0.056986	0.056182	0.056244	0.056395	0.055251	0.057611	0.056230	
1500	0.053711	0.052716	0.052922	0.056650	0.055148	0.056130	0.056061	0.056316	0.057042	0.055993	
1505	0.054846	0.053746	0.052171	0.057782	0.055154	0.056336	0.057896	0.055298	0.056502	0.055136	
1510	0.053820	0.053848	0.053059	0.057718	0.056728	0.055144	0.059481	0.055991	0.055275	0.056782	
1515	0.056086	0.054402	0.052780	0.058827	0.057736	0.055522	0.061548	0.055239	0.055906	0.056390	
1520	0.057000	0.053575	0.054501	0.059310	0.056950	0.056178	0.059420	0.054967	0.055363	0.057047	
1525	0.054336	0.053406	0.053909	0.056716	0.057106	0.056174	0.058855	0.055021	0.054785	0.058382	
1530	0.054279	0.054144	0.053990	0.057182	0.057868	0.058716	0.057432	0.055598	0.055280	0.058232	
1535	0.056679	0.052910	0.054649	0.058528	0.057223	0.057278	0.058484	0.056700	0.056933	0.056482	
1540	0.056183	0.052016	0.053672	0.057872	0.055768	0.056595	0.058135	0.054952	0.054867	0.057406	
1545	0.055082	0.052774	0.054113	0.056186	0.056812	0.056199	0.056906	0.054372	0.055179	0.055914	
1550	0.056393	0.052769	0.055812	0.056175	0.058115	0.056488	0.055943	0.054139	0.054541	0.055398	
1555	0.055149	0.053278	0.057777	0.056180	0.057083	0.058285	0.056460	0.053958	0.055158	0.055039	
1560	0.055128	0.055249	0.058189	0.056466	0.056265	0.057738	0.057481	0.054332	0.054732	0.055124	
1565	0.055894	0.056074	0.057390	0.055884	0.057362	0.057380	0.057984	0.054818	0.054253	0.054370	
1570	0.056088	0.055852	0.058138	0.056018	0.057589	0.058507	0.058388	0.053664	0.053943	0.053009	
1575	0.054895	0.056186	0.059475	0.056637	0.057819	0.059117	0.058010	0.053629	0.055776	0.053258	
1580	0.055420	0.055747	0.059388	0.057956	0.055350	0.060224	0.057885	0.054065	0.054174	0.051928	
1585	0.054962	0.054811	0.059982	0.058890	0.055665	0.059169	0.056642	0.055631	0.054701	0.052468	
1590	0.055586	0.056663	0.059247	0.056997	0.056826	0.059828	0.056941	0.057688	0.054585	0.052208	
1595	0.057006	0.053937	0.061373	0.057852	0.059030	0.059044	0.056215	0.057978	0.055209	0.051983	
1600	0.056405	0.056421	0.058940	0.056228	0.057922	0.058601	0.055910	0.056309	0.056212	0.051055	
1605	0.057418	0.055024	0.057925	0.054945	0.058103	0.057699	0.056681	0.055237	0.056968	0.052577	
1610	0.058918	0.054138	0.056477	0.053516	0.057693	0.056717	0.056760	0.055758	0.058570	0.052304	
1615	0.057001	0.055109	0.055574	0.055418	0.058164	0.055419	0.055175	0.055590	0.057675	0.052380	
1620	0.056529	0.052119	0.055402	0.053393	0.057161	0.055483	0.053049	0.054681	0.057519	0.053964	
1625	0.056184	0.052199	0.054162	0.054721	0.058126	0.056338	0.054787	0.054308	0.057122	0.055246	
1630	0.055434	0.056221	0.054528	0.054734	0.057168	0.055314	0.056498	0.055829	0.057238	0.054378	
1635	0.056252	0.054793	0.053717	0.053256	0.056827	0.055753	0.055737	0.056342	0.057242	0.052832	
1640	0.054146	0.054349	0.053705	0.053368	0.057269	0.054762	0.055315	0.056621	0.058915	0.053319	
1645	0.053471	0.051885	0.053559	0.053564	0.055712	0.055272	0.054772	0.056372	0.058084	0.054359	
1650	0.053756	0.051798	0.053192	0.052870	0.054943	0.055696	0.054507	0.056716	0.058452	0.054732	
1655	0.055131	0.051455	0.054358	0.052204	0.055312	0.055915	0.053052	0.054953	0.059173	0.054659	
1660	0.054628	0.052468	0.054885	0.052337	0.054831	0.057463	0.054095	0.056161	0.058245	0.054826	
1665	0.056339	0.051989	0.053793	0.052845	0.055598	0.056211	0.055105	0.054877	0.056792	0.053533	
1670	0.054453	0.051667	0.053390	0.053155	0.055580	0.055988	0.055802	0.054769	0.057882	0.053956	
1675	0.054300	0.053254	0.054221	0.054068	0.056623	0.055253	0.052974	0.053241	0.057571	0.054450	
1680	0.054420	0.052305	0.053757	0.053050	0.055928	0.055033	0.052166	0.053337	0.055817	0.054590	
1685	0.055779	0.053177	0.054045	0.053205	0.055872	0.053839	0.052115	0.053834	0.054723	0.054129	
1690	0.056956	0.054046	0.055913	0.055099	0.055323	0.053486	0.051857	0.054029	0.055612	0.052911	
1695	0.056280	0.054378	0.056218	0.055796	0.054570	0.055180	0.053588	0.052809	0.056400	0.053432	
1700	0.055043	0.054728	0.055314	0.054727	0.055236	0.056759	0.052437	0.053404	0.055623	0.054827	
1705	0.055067	0.054285	0.055284	0.054516	0.055661	0.055801	0.054470	0.053210	0.055524	0.055223	
1710	0.053795	0.055231	0.055040	0.055051	0.056762	0.056166	0.054451	0.052659	0.056230	0.055474	
1715	0.053789	0.056038	0.054526	0.054378	0.057545	0.054899	0.054537	0.052283	0.055102	0.054182	
1720	0.054552	0.056342	0.055908	0.054286	0.057489	0.055672	0.056073	0.053963	0.056275	0.055034	
1725	0.054269	0.057515	0.056270	0.053142	0.057166	0.056791	0.055692	0.053407	0.057066	0.055109	
1730	0.056593	0.056004	0.054837	0.052620	0.057028	0.056092	0.056574	0.052704	0.057301	0.055325	
1735	0.055575	0.055544	0.054726	0.052579	0.058006	0.055424	0.055511	0.051741	0.056176	0.054993	
1740	0.054531	0.055360	0.054009	0.051893	0.058114	0.054368	0.054948	0.053077	0.056588	0.057204	
1745	0.053872	0.055287	0.055065	0.053819	0.058140	0.053226	0.052731	0.053377	0.057194	0.058096	
1750	0.052636	0.054577	0.054301	0.052731	0.058691	0.054272	0.051167	0.054419	0.056201	0.057155	
1755	0.053771	0.055777	0.056751	0.051735	0.058836	0.053722	0.050987	0.054680	0.055902	0.055144	
1760	0.054341	0.056217	0.055447	0.052660	0.059362	0.053282	0.052990	0.053131	0.056508	0.054063	
1765	0.052183	0.056669	0.056725	0.052698	0.058795	0.054260	0.053148	0.051938	0.057192	0.053118	
1770	0.053189	0.056356	0.055243	0.052925	0.057636	0.056595	0.052768	0.051422	0.058635	0.053194	
1775	0.053308	0.055782	0.055764	0.052757	0.056313	0.055555	0.052435	0.052069	0.057342	0.051357	
1780	0.053889	0.055593	0.056034	0.052320	0.055438	0.055322	0.052319	0.052486	0.056157	0.051430	
1785	0.054523	0.053207	0.055473	0.052418	0.057931	0.054277	0.054226	0.052523	0.053842	0.052474	
1790	0.053619	0.053210	0.054990	0.053829	0.056163	0.054237	0.054510	0.051822	0.051122	0.053476	
1795	0.053352	0.054101	0.054233	0.055122	0.056084	0.053956	0.054898	0.050680	0.050546	0.054792	
1800	0.053162	0.056175	0.055162	0.054799	0.055947	0.053159	0.056530	0.050947	0.052027	0.055366	
1805	0.052669	0.056970	0.054587	0.054672	0.055073	0.054751	0.055172	0.051240	0.053378	0.055929	
1810	0.052232	0.057889	0.054544	0.054367	0.055990	0.054573	0.056373	0.051360	0.053231	0.054783	
1815	0.051373	0.057024	0.055339	0.055542	0.055616	0.054396	0.054207	0.050542	0.054700	0.052394	
1820	0.051765	0.056907	0.053046	0.056100	0.056795	0.055318	0.054386	0.051365	0.052642	0.052762	
1825	0.053743	0.057065	0.053425	0.055906	0.056698	0.054416	0.053959	0.050759	0.053253	0.052004	
1830	0.054296	0.058257	0.051802	0.056758	0.055499	0.055848	0.054486	0.051332	0.051426	0.053455	
1835	0.055530	0.058554	0.051580	0.057295	0.054714	0.054308	0.053406	0.052175	0.050248	0.052674	
1840	0.056406	0.059620	0.051185	0.056925	0.057087	0.055800	0.054271	0.052598	0.050675	0.053675	
1845	0.057192	0.058459	0.051530	0.057901	0.056762	0.054891	0.053827	0.054366	0.052608	0.054555	
1850	0.056295	0.058126	0.052884	0.057312	0.057488	0.055589	0.053541	0.056364	0.053762	0.055105	
1855	0.054909	0.057225	0.053198	0.056843	0.057529	0.053488	0.053789	0.055008	0.053443	0.054605	
1860	0.053387	0.055899	0.051199	0.056274	0.056098	0.052609	0.053917	0.054049	0.052619	0.055849	
1865	0.052488	0.055446	0.051782	0.055966	0.056068	0.051452	0.054374	0.053630	0.051907	0.054324	
1870	0.051820	0.055379	0.052275	0.055827	0.056073	0.052760	0.055460	0.054373	0.052093	0.054517	
1875	0.052961	0.054536	0.051059	0.056161	0.055431	0.052678	0.054970	0.056027	0.052556	0.055033	
1880	0.053222	0.053320	0.050056	0.055052	0.056638	0.053050	0.055433	0.056006	0.051796	0.056580	
1885	0.053518	0.054104	0.050191	0.055072	0.055360	0.053316	0.055314	0.055480	0.051939	0.057066	
1890	0.052522	0.054396	0.049746	0.057048	0.055239	0.053647	0.055887	0.054349	0.051808	0.053652	
1895	0.051863	0.052349	0.051556	0.057302	0.055882	0.052385	0.055011	0.053562	0.052784	0.055218	
1900	0.051942	0.051587	0.052792	0.057149	0.054771	0.052124	0.055070	0.052071	0.052383	0.053347	
1905	0.050498	0.053272	0.051965	0.057165	0.054001	0.051475	0.053584	0.051958	0.053057	0.055338	
1910	0.050031	0.051183	0.052800	0.057801	0.054310	0.050073	0.052007	0.052213	0.053221	0.053594	
1915	0.050174	0.051313	0.051821	0.055584	0.054839	0.050613	0.053240	0.052788	0.053510	0.054688	
1920	0.051399	0.053172	0.052560	0.054196	0.054539	0.051822	0.052949	0.052688	0.054962	0.054078	
1925	0.051246	0.052870	0.053825	0.054002	0.053937	0.049687	0.052454	0.054546	0.053339	0.053915	
1930	0.050728	0.053628	0.054269	0.054485	0.055257	0.049806	0.051752	0.053368	0.054112	0.052186	
1935	0.050322	0.053040	0.054827	0.053391	0.055519	0.050786	0.051778	0.051821	0.054950	0.052512	
1940	0.049026	0.053162	0.056783	0.053761	0.053712	0.050454	0.051880	0.052490	0.055634	0.052039	
1945	0.051746	0.053294	0.056108	0.053880	0.051806	0.048609	0.051590	0.052732	0.056073	0.051018	
1950	0.050540	0.053783	0.055834	0.055325	0.052058	0.049296	0.051760	0.054542	0.056111	0.052816	
1955	0.049541	0.056516	0.054658	0.055726	0.053064	0.049345	0.053705	0.054900	0.053745	0.053362	
1960	0.049304	0.056851	0.054342	0.056809	0.052928	0.047804	0.052843	0.054394	0.053486	0.054255	
1965	0.050002	0.058243	0.055170	0.057874	0.054047	0.048357	0.051579	0.053766	0.054836	0.054160	
1970	0.051656	0.058133	0.054369	0.057973	0.054223	0.049987	0.051338	0.053424	0.054742	0.053721	
1975	0.052617	0.056712	0.054859	0.058818	0.052963	0.050473	0.051826	0.051913	0.055478	0.052240	
1980	0.052215	0.056365	0.054232	0.058610	0.051336	0.050175	0.051853	0.053188	0.054379	0.051983	
1985	0.052424	0.055101	0.056032	0.057464	0.051691	0.051321	0.052183	0.052435	0.053000	0.052682	
1990	0.053101	0.054440	0.054288	0.057164	0.050954	0.050966	0.053777	0.051764	0.052391	0.053175	
1995	0.052387	0.054234	0.052865	0.057824	0.051941	0.050930	0.053550	0.050923	0.052943	0.054369	
2000	0.052868	0.055362	0.054207	0.057351	0.053032	0.052267	0.052493	0.052844	0.052899	0.053988	
2005	0.051628	0.056033	0.055075	0.057553	0.053577	0.051769	0.053180	0.052938	0.053296	0.054544	
2010	0.049398	0.053629	0.055273	0.056976	0.053190	0.051665	0.052356	0.052632	0.053063	0.053993	
2015	0.049640	0.055280	0.054295	0.054993	0.054213	0.051059	0.051153	0.053027	0.052749	0.051055	
2020	0.047953	0.054023	0.053500	0.055384	0.056561	0.050678	0.050161	0.053105	0.053180	0.049931	
2025	0.049040	0.055647	0.053472	0.055219	0.055153	0.050402	0.050438	0.052830	0.054001	0.051123	
2030	0.049198	0.055807	0.052892	0.054844	0.057212	0.051590	0.050678	0.052580	0.052437	0.052554	
2035	0.051215	0.054919	0.053731	0.054898	0.057344	0.052377	0.050287	0.052282	0.050993	0.051780	
2040	0.052118	0.055537	0.053952	0.055048	0.056353	0.052733	0.051666	0.051964	0.052632	0.052784	
2045	0.051910	0.056641	0.054931	0.055204	0.056774	0.052564	0.051243	0.051657	0.052496	0.053616	
2050	0.052173	0.056732	0.054137	0.054974	0.058291	0.053415	0.051204	0.051930	0.051860	0.053691	
2055	0.052191	0.056990	0.053396	0.055037	0.056342	0.054102	0.052371	0.051929	0.051452	0.053592	
2060	0.052051	0.058719	0.051480	0.055370	0.058871	0.054077	0.051044	0.051417	0.051773	0.054477	
2065	0.050859	0.056748	0.050464	0.056055	0.060411	0.054781	0.050756	0.051741	0.051118	0.052597	
2070	0.051169	0.057131	0.051248	0.055851	0.062216	0.055141	0.050987	0.051616	0.051073	0.053478	
2075	0.051490	0.055348	0.053821	0.055197	0.061566	0.056640	0.050956	0.050991	0.050633	0.051211	
2080	0.053807	0.054970	0.054312	0.056115	0.061357	0.055803	0.052850	0.049869	0.051777	0.052149	
2085	0.055262	0.055581	0.053568	0.057734	0.061100	0.054230	0.054277	0.049354	0.051157	0.051055	
2090	0.054710	0.055439	0.050797	0.056429	0.060570	0.055734	0.053429	0.049188	0.052270	0.052443	
2095	0.054939	0.055838	0.052760	0.056818	0.061559	0.054305	0.054283	0.049845	0.052414	0.054270	
2100	0.054519	0.055914	0.054364	0.057866	0.058859	0.053798	0.053101	0.050508	0.053114	0.055266	
2105	0.054795	0.055382	0.051786	0.057562	0.060517	0.054348	0.054781	0.052928	0.055364	0.055744	
2110	0.056271	0.056388	0.051867	0.058013	0.060251	0.054560	0.054559	0.053400	0.055525	0.055405	
2115	0.056430	0.056521	0.052801	0.058993	0.059727	0.056961	0.053302	0.055648	0.053149	0.055258	
2120	0.056320	0.055415	0.052473	0.059226	0.060907	0.057423	0.054270	0.054122	0.053594	0.054728	
2125	0.056369	0.055145	0.052227	0.059898	0.059542	0.056492	0.053986	0.053022	0.052493	0.054073	
2130	0.055998	0.055555	0.052156	0.059773	0.059620	0.055780	0.053532	0.052449	0.053133	0.053692	
2135	0.055257	0.055710	0.052880	0.060657	0.062022	0.054146	0.053274	0.053414	0.053879	0.053539	
2140	0.055964	0.056203	0.052639	0.057724	0.062144	0.053360	0.053478	0.054174	0.053055	0.054438	
2145	0.055636	0.055421	0.052352	0.057462	0.060859	0.053713	0.053489	0.053561	0.051084	0.054015	
2150	0.056080	0.056233	0.052163	0.056247	0.060333	0.053698	0.053781	0.054115	0.051357	0.053252	
2155	0.055466	0.057735	0.053568	0.056119	0.059703	0.053514	0.053029	0.056266	0.053433	0.054139	
2160	0.055619	0.057941	0.053223	0.055147	0.058629	0.055403	0.051662	0.055786	0.052952	0.055004	
2165	0.056569	0.056861	0.053435	0.056545	0.056128	0.055014	0.051731	0.054983	0.054282	0.054624	
2170	0.057464	0.057542	0.051850	0.054529	0.056492	0.055004	0.051337	0.055570	0.054438	0.055397	
2175	0.057016	0.057877	0.052137	0.054509	0.058926	0.054638	0.051261	0.056542	0.055093	0.055571	
2180	0.057586	0.059265	0.051785	0.055020	0.059670	0.056662	0.051239	0.056902	0.055621	0.055946	
2185	0.056109	0.060445	0.051639	0.055298	0.061505	0.057916	0.051436	0.055984	0.054042	0.055908	
2190	0.056343	0.056990	0.052899	0.055160	0.062843	0.058326	0.052280	0.054990	0.055865	0.056095	
2195	0.058033	0.057614	0.052223	0.057172	0.059717	0.058599	0.052714	0.054402	0.054937	0.055388	
2200	0.056604	0.056701	0.050531	0.057532	0.060483	0.058147	0.053799	0.054960	0.055529	0.055880	
2205	0.055761	0.057846	0.050081	0.057702	0.059825	0.059483	0.052827	0.054951	0.055235	0.055899	
2210	0.056794	0.059242	0.050213	0.058038	0.057474	0.060197	0.052321	0.053240	0.054503	0.056942	
2215	0.055415	0.058648	0.051082	0.056125	0.057775	0.058154	0.053014	0.053631	0.053765	0.055878	
2220	0.055067	0.058007	0.052662	0.055226	0.056760	0.057460	0.053282	0.052409	0.053901	0.055940	
2225	0.055529	0.057712	0.053975	0.056264	0.056814	0.059294	0.053480	0.054777	0.053658	0.056977	
2230	0.054762	0.059018	0.055065	0.054477	0.056559	0.057815	0.054572	0.057110	0.054251	0.055862	
2235	0.054135	0.059007	0.055918	0.055382	0.056607	0.058067	0.055742	0.055532	0.054288	0.056849	
2240	0.054523	0.059824	0.055910	0.054374	0.056734	0.057543	0.054363	0.052013	0.055872	0.056516	
2245	0.053025	0.059357	0.057014	0.055948	0.057358	0.056472	0.055077	0.052062	0.056019	0.056144	
2250	0.053934	0.058835	0.057447	0.054201	0.058531	0.056102	0.055707	0.053202	0.054977	0.053652	
2255	0.054979	0.058926	0.057310	0.054623	0.060988	0.057662	0.054801	0.053823	0.053902	0.055729	
2260	0.054922	0.058528	0.059061	0.054111	0.058921	0.056737	0.054080	0.056210	0.053558	0.055234	
2265	0.054756	0.056335	0.058814	0.054475	0.058087	0.054220	0.052985	0.056666	0.053326	0.055087	
2270	0.054558	0.054396	0.056496	0.054624	0.056590	0.054484	0.053703	0.057020	0.053759	0.055539	
2275	0.053593	0.054434	0.056364	0.056166	0.056422	0.054308	0.053284	0.057294	0.054319	0.053051	
2280	0.054982	0.055642	0.056261	0.056799	0.055438	0.055906	0.053097	0.057209	0.055769	0.053132	
2285	0.056319	0.055412	0.055816	0.055441	0.054738	0.056184	0.051602	0.058125	0.054705	0.053468	
2290	0.056698	0.055727	0.054016	0.055425	0.055260	0.055921	0.055026	0.056937	0.054211	0.053998	
2295	0.056254	0.054427	0.054841	0.056189	0.054289	0.054710	0.054679	0.056257	0.053447	0.053739	
2300	0.058710	0.054349	0.054215	0.054743	0.053001	0.053710	0.053781	0.057010	0.053691	0.051113	
2305	0.058009	0.055698	0.053261	0.054180	0.053983	0.051969	0.054232	0.058750	0.053223	0.051291	
2310	0.058755	0.055460	0.053260	0.053604	0.054593	0.052208	0.054486	0.057563	0.053358	0.051119	
2315	0.057874	0.054318	0.054830	0.052923	0.055250	0.053296	0.052482	0.058470	0.052286	0.051815	
2320	0.058089	0.054624	0.055618	0.053801	0.055735	0.053399	0.053235	0.058987	0.051666	0.052040	
2325	0.058100	0.053632	0.055360	0.053751	0.054809	0.052723	0.052570	0.057667	0.053700	0.054231	
2330	0.056587	0.055361	0.057159	0.053469	0.055149	0.052206	0.053447	0.057461	0.054300	0.054409	
2335	0.057176	0.056135	0.056569	0.054389	0.054207	0.050045	0.053578	0.057118	0.054265	0.054286	
2340	0.055770	0.054456	0.056068	0.053518	0.055131	0.050554	0.053427	0.058907	0.053590	0.053866	
2345	0.057776	0.056261	0.056325	0.053603	0.054421	0.050998	0.053136	0.058075	0.053092	0.054974	
2350	0.056936	0.056315	0.057190	0.052230	0.053794	0.052440	0.053948	0.057573	0.053847	0.054435	
2355	0.056273	0.057463	0.056367	0.054656	0.053254	0.052211	0.052639	0.058179	0.053604	0.052193	
2360	0.054527	0.056990	0.057141	0.052529	0.053562	0.052953	0.052680	0.059589	0.053595	0.053356	
2365	0.053922	0.055997	0.057598	0.053357	0.053114	0.052657	0.053113	0.060270	0.052511	0.054187	
2370	0.052768	0.054171	0.056773	0.053415	0.054208	0.051900	0.052134	0.060807	0.051889	0.053729	
2375	0.052872	0.053662	0.056912	0.053849	0.054534	0.052076	0.052582	0.060691	0.051871	0.056278	
2380	0.053227	0.052308	0.056456	0.054296	0.054030	0.052314	0.053427	0.059029	0.050339	0.056348	
2385	0.054279	0.051682	0.056592	0.053742	0.051992	0.050632	0.052637	0.059753	0.049908	0.056206	
2390	0.055195	0.053355	0.055260	0.054110	0.051788	0.052203	0.052700	0.059048	0.050063	0.055363	
2395	0.055265	0.053467	0.054105	0.054484	0.051553	0.052286	0.051499	0.058458	0.050404	0.055978	
2400	0.053993	0.052046	0.055759	0.053840	0.052245	0.051137	0.052927	0.056919	0.051984	0.054775	
2405	0.054224	0.054699	0.057239	0.053195	0.053169	0.051937	0.052640	0.056376	0.052055	0.054523	
2410	0.053667	0.052835	0.057460	0.053116	0.052670	0.051422	0.053911	0.056739	0.051685	0.054644	
2415	0.054989	0.053374	0.055932	0.054172	0.054333	0.051919	0.053235	0.058549	0.051618	0.055286	
2420	0.054307	0.053197	0.057184	0.053234	0.054797	0.053862	0.053243	0.057974	0.051536	0.054542	
2425	0.055790	0.052985	0.056364	0.053805	0.054847	0.053526	0.053536	0.057730	0.050778	0.053012	
2430	0.055793	0.053657	0.055792	0.053646	0.054779	0.052682	0.054284	0.058464	0.051134	0.053164	
2435	0.056800	0.053647	0.056776	0.053530	0.054275	0.054254	0.054983	0.057490	0.051419	0.053496	
2440	0.056220	0.054799	0.056802	0.054298	0.054735	0.054981	0.055022	0.057277	0.050643	0.053195	
2445	0.055794	0.054957	0.057110	0.055210	0.054423	0.054376	0.055095	0.057676	0.051864	0.053595	
2450	0.056439	0.056290	0.057761	0.054699	0.055045	0.053048	0.055442	0.058410	0.050618	0.053866	
2455	0.056491	0.055563	0.056999	0.054613	0.055622	0.052438	0.057104	0.056360	0.051727	0.052931	
2460	0.057182	0.054805	0.056683	0.052871	0.055875	0.052524	0.057559	0.055954	0.051520	0.053049	
2465	0.057203	0.056347	0.056025	0.051905	0.056872	0.052584	0.059981	0.056459	0.052148	0.053451	
2470	0.057466	0.057683	0.055156	0.052256	0.055241	0.053071	0.061911	0.056443	0.051744	0.055416	
2475	0.058458	0.058311	0.055382	0.053136	0.055528	0.052751	0.063210	0.054655	0.052177	0.055983	
2480	0.058342	0.060127	0.054234	0.053078	0.056210	0.055531	0.062256	0.053608	0.051885	0.058280	
2485	0.059471	0.059997	0.054196	0.052611	0.056263	0.054864	0.062390	0.053825	0.052954	0.059178	
2490	0.061087	0.060278	0.052929	0.051307	0.054779	0.054476	0.061243	0.054601	0.055645	0.059086	
2495	0.058960	0.060826	0.054637	0.051235	0.055459	0.055271	0.062458	0.053541	0.055396	0.058728	
2500	0.058803	0.060968	0.054548	0.051976	0.055507	0.055072	0.061365	0.055414	0.055851	0.059445	
2505	0.059862	0.060763	0.052634	0.054542	0.054519	0.056615	0.061642	0.056269	0.055242	0.058042	
2510	0.058189	0.061261	0.052666	0.053622	0.056438	0.056691	0.062143	0.056410	0.055474	0.058766	
2515	0.056966	0.060587	0.053853	0.054929	0.055563	0.053969	0.062980	0.057338	0.055700	0.057084	
2520	0.057459	0.062319	0.054536	0.054185	0.056816	0.054853	0.062851	0.057117	0.055282	0.056795	
2525	0.056482	0.062232	0.055705	0.055800	0.056944	0.056522	0.061411	0.056276	0.054962	0.056891	
2530	0.056550	0.061146	0.055325	0.055365	0.054847	0.057487	0.061024	0.056969	0.054977	0.056288	
2535	0.057722	0.061522	0.054499	0.054595	0.055077	0.057892	0.061584	0.055688	0.053369	0.056017	
2540	0.055689	0.060825	0.055663	0.052689	0.055707	0.058452	0.060032	0.054921	0.053824	0.055724	
2545	0.056803	0.060002	0.054318	0.053578	0.056320	0.059085	0.060108	0.053989	0.053563	0.055694	
2550	0.056017	0.059072	0.055334	0.052253	0.056511	0.057372	0.059833	0.053220	0.055654	0.054414	
2555	0.055392	0.059748	0.056631	0.051390	0.055545	0.057236	0.060077	0.052204	0.056112	0.054868	
2560	0.055355	0.058881	0.055672	0.052416	0.056323	0.057166	0.059739	0.052476	0.055481	0.054321	
2565	0.055401	0.059073	0.055556	0.052525	0.056498	0.058610	0.060286	0.053354	0.056754	0.053411	
2570	0.055749	0.060537	0.054942	0.052890	0.057859	0.056752	0.059822	0.052973	0.056729	0.052071	
2575	0.056162	0.060704	0.056337	0.053713	0.057261	0.057207	0.059461	0.055774	0.056153	0.051709	
2580	0.053895	0.061272	0.055060	0.053972	0.057695	0.058247	0.060625	0.053594	0.056542	0.053104	
2585	0.054748	0.061058	0.054730	0.053967	0.058100	0.057978	0.058144	0.053302	0.055011	0.053756	
2590	0.054661	0.060271	0.055104	0.053285	0.057101	0.055622	0.059225	0.052437	0.056677	0.055136	
2595	0.054328	0.059511	0.053895	0.054236	0.057619	0.054321	0.059917	0.052800	0.055950	0.056380	
2600	0.055133	0.058606	0.055024	0.053509	0.058403	0.055742	0.058522	0.053243	0.055102	0.055677	
2605	0.054739	0.060509	0.056013	0.052653	0.058825	0.056730	0.057705	0.053623	0.055330	0.056355	
2610	0.054679	0.061129	0.055511	0.051468	0.060314	0.057695	0.056807	0.051247	0.055050	0.055540	
2615	0.056184	0.060115	0.055890	0.052129	0.058414	0.058241	0.056003	0.053700	0.055112	0.056976	
2620	0.057926	0.060318	0.057298	0.052290	0.059934	0.057286	0.054681	0.053257	0.054303	0.058606	
2625	0.058441	0.059505	0.057953	0.051433	0.059726	0.056939	0.055711	0.054235	0.054806	0.058374	
2630	0.057402	0.058319	0.057397	0.050851	0.060145	0.056349	0.055897	0.055787	0.053505	0.058338	
2635	0.054909	0.057324	0.057776	0.051182	0.058749	0.056314	0.054753	0.055620	0.054302	0.059190	
2640	0.054319	0.057725	0.058114	0.051551	0.058037	0.055834	0.055982	0.056966	0.054459	0.059270	
2645	0.055523	0.060421	0.059239	0.051291	0.057814	0.055521	0.054223	0.056046	0.055314	0.059366	
2650	0.056800	0.060031	0.058523	0.050295	0.058062	0.055131	0.054121	0.056006	0.054424	0.057819	
2655	0.056820	0.058993	0.058322	0.050128	0.056865	0.056028	0.053408	0.056260	0.053946	0.056794	
2660	0.055939	0.059946	0.058377	0.047650	0.056746	0.055856	0.052866	0.055799	0.053438	0.056100	
2665	0.055757	0.058779	0.059315	0.048325	0.058074	0.056745	0.052106	0.056060	0.053761	0.056881	
2670	0.055631	0.058315	0.056997	0.046872	0.058037	0.058095	0.053249	0.055028	0.051345	0.056074	
2675	0.056689	0.059742	0.057742	0.047243	0.058005	0.058051	0.054847	0.053787	0.051405	0.055884	
2680	0.055921	0.060053	0.056936	0.047857	0.057464	0.056582	0.054135	0.054027	0.050819	0.055321	
2685	0.055329	0.058248	0.058114	0.047227	0.056081	0.056432	0.052695	0.055337	0.051000	0.053478	
2690	0.055179	0.057607	0.058853	0.047524	0.055346	0.056895	0.052929	0.055752	0.051827	0.054845	
2695	0.055694	0.057198	0.056771	0.048324	0.055662	0.056827	0.053899	0.058028	0.052421	0.053233	
2700	0.055004	0.057443	0.057270	0.048122	0.054682	0.057196	0.053946	0.057465	0.053414	0.053400	
2705	0.057371	0.059521	0.057117	0.048957	0.054707	0.056830	0.054091	0.058183	0.052282	0.052526	
2710	0.058654	0.057311	0.057516	0.049983	0.055082	0.057831	0.054655	0.058503	0.052595	0.053757	
2715	0.057693	0.055740	0.058422	0.048930	0.055168	0.059102	0.055540	0.058326	0.052601	0.052350	
2720	0.056619	0.057895	0.058977	0.048777	0.053943	0.058312	0.056545	0.056497	0.050562	0.051818	
2725	0.056868	0.055701	0.059504	0.047643	0.053365	0.058065	0.055966	0.057409	0.051724	0.051519	
2730	0.058110	0.055824	0.060213	0.048167	0.052127	0.058584	0.056936	0.057339	0.053121	0.052497	
2735	0.057923	0.055296	0.060836	0.047392	0.053032	0.060097	0.057856	0.055791	0.052174	0.052640	
2740	0.058862	0.055537	0.062632	0.047943	0.052967	0.060061	0.056952	0.055235	0.051635	0.052332	
2745	0.055679	0.054644	0.061829	0.046851	0.052264	0.060736	0.055380	0.056058	0.050221	0.050135	
2750	0.054486	0.054872	0.060043	0.046250	0.052815	0.061322	0.055035	0.056505	0.050246	0.048321	
2755	0.056103	0.055384	0.061342	0.046827	0.052982	0.060185	0.054091	0.054124	0.051296	0.047673	
2760	0.057339	0.055091	0.059966	0.047294	0.054005	0.060435	0.053188	0.054588	0.054001	0.048403	
2765	0.056267	0.053502	0.060110	0.047415	0.052319	0.057394	0.053398	0.054492	0.054034	0.049570	
2770	0.054880	0.053181	0.057951	0.049338	0.052874	0.058425	0.054118	0.055508	0.053331	0.051057	
2775	0.053606	0.053320	0.058106	0.049858	0.054374	0.058701	0.054898	0.053032	0.054321	0.050951	
2780	0.053210	0.054771	0.057516	0.050903	0.053591	0.058579	0.055796	0.055135	0.054350	0.051820	
2785	0.054214	0.054354	0.058876	0.050938	0.051951	0.059775	0.056655	0.055901	0.053148	0.053225	
2790	0.053427	0.053471	0.058352	0.050789	0.051133	0.058659	0.056422	0.056657	0.052251	0.056176	
2795	0.053662	0.054936	0.057655	0.049082	0.049358	0.057591	0.057651	0.056801	0.051829	0.056509	
2800	0.053470	0.054126	0.058645	0.049527	0.050871	0.058351	0.057509	0.057871	0.052335	0.056436	
2805	0.051943	0.054185	0.057785	0.049683	0.049969	0.058176	0.056327	0.057787	0.054375	0.056634	
2810	0.053251	0.055015	0.057559	0.049935	0.050594	0.058483	0.054400	0.056015	0.055768	0.056959	
2815	0.053056	0.054625	0.058589	0.049215	0.049403	0.058942	0.054009	0.055657	0.054719	0.055552	
2820	0.054482	0.054835	0.058975	0.049387	0.049531	0.058649	0.054221	0.056399	0.056012	0.054202	
2825	0.053934	0.053492	0.058431	0.048787	0.050310	0.059132	0.055689	0.056971	0.056705	0.052801	
2830	0.053960	0.053937	0.058879	0.049908	0.052508	0.058332	0.054351	0.056946	0.056364	0.052522	
2835	0.054075	0.054735	0.058321	0.048136	0.054352	0.057201	0.053882	0.057070	0.055837	0.052830	
2840	0.054157	0.054321	0.058867	0.048475	0.054393	0.055941	0.054362	0.056677	0.056317	0.052490	
2845	0.052251	0.052686	0.058735	0.047225	0.055070	0.054746	0.053109	0.057077	0.055745	0.053810	
2850	0.053160	0.052515	0.058474	0.045737	0.055524	0.054633	0.052964	0.055746	0.055284	0.053371	
2855	0.053477	0.051786	0.059405	0.046482	0.055380	0.055804	0.052787	0.053643	0.056039	0.053405	
2860	0.053228	0.051951	0.059361	0.047948	0.055896	0.053545	0.052516	0.052905	0.056961	0.053371	
2865	0.051945	0.052480	0.057369	0.049759	0.055042	0.055937	0.054424	0.053123	0.059390	0.053838	
2870	0.052570	0.052729	0.056544	0.048521	0.053238	0.056736	0.056107	0.051896	0.058600	0.054809	
2875	0.055577	0.053476	0.060629	0.048707	0.053429	0.055982	0.055638	0.052398	0.058871	0.054080	
2880	0.054451	0.053143	0.060979	0.049903	0.054578	0.057581	0.054606	0.052245	0.058374	0.055000	
2885	0.054235	0.051708	0.061372	0.049767	0.055929	0.056844	0.056099	0.052054	0.059082	0.055786	
2890	0.055856	0.053005	0.060564	0.051686	0.058123	0.057244	0.054324	0.050724	0.057099	0.055177	
2895	0.053651	0.053034	0.059769	0.052433	0.057157	0.056243	0.053655	0.050864	0.058141	0.054355	
2900	0.055227	0.052740	0.060688	0.052359	0.057729	0.056735	0.054297	0.051784	0.058396	0.054980	
2905	0.055363	0.052804	0.060190	0.051814	0.058035	0.055437	0.056327	0.052099	0.056946	0.054624	
2910	0.054832	0.050871	0.060490	0.052411	0.057871	0.054240	0.056385	0.052281	0.056377	0.054884	
2915	0.055236	0.051657	0.060984	0.051668	0.057549	0.052471	0.055831	0.053622	0.055932	0.056485	
2920	0.055150	0.050967	0.060257	0.050340	0.057075	0.051076	0.054804	0.056252	0.055511	0.056603	
2925	0.054343	0.050194	0.059179	0.049885	0.056576	0.052620	0.055583	0.055461	0.056799	0.057791	
2930	0.054133	0.051157	0.058290	0.051347	0.057676	0.052499	0.055941	0.054635	0.056583	0.056950	
2935	0.055097	0.050457	0.056770	0.052542	0.057008	0.051926	0.054941	0.054948	0.057438	0.056026	
2940	0.054902	0.050948	0.058877	0.051576	0.056712	0.052048	0.056372	0.054318	0.059481	0.057298	
2945	0.055815	0.052316	0.057282	0.052066	0.055251	0.052214	0.057830	0.053350	0.059265	0.058148	
2950	0.056266	0.052293	0.058073	0.052589	0.054369	0.052269	0.058523	0.053190	0.058763	0.058246	
2955	0.055537	0.053185	0.057335	0.051653	0.054856	0.052969	0.056309	0.054205	0.058927	0.058979	
2960	0.055608	0.053820	0.056734	0.051402	0.056012	0.052049	0.055690	0.054673	0.060216	0.060682	
2965	0.057038	0.055333	0.055385	0.052913	0.055583	0.050897	0.055251	0.053759	0.059267	0.060240	
2970	0.055294	0.054739	0.053842	0.054144	0.055373	0.052665	0.054905	0.054809	0.058241	0.060668	
2975	0.054321	0.053942	0.055477	0.053391	0.055996	0.052990	0.054485	0.054377	0.058092	0.058508	
2980	0.055969	0.053536	0.057161	0.053125	0.056486	0.052351	0.055053	0.053786	0.059743	0.058767	
2985	0.055661	0.052416	0.056193	0.053542	0.057258	0.052851	0.055969	0.053217	0.058795	0.058165	
2990	0.056250	0.051966	0.055213	0.053102	0.057169	0.052339	0.055811	0.053671	0.057606	0.059331	
2995	0.056225	0.051874	0.057429	0.055081	0.055830	0.052753	0.057392	0.055158	0.057187	0.060344	
3000	0.054752	0.053441	0.057803	0.056110	0.055862	0.052883	0.056881	0.056205	0.055349	0.058750	
