T	rep_1	rep_2	rep_3	rep_4	rep_5	rep_6	rep_7	rep_8	rep_9	rep_10
5	0.049100	0.051804	0.043887	0.044187	0.043320	0.032415	0.043109	0.041378	0.051990	0.056420	
10	0.175788	0.268176	0.181875	0.158748	0.194259	0.182836	0.176390	0.174035	0.192781	0.181565	
15	0.228885	0.314902	0.245402	0.216051	0.244176	0.271957	0.303855	0.232261	0.250674	0.264364	
20	0.286626	0.334813	0.333635	0.316189	0.313733	0.319606	0.477161	0.308219	0.349757	0.371113	
25	0.346708	0.371662	0.403359	0.421672	0.395561	0.376759	0.527930	0.386766	0.464086	0.437350	
30	0.392491	0.445209	0.451184	0.512916	0.455816	0.449255	0.559706	0.440158	0.526675	0.485091	
35	0.442937	0.539694	0.499012	0.567631	0.500646	0.507147	0.590974	0.489177	0.562956	0.530775	
40	0.503370	0.599788	0.574038	0.595035	0.538101	0.546605	0.629792	0.547490	0.588319	0.566061	
45	0.566162	0.636871	0.669663	0.627968	0.576681	0.582550	0.674241	0.595836	0.611706	0.591806	
50	0.621078	0.664126	0.732415	0.657263	0.611112	0.608861	0.717229	0.644507	0.640614	0.618238	
55	0.649708	0.684923	0.769216	0.686209	0.648187	0.632827	0.738145	0.680066	0.671379	0.641198	
60	0.668352	0.705672	0.784778	0.710710	0.688157	0.650843	0.756941	0.705955	0.693191	0.660759	
65	0.680869	0.722793	0.797184	0.721335	0.711801	0.666370	0.766963	0.723371	0.715412	0.681013	
70	0.699715	0.736060	0.799825	0.738352	0.726146	0.681543	0.772110	0.736635	0.734097	0.705358	
75	0.712113	0.749197	0.805097	0.746088	0.740466	0.692190	0.778625	0.751689	0.742876	0.720234	
80	0.721232	0.755278	0.804767	0.756191	0.753666	0.704055	0.781519	0.759165	0.748143	0.728391	
85	0.730058	0.764102	0.805851	0.762080	0.765333	0.717921	0.784127	0.760312	0.758748	0.738011	
90	0.740682	0.772029	0.804417	0.765543	0.767521	0.732844	0.782969	0.767428	0.762787	0.748910	
95	0.749495	0.776226	0.803451	0.771573	0.771631	0.741869	0.782608	0.767001	0.771840	0.755019	
100	0.753068	0.774966	0.800934	0.775111	0.776835	0.748457	0.782715	0.773050	0.778247	0.758007	
105	0.756094	0.775583	0.801211	0.777670	0.779221	0.755182	0.781718	0.777148	0.781960	0.764599	
110	0.757119	0.774514	0.802185	0.779270	0.778751	0.758307	0.780872	0.775929	0.784776	0.767433	
115	0.759913	0.774802	0.799747	0.782802	0.781778	0.765405	0.785139	0.778385	0.785057	0.766886	
120	0.762062	0.773202	0.796612	0.785883	0.781589	0.766947	0.783325	0.778796	0.786650	0.769198	
125	0.765979	0.770070	0.796889	0.784956	0.779970	0.768449	0.776996	0.773959	0.785297	0.772279	
130	0.766607	0.765877	0.792753	0.782252	0.768675	0.762850	0.775557	0.767613	0.785731	0.771388	
135	0.764780	0.760326	0.788680	0.776660	0.765608	0.761513	0.773793	0.763873	0.777288	0.772838	
140	0.764343	0.757535	0.783587	0.768042	0.759573	0.762267	0.771526	0.759106	0.774172	0.765356	
145	0.757319	0.758035	0.777921	0.762422	0.755752	0.756576	0.766066	0.749264	0.764974	0.760508	
150	0.752086	0.749420	0.770658	0.754632	0.748260	0.755331	0.759964	0.742756	0.759530	0.758974	
155	0.748833	0.742811	0.767929	0.748741	0.741564	0.754372	0.754788	0.738329	0.748321	0.753045	
160	0.746385	0.738943	0.758313	0.749353	0.735376	0.744342	0.751001	0.732108	0.741608	0.748191	
165	0.740858	0.735050	0.750676	0.742916	0.730454	0.741778	0.749897	0.728839	0.741410	0.746531	
170	0.737030	0.730375	0.744819	0.742965	0.726430	0.738554	0.743969	0.725758	0.735213	0.744988	
175	0.731561	0.725038	0.744307	0.741415	0.720660	0.738637	0.739569	0.722004	0.732303	0.739538	
180	0.729474	0.723292	0.745600	0.740916	0.724626	0.736508	0.734467	0.716844	0.729764	0.738872	
185	0.726356	0.722596	0.745070	0.733789	0.725387	0.732786	0.732344	0.713586	0.723993	0.736862	
190	0.721155	0.722539	0.738351	0.735242	0.720517	0.728775	0.725292	0.712554	0.717169	0.733865	
195	0.716710	0.721314	0.734476	0.730984	0.718272	0.729111	0.721487	0.713664	0.713837	0.739566	
200	0.722093	0.719939	0.733510	0.722502	0.718802	0.725479	0.716525	0.714734	0.713093	0.736171	
205	0.723137	0.719122	0.729748	0.718867	0.717719	0.722055	0.713438	0.710283	0.709012	0.733264	
210	0.723463	0.717224	0.727468	0.719690	0.718290	0.720203	0.715147	0.713985	0.706836	0.728488	
215	0.722652	0.714310	0.729136	0.717649	0.719456	0.718305	0.714180	0.710103	0.705752	0.727108	
220	0.719504	0.711973	0.727761	0.719699	0.719008	0.720485	0.713391	0.710983	0.704005	0.723731	
225	0.721924	0.711119	0.724450	0.720457	0.722002	0.721035	0.714343	0.708932	0.702124	0.721543	
230	0.720991	0.709124	0.726221	0.718865	0.722975	0.720355	0.714118	0.708500	0.696555	0.720846	
235	0.718894	0.709390	0.725448	0.717473	0.726362	0.722989	0.712955	0.706119	0.695484	0.723791	
240	0.714155	0.709008	0.726050	0.717482	0.723079	0.721373	0.708189	0.704138	0.701389	0.720345	
245	0.711797	0.706040	0.726881	0.715770	0.723522	0.718638	0.708751	0.705730	0.702048	0.721678	
250	0.713009	0.704682	0.727465	0.717363	0.720505	0.712198	0.705919	0.703742	0.703470	0.721935	
255	0.715900	0.703379	0.728471	0.718013	0.722183	0.710817	0.710852	0.704701	0.703883	0.721673	
260	0.715877	0.707458	0.731049	0.718916	0.721899	0.709782	0.710305	0.706006	0.708341	0.717233	
265	0.719457	0.710340	0.730122	0.717454	0.721256	0.706131	0.709314	0.707152	0.708605	0.717264	
270	0.719233	0.709798	0.729415	0.719197	0.722117	0.705082	0.710661	0.710083	0.709174	0.719111	
275	0.718172	0.710421	0.727372	0.715965	0.723330	0.706666	0.712233	0.711266	0.713693	0.718260	
280	0.715756	0.710111	0.730140	0.716830	0.719944	0.704128	0.711910	0.707854	0.714910	0.720214	
285	0.716382	0.712989	0.732061	0.715519	0.720545	0.704490	0.710545	0.704853	0.713690	0.720428	
290	0.715832	0.715308	0.729849	0.720320	0.721007	0.707159	0.713955	0.700293	0.712688	0.722051	
295	0.719724	0.718582	0.728249	0.720211	0.717267	0.703606	0.714199	0.700167	0.712195	0.721549	
300	0.721118	0.719086	0.727346	0.721524	0.716338	0.702163	0.713840	0.702344	0.713221	0.721948	
305	0.721497	0.719199	0.729010	0.721869	0.717963	0.705844	0.709642	0.699395	0.714729	0.724671	
310	0.721003	0.714622	0.727442	0.722675	0.720523	0.707095	0.709320	0.703281	0.715249	0.720663	
315	0.721146	0.712845	0.727092	0.719028	0.719279	0.709342	0.708617	0.702307	0.715507	0.715992	
320	0.722890	0.713205	0.722423	0.718153	0.718690	0.710110	0.706549	0.701442	0.717883	0.717216	
325	0.724689	0.718909	0.721219	0.718746	0.718046	0.712722	0.707266	0.703071	0.715991	0.725778	
330	0.722806	0.716048	0.721302	0.719372	0.716406	0.713726	0.705821	0.701938	0.715630	0.727769	
335	0.722488	0.715694	0.720092	0.718378	0.716707	0.713092	0.701380	0.703147	0.713230	0.729613	
340	0.720779	0.713972	0.717421	0.716047	0.719366	0.713629	0.700857	0.708552	0.714624	0.726871	
345	0.721333	0.713928	0.718756	0.716639	0.717057	0.714622	0.702653	0.712734	0.712311	0.726568	
350	0.724428	0.713616	0.719756	0.715433	0.714488	0.713526	0.704453	0.714080	0.713337	0.724454	
355	0.724156	0.714088	0.721519	0.713981	0.715830	0.715024	0.706634	0.711948	0.712277	0.722879	
360	0.722014	0.714650	0.720990	0.714755	0.717371	0.716661	0.704766	0.714609	0.707432	0.724296	
365	0.723420	0.713496	0.722613	0.718151	0.714473	0.717352	0.703328	0.715078	0.708505	0.723810	
370	0.725035	0.715520	0.722863	0.717339	0.710138	0.714050	0.700504	0.716010	0.708291	0.723145	
375	0.724533	0.716275	0.720108	0.717816	0.709192	0.716135	0.699735	0.716894	0.708303	0.723685	
380	0.726653	0.714204	0.722426	0.719864	0.712216	0.715991	0.699045	0.718874	0.708299	0.726301	
385	0.720593	0.716276	0.721197	0.721793	0.709965	0.717122	0.700578	0.718703	0.710176	0.727079	
390	0.724691	0.715996	0.721876	0.723027	0.709879	0.720166	0.702001	0.717435	0.706432	0.724975	
395	0.724371	0.714650	0.723537	0.725116	0.707343	0.720529	0.703995	0.719937	0.706111	0.726465	
400	0.727968	0.714027	0.722908	0.727835	0.707330	0.722350	0.702063	0.718517	0.706985	0.730998	
405	0.726416	0.713439	0.723694	0.726085	0.705007	0.720250	0.704823	0.719286	0.709003	0.726621	
410	0.727177	0.713845	0.723644	0.728537	0.703864	0.716007	0.707232	0.720543	0.710966	0.725437	
415	0.723359	0.717161	0.721384	0.728897	0.705002	0.714674	0.711378	0.720814	0.715375	0.722034	
420	0.720305	0.721477	0.718546	0.726078	0.706492	0.714678	0.711636	0.719655	0.713065	0.721007	
425	0.721713	0.720164	0.717940	0.724962	0.708865	0.715214	0.711787	0.720503	0.711851	0.722648	
430	0.721579	0.722990	0.713163	0.720943	0.705990	0.718903	0.709806	0.721758	0.711131	0.718064	
435	0.725302	0.724122	0.716758	0.721420	0.706443	0.717446	0.711522	0.725165	0.712210	0.716517	
440	0.725931	0.726965	0.714468	0.716951	0.707922	0.716569	0.713703	0.723831	0.710566	0.716535	
445	0.723179	0.727127	0.711860	0.715762	0.705280	0.715398	0.714568	0.723837	0.713742	0.718476	
450	0.727350	0.728330	0.713303	0.715991	0.705770	0.717213	0.712207	0.725123	0.713329	0.719809	
455	0.723221	0.727854	0.714743	0.715549	0.701656	0.718908	0.713421	0.726284	0.714564	0.720778	
460	0.721533	0.727424	0.717928	0.713717	0.704681	0.717888	0.713531	0.722283	0.716172	0.720953	
465	0.717013	0.719734	0.714449	0.714865	0.704843	0.718148	0.714676	0.720402	0.714930	0.720039	
470	0.714652	0.717887	0.713654	0.717098	0.706997	0.717414	0.715008	0.720764	0.715582	0.717852	
475	0.713550	0.717647	0.711603	0.714653	0.707925	0.720224	0.713247	0.718222	0.716104	0.715896	
480	0.714576	0.720163	0.713979	0.717642	0.708758	0.716642	0.712313	0.720957	0.714665	0.714094	
485	0.713823	0.716659	0.712174	0.719256	0.706150	0.714710	0.712985	0.723916	0.713993	0.717441	
490	0.713153	0.719052	0.710359	0.716492	0.704516	0.713283	0.710426	0.720335	0.714247	0.715707	
495	0.715899	0.718545	0.712518	0.714294	0.703844	0.712503	0.708824	0.719637	0.716426	0.715872	
500	0.718518	0.715663	0.712389	0.710667	0.704773	0.710476	0.708349	0.719347	0.716725	0.715786	
505	0.719852	0.716066	0.715576	0.713424	0.704487	0.714794	0.708204	0.720535	0.716898	0.713519	
510	0.721169	0.716549	0.713448	0.714251	0.704328	0.711384	0.707518	0.719905	0.719433	0.711552	
515	0.724706	0.714176	0.712417	0.712258	0.703859	0.712816	0.709471	0.717447	0.716975	0.713511	
520	0.726526	0.713601	0.713880	0.716111	0.704228	0.710958	0.709755	0.708418	0.719828	0.715455	
525	0.724363	0.709763	0.713896	0.714539	0.706386	0.713194	0.710096	0.712095	0.715189	0.714250	
530	0.721175	0.710424	0.715475	0.710983	0.704648	0.712441	0.708214	0.716118	0.713895	0.710467	
535	0.721164	0.712419	0.715561	0.711070	0.706200	0.708865	0.708957	0.715226	0.711287	0.712779	
540	0.724885	0.712412	0.718412	0.708179	0.704814	0.709248	0.711581	0.716035	0.711902	0.717077	
545	0.721662	0.711026	0.719099	0.708178	0.701179	0.709933	0.712560	0.714636	0.712741	0.719909	
550	0.719658	0.708243	0.720952	0.708770	0.701457	0.714364	0.711682	0.714672	0.711032	0.718777	
555	0.716651	0.709737	0.722650	0.711330	0.700467	0.716956	0.712536	0.719436	0.713079	0.718683	
560	0.716193	0.711816	0.721542	0.710738	0.701466	0.716093	0.713240	0.719259	0.713775	0.716967	
565	0.713221	0.710162	0.719831	0.711372	0.699936	0.714559	0.710069	0.716233	0.717008	0.711549	
570	0.714609	0.710942	0.717730	0.710713	0.702706	0.712993	0.710072	0.718833	0.713836	0.710047	
575	0.715660	0.711949	0.719262	0.709552	0.701705	0.715175	0.709235	0.717347	0.712876	0.713825	
580	0.718208	0.713867	0.715718	0.712361	0.703829	0.716049	0.709859	0.722753	0.710738	0.715037	
585	0.718612	0.713577	0.717573	0.712558	0.699429	0.716572	0.707964	0.721521	0.705346	0.715978	
590	0.713976	0.717451	0.717506	0.712889	0.703275	0.716354	0.707702	0.717426	0.704487	0.713897	
595	0.712247	0.720113	0.719617	0.712411	0.701617	0.715446	0.707037	0.720884	0.705929	0.714461	
600	0.712624	0.722506	0.720627	0.714039	0.705187	0.715667	0.707859	0.722200	0.706981	0.713265	
605	0.709152	0.721144	0.721900	0.720025	0.706990	0.713241	0.708023	0.721994	0.709913	0.711501	
610	0.708351	0.723053	0.719075	0.717092	0.708429	0.712516	0.709598	0.722605	0.707444	0.712389	
615	0.709706	0.721140	0.721630	0.718578	0.709897	0.712965	0.707807	0.725234	0.706310	0.711511	
620	0.705223	0.720244	0.720485	0.716638	0.709893	0.711609	0.706761	0.727726	0.709143	0.710278	
625	0.707048	0.719197	0.720669	0.718734	0.712055	0.708936	0.704877	0.724003	0.708249	0.709232	
630	0.705645	0.715244	0.719652	0.719158	0.710385	0.708984	0.708342	0.723229	0.709327	0.710563	
635	0.706431	0.716786	0.718009	0.720221	0.705944	0.708159	0.710295	0.722638	0.709041	0.713143	
640	0.707756	0.718561	0.715842	0.721079	0.702555	0.704532	0.711133	0.718120	0.707663	0.715453	
645	0.712529	0.718016	0.712203	0.722640	0.704054	0.707477	0.711715	0.717032	0.709175	0.712426	
650	0.713409	0.720759	0.712763	0.722917	0.701662	0.706592	0.713067	0.717129	0.709723	0.708211	
655	0.713575	0.719175	0.712754	0.717798	0.702335	0.710106	0.714207	0.718399	0.710898	0.708295	
660	0.710831	0.721455	0.713625	0.715485	0.702865	0.710059	0.715607	0.718347	0.709157	0.706831	
665	0.711343	0.724881	0.715483	0.718800	0.705668	0.710063	0.713805	0.717085	0.711163	0.708029	
670	0.714586	0.722962	0.716568	0.717186	0.707027	0.708694	0.713753	0.717799	0.709083	0.708800	
675	0.712744	0.717454	0.714283	0.714149	0.711677	0.712640	0.715740	0.720132	0.707622	0.709809	
680	0.719671	0.716410	0.716070	0.719452	0.712796	0.713401	0.719498	0.721780	0.709668	0.709072	
685	0.718487	0.714122	0.715858	0.720326	0.712160	0.712742	0.718722	0.719702	0.711241	0.708479	
690	0.718422	0.713331	0.713510	0.718292	0.712945	0.712499	0.717273	0.716538	0.713368	0.706876	
695	0.715768	0.711643	0.714711	0.720587	0.714412	0.713421	0.717450	0.718582	0.711243	0.704862	
700	0.715828	0.707363	0.714545	0.722358	0.713008	0.713476	0.715807	0.720113	0.709845	0.704137	
705	0.712990	0.711683	0.714433	0.723481	0.709845	0.716364	0.716087	0.715822	0.706310	0.707833	
710	0.714762	0.713167	0.715854	0.723386	0.712367	0.714554	0.716219	0.715358	0.704551	0.704049	
715	0.717589	0.713396	0.719109	0.722937	0.717039	0.715941	0.716912	0.717421	0.706874	0.705319	
720	0.719088	0.715878	0.719907	0.724614	0.720354	0.718571	0.714195	0.718815	0.709273	0.706142	
725	0.720759	0.719461	0.718648	0.725559	0.719588	0.717035	0.713766	0.720210	0.713805	0.709165	
730	0.720499	0.719362	0.720251	0.726721	0.720340	0.717665	0.713358	0.719743	0.709683	0.711570	
735	0.717830	0.716530	0.716198	0.725469	0.721195	0.718801	0.717104	0.720082	0.714242	0.715189	
740	0.718688	0.715372	0.718484	0.725667	0.722398	0.717157	0.714051	0.721675	0.711495	0.713091	
745	0.719585	0.715118	0.715592	0.724951	0.722344	0.716081	0.715025	0.720880	0.711647	0.712151	
750	0.717404	0.714023	0.712758	0.724353	0.718974	0.714135	0.717063	0.719390	0.716127	0.711214	
755	0.713807	0.715751	0.711456	0.723913	0.719684	0.716026	0.720896	0.716257	0.714034	0.707985	
760	0.716277	0.717985	0.713515	0.725293	0.719528	0.715909	0.714854	0.718074	0.714401	0.711234	
765	0.717396	0.717169	0.712633	0.724066	0.718586	0.712857	0.714697	0.718516	0.720279	0.708646	
770	0.717029	0.715450	0.713918	0.718725	0.714003	0.713470	0.714231	0.721470	0.721465	0.710309	
775	0.720559	0.712949	0.710660	0.715605	0.713186	0.715112	0.713220	0.718606	0.723378	0.709503	
780	0.719427	0.710516	0.712282	0.716290	0.708120	0.713930	0.714992	0.718503	0.717220	0.710764	
785	0.721362	0.707259	0.714920	0.715940	0.708965	0.715655	0.713605	0.719739	0.716154	0.713134	
790	0.721552	0.707266	0.711849	0.719691	0.707799	0.711141	0.717043	0.716841	0.716541	0.713257	
795	0.718072	0.707764	0.709158	0.717611	0.711836	0.710840	0.719183	0.717933	0.716962	0.715831	
800	0.718346	0.706491	0.709345	0.718750	0.710989	0.707590	0.718837	0.715418	0.721283	0.714364	
805	0.714881	0.706695	0.709091	0.720593	0.714378	0.704997	0.720981	0.713714	0.719180	0.713944	
810	0.715350	0.705478	0.709725	0.721596	0.715826	0.703561	0.719982	0.717475	0.721548	0.713227	
815	0.717191	0.704606	0.712749	0.720707	0.715201	0.705490	0.715354	0.716657	0.720074	0.714471	
820	0.717247	0.702563	0.714138	0.716703	0.715143	0.703393	0.714979	0.716082	0.720231	0.714422	
825	0.716277	0.699331	0.715177	0.716225	0.712117	0.703630	0.715204	0.716562	0.718528	0.710849	
830	0.717689	0.701059	0.711482	0.720400	0.713123	0.707105	0.711851	0.715069	0.719618	0.712362	
835	0.719063	0.701255	0.713422	0.722457	0.716303	0.704478	0.713337	0.717607	0.719921	0.716477	
840	0.716074	0.703804	0.714763	0.722942	0.716736	0.706211	0.711412	0.722552	0.719438	0.715209	
845	0.717746	0.703101	0.717300	0.722677	0.718308	0.708066	0.706765	0.721650	0.717733	0.714007	
850	0.716144	0.702789	0.718100	0.718980	0.719443	0.707203	0.703636	0.723940	0.721205	0.713123	
855	0.712199	0.702139	0.717771	0.723160	0.718522	0.706862	0.704908	0.721687	0.722981	0.713432	
860	0.717048	0.700073	0.715531	0.725567	0.720225	0.707268	0.707680	0.720470	0.719981	0.711122	
865	0.719829	0.703445	0.712474	0.724549	0.722814	0.712846	0.713324	0.722520	0.721851	0.711780	
870	0.717502	0.703983	0.712757	0.726534	0.723904	0.713458	0.713314	0.724255	0.720392	0.711091	
875	0.716914	0.704565	0.711183	0.726459	0.720731	0.710309	0.714551	0.724364	0.724508	0.710137	
880	0.721473	0.704359	0.711493	0.723038	0.719817	0.709183	0.717200	0.720621	0.721728	0.709568	
885	0.722205	0.705030	0.710871	0.726229	0.723618	0.710782	0.716143	0.722010	0.718977	0.709533	
890	0.720956	0.708500	0.712185	0.727295	0.721320	0.713614	0.713882	0.720907	0.722197	0.711711	
895	0.722303	0.707257	0.713622	0.729058	0.717908	0.711839	0.714287	0.717739	0.723327	0.711125	
900	0.723089	0.707261	0.714774	0.727321	0.719195	0.711491	0.714139	0.716329	0.723270	0.711219	
905	0.723485	0.709161	0.710463	0.726411	0.721591	0.713015	0.711555	0.716675	0.723817	0.714800	
910	0.729383	0.711653	0.713036	0.727477	0.720586	0.714026	0.716782	0.716080	0.720690	0.714817	
915	0.729680	0.713589	0.710925	0.724684	0.719014	0.719070	0.716796	0.715859	0.720332	0.716639	
920	0.731453	0.713854	0.708967	0.725304	0.717980	0.715455	0.717577	0.715474	0.719850	0.718472	
925	0.730864	0.714061	0.707728	0.724402	0.714464	0.715812	0.716406	0.716418	0.717938	0.716749	
930	0.724040	0.716085	0.707461	0.726531	0.714821	0.717124	0.716032	0.716486	0.714022	0.718548	
935	0.718747	0.714499	0.712595	0.728183	0.714693	0.717440	0.715228	0.718872	0.715637	0.718047	
940	0.717931	0.717169	0.715997	0.727733	0.711825	0.716591	0.719281	0.717613	0.713922	0.716984	
945	0.719530	0.716796	0.718985	0.726097	0.709056	0.715977	0.718793	0.717568	0.714737	0.716111	
950	0.718538	0.722040	0.714751	0.729061	0.708171	0.712217	0.722286	0.718463	0.718742	0.714713	
955	0.718584	0.722511	0.713905	0.729193	0.709915	0.710395	0.724831	0.716572	0.717373	0.716272	
960	0.719239	0.720649	0.714976	0.730538	0.711906	0.706626	0.720590	0.714588	0.715176	0.717226	
965	0.720078	0.717864	0.715976	0.728886	0.712435	0.706648	0.723310	0.719071	0.709852	0.719521	
970	0.721137	0.715991	0.712259	0.728446	0.711457	0.704103	0.723385	0.718526	0.710215	0.718276	
975	0.718596	0.715416	0.710905	0.730059	0.714560	0.708569	0.726623	0.722892	0.720479	0.717682	
980	0.717855	0.712513	0.715004	0.727194	0.719367	0.707404	0.723902	0.723240	0.719587	0.718073	
985	0.712932	0.711551	0.716979	0.725049	0.721230	0.705925	0.724435	0.723788	0.719791	0.722684	
990	0.709790	0.718727	0.710434	0.723321	0.718531	0.713064	0.721690	0.720950	0.721540	0.724161	
995	0.713790	0.720867	0.710367	0.724929	0.715929	0.715254	0.723761	0.724030	0.721203	0.724740	
1000	0.712746	0.720342	0.714998	0.720282	0.715997	0.714710	0.718943	0.724837	0.722468	0.726878	
1005	0.709160	0.721842	0.717111	0.726722	0.719470	0.712843	0.719867	0.724150	0.723022	0.727017	
1010	0.710300	0.719932	0.708999	0.725990	0.719764	0.712787	0.718430	0.719441	0.720190	0.718997	
1015	0.707316	0.715972	0.711474	0.726563	0.716043	0.711667	0.720164	0.723715	0.721581	0.721954	
1020	0.709433	0.718053	0.711128	0.722334	0.715617	0.708721	0.718588	0.722287	0.725870	0.724822	
1025	0.707336	0.722520	0.713047	0.720515	0.719903	0.710852	0.718594	0.722500	0.724801	0.724048	
1030	0.707075	0.723105	0.716776	0.718604	0.719510	0.709615	0.717217	0.724830	0.720527	0.718353	
1035	0.708269	0.724246	0.716526	0.717898	0.717631	0.708255	0.715659	0.720835	0.716910	0.717621	
1040	0.709316	0.723912	0.714898	0.714926	0.719161	0.711037	0.714932	0.722637	0.717052	0.715081	
1045	0.711885	0.722034	0.715492	0.717876	0.721409	0.712420	0.720644	0.718713	0.716757	0.714014	
1050	0.711014	0.722696	0.719544	0.717482	0.719600	0.715413	0.719104	0.720564	0.715611	0.713331	
1055	0.710935	0.723059	0.718562	0.714772	0.717425	0.716052	0.715741	0.719063	0.713208	0.711673	
1060	0.707919	0.722029	0.717929	0.712354	0.713454	0.717344	0.713889	0.721491	0.713097	0.712173	
1065	0.707840	0.717653	0.717332	0.719237	0.712221	0.718909	0.713480	0.720155	0.710164	0.711811	
1070	0.708763	0.719877	0.716779	0.717801	0.712843	0.718200	0.713909	0.718839	0.708898	0.711781	
1075	0.708970	0.715824	0.713840	0.717928	0.715809	0.715712	0.711103	0.718178	0.710307	0.711393	
1080	0.707041	0.716569	0.713031	0.715816	0.716637	0.712510	0.710949	0.716965	0.709968	0.710966	
1085	0.705960	0.717005	0.713011	0.714069	0.716842	0.712555	0.712119	0.717730	0.714466	0.714760	
1090	0.706896	0.718026	0.710088	0.715250	0.718245	0.712699	0.710081	0.715802	0.714387	0.715645	
1095	0.704803	0.719023	0.709486	0.712697	0.715789	0.717804	0.707006	0.714908	0.710842	0.711561	
1100	0.708853	0.713519	0.714039	0.712315	0.718354	0.717884	0.708784	0.715557	0.714928	0.710209	
1105	0.709182	0.713831	0.713508	0.712075	0.721206	0.718954	0.708711	0.714910	0.713775	0.710381	
1110	0.712044	0.712337	0.712373	0.708405	0.716681	0.716034	0.706394	0.715697	0.713632	0.715151	
1115	0.711296	0.714178	0.715427	0.710020	0.714655	0.715321	0.709150	0.714852	0.710904	0.714313	
1120	0.710574	0.716448	0.716753	0.708878	0.713252	0.712553	0.707507	0.713377	0.713551	0.717731	
1125	0.707164	0.720910	0.714675	0.711554	0.716019	0.711867	0.707293	0.714454	0.712422	0.717235	
1130	0.706883	0.720566	0.714551	0.714916	0.721483	0.713022	0.705299	0.716678	0.718895	0.715714	
1135	0.708647	0.721433	0.714823	0.712366	0.719904	0.711694	0.707468	0.716900	0.721676	0.714162	
1140	0.705235	0.718975	0.713691	0.713806	0.716966	0.715930	0.707237	0.715198	0.721388	0.714540	
1145	0.707244	0.721099	0.707738	0.713787	0.718027	0.717679	0.711717	0.717829	0.721576	0.715682	
1150	0.705516	0.720180	0.712100	0.712878	0.715781	0.716794	0.714129	0.715543	0.717674	0.717587	
1155	0.707816	0.718962	0.711971	0.711760	0.718723	0.715446	0.716864	0.715941	0.721942	0.717605	
1160	0.705757	0.716188	0.713613	0.713397	0.715682	0.715366	0.716387	0.719741	0.719893	0.716645	
1165	0.708421	0.716198	0.711805	0.717704	0.715646	0.717885	0.720655	0.715076	0.717036	0.716043	
1170	0.706898	0.714946	0.712041	0.715896	0.713581	0.718229	0.717582	0.712379	0.721323	0.716888	
1175	0.711958	0.717062	0.714032	0.716541	0.713460	0.715181	0.713949	0.713977	0.721048	0.717091	
1180	0.710337	0.711980	0.711383	0.717900	0.708636	0.713182	0.715297	0.713268	0.721140	0.718603	
1185	0.710674	0.711197	0.712873	0.717012	0.704719	0.713353	0.716262	0.714047	0.724488	0.718436	
1190	0.713515	0.711317	0.712749	0.717550	0.710796	0.714116	0.719751	0.713554	0.722220	0.721212	
1195	0.713911	0.710837	0.711807	0.719934	0.708712	0.717429	0.722086	0.712410	0.719470	0.720848	
1200	0.710974	0.712362	0.710376	0.717124	0.710025	0.717841	0.721502	0.715165	0.719467	0.722914	
1205	0.712075	0.708773	0.706846	0.717709	0.715527	0.719542	0.719326	0.715744	0.721966	0.722581	
1210	0.715003	0.705438	0.708565	0.715281	0.718904	0.720555	0.720466	0.718348	0.719004	0.721155	
1215	0.715313	0.703189	0.706762	0.717900	0.715907	0.721210	0.720193	0.719659	0.721003	0.721206	
1220	0.715684	0.698336	0.709240	0.715884	0.711251	0.721468	0.717633	0.718961	0.723028	0.719318	
1225	0.713807	0.696092	0.708546	0.715213	0.708445	0.722247	0.716019	0.719352	0.721356	0.721166	
1230	0.714224	0.701285	0.708952	0.715449	0.703974	0.722632	0.717212	0.717326	0.719064	0.719436	
1235	0.715158	0.702792	0.710047	0.717255	0.702342	0.722573	0.716551	0.717091	0.721173	0.721693	
1240	0.719300	0.707052	0.712614	0.718735	0.708063	0.729560	0.714202	0.718540	0.722978	0.722659	
1245	0.717430	0.708526	0.709743	0.714866	0.705587	0.728785	0.715898	0.717561	0.720581	0.725025	
1250	0.714495	0.708936	0.711248	0.711894	0.702748	0.725206	0.719235	0.719423	0.719293	0.723960	
1255	0.714350	0.706974	0.713110	0.714468	0.705083	0.726174	0.721636	0.722652	0.714125	0.719211	
1260	0.715613	0.703950	0.712788	0.714845	0.710932	0.724720	0.719403	0.722863	0.712207	0.718518	
1265	0.713495	0.702872	0.716352	0.713226	0.710487	0.727423	0.718449	0.721471	0.711711	0.716869	
1270	0.716974	0.706657	0.716316	0.714042	0.706960	0.726531	0.719156	0.725482	0.709872	0.715655	
1275	0.720113	0.710293	0.716605	0.714622	0.706247	0.727531	0.717965	0.718508	0.712020	0.714378	
1280	0.717246	0.712600	0.718434	0.716817	0.707237	0.730913	0.722064	0.719325	0.710505	0.711469	
1285	0.717513	0.711864	0.718053	0.714076	0.708086	0.730122	0.726400	0.718140	0.708839	0.711741	
1290	0.721789	0.707201	0.718606	0.711668	0.708277	0.729292	0.728416	0.719562	0.712287	0.714018	
1295	0.720889	0.708543	0.717947	0.714127	0.706147	0.723699	0.726297	0.718587	0.709419	0.710408	
1300	0.721463	0.708813	0.719866	0.711325	0.709553	0.724884	0.721743	0.717497	0.707333	0.710960	
1305	0.722257	0.705875	0.716331	0.708225	0.708167	0.722409	0.725468	0.716017	0.714190	0.710725	
1310	0.721675	0.707369	0.719800	0.708725	0.713405	0.723437	0.723769	0.716494	0.713870	0.710889	
1315	0.725271	0.702859	0.720600	0.706404	0.712600	0.720694	0.722581	0.712500	0.712209	0.716659	
1320	0.726668	0.707073	0.717993	0.704407	0.714627	0.720453	0.719328	0.713129	0.712023	0.715973	
1325	0.724288	0.704666	0.717524	0.703310	0.720486	0.720023	0.721048	0.714343	0.710606	0.714355	
1330	0.728314	0.704689	0.714301	0.702658	0.720052	0.717201	0.723069	0.716644	0.709675	0.715148	
1335	0.726508	0.708076	0.716400	0.706300	0.717657	0.716754	0.723815	0.718715	0.709575	0.717586	
1340	0.721124	0.711289	0.713756	0.710159	0.718395	0.713289	0.723593	0.721173	0.708924	0.713049	
1345	0.716224	0.710856	0.711218	0.715953	0.722521	0.711670	0.725189	0.722677	0.712775	0.715385	
1350	0.718529	0.710238	0.708728	0.717049	0.726715	0.711246	0.724477	0.723359	0.716722	0.717195	
1355	0.720190	0.709516	0.712600	0.713086	0.720732	0.708915	0.724780	0.726087	0.716301	0.720556	
1360	0.722294	0.716879	0.710746	0.711360	0.718984	0.705858	0.721727	0.725407	0.713931	0.720886	
1365	0.721239	0.714660	0.712810	0.711898	0.722928	0.704491	0.716618	0.724535	0.713890	0.720214	
1370	0.720571	0.715725	0.713988	0.712144	0.719023	0.705119	0.717361	0.723824	0.709258	0.725022	
1375	0.720160	0.716509	0.715137	0.706703	0.714677	0.705268	0.714870	0.722299	0.709422	0.724203	
1380	0.718409	0.714654	0.714130	0.709345	0.710668	0.712651	0.713431	0.719965	0.714586	0.724725	
1385	0.721309	0.715352	0.716980	0.706933	0.710710	0.713893	0.715597	0.720895	0.716814	0.718591	
1390	0.720087	0.716826	0.715161	0.708370	0.711089	0.712618	0.716445	0.718979	0.715098	0.718783	
1395	0.720780	0.711058	0.711129	0.710771	0.710141	0.711758	0.716567	0.717678	0.712672	0.719748	
1400	0.716749	0.713303	0.709654	0.710252	0.713112	0.714046	0.716255	0.716479	0.713163	0.720616	
1405	0.715597	0.712073	0.713352	0.713070	0.714994	0.715641	0.714271	0.715325	0.714650	0.715670	
1410	0.715875	0.712339	0.713398	0.710861	0.717583	0.713536	0.715139	0.716486	0.713323	0.719078	
1415	0.715614	0.711617	0.709152	0.711879	0.717933	0.719500	0.713185	0.716350	0.709345	0.717615	
1420	0.715673	0.712960	0.708974	0.711289	0.720868	0.720169	0.713213	0.714268	0.709144	0.716649	
1425	0.718078	0.715887	0.711801	0.706773	0.720453	0.717794	0.713437	0.716977	0.705712	0.717215	
1430	0.717880	0.717257	0.714680	0.709237	0.718954	0.715962	0.716247	0.713905	0.707285	0.711195	
1435	0.718984	0.716108	0.716973	0.709431	0.718758	0.716841	0.717802	0.715192	0.710593	0.708165	
1440	0.716475	0.718251	0.719655	0.711601	0.720862	0.720017	0.713686	0.712739	0.710784	0.707780	
1445	0.714067	0.716248	0.719234	0.713641	0.721647	0.716954	0.713409	0.716076	0.709290	0.706726	
1450	0.717637	0.718760	0.720132	0.716421	0.721101	0.714913	0.711728	0.716708	0.709087	0.706462	
1455	0.714168	0.720183	0.719717	0.712250	0.717813	0.714289	0.709836	0.718775	0.704835	0.707563	
1460	0.707883	0.718485	0.718077	0.710102	0.719244	0.715089	0.709063	0.721700	0.704080	0.705902	
1465	0.711696	0.717835	0.714195	0.706049	0.718022	0.715301	0.709374	0.717876	0.707732	0.706188	
1470	0.713024	0.715312	0.715610	0.704431	0.717803	0.713647	0.707358	0.719207	0.706982	0.707071	
1475	0.713846	0.720116	0.716199	0.704242	0.714571	0.717228	0.710288	0.717556	0.707661	0.709508	
1480	0.717553	0.722895	0.715110	0.702099	0.717342	0.720031	0.711485	0.719343	0.706986	0.711863	
1485	0.715294	0.721569	0.714318	0.702651	0.719420	0.719847	0.711933	0.720960	0.707418	0.713871	
1490	0.716602	0.715836	0.718823	0.705099	0.716127	0.718454	0.717152	0.715620	0.707958	0.711878	
1495	0.715202	0.711018	0.719396	0.706619	0.712266	0.720239	0.712515	0.718097	0.709438	0.712669	
1500	0.714262	0.707666	0.716574	0.704494	0.712470	0.720623	0.710306	0.714254	0.708122	0.714764	
1505	0.714036	0.706647	0.718318	0.703799	0.709219	0.715080	0.711403	0.709931	0.709267	0.711154	
1510	0.713314	0.709476	0.718314	0.704302	0.705886	0.713964	0.707885	0.710003	0.708544	0.707645	
1515	0.713896	0.709709	0.724730	0.704601	0.704475	0.713795	0.707940	0.710250	0.707926	0.710293	
1520	0.716117	0.711181	0.726048	0.701993	0.704334	0.714810	0.708971	0.708232	0.706864	0.711348	
1525	0.713121	0.711174	0.724096	0.702348	0.706008	0.713812	0.707106	0.710955	0.704502	0.714845	
1530	0.712869	0.712133	0.722983	0.703873	0.706330	0.711482	0.703990	0.714074	0.709371	0.718202	
1535	0.712358	0.716278	0.719986	0.706281	0.708289	0.715670	0.708676	0.716349	0.712203	0.720611	
1540	0.714920	0.718386	0.720727	0.703310	0.708469	0.716206	0.706108	0.718821	0.711888	0.717936	
1545	0.716955	0.715263	0.720354	0.706132	0.711542	0.716072	0.709979	0.720142	0.710806	0.720486	
1550	0.718901	0.715308	0.720653	0.709081	0.709335	0.716289	0.712183	0.718363	0.710580	0.719659	
1555	0.717296	0.718960	0.716273	0.709074	0.710166	0.716739	0.708691	0.715714	0.711120	0.718677	
1560	0.717445	0.717959	0.718270	0.709960	0.704525	0.713408	0.712151	0.713334	0.707711	0.717526	
1565	0.715387	0.712571	0.719082	0.712245	0.704418	0.709668	0.711664	0.709685	0.710033	0.716246	
1570	0.715340	0.712245	0.717979	0.713257	0.705137	0.709732	0.710880	0.710137	0.711050	0.715824	
1575	0.716098	0.710882	0.719545	0.710457	0.705288	0.706245	0.712447	0.709622	0.712397	0.710676	
1580	0.717945	0.715658	0.716639	0.708198	0.709435	0.709894	0.713778	0.710572	0.711041	0.712881	
1585	0.715439	0.715085	0.718185	0.709355	0.704236	0.712385	0.715182	0.712352	0.710038	0.713760	
1590	0.712501	0.709581	0.717654	0.705107	0.702446	0.713669	0.711183	0.713783	0.712198	0.714335	
1595	0.712933	0.711420	0.715017	0.704583	0.698065	0.713115	0.711566	0.714705	0.715796	0.717826	
1600	0.712661	0.710683	0.714348	0.704806	0.703124	0.712345	0.709585	0.713963	0.716352	0.718048	
1605	0.713494	0.709748	0.712626	0.705535	0.702999	0.710906	0.710036	0.713669	0.715275	0.717325	
1610	0.715176	0.712908	0.716200	0.706602	0.704329	0.707614	0.709791	0.715896	0.714227	0.716900	
1615	0.715182	0.715711	0.720757	0.704282	0.706300	0.705355	0.710475	0.715354	0.712072	0.715392	
1620	0.715567	0.718713	0.720916	0.709996	0.709439	0.705156	0.712034	0.716019	0.713575	0.717102	
1625	0.716571	0.722126	0.719427	0.711217	0.709124	0.707144	0.712389	0.714649	0.713650	0.719595	
1630	0.715912	0.721907	0.719136	0.707795	0.703776	0.711825	0.715291	0.715866	0.712924	0.722720	
1635	0.718525	0.721125	0.718979	0.707496	0.701798	0.711642	0.718004	0.712837	0.710867	0.722491	
1640	0.714557	0.722433	0.716316	0.708562	0.702994	0.709619	0.717510	0.708050	0.710328	0.722379	
1645	0.716450	0.722084	0.715292	0.708100	0.707313	0.711251	0.716296	0.707302	0.709709	0.720048	
1650	0.713707	0.720802	0.713435	0.707021	0.707334	0.711133	0.716076	0.709491	0.707456	0.721630	
1655	0.710963	0.724644	0.714874	0.707181	0.707472	0.711633	0.715903	0.711736	0.708461	0.727450	
1660	0.709393	0.723802	0.717012	0.708030	0.706021	0.713531	0.717350	0.710606	0.712268	0.729533	
1665	0.706473	0.723495	0.718543	0.705759	0.707177	0.719285	0.718136	0.710988	0.712282	0.722736	
1670	0.706986	0.725587	0.716130	0.706793	0.706869	0.718178	0.718000	0.715250	0.713334	0.722131	
1675	0.705055	0.725792	0.714856	0.708211	0.709940	0.717777	0.714498	0.715955	0.714990	0.723734	
1680	0.708337	0.723232	0.716275	0.707788	0.710270	0.722943	0.715485	0.717557	0.714256	0.723822	
1685	0.707601	0.723976	0.717858	0.707280	0.710346	0.722765	0.710513	0.720486	0.717918	0.722497	
1690	0.705742	0.722819	0.716314	0.701535	0.713831	0.721374	0.711433	0.719703	0.716604	0.722926	
1695	0.706753	0.723092	0.714692	0.702073	0.713068	0.719210	0.713051	0.720392	0.717237	0.723259	
1700	0.705257	0.719988	0.716061	0.703480	0.713049	0.717024	0.714850	0.717039	0.716500	0.720510	
1705	0.705669	0.720356	0.720269	0.703991	0.712672	0.714242	0.712570	0.717829	0.716633	0.723664	
1710	0.705727	0.719042	0.717021	0.704565	0.710650	0.713769	0.710711	0.718078	0.716557	0.723159	
1715	0.712926	0.718609	0.714923	0.708970	0.707060	0.713357	0.711528	0.722387	0.717828	0.724091	
1720	0.709778	0.715322	0.716937	0.710011	0.703865	0.714767	0.710558	0.719634	0.716684	0.725627	
1725	0.712227	0.715239	0.719028	0.711963	0.708449	0.716284	0.713420	0.725429	0.715409	0.722955	
1730	0.714081	0.713224	0.719970	0.715873	0.711390	0.718103	0.714410	0.723110	0.714696	0.723062	
1735	0.715219	0.713084	0.723747	0.716538	0.715710	0.714398	0.714472	0.719913	0.709807	0.718424	
1740	0.718431	0.709598	0.722206	0.718428	0.714407	0.716278	0.714222	0.717227	0.704913	0.721367	
1745	0.717436	0.713476	0.719534	0.717709	0.711163	0.716954	0.716017	0.714494	0.704009	0.723479	
1750	0.715982	0.712554	0.722128	0.719843	0.711496	0.719065	0.716411	0.715991	0.704827	0.721878	
1755	0.713331	0.715045	0.719238	0.719031	0.714477	0.718642	0.717974	0.713793	0.704931	0.721133	
1760	0.713112	0.714885	0.721934	0.722263	0.711716	0.717479	0.714774	0.716301	0.703945	0.720056	
1765	0.713937	0.708821	0.719308	0.721704	0.710574	0.715267	0.711341	0.713955	0.706802	0.720449	
1770	0.717032	0.707354	0.722065	0.719047	0.708332	0.714862	0.711879	0.715887	0.705776	0.719151	
1775	0.715358	0.710456	0.723566	0.716729	0.706795	0.720491	0.713099	0.716535	0.705906	0.719103	
1780	0.714013	0.707454	0.724798	0.715461	0.706616	0.719879	0.712330	0.713509	0.708322	0.715568	
1785	0.712290	0.709880	0.720705	0.718689	0.706917	0.720462	0.710213	0.716803	0.710301	0.710842	
1790	0.711918	0.710400	0.720168	0.713018	0.711368	0.718221	0.712891	0.716139	0.715256	0.712503	
1795	0.710706	0.712727	0.720026	0.713146	0.712522	0.720208	0.714861	0.715068	0.713582	0.713274	
1800	0.710608	0.711134	0.721042	0.714191	0.709541	0.721470	0.714762	0.718254	0.717760	0.717650	
1805	0.715217	0.709666	0.722493	0.714125	0.711142	0.720849	0.712189	0.721906	0.717008	0.722346	
1810	0.715180	0.709684	0.720923	0.714843	0.705860	0.723071	0.710983	0.723892	0.714725	0.725135	
1815	0.713699	0.709523	0.718505	0.710285	0.703765	0.720840	0.708561	0.723333	0.712572	0.721943	
1820	0.715029	0.710503	0.719732	0.710365	0.705996	0.721108	0.710118	0.725146	0.714464	0.719472	
1825	0.711903	0.712147	0.721809	0.707576	0.706204	0.722851	0.710558	0.726322	0.713777	0.717516	
1830	0.714883	0.710448	0.723540	0.711423	0.708606	0.720299	0.714821	0.724057	0.716103	0.713965	
1835	0.715996	0.713891	0.722398	0.710673	0.712556	0.722711	0.716837	0.726028	0.713673	0.711327	
1840	0.719096	0.710243	0.725292	0.712887	0.714335	0.722085	0.715089	0.723580	0.717304	0.710871	
1845	0.720087	0.713249	0.729116	0.710630	0.713873	0.723441	0.716145	0.721861	0.720496	0.711257	
1850	0.723418	0.714129	0.728140	0.707605	0.708648	0.723056	0.715388	0.717044	0.721603	0.708954	
1855	0.721067	0.711066	0.732093	0.708081	0.708523	0.723980	0.713651	0.719543	0.723548	0.705620	
1860	0.718490	0.712846	0.728664	0.709782	0.709276	0.726575	0.710965	0.719699	0.724766	0.703043	
1865	0.718068	0.715881	0.727452	0.709185	0.707237	0.727814	0.712030	0.717844	0.723704	0.703612	
1870	0.725356	0.715056	0.726100	0.709371	0.710795	0.726337	0.712207	0.716897	0.724772	0.707283	
1875	0.725381	0.714326	0.727217	0.710339	0.714439	0.727557	0.713210	0.714713	0.720746	0.707809	
1880	0.721528	0.716002	0.725331	0.713731	0.715436	0.726357	0.710441	0.711833	0.718857	0.707074	
1885	0.727435	0.712078	0.722677	0.717640	0.719785	0.724185	0.712476	0.714103	0.720770	0.705765	
1890	0.727353	0.710348	0.721422	0.719190	0.717105	0.721407	0.711479	0.717350	0.719494	0.709198	
1895	0.728030	0.707383	0.723751	0.719939	0.715806	0.721813	0.710770	0.716852	0.719759	0.708753	
1900	0.724349	0.708309	0.722574	0.722291	0.717763	0.723456	0.710078	0.720177	0.717104	0.711035	
1905	0.727343	0.707542	0.724707	0.723339	0.720561	0.722118	0.713219	0.717590	0.717972	0.709987	
1910	0.729210	0.705609	0.723075	0.719815	0.717145	0.725907	0.715744	0.716066	0.716526	0.713277	
1915	0.733011	0.705184	0.726163	0.714171	0.719092	0.723640	0.715832	0.718520	0.715135	0.713112	
1920	0.735897	0.702226	0.724718	0.714440	0.717108	0.722518	0.711320	0.720610	0.711918	0.712033	
1925	0.737527	0.704934	0.722539	0.715262	0.714403	0.720279	0.715268	0.717845	0.711560	0.713181	
1930	0.736072	0.709729	0.722455	0.712530	0.712332	0.718851	0.717606	0.716101	0.714101	0.715476	
1935	0.739586	0.708851	0.722618	0.713567	0.714778	0.718386	0.713035	0.716385	0.713052	0.713311	
1940	0.737644	0.708504	0.719642	0.708941	0.720440	0.716136	0.712545	0.717861	0.713645	0.713543	
1945	0.736062	0.710833	0.721353	0.711240	0.720873	0.717337	0.714465	0.717589	0.715615	0.713871	
1950	0.736883	0.713588	0.719864	0.711205	0.719325	0.718183	0.715967	0.716020	0.714830	0.714830	
1955	0.742044	0.711100	0.719712	0.710239	0.715166	0.719226	0.712699	0.715764	0.716495	0.716889	
1960	0.738458	0.711115	0.717767	0.709565	0.712764	0.719161	0.713342	0.715329	0.711521	0.719142	
1965	0.734438	0.711394	0.714421	0.708062	0.710005	0.720902	0.715102	0.716687	0.712614	0.720158	
1970	0.732473	0.712051	0.714885	0.705946	0.713636	0.723629	0.714038	0.718408	0.712821	0.716927	
1975	0.732645	0.715059	0.715659	0.707865	0.713878	0.725609	0.716114	0.720719	0.714302	0.716950	
1980	0.731261	0.715160	0.716546	0.705647	0.713049	0.725590	0.717412	0.720041	0.716162	0.720037	
1985	0.732285	0.713456	0.710967	0.703007	0.714090	0.725391	0.715060	0.721643	0.717265	0.722680	
1990	0.732794	0.714456	0.719013	0.706224	0.714978	0.723782	0.713444	0.721221	0.716327	0.723269	
1995	0.733214	0.710584	0.717952	0.709349	0.714237	0.721651	0.711995	0.721210	0.714329	0.722409	
2000	0.729692	0.708868	0.719339	0.710183	0.714401	0.720576	0.716269	0.719179	0.715171	0.722468	
2005	0.731903	0.707364	0.719393	0.710848	0.714646	0.719492	0.718258	0.720174	0.715374	0.722212	
2010	0.732209	0.707755	0.719423	0.710921	0.714160	0.719700	0.721515	0.719080	0.715959	0.724577	
2015	0.729727	0.707433	0.715329	0.711738	0.709011	0.718006	0.724337	0.718012	0.716179	0.722637	
2020	0.730626	0.711910	0.716530	0.710059	0.709050	0.721201	0.722131	0.719624	0.713405	0.721838	
2025	0.730360	0.708534	0.714930	0.710496	0.711698	0.719620	0.720911	0.720571	0.715289	0.725675	
2030	0.731181	0.711005	0.718752	0.712006	0.708412	0.720637	0.717817	0.720537	0.717160	0.727976	
2035	0.728406	0.712085	0.715039	0.713597	0.711726	0.721422	0.719922	0.718633	0.716411	0.729429	
2040	0.726758	0.712673	0.714115	0.710465	0.712445	0.722351	0.721688	0.719579	0.717194	0.726904	
2045	0.726674	0.714571	0.716484	0.710713	0.707907	0.720645	0.720256	0.718043	0.713929	0.722888	
2050	0.724389	0.712259	0.716009	0.714227	0.705894	0.720227	0.718793	0.719743	0.715836	0.727253	
2055	0.720954	0.710414	0.720040	0.713557	0.706154	0.718915	0.717009	0.719715	0.713706	0.727266	
2060	0.717871	0.710913	0.718715	0.714219	0.708692	0.720458	0.715420	0.716846	0.716425	0.729176	
2065	0.716088	0.716966	0.723741	0.712036	0.709695	0.720646	0.718029	0.717000	0.715149	0.727401	
2070	0.716501	0.716639	0.727145	0.711220	0.707566	0.720379	0.717272	0.720070	0.715166	0.726952	
2075	0.715564	0.716400	0.726981	0.712508	0.706298	0.717588	0.717038	0.715195	0.712195	0.727386	
2080	0.714251	0.715779	0.725734	0.711982	0.704798	0.717252	0.714833	0.715337	0.710417	0.726588	
2085	0.715985	0.709536	0.725946	0.708691	0.706928	0.713438	0.712806	0.719295	0.711005	0.723915	
2090	0.720157	0.707324	0.729901	0.706621	0.704072	0.710927	0.715194	0.718258	0.712455	0.725076	
2095	0.721042	0.709163	0.726747	0.711651	0.705412	0.711363	0.711350	0.714895	0.711591	0.725955	
2100	0.719225	0.708502	0.725457	0.712411	0.701373	0.712806	0.713795	0.715005	0.713371	0.726887	
2105	0.719446	0.709623	0.729174	0.710066	0.703666	0.714098	0.717208	0.718046	0.716754	0.726267	
2110	0.717097	0.713352	0.729856	0.707732	0.703917	0.714111	0.714210	0.715209	0.712544	0.723713	
2115	0.721072	0.712581	0.725401	0.708176	0.707629	0.712640	0.714402	0.713092	0.713203	0.721073	
2120	0.720591	0.713638	0.727967	0.706040	0.708461	0.709242	0.714004	0.712054	0.710576	0.723061	
2125	0.719343	0.716777	0.728984	0.700776	0.708104	0.707195	0.716688	0.714123	0.712199	0.720455	
2130	0.720994	0.716379	0.725134	0.700302	0.704687	0.707010	0.715241	0.714792	0.714814	0.721506	
2135	0.718439	0.721167	0.722624	0.703998	0.703778	0.709313	0.717363	0.714094	0.713954	0.721421	
2140	0.719039	0.723684	0.721605	0.708613	0.706259	0.711129	0.716308	0.713667	0.714832	0.719977	
2145	0.719014	0.725084	0.722087	0.708991	0.706082	0.712659	0.719624	0.715641	0.717157	0.717608	
2150	0.717113	0.722330	0.722684	0.711037	0.704108	0.712277	0.720066	0.713374	0.717136	0.715109	
2155	0.716302	0.719932	0.717265	0.709424	0.706802	0.712771	0.719101	0.713770	0.716972	0.716978	
2160	0.715238	0.715889	0.719391	0.706829	0.704482	0.713008	0.716872	0.713255	0.719843	0.715931	
2165	0.713997	0.715290	0.718072	0.708818	0.703840	0.712705	0.717854	0.713696	0.718649	0.715833	
2170	0.715408	0.712121	0.721222	0.703874	0.710000	0.714419	0.717120	0.715243	0.718653	0.713720	
2175	0.712815	0.715032	0.719001	0.704683	0.708333	0.711576	0.723381	0.714111	0.718394	0.710126	
2180	0.710119	0.713496	0.719559	0.704866	0.708023	0.714848	0.722137	0.710435	0.713774	0.709791	
2185	0.711311	0.714824	0.720046	0.704546	0.704266	0.713123	0.724120	0.714203	0.712055	0.709667	
2190	0.710683	0.715466	0.716967	0.703584	0.705242	0.715373	0.718579	0.715903	0.716031	0.709305	
2195	0.709073	0.713214	0.716344	0.706027	0.703603	0.709414	0.717704	0.716347	0.717724	0.713229	
2200	0.708041	0.715442	0.717991	0.704872	0.702847	0.712279	0.716955	0.711563	0.717795	0.711425	
2205	0.703664	0.714000	0.717739	0.703464	0.705873	0.710209	0.720302	0.713327	0.716127	0.714819	
2210	0.706484	0.712009	0.719244	0.704028	0.709171	0.713043	0.721129	0.710105	0.717012	0.715201	
2215	0.704833	0.713045	0.717742	0.705421	0.710966	0.709879	0.720348	0.712059	0.714498	0.712179	
2220	0.707685	0.712953	0.715857	0.705584	0.711755	0.710006	0.721780	0.711071	0.712982	0.711783	
2225	0.707454	0.714990	0.713667	0.707773	0.711040	0.709297	0.719483	0.712206	0.717097	0.712488	
2230	0.703268	0.709379	0.713394	0.709003	0.713906	0.712626	0.718919	0.712044	0.716906	0.712632	
2235	0.708401	0.710111	0.711488	0.711388	0.714476	0.714352	0.715205	0.709756	0.722117	0.710957	
2240	0.712250	0.710083	0.711487	0.712273	0.710946	0.712678	0.719197	0.706555	0.722610	0.712786	
2245	0.713658	0.712416	0.707730	0.710679	0.711987	0.707698	0.716940	0.707318	0.720324	0.713917	
2250	0.715276	0.712357	0.708226	0.711013	0.713024	0.704368	0.710115	0.709155	0.718909	0.715525	
2255	0.712673	0.711560	0.710303	0.707681	0.714488	0.702234	0.707259	0.711210	0.716747	0.712287	
2260	0.712489	0.708237	0.711207	0.709918	0.714168	0.706332	0.709166	0.709773	0.719035	0.711442	
2265	0.709872	0.711659	0.709983	0.708365	0.713393	0.707815	0.710371	0.706575	0.720099	0.712639	
2270	0.710078	0.712240	0.715919	0.709937	0.713864	0.709546	0.707760	0.706752	0.722644	0.714404	
2275	0.708449	0.710907	0.717365	0.713156	0.714840	0.707830	0.707118	0.704166	0.721490	0.717425	
2280	0.709098	0.709391	0.718117	0.708390	0.713755	0.712540	0.701568	0.703008	0.719986	0.719159	
2285	0.707497	0.712053	0.714123	0.709316	0.715532	0.717247	0.705252	0.705541	0.721471	0.716362	
2290	0.713679	0.713218	0.716174	0.714135	0.716247	0.717567	0.703580	0.708782	0.717869	0.713648	
2295	0.712963	0.714763	0.714509	0.712757	0.720035	0.718668	0.705076	0.709336	0.720070	0.710989	
2300	0.715246	0.715917	0.712436	0.713926	0.719438	0.719426	0.706004	0.704641	0.722954	0.717504	
2305	0.717010	0.718190	0.712954	0.711565	0.715814	0.720297	0.706182	0.706413	0.723132	0.717066	
2310	0.714393	0.717493	0.714002	0.711316	0.716036	0.724540	0.707627	0.709645	0.721953	0.718043	
2315	0.713580	0.716673	0.710929	0.714330	0.714663	0.721568	0.708161	0.709910	0.722145	0.718953	
2320	0.714258	0.718421	0.709095	0.712737	0.712100	0.721419	0.710207	0.709083	0.721112	0.723451	
2325	0.710715	0.713188	0.710643	0.714543	0.710206	0.723367	0.713242	0.712138	0.722720	0.721112	
2330	0.713366	0.712628	0.712717	0.713865	0.713025	0.721280	0.716051	0.711136	0.719109	0.720171	
2335	0.715560	0.711029	0.712659	0.714179	0.710647	0.724649	0.715823	0.709241	0.721117	0.724814	
2340	0.714619	0.709639	0.713188	0.716112	0.713167	0.722375	0.716087	0.707738	0.715612	0.723705	
2345	0.715559	0.707724	0.712670	0.713889	0.709300	0.721700	0.716880	0.704207	0.714795	0.726421	
2350	0.714727	0.705816	0.711721	0.715199	0.709979	0.718927	0.717917	0.705121	0.714850	0.723786	
2355	0.715060	0.709147	0.712727	0.712657	0.714145	0.723737	0.715623	0.700706	0.711925	0.725005	
2360	0.712019	0.709250	0.715654	0.714812	0.709604	0.723732	0.714936	0.696465	0.713365	0.726567	
2365	0.712429	0.708217	0.713030	0.713684	0.711032	0.721062	0.714665	0.695813	0.715451	0.723463	
2370	0.714625	0.708283	0.713660	0.714857	0.711970	0.721075	0.711204	0.698699	0.718457	0.722265	
2375	0.711083	0.708473	0.716341	0.711334	0.710992	0.719449	0.710756	0.700589	0.716446	0.722054	
2380	0.711845	0.710431	0.717866	0.714411	0.710114	0.716969	0.716084	0.702330	0.720397	0.723637	
2385	0.711907	0.711176	0.719049	0.712961	0.711267	0.718457	0.716649	0.705012	0.727210	0.720498	
2390	0.707095	0.711521	0.717023	0.711150	0.713257	0.715636	0.716890	0.703322	0.728655	0.718548	
2395	0.706683	0.711675	0.718031	0.711249	0.715932	0.713072	0.717806	0.705133	0.725746	0.719762	
2400	0.706803	0.713564	0.716805	0.709557	0.712672	0.715848	0.719563	0.708427	0.729864	0.720595	
2405	0.709016	0.710626	0.717294	0.711376	0.707704	0.714716	0.717294	0.706073	0.729047	0.721542	
2410	0.709547	0.708932	0.721532	0.718307	0.707872	0.711800	0.716262	0.708055	0.727463	0.720871	
2415	0.711296	0.708368	0.721385	0.719971	0.709498	0.711747	0.716767	0.707909	0.724302	0.719914	
2420	0.708952	0.711086	0.722592	0.720080	0.710118	0.716058	0.710503	0.710149	0.725380	0.723350	
2425	0.712198	0.714864	0.714550	0.719191	0.710822	0.717564	0.711248	0.710274	0.729966	0.723304	
2430	0.712009	0.716018	0.717058	0.718944	0.711458	0.718461	0.710084	0.711551	0.729817	0.722804	
2435	0.712088	0.722066	0.719299	0.721401	0.713112	0.717964	0.707820	0.710815	0.728955	0.720930	
2440	0.713836	0.718592	0.717433	0.717572	0.713939	0.717298	0.709493	0.705317	0.725262	0.722306	
2445	0.711283	0.723285	0.717560	0.716486	0.713449	0.713531	0.710775	0.704713	0.724223	0.721935	
2450	0.714782	0.721326	0.717279	0.719649	0.714012	0.715971	0.714992	0.703652	0.726152	0.723355	
2455	0.713635	0.717656	0.719986	0.719062	0.715474	0.714416	0.712750	0.707876	0.724685	0.725689	
2460	0.716481	0.716696	0.718831	0.720988	0.715766	0.717233	0.710831	0.707256	0.723397	0.725715	
2465	0.717837	0.714709	0.716607	0.722140	0.711728	0.718513	0.707127	0.706140	0.720666	0.725290	
2470	0.716671	0.714315	0.713830	0.721979	0.715229	0.719270	0.704886	0.706654	0.723266	0.725355	
2475	0.714300	0.711566	0.711802	0.719150	0.712275	0.718919	0.702627	0.708079	0.720798	0.724281	
2480	0.717547	0.712854	0.712802	0.717390	0.713734	0.719438	0.706126	0.709247	0.719456	0.724257	
2485	0.713743	0.708754	0.710701	0.721790	0.718775	0.720559	0.704506	0.712630	0.721543	0.725071	
2490	0.713454	0.707666	0.714571	0.724768	0.718166	0.720732	0.706067	0.711606	0.721124	0.720090	
2495	0.714397	0.709055	0.715094	0.726710	0.719097	0.722480	0.707464	0.709917	0.721904	0.721393	
2500	0.716006	0.708151	0.715411	0.724892	0.719919	0.719334	0.707439	0.709550	0.723933	0.720631	
2505	0.715494	0.708719	0.714975	0.723850	0.718014	0.712428	0.711347	0.712136	0.721657	0.715507	
2510	0.717227	0.706876	0.717037	0.722502	0.718121	0.709508	0.709653	0.711153	0.724412	0.712830	
2515	0.718920	0.707205	0.718065	0.718913	0.721328	0.707719	0.709091	0.711151	0.721458	0.712722	
2520	0.717135	0.704832	0.715749	0.717969	0.724571	0.707080	0.709138	0.709897	0.720560	0.714698	
2525	0.718334	0.703925	0.715746	0.716242	0.718028	0.706977	0.714507	0.715315	0.721215	0.714776	
2530	0.719997	0.705308	0.717448	0.723746	0.719112	0.707035	0.712328	0.716383	0.719241	0.719903	
2535	0.720869	0.703849	0.716778	0.723608	0.722450	0.710035	0.710006	0.721074	0.718805	0.718010	
2540	0.721518	0.706091	0.716921	0.722458	0.718562	0.713533	0.707973	0.719846	0.720992	0.717128	
2545	0.723649	0.710108	0.720232	0.724222	0.715815	0.710726	0.706641	0.718123	0.722581	0.717887	
2550	0.720914	0.709603	0.718229	0.724394	0.713607	0.710439	0.710054	0.719050	0.722301	0.717341	
2555	0.721137	0.710922	0.717608	0.723536	0.717636	0.708046	0.710757	0.719244	0.721317	0.715365	
2560	0.718500	0.711164	0.721796	0.718560	0.717863	0.709357	0.711093	0.722716	0.723011	0.713666	
2565	0.719620	0.711474	0.722177	0.716228	0.711372	0.711801	0.707788	0.720987	0.719901	0.716301	
2570	0.721308	0.708757	0.722151	0.714114	0.712342	0.714527	0.707084	0.720823	0.717652	0.718850	
2575	0.722943	0.712046	0.721835	0.715827	0.714400	0.714159	0.707044	0.723615	0.713493	0.720605	
2580	0.719241	0.712771	0.719999	0.717751	0.714482	0.713170	0.706908	0.717451	0.711035	0.717464	
2585	0.717117	0.714539	0.722735	0.719832	0.711932	0.713049	0.707013	0.720610	0.709432	0.714564	
2590	0.714052	0.716027	0.720668	0.718028	0.711645	0.710186	0.705424	0.720090	0.709196	0.715936	
2595	0.714083	0.714706	0.720788	0.718167	0.710709	0.710177	0.707989	0.719295	0.709422	0.712289	
2600	0.713952	0.715005	0.716409	0.716633	0.712471	0.710840	0.706219	0.720155	0.712007	0.707520	
2605	0.712396	0.712224	0.716991	0.718016	0.712324	0.714291	0.711196	0.722188	0.711620	0.713421	
2610	0.714369	0.716202	0.713057	0.717496	0.708164	0.715246	0.712360	0.725155	0.713129	0.713367	
2615	0.716681	0.711639	0.711005	0.714359	0.712009	0.714212	0.710342	0.723842	0.709454	0.710929	
2620	0.716359	0.712840	0.708130	0.719623	0.716508	0.716880	0.715344	0.720838	0.709881	0.712645	
2625	0.717440	0.712748	0.709662	0.719207	0.712672	0.718102	0.713045	0.718931	0.705418	0.715770	
2630	0.718752	0.710913	0.712282	0.716100	0.709900	0.717771	0.712103	0.718257	0.709872	0.717263	
2635	0.717949	0.710707	0.712187	0.715271	0.712677	0.718489	0.712213	0.718456	0.713190	0.719697	
2640	0.718687	0.706884	0.713780	0.713069	0.709473	0.720599	0.707550	0.717083	0.710352	0.715671	
2645	0.719990	0.704441	0.710666	0.712322	0.712079	0.719193	0.705910	0.716532	0.708686	0.715303	
2650	0.719662	0.701624	0.711360	0.712646	0.710505	0.722646	0.707623	0.717804	0.714492	0.720150	
2655	0.717094	0.705988	0.713278	0.718289	0.710640	0.720665	0.711194	0.716842	0.717024	0.716693	
2660	0.716852	0.706958	0.714657	0.716621	0.714912	0.718609	0.711029	0.715275	0.719743	0.718111	
2665	0.716663	0.708426	0.713091	0.716221	0.716137	0.719503	0.717487	0.719465	0.719905	0.717452	
2670	0.713230	0.710807	0.715304	0.717529	0.714776	0.718894	0.716012	0.719000	0.720930	0.721056	
2675	0.711103	0.716243	0.711279	0.717237	0.714376	0.717958	0.716717	0.718986	0.721872	0.718366	
2680	0.712253	0.715754	0.711050	0.719868	0.715914	0.716358	0.716388	0.719630	0.720671	0.718649	
2685	0.710954	0.712641	0.709247	0.720315	0.713645	0.712884	0.718890	0.719239	0.719237	0.719498	
2690	0.711726	0.713516	0.707402	0.723648	0.712255	0.710990	0.721233	0.719554	0.719973	0.721762	
2695	0.710857	0.713057	0.714188	0.723322	0.713946	0.708986	0.717057	0.716258	0.719568	0.719536	
2700	0.713699	0.712015	0.715056	0.721261	0.713179	0.709851	0.716362	0.714387	0.717574	0.715264	
2705	0.714408	0.707494	0.716628	0.720056	0.713825	0.710264	0.714218	0.714033	0.716674	0.714640	
2710	0.712097	0.707178	0.715944	0.716044	0.716551	0.708308	0.717742	0.708499	0.716467	0.714905	
2715	0.713362	0.707402	0.713733	0.720284	0.714237	0.707197	0.717079	0.709884	0.719878	0.716111	
2720	0.714095	0.706003	0.718573	0.724657	0.714911	0.710924	0.711944	0.709908	0.720072	0.710144	
2725	0.711361	0.711555	0.720109	0.722460	0.711991	0.709168	0.713814	0.710493	0.721361	0.709481	
2730	0.712964	0.715142	0.719764	0.724685	0.709799	0.710394	0.711415	0.711098	0.722467	0.710280	
2735	0.715574	0.716641	0.714626	0.724791	0.708834	0.708683	0.712105	0.713826	0.723898	0.712225	
2740	0.710867	0.718153	0.713360	0.727976	0.710663	0.706614	0.711805	0.713432	0.723691	0.711164	
2745	0.706761	0.719490	0.715757	0.728291	0.715034	0.707262	0.708447	0.713368	0.725759	0.717547	
2750	0.708710	0.718815	0.715697	0.724467	0.716378	0.704393	0.711545	0.711842	0.724209	0.716755	
2755	0.709901	0.714494	0.717181	0.721753	0.715712	0.708514	0.715664	0.712012	0.723767	0.718084	
2760	0.712632	0.715543	0.718016	0.722173	0.718331	0.709821	0.713413	0.714451	0.723141	0.717865	
2765	0.713130	0.719651	0.717195	0.721033	0.718585	0.713522	0.713596	0.711290	0.717733	0.717768	
2770	0.715896	0.719747	0.718019	0.721853	0.720689	0.713476	0.714382	0.713957	0.718337	0.714421	
2775	0.717006	0.717343	0.720368	0.716018	0.720156	0.715963	0.715497	0.709842	0.717134	0.712132	
2780	0.714963	0.711729	0.718063	0.714959	0.720122	0.714218	0.713384	0.710686	0.716608	0.718683	
2785	0.716794	0.711625	0.716612	0.716061	0.723383	0.712673	0.709716	0.714626	0.713884	0.716305	
2790	0.714487	0.714143	0.714960	0.718202	0.719531	0.709901	0.710681	0.714788	0.711718	0.721619	
2795	0.716011	0.710026	0.712327	0.717059	0.721745	0.709113	0.714372	0.717602	0.710990	0.719449	
2800	0.715255	0.709623	0.714716	0.721159	0.725493	0.707533	0.715678	0.714981	0.716204	0.712460	
2805	0.713684	0.710726	0.712474	0.720846	0.728977	0.711432	0.715362	0.717855	0.713956	0.713148	
2810	0.713371	0.712582	0.711902	0.720360	0.731058	0.711454	0.720658	0.714190	0.714315	0.712115	
2815	0.714850	0.709941	0.709265	0.720922	0.727857	0.712852	0.719278	0.711518	0.715941	0.716815	
2820	0.713614	0.711202	0.710729	0.721952	0.730456	0.711825	0.717678	0.717151	0.713711	0.719353	
2825	0.714389	0.711251	0.714154	0.724901	0.727741	0.709828	0.716979	0.712410	0.711215	0.718309	
2830	0.715496	0.709261	0.711002	0.721598	0.725281	0.712053	0.720243	0.716720	0.713753	0.713583	
2835	0.718463	0.708446	0.708881	0.723503	0.726596	0.710773	0.720588	0.714451	0.714274	0.713916	
2840	0.716204	0.704234	0.708836	0.725010	0.725799	0.707131	0.721541	0.715178	0.714734	0.716028	
2845	0.715725	0.705508	0.709885	0.721077	0.723471	0.706391	0.723292	0.717635	0.714768	0.713693	
2850	0.720315	0.706727	0.712063	0.725628	0.721065	0.710431	0.722364	0.715499	0.712424	0.713316	
2855	0.716749	0.706788	0.712177	0.723668	0.723831	0.706663	0.721192	0.719457	0.712390	0.714112	
2860	0.717149	0.709525	0.709286	0.719517	0.721862	0.705287	0.717989	0.719481	0.714801	0.717217	
2865	0.716526	0.709946	0.711995	0.719059	0.726437	0.706900	0.715457	0.716810	0.714858	0.716035	
2870	0.718079	0.707584	0.712750	0.719274	0.726086	0.706472	0.713922	0.715095	0.714534	0.714869	
2875	0.715997	0.710268	0.711329	0.719519	0.723904	0.703720	0.716024	0.717496	0.713075	0.712905	
2880	0.713468	0.711190	0.709556	0.723634	0.720809	0.706000	0.720472	0.718888	0.714017	0.710089	
2885	0.712586	0.714516	0.712089	0.724155	0.721190	0.704547	0.722500	0.721955	0.710462	0.708128	
2890	0.713674	0.720771	0.712774	0.726706	0.719199	0.706788	0.722778	0.725779	0.712621	0.709735	
2895	0.714333	0.722841	0.713869	0.727303	0.715628	0.709423	0.721270	0.725416	0.713677	0.708859	
2900	0.711675	0.721495	0.712881	0.725795	0.713452	0.711177	0.721865	0.723800	0.716463	0.709445	
2905	0.713831	0.720366	0.714750	0.722687	0.712354	0.713479	0.718612	0.722076	0.720753	0.711346	
2910	0.714054	0.721333	0.713923	0.724652	0.713356	0.714050	0.717016	0.723170	0.719689	0.713555	
2915	0.711579	0.722040	0.710794	0.724162	0.712222	0.716083	0.714864	0.724764	0.718788	0.714343	
2920	0.713982	0.720715	0.712009	0.725733	0.716660	0.715300	0.718824	0.723286	0.718122	0.717623	
2925	0.716211	0.718729	0.708637	0.722825	0.715266	0.715673	0.715579	0.720649	0.715088	0.715313	
2930	0.715451	0.723566	0.710333	0.721492	0.714344	0.714114	0.714842	0.720362	0.715271	0.714664	
2935	0.718096	0.720522	0.706414	0.722998	0.716709	0.718417	0.713899	0.723745	0.714532	0.714170	
2940	0.721920	0.722235	0.705916	0.723333	0.718663	0.714172	0.714753	0.722948	0.716174	0.716553	
2945	0.719845	0.720194	0.705201	0.722713	0.720970	0.716741	0.711913	0.722091	0.716438	0.712866	
2950	0.719474	0.718015	0.703637	0.722805	0.722831	0.716267	0.712290	0.720650	0.718789	0.713494	
2955	0.720712	0.714941	0.701068	0.722160	0.718289	0.717043	0.714103	0.722022	0.719140	0.711857	
2960	0.717360	0.715567	0.703096	0.720946	0.719663	0.714250	0.714493	0.722391	0.717357	0.710942	
2965	0.713567	0.715039	0.705318	0.717762	0.720959	0.714835	0.711780	0.721360	0.712741	0.708992	
2970	0.711516	0.711831	0.707446	0.719270	0.719988	0.714864	0.712920	0.722528	0.711297	0.711721	
2975	0.712601	0.717614	0.708996	0.718505	0.720878	0.721241	0.715139	0.721988	0.712477	0.716947	
2980	0.715154	0.717892	0.710010	0.716008	0.720370	0.718342	0.715399	0.721461	0.715358	0.714047	
2985	0.718758	0.714573	0.707510	0.716784	0.719246	0.715089	0.712599	0.723624	0.709536	0.710963	
2990	0.718171	0.714492	0.708426	0.714714	0.718313	0.717832	0.711919	0.722519	0.710618	0.713033	
2995	0.717103	0.711766	0.706225	0.713823	0.723461	0.719925	0.712830	0.720865	0.712357	0.712456	
3000	0.716595	0.713100	0.704758	0.716703	0.725342	0.721004	0.715336	0.718725	0.714498	0.714964	
