T	rep_1	rep_2	rep_3	rep_4	rep_5	rep_6	rep_7	rep_8	rep_9	rep_10
5	0.000000	0.000000	0.000000	0.000000	0.000000	0.000000	0.000000	0.000000	0.000000	0.000000	
10	0.000000	0.000000	0.000000	0.000000	0.000000	0.000000	0.000000	0.000000	0.000000	0.000000	
15	0.000000	0.000000	0.000000	0.000000	0.000000	0.000000	0.000000	0.000000	0.000000	0.000000	
20	0.000000	0.000000	0.000000	0.000000	0.000000	0.000000	0.000000	0.000000	0.000000	0.000000	
25	0.000000	0.000000	0.000000	0.000000	0.000000	0.000000	0.000000	0.000000	0.000000	0.000000	
30	0.000000	0.000000	0.000000	0.000000	0.000000	0.000000	0.000000	0.000000	0.000000	0.000000	
35	0.000000	0.000000	0.000000	0.000000	0.000000	0.000000	0.000000	0.000000	0.000000	0.000000	
40	0.000000	0.000000	0.000000	0.000000	0.000000	0.000000	0.000000	0.000000	0.000000	0.000000	
45	0.000000	0.000000	0.000000	0.000000	0.000000	0.000000	0.000000	0.000000	0.000000	0.000000	
50	0.000000	0.000000	0.000000	0.000000	0.000000	0.000000	0.000000	0.000000	0.000000	0.000000	
55	0.000000	0.000000	0.000000	0.000000	0.000000	0.000000	0.000000	0.000000	0.000000	0.000000	
60	0.000000	0.000000	0.000000	0.000000	0.000000	0.000000	0.000000	0.000000	0.000000	0.000000	
65	0.000000	0.000000	0.000000	0.000000	0.000000	0.000000	0.000000	0.000000	0.000000	0.000000	
70	0.000000	0.000000	0.000000	0.000000	0.000000	0.000000	0.000000	0.000000	0.000000	0.000000	
75	0.000000	0.000000	0.000000	0.000000	0.000000	0.000000	0.000000	0.000000	0.000000	0.000000	
80	0.000000	0.000000	0.000000	0.000000	0.000000	0.000000	0.000000	0.000000	0.000000	0.000000	
85	0.000000	0.000000	0.000000	0.000000	0.000000	0.000000	0.000000	0.000000	0.000000	0.000000	
90	0.000000	0.000000	0.000000	0.000000	0.000000	0.000000	0.000000	0.000000	0.000000	0.000000	
95	0.000000	0.000000	0.000000	0.000000	0.000000	0.000000	0.000000	0.000000	0.000000	0.000000	
100	0.000000	0.000000	0.000000	0.000000	0.000000	0.000000	0.000000	0.000000	0.000000	0.000000	
105	0.000000	0.000000	0.000000	0.000000	0.000000	0.000000	0.000000	0.000000	0.000000	0.000000	
110	0.000000	0.000000	0.000000	0.000000	0.000000	0.000000	0.000000	0.000000	0.000000	0.000000	
115	0.000000	0.000000	0.000000	0.000000	0.000000	0.000000	0.000000	0.000000	0.000000	0.000000	
120	0.000000	0.000000	0.000000	0.000000	0.000000	0.000000	0.000000	0.000000	0.000000	0.000000	
125	0.000000	0.000000	0.000000	0.000000	0.000000	0.000000	0.000000	0.000000	0.000000	0.000000	
130	0.000000	0.000000	0.000000	0.000000	0.000000	0.000000	0.000000	0.000000	0.000000	0.000000	
135	0.000000	0.000000	0.000000	0.000000	0.000000	0.000000	0.000000	0.000000	0.000000	0.000000	
140	0.000000	0.000000	0.000000	0.000000	0.000000	0.000000	0.000000	0.000000	0.000000	0.000000	
145	0.000000	0.000000	0.000000	0.000000	0.000000	0.000000	0.000000	0.000000	0.000000	0.000000	
150	0.000000	0.000000	0.000000	0.000000	0.000000	0.000000	0.000000	0.000000	0.000000	0.000000	
155	0.000000	0.000000	0.000000	0.000000	0.000000	0.000000	0.000000	0.000000	0.000000	0.000000	
160	0.000000	0.000000	0.000000	0.000000	0.000000	0.000000	0.000000	0.000000	0.000000	0.000000	
165	0.000000	0.000000	0.000000	0.000000	0.000000	0.000000	0.000000	0.000000	0.000000	0.000000	
170	0.000000	0.000000	0.000000	0.000000	0.000000	0.000000	0.000000	0.000000	0.000000	0.000000	
175	0.000000	0.000000	0.000000	0.000000	0.000000	0.000000	0.000000	0.000000	0.000000	0.000000	
180	0.000000	0.000000	0.000000	0.000000	0.000000	0.000000	0.000000	0.000000	0.000000	0.000000	
185	0.000000	0.000000	0.000000	0.000000	0.000000	0.000000	0.000000	0.000000	0.000000	0.000000	
190	0.000000	0.000000	0.000000	0.000000	0.000000	0.000000	0.000000	0.000000	0.000000	0.000000	
195	0.000000	0.000000	0.000000	0.000000	0.000000	0.000000	0.000000	0.000000	0.000000	0.000000	
200	0.000000	0.000000	0.000000	0.000000	0.000000	0.000000	0.000000	0.000000	0.000000	0.000000	
205	0.001360	0.001393	0.001631	0.001184	0.001615	0.001204	0.001332	0.001486	0.001400	0.001177	
210	0.002203	0.001738	0.001986	0.002146	0.003112	0.002160	0.002351	0.002458	0.002640	0.002483	
215	0.003508	0.002510	0.003442	0.002447	0.003790	0.003630	0.003293	0.002706	0.003628	0.002744	
220	0.003234	0.003347	0.003633	0.002923	0.003457	0.003564	0.004447	0.002996	0.004128	0.003571	
225	0.004093	0.003132	0.004194	0.003155	0.004990	0.003812	0.003842	0.003183	0.004201	0.003447	
230	0.004446	0.003688	0.003970	0.003693	0.005387	0.004862	0.004128	0.003836	0.003837	0.005279	
235	0.004305	0.004694	0.004189	0.003842	0.005550	0.006386	0.004680	0.004008	0.004574	0.005295	
240	0.005187	0.004494	0.004787	0.004481	0.006456	0.006051	0.004866	0.003848	0.003756	0.005889	
245	0.005503	0.004739	0.004604	0.004082	0.006415	0.005779	0.004479	0.004378	0.004227	0.006014	
250	0.006455	0.005203	0.004955	0.003974	0.006628	0.005317	0.004162	0.004888	0.004666	0.006017	
255	0.005559	0.005698	0.005338	0.003996	0.005955	0.006047	0.004447	0.005482	0.004579	0.006067	
260	0.005580	0.006981	0.006414	0.005473	0.006695	0.006678	0.005059	0.006252	0.004751	0.005908	
265	0.005522	0.006958	0.006274	0.005239	0.007219	0.006585	0.004922	0.005894	0.005180	0.006888	
270	0.005746	0.006698	0.006170	0.005822	0.007159	0.006776	0.005717	0.006618	0.004343	0.006100	
275	0.006307	0.006786	0.005603	0.006313	0.007358	0.006972	0.006064	0.006368	0.005243	0.006542	
280	0.007076	0.006821	0.005944	0.006955	0.008119	0.006704	0.006510	0.005064	0.004894	0.007700	
285	0.005568	0.006215	0.005726	0.008038	0.006853	0.006294	0.005603	0.005996	0.005491	0.007746	
290	0.005318	0.007499	0.006238	0.007565	0.008287	0.005885	0.005255	0.006507	0.005793	0.007893	
295	0.005873	0.007966	0.006429	0.008225	0.007797	0.005671	0.004791	0.005926	0.005500	0.008445	
300	0.005993	0.008264	0.006376	0.008607	0.007474	0.005761	0.005475	0.005501	0.004625	0.007745	
305	0.006364	0.007280	0.006590	0.008133	0.007252	0.006071	0.005175	0.006024	0.004882	0.007408	
310	0.006243	0.007303	0.008352	0.008563	0.007821	0.006489	0.006229	0.007271	0.004893	0.007707	
315	0.006741	0.008312	0.007193	0.008137	0.008456	0.005828	0.006542	0.007297	0.005211	0.007185	
320	0.005768	0.007451	0.007806	0.008439	0.009385	0.006574	0.006417	0.007845	0.005232	0.006975	
325	0.006441	0.008015	0.008715	0.007859	0.009465	0.005441	0.006643	0.008101	0.006119	0.007747	
330	0.005420	0.008666	0.007891	0.007771	0.008956	0.005950	0.007647	0.008721	0.005629	0.008013	
335	0.005348	0.008856	0.008373	0.009347	0.008020	0.005435	0.006913	0.008468	0.005327	0.008599	
340	0.005214	0.009232	0.007882	0.009284	0.008095	0.005069	0.006915	0.008869	0.005033	0.007450	
345	0.005527	0.009121	0.007844	0.008949	0.008999	0.006065	0.006421	0.007910	0.005395	0.007868	
350	0.005955	0.009040	0.007326	0.008745	0.009585	0.005590	0.006919	0.008963	0.006099	0.007401	
355	0.005704	0.008913	0.007770	0.009198	0.009805	0.006077	0.007312	0.008809	0.006392	0.008178	
360	0.005788	0.008753	0.007147	0.008365	0.010674	0.007751	0.007525	0.008197	0.006365	0.007878	
365	0.006696	0.007481	0.007741	0.007960	0.011376	0.007723	0.008201	0.008291	0.007154	0.009442	
370	0.006924	0.006724	0.007291	0.009243	0.011433	0.007452	0.009950	0.008790	0.007527	0.009268	
375	0.006631	0.006857	0.007069	0.009416	0.010062	0.008616	0.008831	0.008250	0.008667	0.008721	
380	0.006337	0.006822	0.006849	0.009654	0.011113	0.009041	0.009900	0.009342	0.009176	0.009561	
385	0.007490	0.006475	0.006731	0.010607	0.010006	0.011055	0.009112	0.010543	0.009386	0.009891	
390	0.008054	0.006520	0.006903	0.010395	0.009278	0.011005	0.009137	0.010342	0.009368	0.009527	
395	0.008857	0.007129	0.007965	0.010186	0.008545	0.011410	0.008817	0.009326	0.009653	0.010084	
400	0.007564	0.008347	0.007736	0.009865	0.009875	0.010891	0.009386	0.009004	0.009732	0.009994	
405	0.007043	0.008640	0.008106	0.009702	0.008884	0.011238	0.009720	0.009193	0.008900	0.010282	
410	0.006265	0.007458	0.008882	0.009433	0.007969	0.011017	0.010219	0.010294	0.008498	0.010004	
415	0.007227	0.007596	0.008591	0.010377	0.007734	0.009953	0.009385	0.009077	0.008814	0.010213	
420	0.007033	0.008137	0.009692	0.010127	0.007365	0.010527	0.010076	0.008446	0.008464	0.011174	
425	0.008723	0.008789	0.009796	0.009405	0.007257	0.011377	0.010475	0.007884	0.010121	0.011271	
430	0.009450	0.008712	0.009587	0.009387	0.007885	0.011124	0.009963	0.007645	0.009313	0.011020	
435	0.009060	0.007949	0.009365	0.008277	0.007685	0.011037	0.009884	0.007256	0.008302	0.011285	
440	0.008415	0.008547	0.010120	0.008217	0.007664	0.011564	0.010847	0.006914	0.009488	0.010864	
445	0.008786	0.007424	0.010799	0.008311	0.008495	0.011400	0.010900	0.007080	0.010469	0.010721	
450	0.008214	0.007446	0.010125	0.008282	0.008455	0.011106	0.010043	0.006688	0.009860	0.010366	
455	0.009097	0.008008	0.009788	0.008789	0.007965	0.011494	0.009772	0.006776	0.010333	0.009756	
460	0.008344	0.008856	0.009065	0.008927	0.007726	0.011548	0.008652	0.006803	0.010342	0.010780	
465	0.009688	0.009313	0.010052	0.010121	0.007321	0.012044	0.009164	0.007292	0.011388	0.010276	
470	0.008541	0.010304	0.011731	0.009919	0.007855	0.011546	0.009347	0.008178	0.009977	0.011671	
475	0.009792	0.009038	0.011475	0.009367	0.009229	0.010626	0.009073	0.008734	0.010422	0.011138	
480	0.010335	0.009495	0.012479	0.009276	0.009108	0.011633	0.008632	0.008714	0.010506	0.012182	
485	0.010507	0.009105	0.011459	0.009267	0.008293	0.012752	0.008887	0.008851	0.010948	0.011632	
490	0.010537	0.009436	0.010882	0.009060	0.008383	0.013261	0.008260	0.009223	0.011647	0.011304	
495	0.011822	0.008173	0.010807	0.009258	0.007979	0.014686	0.008193	0.009703	0.011930	0.011288	
500	0.011656	0.007706	0.010611	0.010129	0.008348	0.013780	0.008523	0.009419	0.011139	0.012939	
505	0.012101	0.007790	0.009586	0.009749	0.008016	0.013974	0.008092	0.009407	0.012097	0.011677	
510	0.012343	0.008743	0.009243	0.009928	0.008141	0.013985	0.008876	0.010146	0.011653	0.010833	
515	0.011812	0.008610	0.009913	0.010002	0.008042	0.013231	0.009180	0.010593	0.012326	0.011835	
520	0.011343	0.009263	0.009237	0.010229	0.007308	0.014609	0.010522	0.010250	0.012209	0.011131	
525	0.012533	0.010167	0.008605	0.009028	0.006945	0.015444	0.011477	0.010789	0.013369	0.010725	
530	0.011912	0.010388	0.009087	0.009498	0.006679	0.016111	0.011502	0.011185	0.012601	0.009886	
535	0.012395	0.011687	0.008596	0.009136	0.007684	0.016834	0.011678	0.011554	0.012968	0.010435	
540	0.011604	0.012153	0.009528	0.009168	0.008581	0.017782	0.014123	0.012622	0.012952	0.010365	
545	0.010489	0.013525	0.009358	0.008619	0.008710	0.017827	0.015207	0.015095	0.012550	0.011520	
550	0.011164	0.013875	0.008919	0.008863	0.009068	0.016595	0.014433	0.015342	0.013347	0.011223	
555	0.011837	0.015574	0.008802	0.008597	0.008611	0.015854	0.014646	0.014842	0.013706	0.011313	
560	0.010156	0.016851	0.008887	0.009864	0.009136	0.014066	0.014740	0.014411	0.012140	0.010204	
565	0.009904	0.018773	0.009785	0.009651	0.009238	0.015371	0.014951	0.014225	0.012182	0.011103	
570	0.009566	0.020846	0.010371	0.009770	0.007840	0.015225	0.013835	0.014594	0.012407	0.010710	
575	0.010613	0.022660	0.010959	0.010372	0.009383	0.014540	0.013417	0.015219	0.011687	0.012177	
580	0.010418	0.022116	0.011117	0.009725	0.009534	0.014726	0.013599	0.016520	0.011110	0.012541	
585	0.009944	0.023765	0.011173	0.009867	0.009427	0.015485	0.012172	0.014483	0.010954	0.014640	
590	0.011101	0.026570	0.011977	0.009623	0.009772	0.014721	0.013538	0.016872	0.010311	0.014617	
595	0.011765	0.027350	0.011426	0.010961	0.009502	0.014353	0.015371	0.016932	0.010319	0.014505	
600	0.011042	0.026951	0.012550	0.010638	0.009782	0.015437	0.014315	0.017898	0.011835	0.015125	
605	0.012507	0.027088	0.012471	0.010285	0.010569	0.016761	0.015738	0.018214	0.013196	0.016437	
610	0.012879	0.026687	0.012645	0.010504	0.011734	0.016082	0.014679	0.018185	0.012566	0.016858	
615	0.011701	0.026469	0.012667	0.011606	0.011703	0.016935	0.014446	0.018836	0.013417	0.017226	
620	0.011827	0.025108	0.013774	0.011804	0.011455	0.017716	0.013996	0.018130	0.011962	0.017634	
625	0.015083	0.025006	0.013648	0.011744	0.012876	0.018298	0.013917	0.019417	0.011927	0.017003	
630	0.015272	0.023060	0.012732	0.011355	0.013376	0.018358	0.013587	0.019524	0.012102	0.017097	
635	0.016343	0.020870	0.012440	0.010742	0.012825	0.019100	0.014276	0.019807	0.011949	0.017475	
640	0.016284	0.020245	0.012076	0.010406	0.013010	0.018220	0.014427	0.018059	0.012088	0.018213	
645	0.015545	0.020157	0.014624	0.010516	0.012329	0.018164	0.013324	0.018942	0.012985	0.016493	
650	0.015328	0.018993	0.012770	0.012160	0.011880	0.018418	0.012466	0.018357	0.013325	0.016728	
655	0.016177	0.018481	0.011383	0.012580	0.012734	0.018095	0.011381	0.018005	0.013133	0.017190	
660	0.015920	0.016962	0.012565	0.012065	0.011946	0.018429	0.012385	0.018904	0.013520	0.017213	
665	0.016893	0.015825	0.013825	0.011904	0.010674	0.020524	0.012574	0.018148	0.013467	0.016931	
670	0.016422	0.014105	0.013981	0.010981	0.011188	0.020696	0.013410	0.019512	0.013962	0.017941	
675	0.016649	0.013500	0.013714	0.012088	0.012187	0.020583	0.011894	0.019320	0.014243	0.018142	
680	0.016399	0.013875	0.014601	0.011793	0.012461	0.021633	0.012419	0.021154	0.014440	0.017851	
685	0.016250	0.013486	0.015778	0.013054	0.012148	0.020115	0.012908	0.023544	0.014159	0.016628	
690	0.017320	0.014230	0.015206	0.012424	0.012049	0.020514	0.013497	0.023039	0.013938	0.018164	
695	0.017441	0.015427	0.014285	0.012631	0.011064	0.020608	0.014027	0.023323	0.013199	0.017626	
700	0.016816	0.016269	0.014323	0.013524	0.012274	0.020077	0.012470	0.021638	0.015088	0.018832	
705	0.019982	0.016070	0.014403	0.013765	0.012513	0.021144	0.012865	0.020146	0.015423	0.019400	
710	0.022024	0.016062	0.014302	0.013423	0.013422	0.020135	0.013165	0.021191	0.013625	0.020236	
715	0.021447	0.016300	0.014745	0.014263	0.014922	0.021007	0.013242	0.022191	0.015005	0.019585	
720	0.020367	0.015598	0.015858	0.014764	0.014852	0.021749	0.014286	0.021671	0.014438	0.020730	
725	0.019841	0.014807	0.015905	0.016022	0.016395	0.021760	0.015380	0.022086	0.013389	0.021680	
730	0.020243	0.014138	0.015284	0.018069	0.015996	0.019244	0.015364	0.021654	0.012854	0.021767	
735	0.020516	0.013565	0.016562	0.017811	0.016102	0.017442	0.015918	0.021753	0.013984	0.020123	
740	0.020013	0.013996	0.016659	0.016368	0.017924	0.018165	0.016647	0.020796	0.014289	0.018930	
745	0.020036	0.013698	0.017038	0.017533	0.018936	0.017385	0.016940	0.020647	0.013094	0.019959	
750	0.020387	0.015594	0.018449	0.019132	0.019669	0.019391	0.018868	0.020734	0.013603	0.022168	
755	0.020648	0.014310	0.017573	0.019375	0.019920	0.021648	0.020485	0.020052	0.012909	0.023069	
760	0.021263	0.014548	0.019300	0.019091	0.021953	0.020491	0.020400	0.019497	0.014797	0.022593	
765	0.020891	0.014394	0.018446	0.018297	0.022661	0.021317	0.020443	0.019744	0.016436	0.022803	
770	0.019669	0.013307	0.018902	0.019231	0.022791	0.019645	0.022292	0.018750	0.015841	0.025698	
775	0.021747	0.013410	0.017971	0.018864	0.022710	0.018561	0.022981	0.019566	0.017422	0.025367	
780	0.021265	0.014359	0.020698	0.018918	0.024108	0.017630	0.024329	0.018628	0.017849	0.024819	
785	0.022579	0.015057	0.023179	0.017946	0.022130	0.019377	0.023848	0.019071	0.018425	0.024473	
790	0.023611	0.015087	0.023377	0.018997	0.023450	0.019254	0.024373	0.018132	0.019529	0.023773	
795	0.023430	0.015549	0.022921	0.016436	0.021656	0.020103	0.026878	0.016975	0.019485	0.024149	
800	0.023366	0.016041	0.023184	0.017240	0.022766	0.019405	0.027373	0.016970	0.019847	0.025789	
805	0.022702	0.014624	0.021307	0.017052	0.020139	0.020195	0.026519	0.015914	0.020213	0.026154	
810	0.021536	0.013625	0.019301	0.017018	0.020505	0.020299	0.026547	0.015585	0.020873	0.027016	
815	0.020239	0.013887	0.018621	0.017018	0.024006	0.019511	0.025316	0.014065	0.019750	0.026694	
820	0.018599	0.014042	0.018992	0.017195	0.024974	0.020831	0.024023	0.014393	0.020303	0.027753	
825	0.017553	0.015203	0.019564	0.017672	0.023060	0.020170	0.024329	0.014869	0.020703	0.025566	
830	0.017176	0.015186	0.018891	0.016846	0.021694	0.019501	0.022751	0.015454	0.020577	0.025647	
835	0.017856	0.015268	0.019792	0.015329	0.021582	0.019506	0.020620	0.016531	0.021172	0.025381	
840	0.016590	0.015738	0.019133	0.015216	0.022475	0.020002	0.018938	0.017019	0.020654	0.024287	
845	0.016956	0.015864	0.017931	0.014890	0.021812	0.020307	0.016580	0.017991	0.021680	0.023960	
850	0.017473	0.016472	0.017389	0.014246	0.020952	0.019914	0.017986	0.018357	0.019194	0.024139	
855	0.016314	0.016118	0.017143	0.013362	0.021879	0.020254	0.019094	0.017186	0.019187	0.023669	
860	0.015770	0.015636	0.016621	0.013089	0.021877	0.019603	0.018225	0.017341	0.018741	0.024114	
865	0.016660	0.013929	0.017148	0.012857	0.021513	0.020081	0.016916	0.017714	0.017727	0.024680	
870	0.016411	0.014629	0.017217	0.013175	0.020628	0.019535	0.017250	0.017498	0.019065	0.024616	
875	0.015867	0.014353	0.017335	0.013882	0.021997	0.018827	0.016893	0.017624	0.018313	0.025476	
880	0.015882	0.014444	0.016891	0.014232	0.020689	0.018627	0.016138	0.017401	0.017733	0.022533	
885	0.013899	0.013949	0.017270	0.014130	0.020881	0.018145	0.015073	0.017504	0.017166	0.021818	
890	0.014847	0.014998	0.016899	0.015890	0.020881	0.017515	0.015306	0.018577	0.016719	0.021826	
895	0.014400	0.015853	0.018127	0.016159	0.019520	0.016723	0.016066	0.017990	0.018227	0.020157	
900	0.014372	0.016216	0.018731	0.015763	0.018021	0.016587	0.016574	0.018523	0.016991	0.020116	
905	0.015720	0.015478	0.018816	0.015640	0.019813	0.017459	0.015393	0.019963	0.018032	0.019599	
910	0.016773	0.015145	0.017580	0.015892	0.019738	0.018854	0.015767	0.019125	0.016986	0.018359	
915	0.015575	0.014653	0.017811	0.016979	0.019870	0.019101	0.015642	0.019464	0.016872	0.019633	
920	0.013971	0.012980	0.017834	0.017516	0.019038	0.019929	0.016236	0.019127	0.017537	0.019079	
925	0.013391	0.012718	0.017838	0.016981	0.019102	0.020528	0.016486	0.018299	0.017736	0.020144	
930	0.014948	0.013095	0.018526	0.017362	0.018888	0.019689	0.018137	0.018419	0.018061	0.018245	
935	0.015104	0.013201	0.018935	0.017659	0.018962	0.018480	0.017476	0.019001	0.019362	0.019383	
940	0.015984	0.012663	0.018062	0.018496	0.018364	0.018884	0.017221	0.019071	0.020400	0.019152	
945	0.015068	0.012497	0.018995	0.018564	0.017883	0.017189	0.016005	0.018293	0.018637	0.018566	
950	0.016103	0.013554	0.018688	0.018071	0.017323	0.016446	0.015490	0.020832	0.018563	0.018402	
955	0.017661	0.013520	0.018338	0.017119	0.018927	0.017686	0.015762	0.020527	0.018302	0.018713	
960	0.016544	0.014781	0.016274	0.017048	0.017676	0.018888	0.015239	0.019255	0.017768	0.019766	
965	0.016971	0.015761	0.016343	0.017952	0.018193	0.019804	0.015253	0.019629	0.017510	0.021396	
970	0.016576	0.015497	0.016527	0.018199	0.018276	0.020830	0.015425	0.020686	0.017453	0.021803	
975	0.015802	0.016457	0.016270	0.018371	0.018320	0.018487	0.014025	0.019654	0.016699	0.020058	
980	0.017400	0.015995	0.015351	0.020121	0.016910	0.018161	0.014075	0.020628	0.017652	0.019505	
985	0.017411	0.016171	0.016296	0.020697	0.018036	0.018603	0.015167	0.019946	0.019011	0.020537	
990	0.016692	0.017729	0.017045	0.020469	0.016970	0.019366	0.015959	0.018822	0.019702	0.019881	
995	0.016369	0.017502	0.017639	0.019928	0.016780	0.020081	0.014306	0.018083	0.016554	0.021543	
1000	0.017921	0.017409	0.017459	0.020595	0.015504	0.018731	0.015655	0.019601	0.017144	0.020820	
1005	0.017560	0.017795	0.017106	0.021917	0.015436	0.017647	0.016415	0.018027	0.016529	0.020312	
1010	0.018069	0.017074	0.018483	0.021948	0.016756	0.018456	0.017644	0.017614	0.016304	0.020922	
1015	0.020679	0.017163	0.018783	0.022956	0.016846	0.017850	0.018623	0.016659	0.016441	0.020255	
1020	0.022630	0.017490	0.019107	0.022366	0.017944	0.017055	0.018412	0.017395	0.015637	0.018883	
1025	0.021470	0.018744	0.020201	0.021186	0.017268	0.015562	0.018272	0.016938	0.015589	0.018600	
1030	0.020099	0.018586	0.019558	0.021924	0.017078	0.016436	0.017648	0.016762	0.016785	0.018520	
1035	0.018707	0.018085	0.018600	0.022721	0.016323	0.016419	0.020200	0.015970	0.016739	0.018907	
1040	0.019100	0.018281	0.019600	0.022845	0.017446	0.016381	0.020501	0.015066	0.015696	0.018265	
1045	0.018995	0.018915	0.019827	0.024434	0.018608	0.017037	0.020026	0.013380	0.016148	0.017313	
1050	0.017942	0.018573	0.018997	0.023854	0.019014	0.018013	0.018904	0.013221	0.017005	0.018390	
1055	0.017036	0.019793	0.018309	0.022218	0.019717	0.018992	0.018857	0.014148	0.016221	0.017948	
1060	0.017465	0.021349	0.018718	0.023063	0.019938	0.020680	0.019023	0.014538	0.016402	0.017122	
1065	0.019586	0.020352	0.019392	0.022096	0.021375	0.022069	0.020016	0.013514	0.016114	0.018384	
1070	0.020405	0.020700	0.019798	0.022117	0.021034	0.022120	0.018204	0.012594	0.016913	0.016889	
1075	0.018981	0.020300	0.020269	0.021526	0.022382	0.022741	0.018145	0.013886	0.017191	0.017729	
1080	0.019487	0.019889	0.020631	0.020511	0.021942	0.023111	0.019774	0.015221	0.017627	0.018118	
1085	0.017527	0.020003	0.019572	0.021852	0.022498	0.023166	0.018602	0.016848	0.018001	0.018975	
1090	0.016165	0.021311	0.019920	0.021511	0.021017	0.023138	0.018072	0.017605	0.017314	0.017903	
1095	0.017127	0.020285	0.021034	0.021987	0.020383	0.021783	0.019112	0.018675	0.017076	0.017503	
1100	0.014589	0.019579	0.020225	0.022051	0.020819	0.021343	0.020123	0.021029	0.017149	0.016778	
1105	0.013760	0.018843	0.020702	0.021635	0.020143	0.022124	0.020305	0.020035	0.015664	0.016745	
1110	0.013896	0.017430	0.021082	0.018578	0.020111	0.022604	0.020480	0.021285	0.015687	0.017500	
1115	0.014728	0.017352	0.021767	0.020131	0.020183	0.021896	0.020059	0.021229	0.016000	0.017653	
1120	0.016625	0.017006	0.020331	0.019526	0.020239	0.020700	0.019069	0.022222	0.016493	0.017370	
1125	0.017818	0.017259	0.020225	0.019464	0.019943	0.021532	0.019501	0.021301	0.015814	0.018753	
1130	0.019128	0.017458	0.018404	0.017962	0.019299	0.022366	0.018572	0.022445	0.015841	0.020336	
1135	0.018247	0.018415	0.018875	0.020049	0.019786	0.021296	0.020150	0.021630	0.017605	0.020831	
1140	0.018902	0.017759	0.020977	0.020568	0.020588	0.019335	0.021796	0.022150	0.018365	0.021100	
1145	0.019859	0.019190	0.021109	0.022717	0.021206	0.019107	0.023449	0.023153	0.017404	0.022374	
1150	0.019674	0.019543	0.021697	0.023397	0.019681	0.017870	0.023856	0.021949	0.017161	0.020736	
1155	0.020348	0.018845	0.022057	0.022079	0.018205	0.016799	0.024950	0.021848	0.016696	0.023600	
1160	0.021890	0.018221	0.022176	0.020437	0.019431	0.018425	0.025692	0.021418	0.017841	0.024937	
1165	0.021689	0.017937	0.022247	0.020215	0.019563	0.018556	0.023476	0.021538	0.018774	0.024684	
1170	0.020132	0.016027	0.021627	0.019626	0.019892	0.017984	0.023038	0.022667	0.018134	0.024792	
1175	0.020838	0.017037	0.022267	0.018688	0.019571	0.017104	0.023604	0.021872	0.019374	0.022759	
1180	0.020620	0.015479	0.022042	0.018666	0.021641	0.017397	0.023195	0.022868	0.019191	0.024648	
1185	0.021770	0.013784	0.021125	0.018341	0.020619	0.017048	0.023136	0.023201	0.021205	0.023252	
1190	0.022339	0.013794	0.019937	0.016989	0.020669	0.016699	0.021334	0.023077	0.022448	0.023972	
1195	0.020787	0.013468	0.021112	0.016165	0.019442	0.017545	0.021230	0.024275	0.022506	0.022134	
1200	0.019503	0.012447	0.021183	0.015609	0.019125	0.019553	0.021991	0.023389	0.022441	0.023253	
1205	0.020581	0.013331	0.019884	0.016051	0.019301	0.020579	0.021881	0.023586	0.021382	0.024481	
1210	0.021168	0.013426	0.021630	0.016685	0.019761	0.018798	0.021133	0.022794	0.023766	0.024724	
1215	0.020389	0.013384	0.021395	0.016613	0.018777	0.018011	0.021174	0.022759	0.022898	0.023914	
1220	0.020945	0.013587	0.020627	0.017672	0.019199	0.017324	0.022632	0.022982	0.022654	0.023383	
1225	0.020746	0.015031	0.021161	0.017694	0.018354	0.017344	0.020385	0.022604	0.022875	0.021914	
1230	0.020612	0.015522	0.022147	0.017049	0.018224	0.016755	0.021496	0.023696	0.023178	0.022142	
1235	0.018405	0.015881	0.022674	0.016730	0.017101	0.015061	0.019585	0.022884	0.022386	0.024473	
1240	0.017836	0.014602	0.022127	0.015563	0.016801	0.016151	0.018783	0.022192	0.021115	0.025358	
1245	0.017061	0.012599	0.022212	0.016396	0.015601	0.017540	0.018013	0.020166	0.019943	0.026093	
1250	0.016732	0.013587	0.023063	0.016977	0.014773	0.018150	0.018138	0.021610	0.018816	0.025334	
1255	0.016970	0.013279	0.023300	0.017078	0.014564	0.017593	0.017540	0.021390	0.017560	0.024535	
1260	0.017380	0.014476	0.023467	0.017075	0.015094	0.016615	0.017593	0.021496	0.018907	0.025059	
1265	0.016810	0.014750	0.023800	0.016467	0.014107	0.016492	0.017130	0.020937	0.018127	0.024296	
1270	0.015960	0.016245	0.022183	0.017956	0.014553	0.018170	0.016528	0.019350	0.018972	0.023724	
1275	0.015945	0.016402	0.022786	0.018188	0.015046	0.018733	0.017260	0.019825	0.019658	0.022948	
1280	0.016122	0.016988	0.021842	0.019251	0.014576	0.019310	0.017274	0.020326	0.021198	0.022490	
1285	0.017239	0.017984	0.022574	0.018377	0.014212	0.020326	0.016634	0.021051	0.022646	0.022874	
1290	0.016485	0.018430	0.020950	0.017547	0.014322	0.020351	0.016404	0.021052	0.022395	0.021273	
1295	0.016015	0.018568	0.021251	0.018105	0.014404	0.021478	0.018339	0.022084	0.020886	0.021818	
1300	0.014745	0.019527	0.021662	0.019088	0.014836	0.022871	0.019392	0.022515	0.019826	0.020287	
1305	0.015237	0.020250	0.023179	0.020835	0.015507	0.022704	0.017788	0.022223	0.019483	0.019306	
1310	0.015540	0.020267	0.023814	0.020654	0.014268	0.023412	0.018338	0.023045	0.018870	0.018284	
1315	0.013973	0.020041	0.022017	0.020156	0.014418	0.023269	0.018044	0.022985	0.019419	0.017923	
1320	0.014525	0.019223	0.020968	0.020897	0.014652	0.024343	0.018037	0.023265	0.018671	0.018489	
1325	0.014207	0.019393	0.020921	0.022664	0.017279	0.024073	0.016948	0.023241	0.018947	0.017742	
1330	0.014309	0.018956	0.020396	0.021334	0.017033	0.023783	0.017168	0.022668	0.018884	0.017890	
1335	0.014504	0.019262	0.017954	0.021443	0.018049	0.023218	0.015488	0.022708	0.019502	0.016855	
1340	0.014891	0.018562	0.017461	0.021496	0.020310	0.022437	0.014598	0.022944	0.018892	0.017097	
1345	0.014159	0.018324	0.017797	0.022155	0.021139	0.021197	0.014439	0.022153	0.019212	0.017076	
1350	0.014380	0.018451	0.017460	0.021689	0.023375	0.021546	0.013671	0.023429	0.019492	0.017131	
1355	0.014367	0.018609	0.017114	0.021694	0.024822	0.021761	0.014041	0.022370	0.019663	0.016244	
1360	0.014317	0.017743	0.016532	0.022133	0.025257	0.021219	0.015283	0.022948	0.021376	0.015495	
1365	0.015707	0.017681	0.016358	0.023817	0.024235	0.021605	0.015426	0.022107	0.020596	0.016734	
1370	0.016855	0.017455	0.016647	0.024806	0.025010	0.020994	0.015351	0.022560	0.019368	0.016509	
1375	0.015923	0.017294	0.015129	0.024814	0.024472	0.020013	0.015383	0.023279	0.019207	0.015146	
1380	0.015444	0.015938	0.014760	0.025482	0.022787	0.019644	0.015480	0.022923	0.018236	0.015918	
1385	0.017548	0.016560	0.014259	0.025627	0.023101	0.019347	0.015613	0.023630	0.016412	0.015344	
1390	0.016167	0.016654	0.013905	0.028429	0.022653	0.019031	0.015408	0.023434	0.015807	0.015848	
1395	0.016167	0.017020	0.014642	0.027567	0.021765	0.018292	0.014650	0.022399	0.016231	0.014696	
1400	0.017885	0.017076	0.016094	0.025877	0.021287	0.017822	0.014427	0.021782	0.015449	0.014629	
1405	0.017734	0.016877	0.015859	0.024600	0.023244	0.016753	0.014017	0.019703	0.016545	0.014946	
1410	0.018492	0.016183	0.015711	0.023353	0.023498	0.016098	0.014286	0.019990	0.016701	0.013992	
1415	0.017508	0.015239	0.016633	0.023166	0.021617	0.016567	0.015658	0.020205	0.016766	0.014676	
1420	0.018536	0.016276	0.015924	0.023440	0.020763	0.017100	0.015822	0.019209	0.016871	0.013989	
1425	0.017451	0.015124	0.016882	0.024076	0.020641	0.016896	0.015365	0.018617	0.018185	0.015276	
1430	0.017586	0.015007	0.017295	0.024651	0.019806	0.017408	0.014254	0.019108	0.019330	0.014838	
1435	0.019143	0.015475	0.016339	0.021748	0.020391	0.017840	0.014523	0.019204	0.019910	0.015208	
1440	0.020663	0.016340	0.015348	0.021640	0.020809	0.016947	0.013866	0.019154	0.019476	0.013879	
1445	0.020085	0.017051	0.015296	0.023314	0.018934	0.017044	0.014967	0.019357	0.021746	0.013658	
1450	0.020280	0.016425	0.014710	0.023856	0.018868	0.016993	0.015204	0.018767	0.022398	0.013999	
1455	0.022681	0.015361	0.014521	0.024061	0.021039	0.016407	0.014269	0.019184	0.022345	0.014110	
1460	0.022808	0.016384	0.013970	0.025403	0.021208	0.014818	0.014552	0.019296	0.022724	0.013579	
1465	0.025396	0.014821	0.015254	0.024012	0.020912	0.014192	0.013124	0.019546	0.022954	0.013466	
1470	0.024928	0.014617	0.015745	0.023529	0.020137	0.013957	0.013509	0.019168	0.022304	0.014284	
1475	0.024787	0.014952	0.018663	0.023741	0.018851	0.014488	0.014070	0.019741	0.023099	0.015004	
1480	0.026713	0.015761	0.019594	0.022078	0.018098	0.014536	0.013077	0.018992	0.022093	0.013904	
1485	0.027789	0.016777	0.019369	0.022490	0.017748	0.014600	0.012975	0.018453	0.021337	0.013856	
1490	0.027877	0.016442	0.019109	0.021315	0.016982	0.013333	0.013228	0.019063	0.020812	0.014028	
1495	0.027466	0.018252	0.019646	0.022233	0.017651	0.016004	0.012731	0.018738	0.021982	0.014159	
1500	0.026330	0.020859	0.020644	0.023489	0.016414	0.016651	0.012884	0.018300	0.020535	0.016127	
1505	0.026714	0.019574	0.022315	0.022343	0.016343	0.019442	0.014338	0.018863	0.020185	0.016296	
1510	0.026535	0.018333	0.023076	0.023749	0.015721	0.019008	0.014256	0.019751	0.019918	0.016491	
1515	0.027653	0.018718	0.024030	0.022864	0.016085	0.019117	0.013372	0.020116	0.020603	0.016708	
1520	0.027332	0.019920	0.022339	0.023292	0.017167	0.018676	0.013742	0.018517	0.019187	0.016318	
1525	0.027994	0.021773	0.021758	0.023342	0.016742	0.019343	0.012432	0.018024	0.020765	0.018016	
1530	0.027964	0.022738	0.021820	0.023546	0.016205	0.018924	0.011468	0.018725	0.020084	0.017275	
1535	0.028546	0.020361	0.022382	0.024302	0.014830	0.021593	0.011309	0.020003	0.019973	0.016718	
1540	0.027478	0.018632	0.024864	0.024818	0.014709	0.023332	0.011894	0.021321	0.019684	0.017360	
1545	0.027995	0.020813	0.027672	0.023765	0.014265	0.024409	0.013149	0.021635	0.021405	0.018003	
1550	0.030253	0.019461	0.028743	0.023634	0.014449	0.026045	0.013716	0.024035	0.021092	0.019203	
1555	0.029203	0.019543	0.027702	0.022844	0.014357	0.026905	0.012536	0.025368	0.020061	0.019033	
1560	0.029283	0.019228	0.026796	0.022479	0.013792	0.026198	0.013383	0.024396	0.020707	0.020599	
1565	0.028015	0.017600	0.028977	0.022099	0.012875	0.026422	0.013676	0.024340	0.020568	0.021567	
1570	0.027853	0.017512	0.029395	0.021984	0.012866	0.025143	0.013289	0.023989	0.020797	0.020390	
1575	0.027972	0.017892	0.026855	0.023421	0.012895	0.024116	0.013958	0.025535	0.021200	0.022500	
1580	0.028832	0.018747	0.026592	0.024430	0.012745	0.025064	0.014114	0.027436	0.021360	0.023232	
1585	0.028848	0.018426	0.026083	0.024800	0.012828	0.024171	0.014566	0.027036	0.021623	0.022645	
1590	0.029388	0.018508	0.025000	0.024045	0.012890	0.023240	0.016551	0.026509	0.019448	0.023342	
1595	0.028526	0.017888	0.026345	0.023630	0.014278	0.022139	0.015824	0.025337	0.020137	0.023435	
1600	0.026535	0.017398	0.025962	0.023567	0.014578	0.021900	0.015970	0.026838	0.019467	0.024115	
1605	0.025002	0.015807	0.025750	0.021978	0.014660	0.021500	0.015623	0.026620	0.018558	0.023946	
1610	0.026265	0.016371	0.026665	0.022482	0.015186	0.020920	0.016186	0.025997	0.017105	0.023280	
1615	0.025797	0.017336	0.025313	0.020554	0.016505	0.022022	0.016910	0.024126	0.016091	0.023837	
1620	0.027211	0.018031	0.023696	0.020006	0.016888	0.021767	0.018482	0.022085	0.016660	0.023647	
1625	0.025694	0.017296	0.022249	0.018859	0.016130	0.022165	0.019080	0.019970	0.016870	0.023938	
1630	0.025161	0.017619	0.021507	0.018175	0.015415	0.021869	0.017647	0.019870	0.017373	0.024817	
1635	0.023291	0.016376	0.019725	0.020663	0.016759	0.021653	0.018216	0.019095	0.019174	0.025111	
1640	0.022603	0.016405	0.018325	0.020251	0.017085	0.021549	0.018619	0.018108	0.018192	0.024281	
1645	0.021427	0.015572	0.017041	0.021196	0.017827	0.022529	0.019314	0.018603	0.017085	0.024163	
1650	0.022690	0.015737	0.017121	0.019096	0.018945	0.023897	0.021164	0.018331	0.016590	0.022971	
1655	0.023148	0.015640	0.016588	0.017735	0.018264	0.025381	0.020511	0.018656	0.018854	0.022555	
1660	0.023630	0.016154	0.016075	0.020588	0.019947	0.023643	0.020467	0.019714	0.018624	0.022278	
1665	0.022756	0.017143	0.015902	0.020083	0.019925	0.023737	0.020520	0.019124	0.019608	0.021443	
1670	0.023798	0.015130	0.017689	0.018759	0.021111	0.021478	0.019743	0.019185	0.017393	0.022270	
1675	0.023185	0.016286	0.018036	0.017466	0.021862	0.021798	0.019796	0.018963	0.016637	0.020235	
1680	0.024140	0.013764	0.016422	0.017857	0.021777	0.022434	0.018611	0.019112	0.017542	0.018714	
1685	0.024438	0.015892	0.016112	0.017935	0.022156	0.019717	0.019315	0.020611	0.016800	0.017785	
1690	0.022566	0.016972	0.017874	0.018340	0.022725	0.019479	0.017232	0.018137	0.016966	0.018208	
1695	0.024642	0.017539	0.020228	0.018241	0.022161	0.020487	0.016323	0.018604	0.017216	0.016971	
1700	0.024516	0.015887	0.018854	0.019064	0.024051	0.020622	0.017242	0.019969	0.018743	0.017653	
1705	0.023453	0.017487	0.019472	0.019260	0.025427	0.019094	0.016357	0.019416	0.018070	0.018848	
1710	0.023714	0.016264	0.019941	0.019408	0.026423	0.019803	0.016497	0.019998	0.017248	0.018405	
1715	0.023816	0.015976	0.019892	0.020055	0.024818	0.020364	0.016177	0.021284	0.016659	0.018087	
1720	0.022220	0.015303	0.019649	0.020753	0.024915	0.021078	0.017364	0.021683	0.018026	0.016731	
1725	0.022323	0.016255	0.019346	0.018447	0.024809	0.019838	0.016084	0.022478	0.016981	0.015748	
1730	0.022295	0.015829	0.018254	0.018384	0.022871	0.019455	0.016600	0.023887	0.017435	0.015452	
1735	0.022862	0.016801	0.017654	0.018494	0.021450	0.018488	0.015481	0.024906	0.017960	0.016217	
1740	0.021699	0.017277	0.017656	0.019742	0.022937	0.018660	0.014732	0.024961	0.018753	0.015843	
1745	0.022023	0.016172	0.017607	0.021269	0.021322	0.019544	0.015981	0.025110	0.018942	0.016466	
1750	0.021758	0.016654	0.018302	0.020875	0.019924	0.019767	0.015401	0.021659	0.018792	0.016353	
1755	0.021994	0.015942	0.017940	0.020244	0.019078	0.019697	0.014725	0.022180	0.018392	0.015808	
1760	0.020960	0.017248	0.018048	0.019526	0.018663	0.018969	0.014382	0.021494	0.017862	0.014974	
1765	0.019527	0.019296	0.017648	0.021084	0.016974	0.019108	0.014890	0.022505	0.018490	0.014790	
1770	0.018794	0.019041	0.019084	0.019329	0.016605	0.019051	0.014911	0.023184	0.017517	0.014250	
1775	0.018670	0.020014	0.017267	0.018542	0.017214	0.019462	0.014672	0.021574	0.017044	0.014770	
1780	0.018754	0.019194	0.018663	0.020121	0.018349	0.019059	0.013669	0.022282	0.018601	0.015108	
1785	0.019198	0.018035	0.018858	0.019847	0.018862	0.018631	0.014188	0.020771	0.019890	0.014221	
1790	0.017921	0.018232	0.017247	0.019581	0.017625	0.018258	0.012972	0.019187	0.019071	0.015465	
1795	0.018832	0.018369	0.017793	0.020028	0.017589	0.017941	0.012856	0.017927	0.017183	0.016128	
1800	0.018535	0.018976	0.016184	0.018829	0.017257	0.018373	0.011444	0.017577	0.016696	0.017005	
1805	0.017081	0.019831	0.015943	0.018530	0.017132	0.018409	0.011184	0.018020	0.016388	0.018846	
1810	0.017514	0.018447	0.015592	0.018884	0.017990	0.019615	0.012397	0.016919	0.015424	0.018433	
1815	0.017940	0.017268	0.014746	0.017485	0.017232	0.018903	0.013620	0.017811	0.015225	0.017738	
1820	0.017317	0.017212	0.013948	0.017230	0.016470	0.018837	0.013450	0.016900	0.014686	0.019085	
1825	0.017103	0.017846	0.014322	0.018287	0.015551	0.018983	0.013319	0.017511	0.014351	0.019328	
1830	0.017018	0.019554	0.014177	0.018390	0.015339	0.019900	0.012550	0.016465	0.013331	0.019895	
1835	0.016484	0.018305	0.014164	0.018187	0.014734	0.019774	0.012643	0.016834	0.013612	0.018438	
1840	0.016500	0.019684	0.013947	0.017031	0.014045	0.021357	0.013972	0.018019	0.013967	0.018272	
1845	0.016250	0.018778	0.013997	0.015747	0.012422	0.021746	0.014618	0.019745	0.015461	0.018562	
1850	0.017062	0.019078	0.012690	0.016548	0.013406	0.020482	0.014511	0.018843	0.016003	0.018777	
1855	0.017445	0.019146	0.013823	0.017374	0.013359	0.021612	0.014573	0.019435	0.016215	0.017982	
1860	0.016826	0.020115	0.014496	0.017778	0.013690	0.023107	0.015183	0.019516	0.016448	0.019807	
1865	0.017311	0.020470	0.014488	0.017141	0.014088	0.022855	0.015791	0.021432	0.016706	0.021563	
1870	0.016612	0.021763	0.014412	0.017862	0.012750	0.022763	0.015276	0.021788	0.017225	0.021612	
1875	0.018726	0.022686	0.013672	0.019862	0.013157	0.022436	0.015314	0.023784	0.016108	0.020125	
1880	0.020192	0.021916	0.013941	0.021726	0.012650	0.021921	0.015630	0.024201	0.015410	0.020501	
1885	0.021089	0.022535	0.014917	0.022514	0.011995	0.021469	0.016046	0.024295	0.016699	0.021137	
1890	0.023379	0.022088	0.014524	0.023392	0.011877	0.022212	0.016631	0.025278	0.016116	0.022082	
1895	0.024513	0.022003	0.016384	0.025257	0.012043	0.020485	0.018267	0.025580	0.016575	0.021107	
1900	0.024781	0.019059	0.015591	0.024183	0.013348	0.020917	0.016853	0.024510	0.016710	0.021558	
1905	0.024803	0.019129	0.016391	0.022665	0.013927	0.019958	0.017664	0.024065	0.017535	0.019559	
1910	0.024374	0.019311	0.015786	0.021323	0.015341	0.018576	0.017715	0.022452	0.017155	0.018339	
1915	0.022614	0.018376	0.016086	0.023012	0.016409	0.019361	0.020274	0.024333	0.015660	0.017414	
1920	0.023794	0.018420	0.015359	0.022611	0.018683	0.019264	0.019213	0.023567	0.015137	0.017325	
1925	0.024331	0.018939	0.015732	0.021873	0.019211	0.020013	0.018764	0.024728	0.014955	0.017490	
1930	0.024817	0.018239	0.016052	0.022035	0.019303	0.021217	0.018552	0.024337	0.014796	0.017094	
1935	0.022688	0.018445	0.016444	0.021722	0.019434	0.022288	0.017957	0.024153	0.014682	0.015669	
1940	0.022281	0.017688	0.017184	0.023094	0.019963	0.021095	0.016624	0.023392	0.015499	0.016674	
1945	0.021400	0.017181	0.018738	0.021326	0.021994	0.020755	0.016845	0.023250	0.015223	0.017181	
1950	0.019764	0.017034	0.018817	0.021102	0.020806	0.021026	0.018789	0.023903	0.017251	0.017198	
1955	0.019575	0.018769	0.018191	0.021929	0.020240	0.021924	0.020212	0.021729	0.015457	0.016647	
1960	0.020524	0.019328	0.018011	0.021489	0.020549	0.020921	0.017677	0.022101	0.014071	0.017409	
1965	0.021843	0.018310	0.019271	0.021555	0.022282	0.022035	0.018405	0.021451	0.014230	0.017208	
1970	0.022304	0.017919	0.019098	0.018440	0.021678	0.021183	0.018560	0.021316	0.013885	0.014860	
1975	0.022722	0.018594	0.019864	0.016266	0.021213	0.020769	0.018760	0.019085	0.014191	0.016904	
1980	0.020704	0.019116	0.018878	0.016208	0.021686	0.018427	0.018136	0.018641	0.014551	0.017882	
1985	0.021698	0.019696	0.019810	0.016254	0.021731	0.019763	0.017943	0.018562	0.015347	0.017449	
1990	0.022452	0.018957	0.019741	0.015599	0.022323	0.018897	0.018802	0.018924	0.015656	0.016882	
1995	0.021235	0.018852	0.020376	0.015124	0.023954	0.019929	0.018072	0.019122	0.014819	0.015987	
2000	0.021703	0.019221	0.019050	0.015174	0.023969	0.017477	0.017925	0.018022	0.015481	0.014940	
2005	0.021030	0.018788	0.018367	0.015233	0.022991	0.017257	0.018135	0.016491	0.014249	0.014875	
2010	0.019200	0.017977	0.018606	0.014340	0.023627	0.015706	0.016169	0.015672	0.015442	0.015563	
2015	0.019959	0.018890	0.019784	0.013977	0.024381	0.017039	0.015339	0.017698	0.015366	0.016039	
2020	0.020299	0.019315	0.018573	0.013672	0.026471	0.017358	0.015004	0.016599	0.015855	0.015822	
2025	0.019899	0.019149	0.017665	0.013931	0.026371	0.018995	0.014859	0.015183	0.016764	0.014921	
2030	0.019649	0.019696	0.018016	0.013615	0.023532	0.020339	0.016389	0.014542	0.016197	0.015873	
2035	0.018519	0.019454	0.019844	0.013375	0.023468	0.019837	0.015843	0.014374	0.016812	0.015756	
2040	0.017479	0.018641	0.021113	0.014492	0.024365	0.022258	0.016460	0.014601	0.015164	0.018441	
2045	0.017700	0.019557	0.021453	0.014738	0.024313	0.022178	0.016167	0.015724	0.015050	0.017644	
2050	0.019538	0.018135	0.020936	0.015672	0.022946	0.021802	0.016450	0.014594	0.013904	0.017166	
2055	0.018376	0.016761	0.019763	0.016121	0.022402	0.022476	0.017028	0.015450	0.014542	0.017598	
2060	0.017281	0.017019	0.020475	0.015438	0.021657	0.023614	0.018269	0.015405	0.015066	0.017871	
2065	0.015685	0.019173	0.021043	0.017050	0.021488	0.022536	0.017417	0.015258	0.016792	0.017903	
2070	0.014863	0.018473	0.022351	0.017636	0.021056	0.023041	0.017312	0.014960	0.017213	0.018668	
2075	0.015909	0.018169	0.022455	0.018250	0.021795	0.024845	0.017926	0.014592	0.017122	0.017680	
2080	0.015309	0.018203	0.021334	0.018369	0.023438	0.024128	0.017175	0.015231	0.018940	0.018290	
2085	0.015005	0.018371	0.021942	0.018581	0.022194	0.021620	0.016169	0.014802	0.020142	0.018792	
2090	0.015580	0.017828	0.022068	0.020225	0.022928	0.021276	0.017649	0.014953	0.021526	0.018894	
2095	0.015981	0.017254	0.022320	0.020693	0.021437	0.021531	0.018982	0.015004	0.022410	0.020557	
2100	0.015198	0.016188	0.020971	0.022541	0.021461	0.021827	0.017943	0.015126	0.022712	0.021508	
2105	0.016107	0.016516	0.020678	0.024009	0.022542	0.021212	0.019117	0.016899	0.024335	0.021081	
2110	0.015489	0.016826	0.020746	0.024148	0.022326	0.020015	0.020109	0.015874	0.023393	0.020780	
2115	0.013941	0.016877	0.020659	0.022874	0.020830	0.019219	0.021845	0.015244	0.022131	0.021468	
2120	0.014036	0.017567	0.020993	0.022429	0.020801	0.018874	0.020167	0.014491	0.021327	0.019909	
2125	0.014783	0.017653	0.019790	0.023518	0.020391	0.020348	0.019197	0.014093	0.023081	0.020581	
2130	0.013333	0.017233	0.019161	0.025134	0.020378	0.020821	0.019359	0.015371	0.022564	0.021218	
2135	0.015744	0.017089	0.019621	0.026712	0.020371	0.021472	0.017892	0.015870	0.021962	0.021746	
2140	0.016218	0.016946	0.019589	0.025539	0.018893	0.020199	0.017852	0.015630	0.020682	0.020696	
2145	0.015955	0.016523	0.021302	0.025029	0.018137	0.020081	0.016388	0.015246	0.019545	0.019402	
2150	0.016196	0.015375	0.019797	0.023787	0.015521	0.019252	0.016120	0.015416	0.018200	0.019406	
2155	0.016805	0.016137	0.020650	0.023051	0.014345	0.019853	0.015993	0.016139	0.017142	0.019861	
2160	0.017239	0.015629	0.021916	0.023688	0.014396	0.019687	0.016137	0.017054	0.016819	0.019292	
2165	0.017108	0.016437	0.021704	0.023210	0.013999	0.017786	0.015887	0.017555	0.016382	0.018892	
2170	0.016873	0.015501	0.022971	0.023229	0.013801	0.018055	0.015528	0.016446	0.015922	0.018513	
2175	0.016530	0.016410	0.023927	0.021944	0.013257	0.017944	0.016048	0.017507	0.016882	0.019275	
2180	0.016690	0.015194	0.024599	0.022876	0.013148	0.017904	0.016128	0.017770	0.016644	0.018447	
2185	0.016037	0.016300	0.025012	0.021790	0.013726	0.019079	0.018408	0.017677	0.015994	0.018007	
2190	0.016259	0.014919	0.026089	0.021659	0.013527	0.016917	0.019255	0.018285	0.016279	0.018427	
2195	0.016957	0.017819	0.024196	0.021569	0.013066	0.018311	0.019429	0.018728	0.016478	0.018390	
2200	0.016553	0.018229	0.022438	0.023126	0.014191	0.019001	0.020423	0.018574	0.018483	0.017466	
2205	0.017659	0.017679	0.021008	0.022349	0.014410	0.017508	0.021592	0.019678	0.019659	0.018270	
2210	0.018921	0.017763	0.021637	0.020815	0.013680	0.018449	0.023267	0.020015	0.020348	0.018958	
2215	0.018440	0.018695	0.023208	0.020811	0.015074	0.017955	0.022770	0.021426	0.019267	0.018593	
2220	0.018646	0.021340	0.022909	0.020744	0.014895	0.017485	0.024269	0.021609	0.019561	0.018110	
2225	0.018505	0.024294	0.020824	0.020251	0.014410	0.016817	0.026092	0.019814	0.020264	0.017552	
2230	0.020376	0.025924	0.020851	0.017729	0.015684	0.017956	0.028729	0.020492	0.021171	0.017981	
2235	0.020649	0.026037	0.022084	0.017312	0.016263	0.018222	0.029885	0.018707	0.019935	0.018604	
2240	0.021753	0.024890	0.021466	0.017758	0.016444	0.017581	0.029401	0.019395	0.018895	0.018592	
2245	0.022312	0.025016	0.019675	0.016152	0.016336	0.016429	0.029664	0.018962	0.020405	0.019296	
2250	0.022878	0.024863	0.019698	0.015943	0.017025	0.017810	0.031287	0.019490	0.019258	0.019239	
2255	0.022462	0.026182	0.020118	0.014365	0.019101	0.018807	0.028815	0.018449	0.018567	0.019102	
2260	0.023520	0.026846	0.019699	0.013401	0.019410	0.018615	0.029761	0.019211	0.019613	0.017585	
2265	0.022741	0.027000	0.019086	0.015100	0.017972	0.019729	0.029934	0.017827	0.020410	0.017307	
2270	0.024072	0.026801	0.020861	0.014412	0.017712	0.019304	0.028082	0.017145	0.020757	0.018147	
2275	0.024357	0.024770	0.018934	0.014294	0.018066	0.020611	0.025144	0.017529	0.021488	0.018013	
2280	0.021637	0.023314	0.018741	0.014325	0.019340	0.020691	0.024312	0.016461	0.020289	0.019195	
2285	0.022654	0.022395	0.016970	0.014697	0.019804	0.019594	0.023298	0.018309	0.019845	0.019158	
2290	0.022795	0.021436	0.016748	0.014207	0.019900	0.020008	0.023119	0.017914	0.019453	0.018934	
2295	0.022592	0.020293	0.017398	0.014642	0.018021	0.018171	0.021406	0.017855	0.019712	0.017759	
2300	0.023955	0.019077	0.017161	0.014668	0.018888	0.017823	0.020272	0.017972	0.019168	0.017760	
2305	0.024842	0.019767	0.016648	0.015463	0.017989	0.016823	0.019895	0.016454	0.019087	0.018586	
2310	0.026075	0.019810	0.015456	0.014682	0.018512	0.018066	0.022218	0.017028	0.018329	0.019690	
2315	0.022794	0.020258	0.014558	0.015923	0.017995	0.018135	0.021926	0.016606	0.017656	0.019882	
2320	0.021614	0.018423	0.014014	0.016515	0.018676	0.017986	0.021445	0.016903	0.019748	0.021428	
2325	0.021539	0.020023	0.014412	0.017125	0.019432	0.019049	0.022566	0.017770	0.019416	0.021500	
2330	0.020774	0.019668	0.015425	0.017386	0.020071	0.019152	0.021477	0.017018	0.019362	0.021142	
2335	0.018673	0.020532	0.016022	0.018142	0.019431	0.018434	0.019263	0.017085	0.020086	0.019214	
2340	0.017507	0.019773	0.014402	0.018264	0.021209	0.018620	0.018907	0.017911	0.019845	0.019305	
2345	0.018027	0.017969	0.013701	0.019040	0.022905	0.018110	0.017307	0.016860	0.021583	0.019271	
2350	0.016672	0.018346	0.012873	0.017710	0.023384	0.017825	0.017313	0.017458	0.020361	0.019202	
2355	0.017300	0.019593	0.014436	0.017328	0.022769	0.018615	0.017789	0.018133	0.020183	0.020500	
2360	0.017726	0.020277	0.015654	0.017224	0.021575	0.019168	0.017713	0.018688	0.019295	0.020814	
2365	0.016915	0.018579	0.016223	0.017187	0.021774	0.017411	0.017313	0.019230	0.020222	0.019078	
2370	0.016492	0.019375	0.016881	0.018081	0.022736	0.018963	0.016196	0.019882	0.020916	0.019961	
2375	0.016307	0.019275	0.017434	0.017340	0.022181	0.019874	0.015615	0.019822	0.019461	0.021516	
2380	0.016274	0.019677	0.019318	0.018172	0.024261	0.018552	0.014855	0.019032	0.018937	0.021583	
2385	0.015765	0.021564	0.019493	0.017142	0.025123	0.017958	0.014331	0.019998	0.019090	0.020088	
2390	0.013675	0.022932	0.018965	0.017278	0.025961	0.017664	0.015187	0.020191	0.019863	0.020494	
2395	0.012378	0.024507	0.019143	0.017055	0.026315	0.018074	0.014473	0.019766	0.020466	0.019599	
2400	0.013051	0.021740	0.020599	0.017553	0.024879	0.018143	0.014866	0.020244	0.019688	0.018266	
2405	0.013331	0.021641	0.020920	0.017865	0.024805	0.017818	0.013796	0.019376	0.022035	0.017601	
2410	0.013973	0.021480	0.020781	0.018646	0.024925	0.018238	0.017043	0.019880	0.020081	0.018195	
2415	0.014598	0.020091	0.020974	0.018300	0.024824	0.019029	0.017756	0.019170	0.021201	0.017945	
2420	0.016759	0.020600	0.020647	0.018557	0.023160	0.018905	0.017892	0.019384	0.020399	0.017608	
2425	0.015555	0.021198	0.020104	0.016999	0.021247	0.019325	0.017968	0.020543	0.020216	0.019420	
2430	0.015293	0.021225	0.021153	0.016818	0.019949	0.019308	0.017891	0.020126	0.020638	0.017663	
2435	0.016434	0.021670	0.020216	0.017083	0.019945	0.019544	0.016922	0.018967	0.019266	0.017486	
2440	0.016386	0.022989	0.020052	0.017710	0.020890	0.018114	0.016365	0.018701	0.017098	0.017476	
2445	0.016889	0.024281	0.020373	0.016860	0.020297	0.017019	0.016382	0.019420	0.017027	0.017144	
2450	0.015762	0.024090	0.020517	0.017538	0.019477	0.017366	0.017315	0.019235	0.017880	0.016413	
2455	0.014270	0.024243	0.020190	0.018354	0.018652	0.017940	0.016791	0.018094	0.018502	0.016555	
2460	0.015535	0.023728	0.019782	0.020180	0.018677	0.017892	0.015690	0.017450	0.018694	0.016744	
2465	0.016936	0.022055	0.018317	0.020615	0.017476	0.018108	0.016415	0.017655	0.019716	0.016473	
2470	0.017173	0.025875	0.018870	0.021654	0.016556	0.018179	0.016419	0.016388	0.019345	0.017290	
2475	0.017755	0.023620	0.019359	0.021585	0.016664	0.017284	0.017677	0.020008	0.020102	0.016674	
2480	0.018024	0.023253	0.021251	0.021460	0.017451	0.015588	0.015916	0.020399	0.019962	0.015951	
2485	0.017325	0.022621	0.020808	0.022140	0.018384	0.016539	0.017192	0.021397	0.020220	0.015025	
2490	0.018613	0.021657	0.020135	0.022919	0.017055	0.015257	0.016159	0.021241	0.019776	0.014825	
2495	0.017516	0.021362	0.020161	0.022080	0.016924	0.015942	0.015829	0.020730	0.018610	0.014503	
2500	0.018060	0.021157	0.020767	0.021214	0.017061	0.016226	0.016320	0.019140	0.017136	0.014241	
2505	0.018336	0.021469	0.019965	0.021198	0.018191	0.014379	0.016104	0.019970	0.016967	0.015330	
2510	0.019216	0.021506	0.019664	0.020759	0.016723	0.014420	0.016595	0.019879	0.017022	0.015245	
2515	0.019406	0.019778	0.019297	0.019053	0.017790	0.014609	0.015214	0.019644	0.017219	0.014598	
2520	0.018257	0.019071	0.021546	0.020270	0.017950	0.012851	0.015661	0.019495	0.017589	0.015051	
2525	0.017686	0.017259	0.021410	0.020759	0.017472	0.013141	0.015526	0.020155	0.018157	0.015970	
2530	0.017818	0.016704	0.020015	0.021296	0.020535	0.013508	0.015444	0.018811	0.017319	0.016690	
2535	0.019481	0.018560	0.020667	0.023210	0.019470	0.012625	0.016078	0.019177	0.016808	0.015578	
2540	0.018229	0.019801	0.020722	0.022489	0.019935	0.013038	0.016956	0.018640	0.017600	0.016298	
2545	0.018577	0.019161	0.019868	0.023504	0.020838	0.013745	0.017770	0.017705	0.017420	0.016828	
2550	0.017413	0.017597	0.019303	0.023552	0.021126	0.013659	0.018062	0.017973	0.017944	0.015972	
2555	0.017350	0.017990	0.020484	0.024457	0.020521	0.013443	0.017568	0.018667	0.018834	0.017804	
2560	0.016796	0.020429	0.020658	0.025762	0.020936	0.012413	0.017639	0.019484	0.018267	0.019195	
2565	0.015713	0.020018	0.019950	0.024213	0.020332	0.013071	0.016651	0.019179	0.019973	0.019019	
2570	0.015234	0.019631	0.019100	0.022180	0.023022	0.013132	0.015075	0.018763	0.019477	0.019052	
2575	0.014242	0.020494	0.020244	0.020979	0.021628	0.014126	0.014896	0.018220	0.019583	0.019409	
2580	0.014177	0.021156	0.020953	0.021961	0.021829	0.014905	0.015300	0.017661	0.019471	0.019098	
2585	0.014166	0.021947	0.019589	0.021110	0.023293	0.014789	0.016423	0.017425	0.019917	0.018859	
2590	0.014560	0.020445	0.018518	0.022571	0.023445	0.014830	0.018305	0.018335	0.022021	0.017187	
2595	0.014647	0.020150	0.017034	0.020898	0.024616	0.014965	0.018894	0.018709	0.024742	0.017994	
2600	0.014157	0.023418	0.016525	0.019365	0.023086	0.015781	0.018477	0.019183	0.022323	0.016956	
2605	0.013673	0.023046	0.016166	0.019532	0.022260	0.015275	0.016911	0.017780	0.021386	0.016266	
2610	0.014291	0.022357	0.015610	0.021250	0.021581	0.014383	0.016499	0.018640	0.019746	0.015350	
2615	0.014574	0.022507	0.016454	0.019960	0.020474	0.015469	0.018081	0.018154	0.018169	0.015353	
2620	0.014187	0.022152	0.015810	0.018772	0.020728	0.017351	0.016380	0.018760	0.018805	0.016743	
2625	0.012973	0.021816	0.017206	0.017580	0.022237	0.015728	0.016199	0.018487	0.016172	0.016447	
2630	0.013526	0.022341	0.018078	0.017546	0.021379	0.016851	0.016091	0.017490	0.017488	0.016419	
2635	0.013348	0.022126	0.017283	0.018013	0.021694	0.016918	0.015758	0.015956	0.015843	0.017066	
2640	0.014035	0.022409	0.017478	0.019369	0.022075	0.017142	0.017550	0.016745	0.016701	0.017026	
2645	0.014186	0.022564	0.018814	0.019412	0.022682	0.017549	0.016931	0.016766	0.017622	0.018048	
2650	0.014916	0.023755	0.017173	0.017546	0.021092	0.017171	0.017105	0.018641	0.018216	0.017086	
2655	0.014676	0.021480	0.016073	0.018429	0.021987	0.016870	0.016316	0.018360	0.017715	0.016801	
2660	0.015348	0.020084	0.015766	0.018493	0.021701	0.016769	0.016313	0.017388	0.018505	0.015597	
2665	0.014975	0.019766	0.015139	0.017853	0.019765	0.017782	0.017056	0.017028	0.019482	0.014659	
2670	0.016206	0.019159	0.016156	0.018827	0.017918	0.018763	0.015252	0.017787	0.018143	0.016379	
2675	0.016788	0.020850	0.016050	0.017429	0.018639	0.018914	0.016971	0.016136	0.018917	0.015691	
2680	0.017612	0.020313	0.016952	0.016236	0.018688	0.021257	0.017163	0.016168	0.020552	0.015702	
2685	0.017633	0.022279	0.016532	0.016842	0.018352	0.023313	0.016039	0.016667	0.021748	0.016565	
2690	0.017836	0.020983	0.016164	0.017700	0.018615	0.023757	0.017101	0.017674	0.022856	0.015025	
2695	0.018873	0.021771	0.017143	0.018916	0.018994	0.023006	0.017650	0.017689	0.023489	0.015382	
2700	0.018189	0.021770	0.018190	0.017259	0.019319	0.023277	0.017763	0.016842	0.023521	0.015698	
2705	0.019118	0.020226	0.017938	0.016881	0.019024	0.023171	0.017774	0.018597	0.023725	0.014651	
2710	0.018831	0.020018	0.018341	0.016132	0.017567	0.022633	0.017486	0.018470	0.022909	0.014898	
2715	0.018643	0.020937	0.017926	0.016102	0.018661	0.021707	0.016235	0.017401	0.023080	0.015387	
2720	0.018828	0.020942	0.019249	0.016783	0.018365	0.022902	0.017022	0.016521	0.022777	0.015935	
2725	0.019172	0.021201	0.019773	0.016932	0.016505	0.023176	0.017384	0.016076	0.023637	0.016581	
2730	0.018305	0.021789	0.019989	0.016321	0.016243	0.022143	0.015811	0.014693	0.024272	0.015166	
2735	0.021178	0.020464	0.019285	0.016221	0.015968	0.021270	0.016098	0.014290	0.023820	0.014845	
2740	0.023249	0.020962	0.019419	0.017945	0.015101	0.019986	0.016745	0.015613	0.022312	0.015675	
2745	0.024242	0.021346	0.020018	0.017896	0.016024	0.020548	0.015680	0.016208	0.022301	0.015794	
2750	0.025289	0.022776	0.020066	0.017861	0.015765	0.018652	0.015368	0.016649	0.022128	0.016688	
2755	0.025346	0.024073	0.021237	0.018373	0.016958	0.018631	0.015626	0.016958	0.021606	0.016844	
2760	0.025369	0.025712	0.019290	0.019403	0.017021	0.017709	0.014789	0.016795	0.021504	0.017647	
2765	0.025230	0.026439	0.018117	0.018247	0.015239	0.018153	0.014709	0.017319	0.020501	0.017256	
2770	0.022643	0.025117	0.017004	0.018132	0.016053	0.016699	0.014372	0.018430	0.018787	0.018246	
2775	0.021709	0.024485	0.016361	0.019256	0.015814	0.016577	0.014377	0.017806	0.019644	0.017434	
2780	0.021902	0.024089	0.016018	0.019478	0.016670	0.015184	0.014376	0.017929	0.020627	0.018039	
2785	0.022324	0.025322	0.017095	0.020265	0.016886	0.015449	0.015153	0.018553	0.021088	0.017813	
2790	0.020745	0.025762	0.016176	0.019541	0.016763	0.016489	0.015611	0.018073	0.024153	0.017742	
2795	0.019826	0.025336	0.017081	0.020454	0.015636	0.016281	0.015827	0.017224	0.023670	0.018078	
2800	0.020129	0.025402	0.016381	0.020052	0.016349	0.015730	0.014731	0.018292	0.024377	0.016345	
2805	0.020730	0.024989	0.016944	0.019662	0.017990	0.016553	0.015352	0.019140	0.023830	0.015182	
2810	0.020411	0.023851	0.016362	0.019177	0.017754	0.017532	0.016036	0.019549	0.021839	0.014406	
2815	0.019561	0.022376	0.016299	0.019815	0.019170	0.016718	0.017515	0.018550	0.021474	0.015410	
2820	0.021137	0.023060	0.016161	0.019878	0.020168	0.016597	0.018893	0.017835	0.019746	0.017022	
2825	0.020811	0.022015	0.016218	0.018962	0.019165	0.015172	0.018400	0.016723	0.020382	0.018098	
2830	0.022192	0.021990	0.016569	0.017603	0.020271	0.015908	0.019535	0.016230	0.020104	0.017742	
2835	0.022303	0.021008	0.016926	0.017989	0.019432	0.017770	0.019852	0.015529	0.019101	0.017406	
2840	0.021992	0.020908	0.015318	0.019287	0.019077	0.019471	0.019084	0.015665	0.017999	0.018873	
2845	0.021681	0.021706	0.016029	0.019598	0.021536	0.017913	0.019537	0.015424	0.017858	0.018292	
2850	0.020789	0.021183	0.015605	0.019486	0.021015	0.019525	0.019832	0.016334	0.018237	0.020247	
2855	0.021225	0.022088	0.013534	0.018456	0.019821	0.018435	0.020192	0.016483	0.018416	0.021046	
2860	0.020433	0.021037	0.013748	0.018711	0.020203	0.018386	0.021153	0.016798	0.018954	0.021093	
2865	0.020128	0.021152	0.014528	0.018876	0.020993	0.017169	0.018119	0.016961	0.019494	0.019919	
2870	0.018717	0.020213	0.014957	0.018134	0.021001	0.018183	0.018402	0.015763	0.020014	0.019458	
2875	0.018634	0.020482	0.016148	0.016691	0.020163	0.019562	0.016737	0.015877	0.019979	0.020197	
2880	0.017724	0.019740	0.016457	0.016458	0.020280	0.019600	0.017511	0.015408	0.018547	0.020072	
2885	0.016633	0.019977	0.018124	0.016907	0.020737	0.019214	0.017617	0.015748	0.019348	0.020701	
2890	0.015771	0.018726	0.018132	0.016264	0.022075	0.019119	0.016969	0.015128	0.018463	0.021352	
2895	0.015386	0.017584	0.018142	0.016149	0.021215	0.020299	0.016384	0.016422	0.019590	0.022100	
2900	0.014668	0.016845	0.020138	0.017849	0.021055	0.020724	0.015644	0.016315	0.017199	0.021884	
2905	0.015552	0.016575	0.018554	0.019481	0.022063	0.020548	0.016537	0.016208	0.017571	0.023103	
2910	0.015369	0.016257	0.017466	0.018067	0.020896	0.020986	0.017690	0.016796	0.018297	0.023069	
2915	0.015121	0.016180	0.018661	0.018239	0.021091	0.022337	0.018334	0.017304	0.015595	0.020774	
2920	0.015992	0.018322	0.019275	0.016411	0.019314	0.022784	0.018549	0.018287	0.016040	0.021236	
2925	0.014381	0.019770	0.021224	0.018075	0.020195	0.023461	0.018114	0.017895	0.016317	0.021644	
2930	0.014842	0.020116	0.020873	0.016776	0.019552	0.022165	0.018534	0.017263	0.016901	0.022024	
2935	0.016406	0.019105	0.021803	0.015654	0.021567	0.022219	0.017672	0.017668	0.017071	0.021441	
2940	0.015117	0.019392	0.022811	0.017356	0.021931	0.022088	0.017996	0.016971	0.017078	0.020905	
2945	0.015277	0.019067	0.024490	0.017586	0.023196	0.021801	0.019292	0.018703	0.017382	0.020324	
2950	0.015518	0.018571	0.024398	0.017565	0.024901	0.022057	0.019095	0.018883	0.016921	0.020405	
2955	0.016032	0.017135	0.025075	0.016772	0.024089	0.021734	0.018698	0.021001	0.016790	0.019371	
2960	0.016156	0.017687	0.023603	0.017690	0.024696	0.022642	0.019218	0.021102	0.016651	0.019244	
2965	0.016292	0.017561	0.022252	0.018669	0.025986	0.022644	0.020105	0.020847	0.015958	0.019270	
2970	0.015955	0.016964	0.021143	0.018484	0.026134	0.022616	0.020325	0.018938	0.017067	0.019503	
2975	0.016326	0.016770	0.019800	0.018335	0.023772	0.022374	0.020138	0.018338	0.017297	0.019818	
2980	0.016762	0.016798	0.020033	0.017895	0.022598	0.020043	0.020329	0.016932	0.016849	0.020374	
2985	0.016118	0.017164	0.020727	0.018420	0.023040	0.020470	0.019305	0.016447	0.016654	0.021431	
2990	0.016714	0.018004	0.019180	0.017839	0.023485	0.020573	0.018003	0.017610	0.017240	0.021041	
2995	0.017996	0.019883	0.020779	0.018204	0.022025	0.020964	0.017908	0.018995	0.016050	0.020132	
3000	0.017675	0.021108	0.021858	0.019174	0.022188	0.019926	0.017463	0.018348	0.016157	0.020924	
