T	rep_1	rep_2	rep_3	rep_4	rep_5	rep_6	rep_7	rep_8	rep_9	rep_10
5	0.005718	0.002601	0.005906	0.005215	0.004464	0.006086	0.006021	0.002760	0.002098	0.010669	
10	0.074389	0.046117	0.086944	0.081631	0.074550	0.075429	0.082129	0.048363	0.044751	0.104899	
15	0.114468	0.113346	0.164107	0.163288	0.115770	0.137307	0.153929	0.109610	0.123744	0.151258	
20	0.144354	0.176851	0.188344	0.193861	0.154962	0.165158	0.208745	0.146996	0.170748	0.167451	
25	0.180494	0.203111	0.202508	0.207019	0.220537	0.196841	0.285303	0.168927	0.222880	0.185267	
30	0.206937	0.218488	0.216659	0.220809	0.292013	0.222693	0.316812	0.208791	0.248677	0.221037	
35	0.242454	0.237140	0.230028	0.241424	0.328035	0.247790	0.327765	0.259373	0.268387	0.259466	
40	0.260193	0.256309	0.248510	0.260223	0.349636	0.270085	0.332441	0.289820	0.285283	0.310186	
45	0.271626	0.278014	0.283694	0.286331	0.359349	0.289113	0.339263	0.320980	0.299627	0.330147	
50	0.279929	0.302155	0.327271	0.302320	0.368312	0.309264	0.353203	0.344203	0.317207	0.333905	
55	0.289119	0.324620	0.359936	0.318409	0.376793	0.315551	0.355914	0.356588	0.328047	0.347928	
60	0.303240	0.344597	0.386347	0.332173	0.393270	0.331055	0.363652	0.368768	0.339712	0.344447	
65	0.314890	0.354013	0.404388	0.350224	0.414311	0.344198	0.373773	0.376288	0.352918	0.347892	
70	0.325573	0.371217	0.415566	0.368070	0.421439	0.360485	0.380196	0.379655	0.368647	0.354737	
75	0.336846	0.381229	0.415111	0.368732	0.427910	0.370636	0.395598	0.389700	0.379364	0.362124	
80	0.345953	0.389284	0.416308	0.376989	0.434496	0.385001	0.407827	0.397596	0.382583	0.360240	
85	0.365556	0.398676	0.436230	0.381391	0.435185	0.391656	0.421947	0.404175	0.389663	0.365031	
90	0.380040	0.405891	0.436415	0.384685	0.439152	0.401810	0.440288	0.410204	0.391407	0.371795	
95	0.396755	0.417976	0.441984	0.389376	0.434879	0.416586	0.441125	0.409282	0.395919	0.376408	
100	0.416591	0.423525	0.438197	0.398368	0.444664	0.424039	0.453142	0.417325	0.405479	0.386482	
105	0.434023	0.430318	0.447398	0.395118	0.445656	0.428181	0.457796	0.419994	0.410246	0.397422	
110	0.442616	0.435182	0.454248	0.393170	0.444416	0.434006	0.462325	0.423879	0.418015	0.405689	
115	0.445726	0.435986	0.462588	0.397405	0.445550	0.428210	0.459486	0.429946	0.426470	0.402690	
120	0.445850	0.443347	0.464571	0.405128	0.445520	0.426170	0.461198	0.423450	0.439257	0.410477	
125	0.444457	0.446360	0.474574	0.414247	0.447270	0.432254	0.461533	0.432451	0.444257	0.415165	
130	0.440477	0.451950	0.472919	0.407581	0.441550	0.427613	0.462755	0.432998	0.448778	0.421252	
135	0.442682	0.450540	0.472739	0.409327	0.444129	0.434151	0.455179	0.435671	0.452209	0.417146	
140	0.441877	0.446610	0.473288	0.416647	0.449977	0.431567	0.460370	0.431416	0.448539	0.420440	
145	0.443657	0.449713	0.472071	0.421199	0.448806	0.431619	0.455460	0.429328	0.453824	0.431596	
150	0.446313	0.449031	0.472788	0.426422	0.445997	0.431364	0.455102	0.431685	0.459421	0.430726	
155	0.443521	0.446357	0.477209	0.421978	0.440444	0.428539	0.452600	0.429586	0.452635	0.427078	
160	0.441130	0.444963	0.471883	0.419083	0.445087	0.427197	0.450310	0.426299	0.452172	0.426286	
165	0.441947	0.445998	0.466300	0.418324	0.443584	0.429474	0.457365	0.425696	0.443249	0.428970	
170	0.440135	0.444717	0.470458	0.422398	0.440226	0.426700	0.454739	0.427362	0.433967	0.432071	
175	0.437043	0.443249	0.456900	0.421342	0.433905	0.425350	0.453188	0.429683	0.431944	0.425831	
180	0.431312	0.449204	0.459841	0.418853	0.434913	0.423662	0.450240	0.433382	0.434726	0.422455	
185	0.422438	0.451406	0.463988	0.414635	0.428158	0.426734	0.454417	0.436548	0.431501	0.411920	
190	0.421871	0.438647	0.461383	0.412319	0.424670	0.422803	0.453990	0.436830	0.430373	0.412629	
195	0.422942	0.433130	0.461095	0.400514	0.423874	0.424520	0.454197	0.431209	0.424776	0.413004	
200	0.424428	0.429127	0.457634	0.397823	0.421297	0.423994	0.457777	0.427567	0.424181	0.403557	
205	0.420952	0.419485	0.455963	0.394585	0.419821	0.420314	0.450966	0.424350	0.423951	0.403762	
210	0.427867	0.418139	0.455887	0.407893	0.415895	0.416325	0.446920	0.425894	0.417987	0.401232	
215	0.423340	0.417797	0.453386	0.399363	0.415558	0.414663	0.442775	0.431883	0.422418	0.402384	
220	0.417413	0.417956	0.447894	0.395374	0.422974	0.412912	0.438603	0.437102	0.418634	0.405927	
225	0.422740	0.418601	0.440309	0.395310	0.418013	0.420608	0.431244	0.432992	0.412237	0.403918	
230	0.422602	0.415878	0.438707	0.393473	0.419223	0.423308	0.435421	0.431755	0.403827	0.409786	
235	0.420173	0.418623	0.439973	0.392417	0.421301	0.425664	0.432219	0.434445	0.405203	0.410125	
240	0.411845	0.422130	0.440837	0.393755	0.424808	0.419883	0.428013	0.432942	0.405391	0.404477	
245	0.417286	0.416976	0.439852	0.393958	0.426953	0.414697	0.426200	0.427447	0.410640	0.400779	
250	0.416828	0.416305	0.434222	0.388159	0.422784	0.414589	0.418191	0.419113	0.410472	0.405967	
255	0.418180	0.418177	0.431266	0.379979	0.417246	0.414167	0.415768	0.414223	0.401326	0.403796	
260	0.421697	0.408576	0.430540	0.383190	0.415798	0.406851	0.419309	0.413799	0.403611	0.398311	
265	0.418308	0.401076	0.428036	0.382629	0.416797	0.410076	0.419312	0.413009	0.406064	0.402870	
270	0.416912	0.407351	0.432715	0.386528	0.419570	0.413059	0.419259	0.407918	0.411581	0.406204	
275	0.415056	0.413400	0.431520	0.385789	0.418638	0.411558	0.417867	0.402393	0.416186	0.395313	
280	0.411167	0.415476	0.434796	0.388635	0.419383	0.414327	0.415338	0.399418	0.414064	0.395861	
285	0.415802	0.415628	0.431493	0.390058	0.420301	0.416547	0.418048	0.404455	0.410078	0.387608	
290	0.412307	0.409232	0.434502	0.387881	0.425005	0.409561	0.415533	0.400004	0.411283	0.387784	
295	0.419451	0.410285	0.437298	0.388278	0.430555	0.406510	0.413954	0.395435	0.407376	0.394321	
300	0.420474	0.406864	0.437280	0.387327	0.427573	0.412056	0.407084	0.397063	0.409888	0.399941	
305	0.419271	0.408001	0.436193	0.390224	0.434159	0.411890	0.410331	0.394328	0.414453	0.397253	
310	0.408587	0.412982	0.435175	0.396323	0.433290	0.411936	0.411098	0.400431	0.404892	0.395311	
315	0.405781	0.409903	0.439255	0.386162	0.430482	0.410651	0.410259	0.397752	0.402727	0.402396	
320	0.402099	0.411876	0.428341	0.388423	0.434043	0.412636	0.402343	0.402128	0.400256	0.397399	
325	0.405867	0.416909	0.421679	0.391067	0.431389	0.411873	0.399533	0.398937	0.401653	0.392778	
330	0.401925	0.413645	0.424100	0.391440	0.422729	0.417035	0.401209	0.400104	0.400780	0.391947	
335	0.402299	0.414179	0.423440	0.392588	0.424166	0.415444	0.405734	0.402606	0.399033	0.382660	
340	0.402657	0.409147	0.418952	0.402075	0.428162	0.411702	0.407013	0.402613	0.401640	0.381299	
345	0.406225	0.408317	0.415979	0.396667	0.430950	0.408422	0.411803	0.401369	0.397261	0.380613	
350	0.411483	0.407730	0.407251	0.393834	0.430134	0.407230	0.411847	0.404059	0.398821	0.387400	
355	0.406476	0.415535	0.405365	0.393172	0.421839	0.413583	0.410944	0.410188	0.397292	0.385725	
360	0.404023	0.424634	0.406099	0.389555	0.414696	0.412409	0.417039	0.403640	0.393374	0.378749	
365	0.406593	0.421852	0.406790	0.385150	0.414471	0.408619	0.409341	0.407633	0.399396	0.375497	
370	0.410986	0.426560	0.405243	0.375404	0.418268	0.404504	0.406605	0.397362	0.395568	0.378941	
375	0.413106	0.421654	0.401640	0.372643	0.419605	0.404556	0.406807	0.395672	0.391777	0.374488	
380	0.414618	0.421256	0.398217	0.374906	0.416886	0.405826	0.413326	0.394939	0.387596	0.370975	
385	0.409925	0.421725	0.400298	0.369465	0.424412	0.400979	0.416945	0.398556	0.391316	0.372436	
390	0.408855	0.418274	0.400061	0.374143	0.428475	0.393252	0.413288	0.395014	0.393752	0.377762	
395	0.410493	0.415482	0.406777	0.368438	0.423940	0.392126	0.407569	0.386870	0.391400	0.376349	
400	0.414995	0.421041	0.404173	0.369986	0.422143	0.387548	0.398983	0.378794	0.399208	0.380561	
405	0.409486	0.419359	0.400646	0.367599	0.424148	0.380682	0.398673	0.382701	0.397029	0.379373	
410	0.401843	0.418333	0.393359	0.368763	0.414762	0.386001	0.396467	0.387619	0.397685	0.380515	
415	0.394855	0.424488	0.392476	0.370102	0.410350	0.390670	0.392285	0.394663	0.397083	0.381655	
420	0.394545	0.420996	0.388413	0.373819	0.407318	0.393549	0.393130	0.391732	0.395457	0.383365	
425	0.398470	0.418738	0.383866	0.374158	0.405582	0.392767	0.391291	0.387578	0.396568	0.385308	
430	0.398319	0.420655	0.391392	0.373771	0.401151	0.392817	0.387437	0.381907	0.394034	0.386762	
435	0.395278	0.427011	0.396406	0.368886	0.405437	0.398446	0.386302	0.379026	0.394980	0.395519	
440	0.397697	0.423607	0.402542	0.367409	0.398536	0.403158	0.391045	0.377296	0.394501	0.386754	
445	0.390736	0.423539	0.404680	0.362946	0.404532	0.405200	0.389225	0.381298	0.391284	0.389278	
450	0.386726	0.431630	0.395775	0.366203	0.402349	0.401542	0.393546	0.381557	0.397059	0.390441	
455	0.395360	0.433977	0.401007	0.369144	0.412701	0.402385	0.397272	0.381871	0.399295	0.384529	
460	0.392100	0.429021	0.397034	0.368906	0.417498	0.406444	0.396068	0.386606	0.398135	0.383604	
465	0.392092	0.427416	0.402168	0.366214	0.409697	0.404373	0.392892	0.382509	0.397687	0.383436	
470	0.392155	0.419907	0.405962	0.366863	0.415014	0.408189	0.391759	0.385233	0.390811	0.385533	
475	0.386367	0.417300	0.399951	0.371255	0.408722	0.408095	0.387766	0.380822	0.387436	0.389070	
480	0.390685	0.416762	0.403845	0.371980	0.413842	0.404248	0.389612	0.378836	0.385670	0.387784	
485	0.389791	0.414431	0.409969	0.375016	0.406857	0.411679	0.387972	0.381971	0.382958	0.383808	
490	0.396219	0.416163	0.411478	0.375203	0.407555	0.408644	0.388706	0.387346	0.383752	0.383605	
495	0.399128	0.415319	0.411947	0.376587	0.402600	0.407423	0.392705	0.386425	0.380172	0.388906	
500	0.398685	0.415485	0.417263	0.378307	0.399228	0.414011	0.398040	0.384826	0.381871	0.390812	
505	0.403048	0.411976	0.418553	0.378991	0.401841	0.412533	0.395289	0.381709	0.385121	0.384460	
510	0.408680	0.414859	0.416427	0.382383	0.395210	0.415131	0.398951	0.384008	0.384048	0.381990	
515	0.407614	0.413994	0.418148	0.377858	0.391389	0.417951	0.403465	0.391619	0.382154	0.381987	
520	0.408127	0.413944	0.418395	0.374617	0.401870	0.421928	0.398360	0.390396	0.384120	0.378316	
525	0.414529	0.403413	0.410470	0.378486	0.409308	0.424077	0.396077	0.393587	0.388106	0.376896	
530	0.408521	0.398529	0.407176	0.379005	0.407054	0.427896	0.397181	0.396611	0.385731	0.371317	
535	0.413285	0.401715	0.407192	0.380495	0.401624	0.425790	0.399333	0.401045	0.386582	0.373225	
540	0.411774	0.403572	0.403144	0.380602	0.401368	0.424586	0.400269	0.401885	0.393354	0.372735	
545	0.409173	0.397419	0.401676	0.380689	0.397210	0.421375	0.402063	0.398367	0.392183	0.375017	
550	0.406803	0.393088	0.398304	0.377860	0.398720	0.419158	0.400262	0.392145	0.388367	0.372479	
555	0.403026	0.396164	0.404722	0.378235	0.396769	0.417065	0.406534	0.388981	0.390878	0.372288	
560	0.399173	0.397251	0.403829	0.382007	0.388739	0.418592	0.398531	0.390080	0.388470	0.374956	
565	0.402863	0.399575	0.408174	0.384685	0.386893	0.415564	0.396996	0.391295	0.391578	0.377787	
570	0.402206	0.396062	0.410897	0.382244	0.386799	0.419092	0.398943	0.390284	0.394104	0.376543	
575	0.397268	0.389153	0.407513	0.378778	0.382292	0.413706	0.406414	0.385845	0.390766	0.379341	
580	0.398589	0.391341	0.407349	0.375174	0.382357	0.411677	0.412327	0.387482	0.391659	0.381049	
585	0.397131	0.393451	0.410956	0.372262	0.386857	0.411604	0.415066	0.391634	0.393327	0.375300	
590	0.400388	0.400315	0.403872	0.377010	0.386633	0.413389	0.415478	0.392905	0.393465	0.371325	
595	0.406783	0.399442	0.408850	0.376258	0.385460	0.411089	0.409341	0.394381	0.387169	0.373939	
600	0.400491	0.398851	0.410743	0.375709	0.386280	0.409455	0.408784	0.384444	0.382759	0.374498	
605	0.391569	0.394356	0.412514	0.376823	0.388217	0.408081	0.411056	0.392729	0.375936	0.371344	
610	0.385811	0.401990	0.415174	0.376035	0.386811	0.410805	0.412719	0.393864	0.375748	0.372800	
615	0.386431	0.399219	0.416871	0.375207	0.388640	0.410227	0.412627	0.389117	0.367193	0.373134	
620	0.381853	0.396938	0.417161	0.366769	0.392942	0.405954	0.414509	0.399145	0.370541	0.376911	
625	0.385976	0.392942	0.408751	0.370565	0.391259	0.402230	0.416696	0.399075	0.375019	0.379266	
630	0.384694	0.388172	0.409036	0.369398	0.389039	0.399827	0.411903	0.389075	0.373151	0.382225	
635	0.377972	0.383888	0.407142	0.375283	0.383094	0.397741	0.410684	0.386345	0.375164	0.380492	
640	0.377721	0.384717	0.413374	0.369492	0.381642	0.399627	0.406990	0.385204	0.372823	0.382323	
645	0.378304	0.386152	0.412011	0.372777	0.387474	0.409698	0.407429	0.383278	0.379133	0.387703	
650	0.380816	0.389169	0.411391	0.374093	0.386448	0.405735	0.410526	0.390159	0.379724	0.382459	
655	0.381839	0.385560	0.411053	0.378796	0.381393	0.405763	0.400977	0.395283	0.380363	0.390116	
660	0.383739	0.384852	0.411723	0.378291	0.381232	0.400922	0.399660	0.391810	0.380029	0.389013	
665	0.375872	0.390592	0.402572	0.378199	0.378679	0.399489	0.395537	0.394051	0.383763	0.389311	
670	0.374398	0.391268	0.401107	0.379503	0.372871	0.402124	0.399067	0.386797	0.386517	0.389532	
675	0.368175	0.397334	0.400966	0.374845	0.377508	0.396244	0.399452	0.384802	0.386109	0.390159	
680	0.370875	0.397531	0.406925	0.376118	0.379790	0.396920	0.399926	0.388915	0.394081	0.386221	
685	0.373150	0.397799	0.407487	0.375984	0.379646	0.393060	0.399656	0.391334	0.395171	0.386466	
690	0.372451	0.398896	0.409868	0.375320	0.380308	0.395330	0.398397	0.393884	0.397531	0.389701	
695	0.374596	0.390746	0.408219	0.377162	0.378407	0.391031	0.398869	0.389445	0.393626	0.393465	
700	0.375495	0.392160	0.405542	0.375291	0.374558	0.390347	0.404708	0.388947	0.391317	0.391944	
705	0.369755	0.385735	0.416324	0.375960	0.375816	0.391056	0.403247	0.389255	0.387912	0.390170	
710	0.366820	0.391290	0.420654	0.378557	0.375043	0.388765	0.393068	0.385622	0.388319	0.383973	
715	0.364830	0.392157	0.420479	0.376664	0.372085	0.389212	0.393206	0.385067	0.393010	0.383040	
720	0.367151	0.393809	0.422074	0.378370	0.379436	0.385538	0.395821	0.385689	0.391731	0.382463	
725	0.370729	0.392948	0.418060	0.377664	0.382136	0.391371	0.398308	0.385526	0.388285	0.376320	
730	0.377213	0.389902	0.418958	0.380905	0.381898	0.389758	0.400516	0.392989	0.393399	0.379627	
735	0.378373	0.395664	0.424958	0.383784	0.380929	0.390283	0.397200	0.397613	0.393983	0.378367	
740	0.385026	0.391941	0.421584	0.379633	0.377807	0.391593	0.392874	0.399310	0.392026	0.375093	
745	0.384427	0.389510	0.425852	0.380173	0.376835	0.392707	0.395967	0.402205	0.391944	0.380355	
750	0.389627	0.380386	0.423100	0.378001	0.376622	0.388088	0.403919	0.400740	0.391595	0.383941	
755	0.391386	0.384801	0.422929	0.381991	0.381126	0.389210	0.404800	0.401527	0.387346	0.389482	
760	0.401951	0.384763	0.421803	0.376999	0.382892	0.392595	0.403513	0.405706	0.386623	0.394316	
765	0.401373	0.388185	0.419598	0.379247	0.385311	0.395052	0.407213	0.395975	0.387179	0.395417	
770	0.406447	0.386872	0.415003	0.390742	0.383916	0.396031	0.413623	0.400629	0.390589	0.399033	
775	0.401902	0.392632	0.418929	0.393200	0.388865	0.394098	0.407372	0.399103	0.389820	0.401143	
780	0.399874	0.385929	0.411702	0.395562	0.390513	0.393673	0.408881	0.393063	0.387052	0.395254	
785	0.400147	0.388147	0.411613	0.388103	0.386961	0.389444	0.402713	0.396970	0.386261	0.392743	
790	0.397884	0.385008	0.410220	0.383613	0.385649	0.389029	0.400436	0.400539	0.379691	0.389959	
795	0.395579	0.388780	0.409657	0.377208	0.385995	0.391758	0.393554	0.392108	0.378014	0.393460	
800	0.393561	0.390182	0.407450	0.375882	0.376782	0.389579	0.389980	0.385599	0.371220	0.394402	
805	0.401816	0.392857	0.406301	0.378735	0.378710	0.386862	0.389114	0.390461	0.372981	0.386544	
810	0.402333	0.391040	0.405058	0.381536	0.376010	0.389033	0.390118	0.390008	0.379870	0.387794	
815	0.404937	0.390811	0.402412	0.380892	0.376513	0.396000	0.387353	0.395509	0.383323	0.384687	
820	0.403425	0.395284	0.404305	0.381868	0.377853	0.394919	0.387712	0.396531	0.378259	0.387985	
825	0.402321	0.395867	0.402984	0.375891	0.382058	0.394551	0.385795	0.393005	0.375405	0.387878	
830	0.402646	0.398176	0.404363	0.378007	0.383417	0.396417	0.388139	0.393565	0.374148	0.377083	
835	0.401013	0.403370	0.401353	0.375351	0.386656	0.391148	0.385111	0.389355	0.377690	0.377756	
840	0.399702	0.404949	0.401287	0.377305	0.386688	0.392163	0.381198	0.399257	0.379286	0.372677	
845	0.398147	0.398763	0.400536	0.375108	0.392104	0.392533	0.380829	0.402199	0.380731	0.379673	
850	0.396650	0.402024	0.404083	0.374432	0.388653	0.394323	0.381430	0.407668	0.373478	0.382305	
855	0.399435	0.396372	0.399601	0.375766	0.387415	0.387510	0.377520	0.409178	0.374039	0.383502	
860	0.398298	0.393872	0.396901	0.374367	0.381395	0.393836	0.377808	0.404159	0.374579	0.386416	
865	0.392899	0.392118	0.394719	0.376019	0.379956	0.403351	0.379730	0.404030	0.377725	0.388597	
870	0.386455	0.394781	0.391558	0.376112	0.377365	0.404315	0.382939	0.400591	0.374877	0.382683	
875	0.389148	0.402289	0.389054	0.374642	0.373184	0.404789	0.383655	0.400756	0.372195	0.380258	
880	0.392073	0.407698	0.388790	0.373018	0.376683	0.400734	0.381225	0.403331	0.373180	0.381862	
885	0.391705	0.402465	0.388787	0.370708	0.376692	0.398610	0.380464	0.401622	0.372240	0.379031	
890	0.389628	0.397122	0.390602	0.378657	0.378134	0.395606	0.379165	0.399502	0.370462	0.383527	
895	0.385852	0.392802	0.390019	0.379151	0.381574	0.402787	0.379566	0.403938	0.373514	0.375642	
900	0.382164	0.391679	0.390192	0.383022	0.388644	0.401503	0.382250	0.401675	0.375556	0.373987	
905	0.377208	0.392481	0.387093	0.383093	0.391937	0.398371	0.378501	0.401826	0.375201	0.373350	
910	0.372912	0.396702	0.391872	0.387027	0.389465	0.398779	0.374641	0.394844	0.376341	0.372068	
915	0.374821	0.390796	0.386846	0.385913	0.383249	0.397488	0.375074	0.396556	0.371975	0.373209	
920	0.371400	0.390584	0.390220	0.383937	0.382080	0.400517	0.371772	0.395837	0.366275	0.370080	
925	0.376206	0.393926	0.386803	0.389404	0.384306	0.399499	0.370050	0.393168	0.368473	0.364976	
930	0.387472	0.391526	0.394540	0.390261	0.385989	0.399989	0.365497	0.396863	0.364467	0.361627	
935	0.385979	0.393618	0.391855	0.390924	0.383369	0.397412	0.371315	0.400353	0.359563	0.365060	
940	0.385106	0.393127	0.391691	0.384262	0.385670	0.401967	0.377282	0.402519	0.357265	0.363894	
945	0.392564	0.397329	0.390024	0.382923	0.385299	0.406308	0.378286	0.408553	0.359144	0.363947	
950	0.389277	0.399829	0.397536	0.385882	0.384825	0.407710	0.375556	0.403274	0.357992	0.370403	
955	0.391606	0.400053	0.397964	0.381082	0.384089	0.407355	0.381618	0.403743	0.359832	0.365393	
960	0.392067	0.399696	0.397230	0.383112	0.390458	0.406306	0.383258	0.397582	0.361701	0.364540	
965	0.388117	0.399360	0.399554	0.382140	0.394514	0.411023	0.389341	0.397264	0.367477	0.370407	
970	0.388714	0.398004	0.398747	0.383058	0.393327	0.412890	0.383981	0.393634	0.367805	0.366566	
975	0.396493	0.392364	0.392585	0.380255	0.389934	0.411756	0.382045	0.388537	0.368019	0.364679	
980	0.399326	0.390202	0.390298	0.381837	0.387997	0.415368	0.384109	0.392109	0.369222	0.366949	
985	0.398256	0.386174	0.390498	0.386040	0.387753	0.410710	0.388317	0.394425	0.378444	0.367998	
990	0.394729	0.384583	0.391100	0.384673	0.386097	0.416989	0.381929	0.392233	0.372410	0.369396	
995	0.396574	0.392783	0.392536	0.382348	0.389678	0.420153	0.385758	0.399159	0.381323	0.371741	
1000	0.393903	0.394858	0.392301	0.378126	0.389698	0.419494	0.386391	0.395011	0.384911	0.369883	
1005	0.394441	0.394383	0.395826	0.383761	0.387090	0.417745	0.385000	0.391289	0.394334	0.375897	
1010	0.393554	0.399084	0.394679	0.384502	0.390508	0.411953	0.389437	0.387152	0.390611	0.384004	
1015	0.384385	0.397312	0.396853	0.393025	0.392701	0.409149	0.388471	0.386961	0.389632	0.379640	
1020	0.385682	0.401783	0.401294	0.390435	0.393159	0.409347	0.390277	0.382424	0.385436	0.383829	
1025	0.389694	0.403307	0.406958	0.386916	0.397775	0.411609	0.387781	0.378478	0.388600	0.383871	
1030	0.391240	0.395814	0.402150	0.388572	0.401533	0.416578	0.382391	0.380571	0.384872	0.380843	
1035	0.389157	0.395483	0.401202	0.392425	0.404237	0.419344	0.382217	0.386469	0.387641	0.379825	
1040	0.392259	0.396483	0.403440	0.391917	0.396088	0.424869	0.384430	0.385071	0.389565	0.378361	
1045	0.395553	0.394610	0.406531	0.392280	0.394477	0.427178	0.384086	0.378317	0.394960	0.378533	
1050	0.393622	0.395083	0.400981	0.393315	0.397046	0.423219	0.382195	0.379418	0.391879	0.376981	
1055	0.389899	0.402617	0.403765	0.394544	0.402375	0.425684	0.380550	0.389585	0.390353	0.377511	
1060	0.387021	0.402855	0.408207	0.400538	0.396029	0.422400	0.382407	0.394316	0.389302	0.376501	
1065	0.386892	0.405640	0.412805	0.391780	0.400494	0.421455	0.379432	0.386089	0.393455	0.371162	
1070	0.376325	0.406001	0.410480	0.389540	0.402339	0.425021	0.383932	0.380633	0.395547	0.373924	
1075	0.374840	0.410014	0.411469	0.384629	0.402370	0.423933	0.379118	0.384778	0.390979	0.378591	
1080	0.369376	0.412874	0.414935	0.390655	0.401345	0.422626	0.379992	0.389829	0.391850	0.377468	
1085	0.369826	0.416411	0.409849	0.390705	0.401100	0.423434	0.381877	0.388784	0.388117	0.377831	
1090	0.368139	0.412300	0.416526	0.389540	0.399576	0.415848	0.377224	0.391162	0.386485	0.379975	
1095	0.375369	0.412866	0.413041	0.382624	0.402260	0.416629	0.380800	0.388320	0.384104	0.379475	
1100	0.374133	0.408630	0.398194	0.382578	0.400371	0.415272	0.383095	0.384961	0.382357	0.379508	
1105	0.375955	0.401099	0.399064	0.382541	0.400734	0.412328	0.378154	0.383575	0.385989	0.380765	
1110	0.370212	0.396724	0.401846	0.383911	0.398003	0.403440	0.372195	0.385993	0.393271	0.381721	
1115	0.369375	0.402429	0.402095	0.382757	0.398460	0.407965	0.373155	0.381491	0.397819	0.382982	
1120	0.372902	0.408248	0.400825	0.377661	0.404933	0.405510	0.377007	0.385651	0.399462	0.375777	
1125	0.378632	0.412965	0.404146	0.374286	0.400533	0.408603	0.379188	0.388302	0.398783	0.373816	
1130	0.384520	0.408849	0.406588	0.378562	0.401477	0.402725	0.381747	0.384659	0.396939	0.375549	
1135	0.387631	0.410794	0.405092	0.379565	0.401575	0.400324	0.377212	0.383117	0.394420	0.377788	
1140	0.386264	0.407782	0.405320	0.385956	0.403354	0.398528	0.377226	0.386860	0.390217	0.380643	
1145	0.383415	0.406540	0.402896	0.385217	0.400705	0.396671	0.376044	0.387537	0.386283	0.389996	
1150	0.384614	0.405247	0.405336	0.387458	0.402278	0.399244	0.369535	0.392914	0.382453	0.388497	
1155	0.385979	0.409514	0.402672	0.381683	0.401352	0.398535	0.375305	0.396295	0.378982	0.392887	
1160	0.387373	0.407330	0.400667	0.384899	0.409280	0.399824	0.372869	0.395825	0.382192	0.391674	
1165	0.391325	0.402366	0.395125	0.386977	0.410405	0.396071	0.367363	0.393667	0.377802	0.389253	
1170	0.384119	0.401109	0.393664	0.378155	0.412278	0.401870	0.373046	0.396209	0.381927	0.385141	
1175	0.386734	0.398794	0.404255	0.378381	0.406114	0.408293	0.368485	0.393604	0.374744	0.389796	
1180	0.384076	0.401213	0.402498	0.381675	0.406258	0.407124	0.368202	0.400307	0.373823	0.386746	
1185	0.381613	0.392971	0.400340	0.383147	0.405289	0.406325	0.367450	0.398618	0.368787	0.387484	
1190	0.375252	0.388520	0.402279	0.381884	0.408707	0.410016	0.368733	0.400847	0.368905	0.383152	
1195	0.372689	0.390700	0.398805	0.383630	0.406981	0.404490	0.369147	0.397927	0.368543	0.380352	
1200	0.372056	0.393699	0.398549	0.376817	0.403525	0.403982	0.374532	0.394920	0.366301	0.380226	
1205	0.375750	0.396610	0.399770	0.384491	0.401385	0.405130	0.370361	0.393386	0.364210	0.377334	
1210	0.380571	0.396201	0.393689	0.384979	0.395489	0.410236	0.373158	0.397074	0.362501	0.377044	
1215	0.383438	0.398282	0.393384	0.381763	0.402863	0.404092	0.372350	0.398874	0.368237	0.381528	
1220	0.380169	0.398975	0.394526	0.379274	0.400532	0.407612	0.376093	0.399468	0.368906	0.376401	
1225	0.380642	0.398950	0.393403	0.375185	0.401300	0.410638	0.378061	0.399636	0.368847	0.377284	
1230	0.377067	0.405197	0.399458	0.376216	0.401810	0.408163	0.372762	0.398583	0.365008	0.382863	
1235	0.379656	0.404033	0.401805	0.375660	0.402296	0.404647	0.368147	0.398327	0.374265	0.390259	
1240	0.382941	0.396777	0.405720	0.376320	0.401187	0.403699	0.362273	0.397128	0.375250	0.390772	
1245	0.388654	0.401800	0.403343	0.383242	0.400685	0.403366	0.358284	0.399620	0.368667	0.396386	
1250	0.386448	0.398953	0.405294	0.384627	0.407151	0.397154	0.358322	0.400460	0.372327	0.397523	
1255	0.382046	0.396304	0.403658	0.380194	0.405046	0.395805	0.360214	0.402800	0.376905	0.395012	
1260	0.375035	0.397391	0.408829	0.381516	0.407671	0.395429	0.361974	0.402044	0.375517	0.394373	
1265	0.371750	0.395623	0.409371	0.378290	0.402149	0.396348	0.363378	0.401672	0.380344	0.392780	
1270	0.369588	0.388323	0.403614	0.377978	0.401346	0.397055	0.362207	0.398366	0.381303	0.394168	
1275	0.367543	0.389255	0.402791	0.372887	0.397256	0.396452	0.363500	0.407519	0.374891	0.394969	
1280	0.368206	0.388265	0.399614	0.371434	0.398747	0.405198	0.370780	0.405788	0.377676	0.392484	
1285	0.366551	0.386735	0.391107	0.371423	0.393065	0.407170	0.368986	0.398942	0.376509	0.397080	
1290	0.374521	0.393703	0.389303	0.369425	0.388999	0.408375	0.369407	0.396069	0.373188	0.394959	
1295	0.380479	0.389282	0.388959	0.368823	0.388276	0.402587	0.372825	0.394409	0.373772	0.396425	
1300	0.380422	0.390574	0.382566	0.368527	0.391544	0.408915	0.372399	0.398619	0.374624	0.388172	
1305	0.379225	0.389090	0.377498	0.374170	0.386556	0.404017	0.377537	0.394369	0.378433	0.386058	
1310	0.381070	0.392476	0.381388	0.378384	0.390281	0.404356	0.374907	0.387653	0.379354	0.387549	
1315	0.379054	0.396421	0.383717	0.380488	0.388585	0.410358	0.377454	0.388525	0.384526	0.387051	
1320	0.379696	0.393274	0.388034	0.382192	0.390723	0.414121	0.376422	0.388916	0.381190	0.388208	
1325	0.376978	0.395357	0.392260	0.383671	0.387267	0.409595	0.374339	0.385441	0.382841	0.390980	
1330	0.373585	0.396909	0.392064	0.382574	0.387873	0.405368	0.372778	0.387041	0.387205	0.390427	
1335	0.379730	0.390060	0.388340	0.379207	0.387826	0.401649	0.374087	0.386187	0.384780	0.393386	
1340	0.372515	0.400165	0.387080	0.386077	0.385316	0.404649	0.379322	0.390447	0.380354	0.383255	
1345	0.371022	0.399642	0.385088	0.390221	0.388237	0.398377	0.387158	0.394132	0.384906	0.387315	
1350	0.369207	0.402115	0.384042	0.384528	0.390382	0.396772	0.384477	0.395309	0.387053	0.391636	
1355	0.369057	0.394582	0.383834	0.379992	0.389251	0.399007	0.385556	0.396648	0.392495	0.392782	
1360	0.378380	0.391603	0.381402	0.385344	0.387674	0.398416	0.382473	0.392926	0.392889	0.386638	
1365	0.385826	0.396266	0.379040	0.386320	0.388818	0.394483	0.381745	0.391295	0.396433	0.391264	
1370	0.380148	0.394205	0.377250	0.383439	0.386701	0.399001	0.382904	0.393979	0.388967	0.392734	
1375	0.387729	0.393590	0.379321	0.385235	0.386675	0.395470	0.383411	0.389620	0.386079	0.402599	
1380	0.390386	0.399743	0.379192	0.388814	0.390754	0.396112	0.384186	0.390039	0.385639	0.398933	
1385	0.396381	0.402729	0.382866	0.390099	0.392875	0.404428	0.384807	0.390471	0.386240	0.396244	
1390	0.395784	0.405383	0.381439	0.388243	0.395873	0.393590	0.380967	0.394679	0.387030	0.395942	
1395	0.395876	0.403199	0.377339	0.387868	0.397959	0.388031	0.373997	0.393882	0.386417	0.393722	
1400	0.397739	0.400766	0.374222	0.384708	0.399642	0.390804	0.372886	0.397892	0.379556	0.393664	
1405	0.407883	0.400373	0.376138	0.389157	0.398598	0.386196	0.367684	0.401808	0.380782	0.398385	
1410	0.410291	0.397828	0.372281	0.392403	0.401203	0.387574	0.372010	0.399568	0.383126	0.403359	
1415	0.411691	0.396128	0.371601	0.382626	0.403736	0.384166	0.375020	0.400151	0.385294	0.403323	
1420	0.419918	0.390828	0.369586	0.385479	0.406381	0.388127	0.377155	0.398958	0.389705	0.398174	
1425	0.417466	0.402300	0.364142	0.386884	0.400020	0.386888	0.378953	0.401726	0.395273	0.402580	
1430	0.418870	0.399980	0.365240	0.382831	0.400928	0.383725	0.375347	0.402286	0.388852	0.399281	
1435	0.420977	0.397604	0.370988	0.384018	0.400835	0.378633	0.377930	0.397509	0.385364	0.397053	
1440	0.421303	0.398374	0.371701	0.392364	0.404421	0.381689	0.381917	0.396262	0.384538	0.396966	
1445	0.425289	0.400808	0.372840	0.391023	0.401899	0.384168	0.382522	0.400568	0.383613	0.398322	
1450	0.424415	0.399743	0.369226	0.386240	0.408706	0.385363	0.385903	0.402695	0.383601	0.396061	
1455	0.428428	0.396065	0.377246	0.379103	0.404962	0.390436	0.382250	0.398533	0.386294	0.392946	
1460	0.425155	0.395746	0.382385	0.377674	0.405914	0.385921	0.378092	0.393053	0.383742	0.393638	
1465	0.422324	0.396498	0.376407	0.378734	0.401530	0.387089	0.382007	0.389709	0.377146	0.392722	
1470	0.420175	0.396283	0.373853	0.379703	0.406620	0.385686	0.380332	0.392651	0.372402	0.393433	
1475	0.418901	0.397453	0.366580	0.378761	0.406630	0.382978	0.376464	0.388580	0.370340	0.397071	
1480	0.418290	0.402283	0.363009	0.375458	0.402543	0.380133	0.379190	0.385693	0.370161	0.398578	
1485	0.418725	0.406775	0.361228	0.371571	0.398604	0.375696	0.372473	0.388229	0.377168	0.400960	
1490	0.420978	0.404751	0.364171	0.373993	0.398363	0.373557	0.378223	0.388255	0.383947	0.391831	
1495	0.416862	0.399504	0.360780	0.379151	0.391333	0.369909	0.386807	0.387457	0.385084	0.394039	
1500	0.407102	0.396398	0.363287	0.384561	0.399115	0.373482	0.389757	0.389546	0.377296	0.397847	
1505	0.411995	0.395741	0.363834	0.383992	0.396036	0.375283	0.391491	0.384757	0.378155	0.399055	
1510	0.413546	0.392775	0.363122	0.381089	0.395490	0.374634	0.391920	0.387773	0.375608	0.400221	
1515	0.411761	0.393326	0.364891	0.379779	0.395012	0.375682	0.380543	0.390507	0.378117	0.396905	
1520	0.405897	0.395391	0.370067	0.379614	0.390080	0.376931	0.380043	0.390014	0.389307	0.390380	
1525	0.403394	0.401866	0.369084	0.377263	0.380574	0.376093	0.384892	0.384777	0.383567	0.388786	
1530	0.406585	0.405897	0.371675	0.377168	0.383923	0.379231	0.388032	0.388132	0.380988	0.387264	
1535	0.407492	0.402871	0.373765	0.372505	0.387080	0.377040	0.383532	0.382745	0.382167	0.383894	
1540	0.408419	0.399592	0.371225	0.378065	0.385210	0.381395	0.388110	0.386922	0.381215	0.383281	
1545	0.408736	0.388121	0.374586	0.378149	0.386411	0.383009	0.384467	0.384068	0.378209	0.387689	
1550	0.406297	0.395387	0.376837	0.378912	0.380033	0.384710	0.394225	0.382350	0.373492	0.388313	
1555	0.411786	0.391258	0.376541	0.380109	0.376656	0.384242	0.394227	0.381718	0.373459	0.393790	
1560	0.406723	0.390668	0.369656	0.379667	0.383780	0.391853	0.391174	0.383005	0.374144	0.390241	
1565	0.407920	0.399587	0.373602	0.376686	0.378348	0.386434	0.393489	0.382141	0.373619	0.384766	
1570	0.408878	0.403628	0.377738	0.382182	0.379313	0.386268	0.391841	0.381577	0.372758	0.387697	
1575	0.411925	0.405301	0.373324	0.383432	0.378500	0.387363	0.389893	0.381885	0.376554	0.385292	
1580	0.410019	0.403689	0.368573	0.387872	0.380545	0.383973	0.387865	0.386593	0.379039	0.392144	
1585	0.403898	0.402736	0.370979	0.383064	0.373777	0.375706	0.388081	0.390901	0.383972	0.388893	
1590	0.401222	0.401705	0.366608	0.387077	0.371750	0.381553	0.387723	0.390923	0.384745	0.390897	
1595	0.392190	0.400860	0.364003	0.388821	0.371222	0.383256	0.391422	0.394541	0.390084	0.391477	
1600	0.392796	0.398444	0.367140	0.388055	0.370875	0.387893	0.389508	0.396116	0.389680	0.394900	
1605	0.391025	0.401789	0.364365	0.393776	0.374289	0.380161	0.387414	0.395053	0.388245	0.388383	
1610	0.388947	0.396534	0.362909	0.390447	0.378514	0.382794	0.390312	0.393999	0.384859	0.391465	
1615	0.387810	0.385787	0.365308	0.395192	0.380648	0.383665	0.386024	0.393493	0.391279	0.388837	
1620	0.393770	0.387322	0.369879	0.387706	0.381939	0.381696	0.383029	0.396565	0.391173	0.388344	
1625	0.391136	0.387750	0.367330	0.391759	0.376443	0.382745	0.384262	0.396662	0.394402	0.386360	
1630	0.394436	0.391641	0.367622	0.394631	0.380762	0.384390	0.385308	0.393145	0.394492	0.388792	
1635	0.389235	0.386619	0.372939	0.394490	0.382194	0.379560	0.387053	0.391670	0.394326	0.386171	
1640	0.384847	0.388944	0.376452	0.397120	0.380831	0.374968	0.382842	0.389261	0.393634	0.385463	
1645	0.383522	0.387596	0.377290	0.395745	0.381064	0.375408	0.373842	0.390504	0.387629	0.384054	
1650	0.392373	0.388459	0.379484	0.394823	0.380703	0.376467	0.369743	0.390626	0.380507	0.385306	
1655	0.396428	0.388540	0.381665	0.397780	0.386084	0.374554	0.370596	0.392337	0.381883	0.383761	
1660	0.392460	0.396495	0.381945	0.396679	0.387668	0.386758	0.375140	0.397712	0.382812	0.379749	
1665	0.385797	0.396413	0.382302	0.406229	0.389636	0.381821	0.373100	0.391494	0.387344	0.383845	
1670	0.389988	0.402103	0.380646	0.407229	0.386561	0.378617	0.373139	0.389892	0.381971	0.385516	
1675	0.387718	0.391767	0.379857	0.404171	0.382600	0.372837	0.379978	0.390393	0.379790	0.379134	
1680	0.389544	0.379462	0.376553	0.402402	0.382261	0.369426	0.378430	0.392234	0.382772	0.383890	
1685	0.388725	0.379682	0.378396	0.404356	0.382448	0.376196	0.378969	0.391898	0.385536	0.383525	
1690	0.387126	0.382302	0.381042	0.408707	0.385819	0.381094	0.376827	0.390228	0.381738	0.385590	
1695	0.384947	0.380545	0.380557	0.407481	0.381381	0.385194	0.373697	0.390196	0.379751	0.389260	
1700	0.385060	0.374531	0.380857	0.402568	0.388989	0.383761	0.369904	0.390522	0.379909	0.387071	
1705	0.387210	0.373004	0.379571	0.395117	0.382218	0.383114	0.368307	0.382347	0.385155	0.388983	
1710	0.384716	0.372632	0.372324	0.394845	0.379332	0.376272	0.368427	0.388671	0.383200	0.388120	
1715	0.377702	0.378751	0.370851	0.398591	0.379955	0.373442	0.369952	0.393265	0.382488	0.396774	
1720	0.384057	0.384871	0.365917	0.395131	0.384393	0.373139	0.372934	0.389641	0.385309	0.395063	
1725	0.383122	0.387902	0.363808	0.393590	0.384542	0.375846	0.371968	0.394950	0.381637	0.397357	
1730	0.380657	0.385078	0.366343	0.397056	0.384094	0.377638	0.374522	0.391635	0.381507	0.400795	
1735	0.378160	0.383424	0.367425	0.396103	0.386797	0.380803	0.367487	0.381469	0.384084	0.404077	
1740	0.379694	0.378434	0.364317	0.394926	0.382077	0.378803	0.371872	0.388625	0.392255	0.405385	
1745	0.381365	0.384493	0.365015	0.394134	0.386358	0.381889	0.373271	0.392707	0.387959	0.401087	
1750	0.384011	0.388907	0.361099	0.392681	0.391215	0.384932	0.367084	0.394375	0.393405	0.405284	
1755	0.388919	0.389182	0.362159	0.389318	0.388298	0.387998	0.374742	0.387961	0.399736	0.416355	
1760	0.391666	0.390943	0.369311	0.395535	0.388582	0.390814	0.373320	0.387120	0.390653	0.413668	
1765	0.387456	0.392077	0.367897	0.394803	0.396204	0.393276	0.373747	0.384876	0.397007	0.412087	
1770	0.387163	0.390998	0.362819	0.399737	0.398798	0.393114	0.379635	0.389203	0.399979	0.413420	
1775	0.387309	0.388887	0.363964	0.403418	0.396421	0.391865	0.379940	0.396226	0.406219	0.413273	
1780	0.384527	0.385352	0.356838	0.406962	0.391329	0.391851	0.382875	0.400189	0.409822	0.410785	
1785	0.381741	0.382480	0.351199	0.412331	0.391220	0.394946	0.385261	0.398910	0.406524	0.422113	
1790	0.387256	0.379399	0.353980	0.406380	0.393644	0.393119	0.384229	0.396733	0.409006	0.424024	
1795	0.383608	0.380651	0.353894	0.405837	0.393369	0.397315	0.383529	0.393397	0.408772	0.418491	
1800	0.383658	0.383180	0.358309	0.404949	0.394146	0.403843	0.382724	0.397975	0.407230	0.416474	
1805	0.378245	0.379379	0.359146	0.402632	0.390372	0.403919	0.387628	0.398589	0.403820	0.424767	
1810	0.380623	0.376092	0.361910	0.395833	0.392926	0.406675	0.385502	0.400235	0.401315	0.420370	
1815	0.387499	0.373427	0.359843	0.395350	0.389331	0.407558	0.389217	0.400384	0.406092	0.418722	
1820	0.390027	0.370738	0.360360	0.392647	0.385959	0.410748	0.391343	0.399743	0.407730	0.412571	
1825	0.389086	0.372564	0.358650	0.392575	0.386376	0.405522	0.388518	0.402234	0.404760	0.405730	
1830	0.386821	0.374698	0.362366	0.383305	0.385853	0.402572	0.390700	0.402764	0.407801	0.412550	
1835	0.388954	0.378675	0.364702	0.382402	0.388188	0.409824	0.393285	0.404742	0.410274	0.412916	
1840	0.386251	0.377427	0.368526	0.390239	0.382512	0.403530	0.389946	0.403581	0.410507	0.410525	
1845	0.386063	0.374058	0.373932	0.393552	0.383477	0.409693	0.386556	0.404136	0.408180	0.409773	
1850	0.384771	0.370662	0.374823	0.389908	0.382999	0.411784	0.390686	0.402902	0.410701	0.411460	
1855	0.389360	0.366489	0.378082	0.388660	0.387470	0.402165	0.388379	0.405506	0.400103	0.410705	
1860	0.386944	0.370012	0.375142	0.389588	0.383107	0.397613	0.393862	0.404467	0.397095	0.411693	
1865	0.383997	0.366600	0.369929	0.388235	0.389052	0.400936	0.388670	0.401721	0.400718	0.411532	
1870	0.390408	0.362181	0.369128	0.384399	0.388190	0.399822	0.390236	0.402677	0.409892	0.408742	
1875	0.390892	0.363029	0.367458	0.382895	0.381880	0.397473	0.387033	0.409032	0.400302	0.407545	
1880	0.394666	0.366565	0.364911	0.378992	0.383251	0.403366	0.384571	0.407568	0.401183	0.406384	
1885	0.386547	0.368228	0.367081	0.385092	0.386289	0.399310	0.393729	0.400044	0.401898	0.406491	
1890	0.392693	0.366896	0.369992	0.388699	0.385314	0.401649	0.395744	0.402425	0.400628	0.403373	
1895	0.394559	0.368160	0.370466	0.385174	0.383691	0.405332	0.399412	0.404069	0.404733	0.399749	
1900	0.394257	0.371309	0.369371	0.385693	0.381227	0.402141	0.401980	0.395608	0.405323	0.399312	
1905	0.399275	0.373037	0.367535	0.384755	0.379571	0.401004	0.397993	0.402304	0.406275	0.401672	
1910	0.396095	0.371599	0.371735	0.376413	0.384337	0.399995	0.398120	0.398190	0.408886	0.401310	
1915	0.396006	0.374097	0.371537	0.373334	0.378684	0.402230	0.396848	0.396743	0.411989	0.402781	
1920	0.395812	0.380259	0.376925	0.371606	0.381954	0.399725	0.396819	0.386363	0.405069	0.402028	
1925	0.394006	0.386135	0.373465	0.372057	0.380548	0.398005	0.399839	0.383967	0.406274	0.397047	
1930	0.395584	0.381536	0.372444	0.374093	0.377301	0.399137	0.395421	0.385324	0.406381	0.394486	
1935	0.388319	0.374971	0.370271	0.374369	0.373894	0.400476	0.394242	0.388079	0.405641	0.393803	
1940	0.385643	0.369702	0.372843	0.381202	0.371382	0.401277	0.392346	0.390093	0.405331	0.387141	
1945	0.390587	0.368379	0.379517	0.378790	0.368298	0.394331	0.394786	0.388873	0.396833	0.385682	
1950	0.382962	0.358943	0.375120	0.380009	0.371113	0.394251	0.396051	0.393166	0.398029	0.394969	
1955	0.377072	0.354714	0.368925	0.377556	0.377064	0.399341	0.394977	0.398076	0.405688	0.391797	
1960	0.374142	0.358513	0.370305	0.378128	0.373221	0.399020	0.398886	0.393972	0.404773	0.392665	
1965	0.380883	0.356938	0.366883	0.378593	0.374406	0.400670	0.396121	0.397011	0.402568	0.394161	
1970	0.383406	0.359645	0.368691	0.377075	0.373829	0.397511	0.397671	0.392134	0.406039	0.398000	
1975	0.383877	0.355175	0.374397	0.382981	0.374996	0.394298	0.394329	0.391960	0.407636	0.396598	
1980	0.380511	0.362671	0.372002	0.383413	0.374448	0.392545	0.396819	0.388997	0.406616	0.401069	
1985	0.374744	0.365076	0.369708	0.387447	0.374510	0.393844	0.396691	0.384555	0.402762	0.404575	
1990	0.378416	0.370732	0.374975	0.385980	0.376253	0.394870	0.401994	0.378863	0.404362	0.404296	
1995	0.380144	0.362902	0.374889	0.380310	0.374869	0.394663	0.403377	0.378303	0.407023	0.403131	
2000	0.381514	0.363368	0.376301	0.380340	0.377210	0.397796	0.400825	0.373709	0.408357	0.403432	
2005	0.377269	0.364589	0.381322	0.377016	0.378836	0.397426	0.402735	0.378754	0.411758	0.400031	
2010	0.381077	0.364930	0.379372	0.374457	0.381977	0.401459	0.407350	0.383422	0.409869	0.393604	
2015	0.380632	0.367162	0.382467	0.369333	0.380465	0.401988	0.408497	0.381610	0.410045	0.393389	
2020	0.383880	0.365599	0.381396	0.369436	0.380612	0.402469	0.401850	0.376511	0.405510	0.396053	
2025	0.385088	0.370683	0.379382	0.367762	0.377037	0.407510	0.398413	0.377663	0.405432	0.394168	
2030	0.385454	0.371687	0.379691	0.364820	0.378256	0.403041	0.400692	0.379056	0.402425	0.396845	
2035	0.388559	0.365657	0.385753	0.367026	0.374957	0.391077	0.404286	0.374758	0.399297	0.401187	
2040	0.386654	0.369098	0.394275	0.370438	0.373410	0.387077	0.402828	0.373737	0.400197	0.398892	
2045	0.380899	0.368066	0.386449	0.374125	0.376582	0.382534	0.401576	0.372762	0.391412	0.394351	
2050	0.375623	0.370389	0.390885	0.372499	0.377513	0.381074	0.403380	0.372219	0.393133	0.396762	
2055	0.376415	0.373076	0.395881	0.373181	0.378126	0.383819	0.403369	0.370916	0.395506	0.389569	
2060	0.376769	0.370663	0.396975	0.373785	0.372325	0.388735	0.401185	0.373735	0.388984	0.386662	
2065	0.376815	0.369491	0.398480	0.371536	0.376091	0.390195	0.403754	0.378300	0.381406	0.386245	
2070	0.371988	0.385844	0.393735	0.368716	0.374367	0.389670	0.402284	0.374913	0.386049	0.392613	
2075	0.369395	0.381209	0.388243	0.368776	0.371467	0.392849	0.402427	0.372895	0.383038	0.396301	
2080	0.368152	0.378587	0.385025	0.367048	0.370500	0.388311	0.411272	0.373964	0.385425	0.392584	
2085	0.363155	0.380702	0.388103	0.365625	0.373630	0.397594	0.407320	0.375861	0.393611	0.394346	
2090	0.360242	0.381207	0.385871	0.369853	0.380366	0.396001	0.404510	0.382929	0.403267	0.393699	
2095	0.357744	0.379115	0.388028	0.371039	0.374725	0.388031	0.406449	0.386682	0.401002	0.393460	
2100	0.356929	0.379473	0.392079	0.369246	0.379066	0.386880	0.408396	0.384665	0.394844	0.396134	
2105	0.348585	0.370286	0.394524	0.372726	0.376332	0.385978	0.403064	0.381380	0.396604	0.393194	
2110	0.353805	0.372206	0.395148	0.372609	0.375194	0.386336	0.401483	0.378454	0.406374	0.395958	
2115	0.354165	0.370860	0.394280	0.370114	0.377153	0.383949	0.406257	0.379007	0.409424	0.390940	
2120	0.361266	0.370147	0.389025	0.376667	0.382459	0.385497	0.407710	0.380096	0.400607	0.392252	
2125	0.362438	0.372625	0.394236	0.374312	0.386290	0.391433	0.410101	0.381204	0.406416	0.383386	
2130	0.364192	0.375321	0.395993	0.374167	0.384303	0.391167	0.401962	0.375574	0.405110	0.382909	
2135	0.366935	0.385044	0.389508	0.375190	0.387311	0.389910	0.407838	0.373716	0.398420	0.381240	
2140	0.365697	0.381220	0.398075	0.371004	0.387966	0.393852	0.407983	0.378772	0.397632	0.376104	
2145	0.368483	0.375457	0.402046	0.371044	0.387855	0.392301	0.401826	0.381724	0.401128	0.377592	
2150	0.370565	0.369992	0.404381	0.366711	0.380997	0.393101	0.398782	0.373112	0.404653	0.367013	
2155	0.380517	0.374479	0.398318	0.370172	0.379170	0.394981	0.403444	0.376301	0.403259	0.369648	
2160	0.376081	0.375326	0.399337	0.364620	0.376117	0.389549	0.401525	0.381576	0.405564	0.368727	
2165	0.369948	0.368604	0.395436	0.366886	0.384045	0.388157	0.402780	0.378379	0.400131	0.368668	
2170	0.362290	0.371494	0.397674	0.370949	0.385251	0.386631	0.410263	0.377630	0.398810	0.371665	
2175	0.369258	0.372618	0.397327	0.379832	0.383298	0.391044	0.413727	0.382078	0.406243	0.369738	
2180	0.368777	0.369337	0.394295	0.376878	0.379509	0.392613	0.413230	0.375489	0.401392	0.372446	
2185	0.371535	0.369167	0.399186	0.371479	0.377938	0.392170	0.404339	0.383592	0.405348	0.368505	
2190	0.364471	0.378847	0.397047	0.369416	0.378305	0.393987	0.402999	0.381242	0.399941	0.362616	
2195	0.365309	0.377978	0.396520	0.372247	0.369848	0.389341	0.402922	0.379905	0.407096	0.365475	
2200	0.361431	0.376763	0.386126	0.375743	0.370102	0.390291	0.402566	0.387846	0.409489	0.367856	
2205	0.356733	0.376896	0.390710	0.371651	0.375549	0.391036	0.408688	0.389835	0.405187	0.364678	
2210	0.357367	0.379663	0.392142	0.373516	0.371557	0.394008	0.411473	0.391717	0.405244	0.362589	
2215	0.366403	0.379605	0.391093	0.368602	0.373947	0.396497	0.412728	0.392148	0.409441	0.369400	
2220	0.363309	0.379400	0.391023	0.365463	0.369111	0.392358	0.413921	0.396441	0.401271	0.364389	
2225	0.368469	0.380194	0.389734	0.371329	0.375232	0.393844	0.405536	0.393560	0.397585	0.362913	
2230	0.365786	0.384519	0.388072	0.371788	0.376495	0.396552	0.404331	0.392575	0.392798	0.360011	
2235	0.368159	0.384799	0.390109	0.368879	0.375896	0.395315	0.403943	0.394169	0.393967	0.363966	
2240	0.372588	0.386959	0.385882	0.367917	0.374029	0.387470	0.409850	0.394036	0.398571	0.362602	
2245	0.373190	0.393516	0.387524	0.363677	0.372451	0.382443	0.413087	0.396165	0.398820	0.362356	
2250	0.369440	0.394330	0.385945	0.368873	0.372307	0.375262	0.410980	0.392919	0.400077	0.359395	
2255	0.370214	0.392250	0.382788	0.364532	0.369199	0.372574	0.413487	0.396879	0.398415	0.359992	
2260	0.368042	0.393764	0.384170	0.368845	0.374192	0.372559	0.415591	0.388847	0.397319	0.356803	
2265	0.368696	0.395600	0.388346	0.375224	0.370188	0.375704	0.418258	0.397991	0.396996	0.350598	
2270	0.370157	0.390549	0.392913	0.378068	0.369496	0.375041	0.420384	0.389050	0.392957	0.348283	
2275	0.368056	0.395964	0.391695	0.376585	0.366193	0.379048	0.424036	0.381971	0.397873	0.349461	
2280	0.374196	0.393434	0.388537	0.384584	0.368301	0.384846	0.426384	0.380181	0.398447	0.352210	
2285	0.380232	0.387541	0.391906	0.390086	0.376306	0.386803	0.426864	0.383288	0.399808	0.350581	
2290	0.372950	0.390655	0.391377	0.388923	0.378181	0.388912	0.421823	0.382889	0.395975	0.350700	
2295	0.373905	0.399672	0.393618	0.387636	0.384313	0.384433	0.423226	0.381092	0.394740	0.353681	
2300	0.377109	0.398981	0.397491	0.388937	0.383134	0.375364	0.419974	0.386912	0.393261	0.355158	
2305	0.371812	0.396554	0.396244	0.383530	0.381748	0.381087	0.419710	0.386606	0.394748	0.361535	
2310	0.372542	0.391555	0.390273	0.392963	0.381884	0.380223	0.417590	0.384221	0.397140	0.368145	
2315	0.372653	0.400835	0.391335	0.393574	0.384061	0.383622	0.413169	0.382230	0.394876	0.369744	
2320	0.371273	0.406277	0.389332	0.390935	0.386473	0.391719	0.411271	0.382263	0.396802	0.374926	
2325	0.372034	0.405175	0.383962	0.394561	0.386961	0.389644	0.417647	0.382631	0.389736	0.369566	
2330	0.364167	0.408373	0.381034	0.392300	0.385120	0.388733	0.421411	0.382981	0.395928	0.368304	
2335	0.372455	0.403324	0.375318	0.397625	0.389308	0.382970	0.419635	0.379195	0.391842	0.361767	
2340	0.365933	0.405516	0.381374	0.404885	0.393234	0.388943	0.417854	0.382843	0.393479	0.368755	
2345	0.366410	0.404015	0.382390	0.401307	0.388848	0.389743	0.413224	0.381425	0.392653	0.371828	
2350	0.365036	0.402984	0.380572	0.391983	0.391414	0.384014	0.412425	0.383378	0.400397	0.369577	
2355	0.365675	0.402152	0.378658	0.388642	0.389577	0.381391	0.415351	0.385070	0.398023	0.375455	
2360	0.367886	0.411077	0.375671	0.386497	0.396666	0.382597	0.411716	0.379107	0.398329	0.379722	
2365	0.371976	0.415658	0.373082	0.392436	0.392398	0.388115	0.413335	0.383171	0.400404	0.376448	
2370	0.370455	0.407511	0.370368	0.393335	0.390688	0.389225	0.408540	0.385831	0.405105	0.383111	
2375	0.370141	0.403343	0.376893	0.395441	0.389489	0.384979	0.413521	0.389563	0.404383	0.386593	
2380	0.373816	0.400461	0.373172	0.394544	0.391473	0.388061	0.409563	0.389881	0.405101	0.382075	
2385	0.379197	0.399055	0.373361	0.390539	0.394041	0.388072	0.408060	0.394689	0.398457	0.380611	
2390	0.380277	0.400427	0.370005	0.391349	0.395219	0.392991	0.405137	0.392156	0.396027	0.378844	
2395	0.383121	0.399390	0.363264	0.395549	0.392473	0.390937	0.410903	0.389927	0.396247	0.383025	
2400	0.388167	0.399967	0.365561	0.398492	0.391427	0.390567	0.413024	0.393149	0.396270	0.386222	
2405	0.392065	0.401369	0.361800	0.392901	0.398513	0.387435	0.415993	0.402505	0.392846	0.384493	
2410	0.391271	0.400717	0.359868	0.384149	0.400475	0.389897	0.417405	0.404366	0.393784	0.385364	
2415	0.395449	0.400198	0.355077	0.380554	0.398805	0.398255	0.418237	0.403646	0.389586	0.389369	
2420	0.392741	0.399513	0.355798	0.372616	0.399929	0.404946	0.423809	0.400888	0.391163	0.387453	
2425	0.394419	0.392621	0.357031	0.377222	0.399019	0.406507	0.423627	0.400463	0.390620	0.380555	
2430	0.391074	0.388649	0.356287	0.380231	0.402975	0.399985	0.425841	0.403693	0.392368	0.377924	
2435	0.391861	0.393516	0.359716	0.376764	0.394534	0.400437	0.424094	0.397953	0.385771	0.374749	
2440	0.396002	0.391424	0.356577	0.373989	0.393970	0.401346	0.424082	0.398740	0.381322	0.376158	
2445	0.399439	0.388452	0.355701	0.374116	0.395496	0.401130	0.433299	0.393705	0.388088	0.381051	
2450	0.395292	0.385770	0.350934	0.374707	0.397231	0.392969	0.436227	0.394482	0.386086	0.382074	
2455	0.394365	0.386227	0.358426	0.374658	0.396298	0.393728	0.429796	0.393968	0.384173	0.379449	
2460	0.388185	0.386865	0.358785	0.378387	0.398823	0.397715	0.427486	0.397549	0.391841	0.379378	
2465	0.386056	0.391636	0.355741	0.374530	0.394073	0.393116	0.423411	0.398207	0.390649	0.379995	
2470	0.392244	0.399037	0.361703	0.374538	0.392159	0.390432	0.421549	0.395542	0.392545	0.381568	
2475	0.392852	0.403773	0.362371	0.379416	0.395624	0.386805	0.422029	0.391070	0.388950	0.376171	
2480	0.393415	0.396265	0.370497	0.377467	0.400108	0.388332	0.418783	0.389979	0.385870	0.375506	
2485	0.394876	0.395402	0.364990	0.376339	0.401917	0.390371	0.422346	0.393115	0.383692	0.372787	
2490	0.394351	0.396642	0.363739	0.374382	0.398610	0.394568	0.424371	0.398965	0.382284	0.372267	
2495	0.399116	0.395330	0.363058	0.376323	0.404295	0.395932	0.426468	0.398259	0.380644	0.369358	
2500	0.396040	0.391965	0.358157	0.378117	0.398457	0.388871	0.423851	0.397147	0.385566	0.371994	
2505	0.392454	0.387273	0.353291	0.377136	0.393838	0.385096	0.422410	0.392197	0.394661	0.377407	
2510	0.384378	0.387937	0.356985	0.374617	0.396007	0.384511	0.422549	0.398144	0.400186	0.371293	
2515	0.380191	0.385861	0.359958	0.366889	0.398179	0.381399	0.421369	0.396226	0.402958	0.374991	
2520	0.381087	0.382512	0.363210	0.373201	0.399027	0.382764	0.424895	0.393876	0.402358	0.373448	
2525	0.383205	0.384442	0.361051	0.373607	0.403679	0.380312	0.418581	0.395991	0.403085	0.370844	
2530	0.387048	0.389991	0.356151	0.378537	0.399129	0.380441	0.420434	0.396899	0.411651	0.363223	
2535	0.380713	0.385193	0.357654	0.375506	0.396354	0.382850	0.421325	0.399661	0.415202	0.367806	
2540	0.385233	0.387237	0.359227	0.374823	0.400042	0.376749	0.415798	0.408586	0.410512	0.368089	
2545	0.384702	0.399221	0.361189	0.373970	0.398909	0.373609	0.416889	0.411209	0.412577	0.363357	
2550	0.384750	0.406169	0.360190	0.374021	0.389718	0.363603	0.417134	0.410656	0.418297	0.365407	
2555	0.386161	0.402324	0.357668	0.378584	0.394378	0.367663	0.421656	0.406257	0.416464	0.367123	
2560	0.388773	0.401830	0.357939	0.383056	0.396323	0.372518	0.424849	0.406784	0.417606	0.369482	
2565	0.402485	0.398312	0.357103	0.378813	0.402891	0.377172	0.422959	0.409104	0.410231	0.373283	
2570	0.404248	0.395946	0.354042	0.380656	0.392173	0.375977	0.422427	0.408098	0.406026	0.370414	
2575	0.407184	0.389841	0.354307	0.383385	0.392551	0.376206	0.417344	0.409259	0.400561	0.367616	
2580	0.401772	0.391717	0.357975	0.381753	0.383285	0.376143	0.419533	0.408532	0.394757	0.372522	
2585	0.400883	0.389187	0.359070	0.384634	0.380371	0.382214	0.418991	0.407371	0.390368	0.371457	
2590	0.397926	0.387514	0.361918	0.388680	0.378839	0.383067	0.429518	0.410643	0.391280	0.371223	
2595	0.389561	0.391448	0.360194	0.390658	0.376103	0.385112	0.427863	0.411323	0.391381	0.376161	
2600	0.387729	0.396580	0.365829	0.387667	0.379834	0.386577	0.428282	0.407438	0.392308	0.373355	
2605	0.384553	0.397436	0.368874	0.387002	0.386974	0.384396	0.421860	0.404789	0.393682	0.375050	
2610	0.384856	0.390395	0.364232	0.390226	0.385525	0.385024	0.418180	0.405207	0.395453	0.383616	
2615	0.389278	0.391308	0.358509	0.392777	0.385753	0.381512	0.427628	0.403455	0.398080	0.381869	
2620	0.392286	0.390884	0.352552	0.391409	0.387126	0.382172	0.432222	0.400672	0.402874	0.379564	
2625	0.383298	0.392370	0.354087	0.396731	0.389632	0.384022	0.429550	0.407211	0.398762	0.386071	
2630	0.385507	0.400093	0.354691	0.393052	0.386424	0.386919	0.424403	0.406381	0.397428	0.385044	
2635	0.387468	0.397543	0.351401	0.390188	0.392349	0.387874	0.424417	0.407134	0.407465	0.379671	
2640	0.389374	0.395408	0.352585	0.389262	0.388897	0.386095	0.424459	0.405201	0.402410	0.377929	
2645	0.391999	0.396638	0.357440	0.396951	0.395533	0.384549	0.419982	0.409534	0.401225	0.381552	
2650	0.391578	0.392078	0.357793	0.399155	0.397538	0.386594	0.419557	0.407821	0.399848	0.378938	
2655	0.385859	0.393524	0.351813	0.400964	0.391886	0.385511	0.410907	0.396567	0.401582	0.390483	
2660	0.390560	0.393909	0.353781	0.399436	0.388118	0.382705	0.411859	0.401710	0.398509	0.388137	
2665	0.388056	0.389189	0.352934	0.401724	0.386019	0.378029	0.418233	0.395115	0.394430	0.383821	
2670	0.386161	0.392633	0.353579	0.401269	0.388932	0.376863	0.408321	0.399332	0.388083	0.390508	
2675	0.382297	0.393053	0.355142	0.400056	0.392427	0.371287	0.405630	0.404143	0.386316	0.387969	
2680	0.378144	0.391957	0.352558	0.396772	0.384284	0.376162	0.404926	0.397427	0.387271	0.386709	
2685	0.376929	0.392985	0.353557	0.393506	0.381295	0.375721	0.403262	0.395163	0.391647	0.390703	
2690	0.382043	0.390125	0.353156	0.389893	0.381578	0.376652	0.403809	0.396216	0.393218	0.392376	
2695	0.381312	0.391771	0.354590	0.390588	0.378000	0.380683	0.403203	0.396622	0.395794	0.397190	
2700	0.376784	0.392407	0.357491	0.396905	0.380019	0.386589	0.407879	0.392557	0.398905	0.400566	
2705	0.375771	0.388282	0.362280	0.397083	0.383321	0.388478	0.407423	0.391477	0.401571	0.400973	
2710	0.372711	0.385767	0.356880	0.394897	0.377215	0.386099	0.403720	0.392399	0.399363	0.396844	
2715	0.378847	0.385599	0.360579	0.386460	0.373563	0.384978	0.396620	0.391697	0.396971	0.397365	
2720	0.377739	0.392394	0.360614	0.384753	0.373563	0.382206	0.391590	0.391061	0.389572	0.393323	
2725	0.376698	0.388307	0.369752	0.393525	0.375875	0.379813	0.386262	0.389352	0.385779	0.393981	
2730	0.373527	0.388584	0.376517	0.389855	0.378202	0.382021	0.380810	0.386323	0.382738	0.395695	
2735	0.369918	0.387410	0.378683	0.391728	0.372677	0.380927	0.376788	0.384032	0.386019	0.402034	
2740	0.369787	0.389636	0.372437	0.395069	0.367009	0.384099	0.374437	0.391131	0.385182	0.406084	
2745	0.371382	0.390297	0.376351	0.395244	0.366334	0.385840	0.368042	0.391813	0.385947	0.396533	
2750	0.370197	0.392249	0.377925	0.393014	0.365708	0.379961	0.365602	0.385982	0.389584	0.394004	
2755	0.368269	0.393185	0.379787	0.389439	0.369220	0.380465	0.367669	0.386258	0.392469	0.393469	
2760	0.371787	0.390084	0.374179	0.394861	0.368018	0.375206	0.370009	0.381370	0.391074	0.397402	
2765	0.375436	0.395002	0.366260	0.394666	0.371501	0.385023	0.366299	0.380172	0.385989	0.399768	
2770	0.372801	0.402766	0.368886	0.390777	0.372560	0.379332	0.366869	0.384142	0.385437	0.401938	
2775	0.371441	0.401169	0.363213	0.392912	0.375061	0.380250	0.368057	0.381211	0.384231	0.404590	
2780	0.373215	0.398518	0.369895	0.386267	0.382143	0.382093	0.361580	0.384430	0.385384	0.396198	
2785	0.374175	0.395074	0.369146	0.392435	0.385384	0.378755	0.362699	0.378959	0.391900	0.395297	
2790	0.376072	0.398828	0.369369	0.390400	0.380786	0.380218	0.358047	0.379697	0.384560	0.392916	
2795	0.367755	0.399788	0.368736	0.382284	0.369201	0.382896	0.360418	0.383980	0.385995	0.394056	
2800	0.365176	0.398095	0.368122	0.382126	0.374522	0.382669	0.362920	0.388176	0.389600	0.392256	
2805	0.365215	0.399908	0.371851	0.381773	0.377676	0.384636	0.363641	0.387130	0.387467	0.395810	
2810	0.363375	0.394093	0.371805	0.387426	0.372804	0.384945	0.361540	0.384300	0.389463	0.393275	
2815	0.358301	0.392615	0.368034	0.388968	0.375488	0.384525	0.362954	0.384791	0.387125	0.392387	
2820	0.361530	0.393983	0.363905	0.391049	0.378413	0.381070	0.364652	0.391517	0.385071	0.398424	
2825	0.361866	0.396937	0.363942	0.394072	0.374453	0.381489	0.367028	0.384571	0.380489	0.401140	
2830	0.363804	0.390902	0.370912	0.395112	0.374494	0.385539	0.364763	0.389416	0.390802	0.397862	
2835	0.362999	0.393311	0.366533	0.399623	0.376371	0.386732	0.361578	0.392624	0.391848	0.386854	
2840	0.366267	0.394254	0.366111	0.401342	0.378561	0.381820	0.362894	0.394933	0.392557	0.385760	
2845	0.369707	0.390187	0.362205	0.405454	0.376961	0.383241	0.364453	0.399606	0.391747	0.391759	
2850	0.365019	0.396038	0.368817	0.400681	0.379132	0.380831	0.367069	0.399980	0.396612	0.391617	
2855	0.364915	0.396255	0.372269	0.400953	0.380184	0.383540	0.367439	0.399100	0.396480	0.386335	
2860	0.362399	0.395492	0.369883	0.407416	0.379086	0.386017	0.366058	0.407639	0.397051	0.383828	
2865	0.367957	0.393131	0.371177	0.398967	0.379901	0.388414	0.363780	0.405691	0.399159	0.384887	
2870	0.369885	0.395897	0.373457	0.385683	0.381476	0.388869	0.364177	0.404749	0.404981	0.384332	
2875	0.372242	0.403123	0.376057	0.389046	0.387874	0.391678	0.369623	0.405083	0.405446	0.382003	
2880	0.373972	0.398294	0.376603	0.389633	0.386136	0.395644	0.371021	0.401841	0.408346	0.382694	
2885	0.379459	0.402943	0.376185	0.390735	0.383243	0.395555	0.370613	0.406325	0.405922	0.379353	
2890	0.383534	0.403894	0.377871	0.390321	0.381921	0.397367	0.375318	0.403992	0.402532	0.387627	
2895	0.384636	0.406528	0.378857	0.385316	0.381029	0.394818	0.379397	0.402575	0.405795	0.383157	
2900	0.385451	0.404647	0.372741	0.382221	0.377113	0.392900	0.380247	0.404117	0.415618	0.383223	
2905	0.389093	0.408190	0.368272	0.385932	0.380976	0.394789	0.379026	0.399925	0.409430	0.379350	
2910	0.383582	0.408119	0.369740	0.381847	0.378123	0.385865	0.375789	0.400014	0.407665	0.374860	
2915	0.379984	0.410361	0.374199	0.380045	0.382926	0.386891	0.375767	0.396268	0.405174	0.377033	
2920	0.376869	0.410409	0.371818	0.375857	0.382018	0.390332	0.379870	0.405393	0.407249	0.369446	
2925	0.376855	0.411993	0.367743	0.375247	0.381262	0.392604	0.380996	0.400935	0.409365	0.370734	
2930	0.375405	0.418964	0.375326	0.374620	0.382105	0.393560	0.379615	0.405627	0.406357	0.373550	
2935	0.378531	0.418137	0.376964	0.376812	0.383025	0.398264	0.377175	0.404594	0.413121	0.378613	
2940	0.376688	0.415325	0.374739	0.380905	0.385017	0.394536	0.373759	0.399096	0.412041	0.384328	
2945	0.374955	0.410050	0.373988	0.386374	0.380545	0.389531	0.376935	0.398319	0.413739	0.385483	
2950	0.373513	0.409198	0.371568	0.385854	0.376821	0.392035	0.377065	0.400011	0.414488	0.381455	
2955	0.381396	0.407116	0.367066	0.386842	0.374909	0.392389	0.383448	0.399976	0.411811	0.378094	
2960	0.367710	0.409222	0.365887	0.386129	0.379020	0.391626	0.385373	0.404061	0.411440	0.378084	
2965	0.362421	0.408953	0.372427	0.386151	0.374793	0.389527	0.384123	0.403596	0.413283	0.383366	
2970	0.365242	0.409617	0.375606	0.386191	0.366427	0.392047	0.386014	0.405791	0.415742	0.391487	
2975	0.363969	0.402912	0.381671	0.388249	0.366422	0.390135	0.381354	0.402934	0.417649	0.388143	
2980	0.362277	0.405942	0.380391	0.389425	0.371073	0.386169	0.382283	0.402275	0.425424	0.383097	
2985	0.365310	0.399422	0.379792	0.391165	0.371325	0.387720	0.378744	0.403517	0.416050	0.387382	
2990	0.370405	0.400467	0.378551	0.387221	0.371952	0.392682	0.376756	0.407205	0.415836	0.386518	
2995	0.381310	0.396905	0.381249	0.384547	0.372157	0.396296	0.374939	0.413203	0.420187	0.387312	
3000	0.388266	0.397527	0.382013	0.391729	0.374236	0.399452	0.376001	0.412854	0.419367	0.390002	
