T	rep_1	rep_2	rep_3	rep_4	rep_5	rep_6	rep_7	rep_8	rep_9	rep_10
5	0.067163	0.115254	0.103353	0.069055	0.094884	0.093066	0.082346	0.094419	0.073615	0.094165	
10	0.172887	0.243089	0.229483	0.233263	0.208800	0.184731	0.203814	0.204351	0.172155	0.184440	
15	0.261247	0.328750	0.340220	0.510391	0.250073	0.281561	0.311693	0.270106	0.239744	0.258794	
20	0.324543	0.523789	0.440292	0.544610	0.339709	0.420442	0.433334	0.378903	0.365468	0.360223	
25	0.439280	0.603248	0.493436	0.554374	0.435757	0.476062	0.557388	0.465068	0.437225	0.409757	
30	0.520561	0.628744	0.557841	0.571349	0.505282	0.538331	0.665004	0.524692	0.478330	0.443213	
35	0.574548	0.653630	0.611748	0.604435	0.561925	0.663553	0.738645	0.587255	0.524706	0.488801	
40	0.624946	0.691746	0.658274	0.646698	0.615382	0.769186	0.782711	0.650942	0.584241	0.542877	
45	0.674531	0.737991	0.694426	0.704020	0.658505	0.823665	0.803920	0.699022	0.642070	0.592880	
50	0.722683	0.771601	0.730468	0.747481	0.694829	0.846451	0.818393	0.738883	0.685325	0.647028	
55	0.753673	0.797240	0.757983	0.788553	0.728744	0.853338	0.825787	0.764760	0.723463	0.702960	
60	0.782707	0.812472	0.789060	0.815296	0.760117	0.863033	0.837766	0.783545	0.752259	0.742646	
65	0.811666	0.825829	0.810331	0.839077	0.784173	0.870049	0.840793	0.799062	0.776904	0.772734	
70	0.827478	0.835893	0.818522	0.851249	0.804923	0.867607	0.847458	0.812602	0.796818	0.797469	
75	0.843361	0.840516	0.836517	0.859577	0.821662	0.869041	0.853457	0.824281	0.809565	0.815042	
80	0.847418	0.843056	0.842986	0.867581	0.831427	0.868563	0.858028	0.829056	0.823899	0.825927	
85	0.864345	0.850523	0.849108	0.868078	0.837616	0.872771	0.859608	0.834122	0.828814	0.835098	
90	0.864572	0.857229	0.853041	0.871428	0.840910	0.872593	0.859614	0.843091	0.839228	0.841338	
95	0.867740	0.859287	0.860949	0.876149	0.853142	0.872260	0.862828	0.850029	0.844736	0.847631	
100	0.866747	0.863784	0.862467	0.876038	0.857241	0.870165	0.864884	0.855230	0.846278	0.857463	
105	0.864451	0.863038	0.866645	0.874156	0.859993	0.868343	0.863039	0.858473	0.851077	0.860053	
110	0.862660	0.862244	0.870007	0.869042	0.861119	0.863217	0.862137	0.859776	0.852533	0.859453	
115	0.861471	0.860080	0.869225	0.864189	0.855557	0.859717	0.857471	0.859609	0.853180	0.860292	
120	0.854437	0.856551	0.865929	0.859793	0.849060	0.859459	0.853535	0.857270	0.853259	0.859210	
125	0.846899	0.854202	0.862558	0.852967	0.838646	0.856403	0.849691	0.847980	0.845335	0.851446	
130	0.834358	0.848818	0.853755	0.842206	0.828773	0.850212	0.839664	0.834513	0.835992	0.846914	
135	0.821182	0.836991	0.842210	0.830802	0.819281	0.832111	0.827093	0.818110	0.827187	0.842567	
140	0.809494	0.827662	0.830731	0.806758	0.809019	0.815219	0.810390	0.809500	0.817162	0.827984	
145	0.795148	0.809475	0.821286	0.795755	0.800025	0.798991	0.802497	0.794438	0.803784	0.809396	
150	0.777622	0.796942	0.805306	0.785638	0.789484	0.784239	0.788690	0.781732	0.795051	0.797627	
155	0.768756	0.784756	0.793787	0.773816	0.786040	0.778061	0.776008	0.772504	0.787662	0.792258	
160	0.757792	0.778137	0.781771	0.766557	0.777520	0.765813	0.762329	0.763542	0.781269	0.781355	
165	0.749805	0.766551	0.772501	0.759292	0.766816	0.763414	0.751545	0.755996	0.770192	0.774769	
170	0.738117	0.754878	0.762794	0.750365	0.758808	0.755127	0.744110	0.750031	0.762708	0.775227	
175	0.731287	0.750566	0.752387	0.745730	0.750392	0.755710	0.738527	0.737828	0.754419	0.763764	
180	0.729120	0.739813	0.745218	0.741045	0.744311	0.749652	0.732059	0.730147	0.747644	0.758053	
185	0.724054	0.738576	0.737755	0.733435	0.735490	0.740519	0.725198	0.728482	0.739748	0.751564	
190	0.718500	0.730988	0.733056	0.728264	0.730825	0.735940	0.719819	0.726376	0.733509	0.748931	
195	0.710457	0.725842	0.725734	0.726158	0.727125	0.724058	0.715251	0.717351	0.724566	0.741371	
200	0.703981	0.720715	0.721168	0.717284	0.719416	0.718930	0.713533	0.715364	0.719577	0.733041	
205	0.703724	0.710548	0.710312	0.713507	0.711155	0.717495	0.708191	0.710042	0.714779	0.727368	
210	0.702758	0.710368	0.706363	0.708652	0.710185	0.711857	0.704860	0.712396	0.706834	0.728859	
215	0.701752	0.701553	0.702055	0.703901	0.701992	0.708326	0.699610	0.709765	0.705772	0.727062	
220	0.696721	0.696441	0.704487	0.698556	0.699185	0.710961	0.693811	0.699697	0.694847	0.716555	
225	0.692766	0.688194	0.699005	0.695744	0.697061	0.711231	0.692067	0.692840	0.689448	0.709803	
230	0.686892	0.690648	0.692134	0.690305	0.697547	0.703581	0.688349	0.687634	0.684154	0.703665	
235	0.675633	0.686784	0.685749	0.687031	0.692637	0.699738	0.687230	0.683476	0.684099	0.697980	
240	0.676701	0.685106	0.683847	0.688934	0.687828	0.700484	0.681701	0.684239	0.675471	0.694312	
245	0.671487	0.686999	0.675700	0.682364	0.682876	0.697168	0.677411	0.678654	0.669034	0.690945	
250	0.668999	0.684104	0.673150	0.675101	0.679662	0.695155	0.671347	0.676116	0.666490	0.688581	
255	0.662855	0.685328	0.664937	0.670384	0.675320	0.689853	0.665955	0.673042	0.659864	0.685883	
260	0.663110	0.679648	0.662868	0.672744	0.671636	0.689704	0.662529	0.672078	0.652205	0.678352	
265	0.664316	0.673040	0.660730	0.672706	0.666935	0.685491	0.659016	0.671118	0.651725	0.676759	
270	0.662481	0.673329	0.662750	0.664493	0.660202	0.682726	0.658874	0.666762	0.651326	0.673771	
275	0.661854	0.670638	0.654012	0.670250	0.651291	0.675534	0.654374	0.666078	0.651645	0.669593	
280	0.663290	0.665409	0.648071	0.668803	0.649828	0.681399	0.652872	0.661117	0.649536	0.668551	
285	0.658157	0.663255	0.643132	0.667197	0.649705	0.674032	0.655936	0.655506	0.645545	0.668302	
290	0.653306	0.659588	0.640129	0.666376	0.648525	0.672416	0.653034	0.652152	0.643167	0.665870	
295	0.652717	0.659331	0.639114	0.661728	0.650999	0.672889	0.644870	0.650103	0.644801	0.662728	
300	0.652923	0.657988	0.642550	0.662419	0.647821	0.667888	0.642663	0.649984	0.642801	0.662897	
305	0.650112	0.658368	0.636004	0.655667	0.644527	0.668919	0.637497	0.648598	0.644076	0.661480	
310	0.647582	0.657797	0.634101	0.655105	0.642485	0.666159	0.631086	0.648885	0.644730	0.660142	
315	0.648695	0.654305	0.630814	0.652285	0.637320	0.664265	0.632043	0.645501	0.642398	0.661206	
320	0.645470	0.652983	0.628965	0.654832	0.633707	0.662423	0.630699	0.637926	0.643420	0.659652	
325	0.644779	0.649911	0.630146	0.654198	0.633331	0.664750	0.628789	0.641043	0.643841	0.658814	
330	0.645337	0.647085	0.632016	0.649474	0.632044	0.657685	0.631180	0.637026	0.643403	0.659453	
335	0.645140	0.644908	0.631203	0.646806	0.633048	0.657501	0.630984	0.636516	0.641922	0.658386	
340	0.649441	0.641270	0.630215	0.645070	0.634435	0.651638	0.632406	0.639061	0.642395	0.659951	
345	0.647962	0.642727	0.630336	0.641835	0.633975	0.649909	0.629263	0.634797	0.640802	0.658218	
350	0.647623	0.642678	0.630157	0.645711	0.634121	0.646626	0.629392	0.636116	0.638214	0.663265	
355	0.644441	0.640472	0.630992	0.645586	0.638288	0.650959	0.625982	0.635661	0.635876	0.658776	
360	0.641747	0.641701	0.628589	0.641501	0.635016	0.650303	0.627445	0.638931	0.632370	0.656176	
365	0.639373	0.637354	0.632355	0.640012	0.634033	0.652388	0.627564	0.641601	0.634419	0.654669	
370	0.639911	0.637447	0.632685	0.640853	0.632347	0.646707	0.629637	0.644503	0.631935	0.652621	
375	0.637774	0.637892	0.635103	0.637853	0.631048	0.646584	0.633670	0.641625	0.632745	0.649770	
380	0.634943	0.634754	0.637467	0.641239	0.627993	0.647358	0.631329	0.637338	0.632045	0.653550	
385	0.634266	0.637303	0.634915	0.640670	0.625454	0.642826	0.634024	0.637451	0.625923	0.654107	
390	0.629623	0.638695	0.633843	0.638450	0.621697	0.639734	0.633424	0.637861	0.629764	0.650434	
395	0.632529	0.639299	0.637089	0.637849	0.622398	0.636782	0.635280	0.637978	0.626134	0.656046	
400	0.630383	0.637798	0.639764	0.641228	0.623100	0.639326	0.634493	0.636636	0.622808	0.648868	
405	0.629376	0.636521	0.640748	0.642029	0.622156	0.640765	0.639076	0.639558	0.623278	0.648162	
410	0.631168	0.631594	0.640443	0.642334	0.615909	0.643002	0.642812	0.638621	0.622573	0.651669	
415	0.630292	0.634373	0.641929	0.642033	0.614733	0.644174	0.640495	0.636219	0.620973	0.649384	
420	0.633138	0.637304	0.640048	0.645467	0.617215	0.646084	0.637990	0.634552	0.622107	0.645443	
425	0.627607	0.639389	0.641072	0.640336	0.616111	0.647332	0.640719	0.638021	0.622036	0.646937	
430	0.629054	0.639829	0.641169	0.645898	0.618928	0.645842	0.641094	0.640992	0.624076	0.645993	
435	0.629230	0.641421	0.643458	0.641665	0.617911	0.649693	0.640446	0.640940	0.623434	0.645431	
440	0.632551	0.643087	0.641288	0.645341	0.614668	0.652362	0.639926	0.643127	0.622010	0.647418	
445	0.634446	0.640887	0.640393	0.643714	0.615540	0.648098	0.639970	0.644686	0.620312	0.645878	
450	0.632371	0.642137	0.638873	0.644014	0.618047	0.648839	0.635969	0.639612	0.620002	0.644289	
455	0.634261	0.640418	0.637939	0.641645	0.615598	0.648148	0.642238	0.641535	0.620388	0.643007	
460	0.631876	0.639123	0.636389	0.640403	0.613331	0.646095	0.642373	0.635374	0.617765	0.638653	
465	0.635219	0.642527	0.641058	0.636959	0.614077	0.645016	0.641087	0.638007	0.619362	0.641033	
470	0.639364	0.642932	0.642363	0.635674	0.619216	0.648862	0.639993	0.637817	0.621211	0.642009	
475	0.637572	0.641378	0.640556	0.633256	0.616604	0.644150	0.640591	0.633761	0.618116	0.645943	
480	0.637743	0.641987	0.644416	0.632256	0.614119	0.645193	0.640162	0.633844	0.617725	0.650051	
485	0.638432	0.644443	0.643215	0.634034	0.616432	0.645628	0.641369	0.640717	0.623735	0.650903	
490	0.638111	0.645137	0.644831	0.632213	0.619568	0.643896	0.639471	0.636964	0.625851	0.653149	
495	0.638448	0.641235	0.643563	0.634005	0.625095	0.643589	0.636620	0.642519	0.628425	0.654749	
500	0.633385	0.640578	0.648535	0.635196	0.625487	0.641927	0.636545	0.641623	0.624354	0.650893	
505	0.635039	0.636804	0.648437	0.634450	0.627077	0.643224	0.635571	0.638791	0.624311	0.647642	
510	0.634998	0.636160	0.643880	0.634025	0.625353	0.641812	0.639168	0.639396	0.621338	0.652678	
515	0.635530	0.640362	0.646615	0.638420	0.624641	0.641463	0.639151	0.636446	0.621279	0.654505	
520	0.634332	0.637408	0.649519	0.640668	0.620305	0.643550	0.641719	0.634573	0.620503	0.654140	
525	0.637566	0.640034	0.650303	0.642181	0.624050	0.640314	0.647606	0.638129	0.622360	0.652860	
530	0.640270	0.640423	0.648804	0.642037	0.626352	0.642055	0.649396	0.640458	0.623917	0.652018	
535	0.640753	0.632672	0.650766	0.640514	0.626997	0.637035	0.648586	0.643020	0.624040	0.648396	
540	0.644842	0.637544	0.652066	0.642058	0.629053	0.636256	0.648129	0.645071	0.623476	0.647329	
545	0.646777	0.638250	0.647164	0.640060	0.625714	0.637302	0.649266	0.647016	0.624760	0.651658	
550	0.644541	0.634069	0.648234	0.640945	0.623729	0.641232	0.650885	0.646999	0.627568	0.652563	
555	0.645346	0.637747	0.645021	0.642878	0.625492	0.640796	0.648337	0.643789	0.628107	0.650137	
560	0.647810	0.633817	0.643384	0.645230	0.624957	0.642882	0.649047	0.638159	0.626140	0.650550	
565	0.648441	0.633833	0.645499	0.648158	0.622680	0.642651	0.649407	0.636804	0.621026	0.650544	
570	0.649318	0.635665	0.642591	0.643250	0.623956	0.642100	0.655160	0.633924	0.622673	0.650178	
575	0.648473	0.640056	0.641890	0.642359	0.624326	0.642980	0.653823	0.640155	0.619508	0.651219	
580	0.647196	0.637000	0.641805	0.639308	0.623593	0.641566	0.652221	0.639594	0.618653	0.650670	
585	0.645981	0.640937	0.644136	0.643445	0.621495	0.643318	0.649138	0.641741	0.622985	0.646870	
590	0.644989	0.640811	0.648076	0.642357	0.624369	0.646648	0.642413	0.635260	0.619504	0.643789	
595	0.647638	0.642426	0.645284	0.643006	0.622920	0.646988	0.639804	0.636283	0.619997	0.641539	
600	0.649912	0.642123	0.641560	0.642388	0.626497	0.644422	0.638637	0.638684	0.619292	0.641308	
605	0.650688	0.641370	0.643681	0.643555	0.625109	0.643241	0.639781	0.639858	0.620303	0.645627	
610	0.655584	0.651469	0.640784	0.644137	0.627466	0.644420	0.646490	0.639784	0.625211	0.645864	
615	0.649473	0.649330	0.643680	0.646092	0.628219	0.643489	0.646362	0.638498	0.624758	0.644849	
620	0.656610	0.648809	0.644614	0.646435	0.624943	0.644192	0.644014	0.641000	0.622335	0.646940	
625	0.653481	0.646718	0.644695	0.647277	0.624673	0.647191	0.644240	0.641788	0.625541	0.649713	
630	0.651103	0.646977	0.643998	0.647268	0.628791	0.648047	0.644111	0.639034	0.626903	0.645967	
635	0.647817	0.644040	0.638812	0.646070	0.628116	0.648884	0.645823	0.637817	0.629416	0.649169	
640	0.647866	0.646466	0.640058	0.645812	0.633304	0.651581	0.644759	0.635011	0.627532	0.650492	
645	0.642195	0.647588	0.636622	0.642471	0.629272	0.647658	0.647774	0.635893	0.629662	0.652842	
650	0.643336	0.646469	0.636533	0.644517	0.632950	0.647801	0.645665	0.641143	0.627447	0.651897	
655	0.641505	0.647492	0.637363	0.647529	0.635866	0.647989	0.644231	0.637053	0.626917	0.651494	
660	0.643912	0.647879	0.636132	0.649548	0.634652	0.647461	0.649522	0.636155	0.623099	0.650488	
665	0.644033	0.648510	0.640024	0.654272	0.632905	0.642737	0.653171	0.634809	0.626971	0.653612	
670	0.643155	0.646951	0.643719	0.656738	0.634177	0.645211	0.654177	0.634083	0.628748	0.652298	
675	0.643949	0.645737	0.640550	0.653887	0.639042	0.646387	0.651584	0.636628	0.629455	0.653776	
680	0.644039	0.647705	0.641469	0.651782	0.639758	0.642375	0.644906	0.632940	0.628115	0.651339	
685	0.643529	0.650528	0.643635	0.650704	0.637347	0.643402	0.648521	0.632687	0.621870	0.652157	
690	0.644408	0.645865	0.645363	0.649424	0.635453	0.644886	0.648093	0.633725	0.624678	0.650639	
695	0.646722	0.646686	0.648549	0.646379	0.633994	0.641790	0.650420	0.633164	0.624035	0.652775	
700	0.648309	0.648775	0.650121	0.646208	0.632583	0.645270	0.651935	0.635607	0.629276	0.653712	
705	0.649485	0.649914	0.653365	0.644881	0.634439	0.648718	0.651272	0.634541	0.627604	0.654481	
710	0.649237	0.651111	0.651499	0.646281	0.635956	0.649375	0.650119	0.636151	0.630112	0.655635	
715	0.648916	0.650869	0.651373	0.645166	0.632692	0.648367	0.651610	0.637604	0.629093	0.655313	
720	0.648654	0.653982	0.656067	0.645926	0.627447	0.648127	0.651779	0.636764	0.628904	0.655614	
725	0.648803	0.652071	0.655165	0.646614	0.629702	0.649566	0.652593	0.634408	0.634222	0.655724	
730	0.647839	0.650028	0.651519	0.645603	0.632940	0.645982	0.653964	0.634843	0.633566	0.654767	
735	0.647471	0.649964	0.647753	0.644252	0.632336	0.646669	0.649791	0.634196	0.635487	0.658227	
740	0.645782	0.649376	0.645836	0.644310	0.637210	0.647823	0.650594	0.636388	0.639525	0.652802	
745	0.644541	0.650157	0.649010	0.648847	0.639568	0.652026	0.647080	0.637450	0.640995	0.652540	
750	0.643374	0.648069	0.647306	0.650452	0.641167	0.653225	0.647918	0.638300	0.640358	0.649218	
755	0.644010	0.646659	0.650616	0.649573	0.642703	0.655282	0.647444	0.635239	0.637328	0.648717	
760	0.640806	0.646655	0.651745	0.651956	0.642800	0.654167	0.649908	0.636279	0.639994	0.647394	
765	0.640750	0.645730	0.651645	0.651093	0.643054	0.656808	0.650042	0.635857	0.640501	0.649864	
770	0.639750	0.647553	0.649063	0.653000	0.645832	0.655652	0.654415	0.636067	0.640476	0.646024	
775	0.644545	0.645262	0.649388	0.652720	0.644563	0.652165	0.656338	0.636772	0.638261	0.647350	
780	0.645141	0.643853	0.645827	0.653385	0.643826	0.650260	0.656816	0.636226	0.636820	0.647156	
785	0.646125	0.646665	0.642770	0.653006	0.642870	0.653717	0.658596	0.638256	0.633004	0.650303	
790	0.644624	0.643115	0.646065	0.653493	0.644474	0.652344	0.659285	0.641255	0.635507	0.656460	
795	0.645201	0.642929	0.645596	0.654834	0.644121	0.651547	0.657673	0.635848	0.638249	0.655272	
800	0.648786	0.643827	0.646644	0.654949	0.643257	0.648001	0.653300	0.634750	0.638196	0.660425	
805	0.648214	0.645519	0.645336	0.650982	0.644455	0.649088	0.654883	0.635899	0.639954	0.658813	
810	0.646119	0.647611	0.645521	0.646504	0.642568	0.643214	0.651109	0.632308	0.642730	0.660857	
815	0.645292	0.648083	0.645806	0.645191	0.646590	0.646402	0.650197	0.631575	0.643768	0.661613	
820	0.644711	0.651093	0.647760	0.646953	0.643679	0.649526	0.648003	0.634068	0.642456	0.656961	
825	0.649645	0.650217	0.645551	0.648023	0.645502	0.646599	0.648015	0.637720	0.643088	0.657196	
830	0.643894	0.650866	0.645744	0.650909	0.645403	0.645562	0.646146	0.636586	0.641679	0.660514	
835	0.646251	0.650096	0.648540	0.653953	0.646884	0.648106	0.644669	0.633246	0.639451	0.659733	
840	0.645072	0.651287	0.646682	0.650332	0.648000	0.649340	0.644712	0.632976	0.639826	0.662374	
845	0.647556	0.651414	0.650607	0.647250	0.647364	0.651431	0.647034	0.630254	0.641232	0.662059	
850	0.643995	0.650882	0.645677	0.650023	0.648341	0.653454	0.649437	0.633687	0.641129	0.659127	
855	0.645366	0.652293	0.641306	0.648023	0.646406	0.647320	0.647460	0.633991	0.641534	0.661202	
860	0.645924	0.649710	0.642815	0.650098	0.652370	0.651049	0.649370	0.631534	0.637254	0.665645	
865	0.641269	0.651111	0.646220	0.649019	0.651848	0.646446	0.652339	0.630815	0.635919	0.661841	
870	0.644610	0.650679	0.646408	0.647528	0.649337	0.641527	0.650952	0.629011	0.637630	0.660420	
875	0.645081	0.649940	0.651081	0.647157	0.647763	0.639373	0.649342	0.629285	0.641057	0.663464	
880	0.648057	0.649585	0.648786	0.651560	0.645777	0.637458	0.652193	0.631322	0.642919	0.663809	
885	0.643478	0.653227	0.649074	0.650190	0.648465	0.638873	0.655281	0.630733	0.648021	0.664546	
890	0.641127	0.650683	0.649419	0.651418	0.654692	0.639989	0.655491	0.635475	0.649456	0.663116	
895	0.646008	0.651152	0.650005	0.652130	0.651336	0.638374	0.659794	0.632287	0.647089	0.659598	
900	0.641190	0.651371	0.651858	0.652273	0.646963	0.637773	0.659073	0.630855	0.646300	0.659812	
905	0.645236	0.650803	0.646267	0.650833	0.645003	0.635505	0.657067	0.628839	0.649050	0.660285	
910	0.643067	0.656241	0.645626	0.650487	0.647930	0.633840	0.655640	0.629605	0.651059	0.657516	
915	0.644496	0.656586	0.646596	0.649361	0.648089	0.633885	0.654205	0.630178	0.651002	0.656773	
920	0.641646	0.659673	0.645938	0.646581	0.648177	0.634642	0.657383	0.630002	0.650990	0.654917	
925	0.643352	0.657503	0.645647	0.644908	0.646535	0.637166	0.657663	0.629515	0.649843	0.653335	
930	0.643847	0.656953	0.642925	0.646665	0.648296	0.638518	0.653813	0.634370	0.653165	0.654609	
935	0.642773	0.657221	0.640738	0.648362	0.646390	0.637969	0.655418	0.636537	0.654039	0.655241	
940	0.643729	0.655491	0.641426	0.648875	0.646741	0.635107	0.652780	0.637299	0.652613	0.655779	
945	0.645924	0.656489	0.646560	0.645692	0.647299	0.636411	0.659589	0.638848	0.654233	0.656242	
950	0.645022	0.657342	0.646208	0.648408	0.647178	0.637470	0.657180	0.642420	0.658529	0.656145	
955	0.641413	0.655839	0.642648	0.652532	0.642999	0.642413	0.661086	0.643637	0.655967	0.654354	
960	0.646299	0.656538	0.641875	0.656208	0.645037	0.640494	0.659503	0.645607	0.654057	0.652283	
965	0.647455	0.657209	0.645152	0.658426	0.646736	0.641935	0.657178	0.643054	0.654641	0.652141	
970	0.645338	0.657051	0.645739	0.655706	0.648903	0.643410	0.657177	0.639943	0.657240	0.655262	
975	0.648933	0.657916	0.646472	0.654048	0.647619	0.644910	0.654586	0.643534	0.656062	0.651883	
980	0.647034	0.656619	0.649766	0.655183	0.642824	0.644507	0.655697	0.641326	0.657792	0.649036	
985	0.647225	0.656918	0.650551	0.656913	0.644828	0.648552	0.653297	0.636197	0.654212	0.652783	
990	0.644555	0.655264	0.650759	0.654836	0.643250	0.652662	0.652395	0.643252	0.656959	0.647648	
995	0.641933	0.654218	0.646718	0.658176	0.641797	0.652207	0.655017	0.644798	0.653382	0.648792	
1000	0.643653	0.655147	0.649948	0.654475	0.636566	0.649625	0.658901	0.641582	0.657638	0.648933	
1005	0.643275	0.654165	0.645075	0.652023	0.642531	0.648463	0.657165	0.641535	0.655952	0.647743	
1010	0.645735	0.654573	0.640451	0.653748	0.644097	0.650155	0.655091	0.644229	0.651745	0.653802	
1015	0.644316	0.655018	0.643029	0.655708	0.641104	0.647007	0.651788	0.645257	0.650541	0.654627	
1020	0.645257	0.654789	0.642138	0.653932	0.641644	0.643223	0.650642	0.644199	0.652583	0.658026	
1025	0.643775	0.659164	0.639868	0.654483	0.640403	0.643694	0.648961	0.646768	0.651922	0.655679	
1030	0.646792	0.653622	0.641546	0.656298	0.642337	0.644120	0.648019	0.645072	0.647507	0.654185	
1035	0.647089	0.656881	0.640324	0.654133	0.641437	0.643750	0.646746	0.646209	0.648329	0.659257	
1040	0.644770	0.657005	0.641506	0.657497	0.645378	0.642913	0.643470	0.643775	0.651012	0.657399	
1045	0.645234	0.651409	0.639001	0.652409	0.640687	0.644720	0.644268	0.644223	0.651820	0.652524	
1050	0.643421	0.652390	0.641681	0.652756	0.638255	0.644421	0.644351	0.641744	0.650032	0.649218	
1055	0.645126	0.654443	0.641372	0.653142	0.635993	0.645815	0.644269	0.641391	0.647258	0.651915	
1060	0.645329	0.655298	0.642817	0.653923	0.635846	0.644583	0.650000	0.644657	0.648370	0.652149	
1065	0.650472	0.660202	0.641155	0.653378	0.635286	0.643939	0.646721	0.642846	0.648838	0.655887	
1070	0.653503	0.661581	0.641700	0.655343	0.633144	0.646130	0.645417	0.644331	0.649929	0.653023	
1075	0.652852	0.658697	0.644919	0.655198	0.633625	0.650994	0.644423	0.645088	0.651673	0.652647	
1080	0.648847	0.654473	0.648760	0.654151	0.629583	0.649368	0.643462	0.643028	0.650627	0.653119	
1085	0.649574	0.653686	0.646135	0.657570	0.628786	0.653591	0.642900	0.647983	0.649683	0.650985	
1090	0.648091	0.652231	0.645243	0.657476	0.631541	0.652059	0.643141	0.644296	0.655125	0.651327	
1095	0.647573	0.652458	0.647564	0.656568	0.628495	0.654270	0.641398	0.648265	0.658955	0.649195	
1100	0.644923	0.654952	0.647590	0.657831	0.629791	0.652055	0.642520	0.649764	0.657503	0.648853	
1105	0.642776	0.651641	0.646651	0.657766	0.630336	0.649889	0.640373	0.645300	0.657942	0.648601	
1110	0.641117	0.649291	0.642710	0.659078	0.633181	0.650815	0.640489	0.645915	0.653647	0.648826	
1115	0.640720	0.645447	0.641159	0.658188	0.633778	0.647408	0.641462	0.645561	0.654331	0.647961	
1120	0.642681	0.642243	0.644664	0.658327	0.633807	0.646856	0.641889	0.643939	0.651410	0.646502	
1125	0.646082	0.642938	0.641254	0.659325	0.638196	0.651641	0.642365	0.643034	0.647163	0.645990	
1130	0.647115	0.643179	0.640493	0.657230	0.635188	0.649747	0.642011	0.645638	0.651236	0.644749	
1135	0.645629	0.648297	0.640874	0.657650	0.640649	0.649688	0.645895	0.645951	0.652237	0.643101	
1140	0.642572	0.645095	0.641754	0.658579	0.638299	0.653696	0.644429	0.641493	0.653126	0.642624	
1145	0.644270	0.645700	0.643717	0.656655	0.645254	0.654394	0.646606	0.644671	0.654822	0.642154	
1150	0.642617	0.643038	0.644693	0.653112	0.642976	0.654055	0.643571	0.644141	0.653456	0.641518	
1155	0.638392	0.640333	0.642838	0.649996	0.643542	0.653325	0.644059	0.645835	0.653333	0.645086	
1160	0.633379	0.641144	0.645067	0.649155	0.640665	0.651652	0.643848	0.645209	0.655240	0.644946	
1165	0.631643	0.636229	0.645309	0.647234	0.641782	0.652151	0.647292	0.647715	0.656825	0.647100	
1170	0.630523	0.638483	0.649150	0.644969	0.642247	0.653927	0.644704	0.649339	0.658018	0.649292	
1175	0.628107	0.640440	0.648239	0.645345	0.641079	0.653879	0.648202	0.643442	0.662842	0.645297	
1180	0.634799	0.636636	0.646337	0.641216	0.639978	0.653942	0.648194	0.645560	0.660150	0.644965	
1185	0.633766	0.639530	0.647821	0.645261	0.637041	0.657001	0.645691	0.643723	0.656022	0.644854	
1190	0.632838	0.639499	0.647656	0.646473	0.637352	0.656689	0.647882	0.645178	0.654712	0.650573	
1195	0.634893	0.640074	0.644714	0.648844	0.638172	0.660417	0.652211	0.647274	0.655154	0.647443	
1200	0.637258	0.640162	0.650009	0.648953	0.638137	0.661895	0.652595	0.646965	0.654966	0.647491	
1205	0.634566	0.640753	0.653683	0.644718	0.634398	0.659818	0.654142	0.646224	0.651607	0.647784	
1210	0.632996	0.636199	0.653814	0.644174	0.629316	0.658779	0.653834	0.642212	0.656257	0.646988	
1215	0.634164	0.641498	0.655267	0.642359	0.628356	0.660612	0.652992	0.638275	0.656729	0.645721	
1220	0.638157	0.641711	0.652603	0.642342	0.628751	0.660362	0.652956	0.637816	0.658373	0.648977	
1225	0.637288	0.642576	0.648525	0.644513	0.631308	0.658938	0.648661	0.633739	0.653937	0.648463	
1230	0.638465	0.637674	0.646661	0.647228	0.628413	0.656905	0.646473	0.635244	0.653941	0.649375	
1235	0.641168	0.638011	0.650581	0.646841	0.630426	0.662028	0.648907	0.637131	0.653514	0.653027	
1240	0.639116	0.639092	0.648234	0.648702	0.630093	0.660941	0.646526	0.636683	0.653006	0.653547	
1245	0.641181	0.632579	0.643447	0.651846	0.629811	0.663796	0.647627	0.639844	0.657223	0.653924	
1250	0.645216	0.631708	0.644595	0.652401	0.630092	0.662256	0.645600	0.638301	0.655602	0.654105	
1255	0.642660	0.632491	0.649398	0.652891	0.629593	0.659227	0.644843	0.638301	0.653079	0.654155	
1260	0.646420	0.627393	0.648655	0.652196	0.631522	0.658009	0.645571	0.637500	0.656489	0.655962	
1265	0.647000	0.631009	0.650402	0.655547	0.627336	0.655238	0.645147	0.638351	0.654798	0.655834	
1270	0.645930	0.631795	0.650189	0.652750	0.630072	0.657706	0.648987	0.635218	0.659615	0.654014	
1275	0.646586	0.630220	0.649353	0.654122	0.631441	0.660642	0.649112	0.639723	0.658499	0.653680	
1280	0.649643	0.633101	0.647069	0.652836	0.633689	0.660265	0.648803	0.642899	0.658937	0.650868	
1285	0.645787	0.636395	0.645306	0.655884	0.630915	0.662981	0.649646	0.642306	0.660939	0.649045	
1290	0.648153	0.637753	0.647472	0.656716	0.632385	0.666273	0.650543	0.651758	0.662471	0.648494	
1295	0.649093	0.638756	0.648198	0.655075	0.634336	0.665584	0.646983	0.648262	0.666828	0.650251	
1300	0.652474	0.637818	0.651132	0.654169	0.633024	0.657894	0.647937	0.645381	0.667138	0.654538	
1305	0.650402	0.634814	0.652014	0.657651	0.633227	0.654475	0.647457	0.649457	0.664455	0.649075	
1310	0.651255	0.633463	0.651934	0.656681	0.636921	0.653964	0.650725	0.645886	0.663933	0.651875	
1315	0.652695	0.631682	0.650981	0.656851	0.640185	0.656040	0.652453	0.643156	0.661319	0.649760	
1320	0.651405	0.636259	0.650281	0.657515	0.637705	0.657403	0.657026	0.646017	0.658592	0.645007	
1325	0.653582	0.642563	0.653916	0.654548	0.644131	0.657737	0.656148	0.647250	0.659719	0.638461	
1330	0.656352	0.642839	0.653254	0.658091	0.645456	0.655968	0.655891	0.641621	0.654931	0.639348	
1335	0.651688	0.641750	0.656097	0.661268	0.648504	0.655439	0.655446	0.644021	0.654065	0.642970	
1340	0.657467	0.642278	0.656445	0.656224	0.643702	0.653778	0.647503	0.648695	0.652325	0.643722	
1345	0.656395	0.642973	0.654618	0.651403	0.641673	0.656030	0.644426	0.646920	0.648744	0.646989	
1350	0.654352	0.639840	0.651381	0.651805	0.644954	0.658163	0.640098	0.647113	0.650175	0.649052	
1355	0.652948	0.639096	0.650811	0.651771	0.641811	0.659378	0.644175	0.646861	0.647576	0.646839	
1360	0.653188	0.643120	0.648707	0.648838	0.639691	0.654925	0.644133	0.646254	0.648499	0.647066	
1365	0.650933	0.645654	0.650269	0.648440	0.636058	0.656813	0.646617	0.645948	0.651750	0.647139	
1370	0.653190	0.643952	0.647795	0.647233	0.636333	0.658183	0.641086	0.646646	0.652081	0.646800	
1375	0.651107	0.645026	0.653791	0.645696	0.636471	0.661384	0.637900	0.651289	0.652077	0.643954	
1380	0.652572	0.642919	0.654009	0.644274	0.632069	0.658060	0.638768	0.651143	0.652673	0.640925	
1385	0.650755	0.645793	0.655566	0.643031	0.633266	0.657424	0.639819	0.650576	0.653661	0.639861	
1390	0.647243	0.643936	0.656657	0.644352	0.634460	0.661136	0.637975	0.650654	0.651875	0.646545	
1395	0.648819	0.644772	0.654508	0.641994	0.633854	0.660061	0.636081	0.648544	0.650817	0.648427	
1400	0.650287	0.640718	0.653534	0.642028	0.632358	0.657641	0.632887	0.650329	0.650847	0.651576	
1405	0.653205	0.648261	0.652083	0.642320	0.637430	0.655950	0.635572	0.650192	0.649098	0.649283	
1410	0.648686	0.648946	0.651821	0.644096	0.635341	0.655120	0.638199	0.652280	0.649770	0.648140	
1415	0.646348	0.652241	0.652631	0.638329	0.634030	0.654630	0.639801	0.658109	0.648090	0.652386	
1420	0.649452	0.651292	0.653023	0.640870	0.630623	0.652425	0.639821	0.658444	0.648448	0.649929	
1425	0.651584	0.653303	0.651321	0.640971	0.633028	0.657465	0.639627	0.662878	0.651728	0.651032	
1430	0.653264	0.654129	0.650298	0.642884	0.635733	0.660698	0.644544	0.661615	0.651798	0.652143	
1435	0.655188	0.651028	0.652294	0.646572	0.635800	0.660891	0.643819	0.657473	0.656887	0.651436	
1440	0.655591	0.653411	0.651768	0.646178	0.635299	0.660590	0.644865	0.660073	0.658797	0.650610	
1445	0.655697	0.653511	0.657765	0.645779	0.637985	0.662679	0.642250	0.657992	0.653593	0.654148	
1450	0.658066	0.653921	0.655372	0.644819	0.636738	0.659562	0.642423	0.660471	0.651957	0.655140	
1455	0.657320	0.652791	0.653851	0.643901	0.636006	0.656506	0.645875	0.661369	0.651479	0.657597	
1460	0.657324	0.651995	0.653709	0.641745	0.638497	0.656239	0.645166	0.656535	0.648252	0.660245	
1465	0.660078	0.653527	0.652709	0.642560	0.638821	0.655258	0.646161	0.653336	0.649151	0.660339	
1470	0.661721	0.654647	0.652797	0.642990	0.637249	0.654364	0.648334	0.656392	0.649106	0.655099	
1475	0.660825	0.655433	0.655190	0.642151	0.641471	0.652363	0.648929	0.656895	0.648072	0.656870	
1480	0.660981	0.655248	0.652262	0.646116	0.643344	0.654699	0.649853	0.651986	0.649288	0.654103	
1485	0.660224	0.654782	0.653938	0.645903	0.641765	0.655583	0.647948	0.652493	0.648073	0.653203	
1490	0.662804	0.653059	0.654722	0.642542	0.639886	0.651745	0.641691	0.653180	0.650732	0.653264	
1495	0.663788	0.652892	0.654697	0.645035	0.638146	0.651016	0.641155	0.655272	0.649651	0.659304	
1500	0.662370	0.649622	0.658408	0.644688	0.636949	0.651245	0.643201	0.655244	0.648807	0.659679	
1505	0.660877	0.648712	0.655290	0.652837	0.637181	0.651999	0.641207	0.654558	0.644385	0.659378	
1510	0.658217	0.649487	0.656614	0.654038	0.643308	0.648684	0.640647	0.652606	0.646435	0.660855	
1515	0.657144	0.649286	0.654946	0.651732	0.637399	0.646776	0.642641	0.655516	0.650761	0.659746	
1520	0.660957	0.646955	0.651265	0.646816	0.639009	0.649958	0.640510	0.654891	0.646549	0.661658	
1525	0.662627	0.648780	0.651926	0.646363	0.639539	0.651195	0.642253	0.653436	0.643478	0.661952	
1530	0.664934	0.647634	0.659803	0.640558	0.640377	0.650151	0.644781	0.651363	0.641265	0.656848	
1535	0.661535	0.646869	0.655979	0.643813	0.638612	0.654449	0.643605	0.652090	0.644195	0.655039	
1540	0.660018	0.649658	0.654737	0.641639	0.638021	0.651062	0.643040	0.648392	0.640974	0.653392	
1545	0.658511	0.651521	0.656406	0.642754	0.635516	0.649437	0.643241	0.654198	0.641324	0.659300	
1550	0.656445	0.649327	0.652620	0.643658	0.640093	0.650576	0.643646	0.652926	0.644989	0.660422	
1555	0.662808	0.645875	0.653860	0.641994	0.637184	0.654407	0.641748	0.655397	0.650201	0.661468	
1560	0.662389	0.646473	0.654718	0.645126	0.635240	0.649708	0.648455	0.654674	0.649667	0.660685	
1565	0.664479	0.645307	0.656988	0.645844	0.638762	0.650872	0.645135	0.655831	0.653315	0.663802	
1570	0.663885	0.648181	0.654562	0.645896	0.636183	0.649513	0.650108	0.657813	0.649714	0.662299	
1575	0.659274	0.644653	0.653758	0.646966	0.636031	0.649661	0.648557	0.658863	0.650209	0.661510	
1580	0.657604	0.642080	0.650332	0.643353	0.636854	0.644527	0.646934	0.658258	0.651207	0.659858	
1585	0.655540	0.642461	0.653449	0.647325	0.636004	0.644690	0.647705	0.659146	0.646397	0.660492	
1590	0.655423	0.642620	0.655715	0.647381	0.637130	0.645318	0.643145	0.658924	0.647909	0.657732	
1595	0.658410	0.642632	0.657272	0.644363	0.637919	0.648065	0.644962	0.661023	0.644782	0.656990	
1600	0.657704	0.646367	0.658550	0.646183	0.637670	0.648654	0.642648	0.659523	0.643809	0.661056	
1605	0.656727	0.645680	0.656772	0.643487	0.631276	0.646743	0.643895	0.656471	0.645623	0.658709	
1610	0.652532	0.646111	0.659954	0.643943	0.634132	0.646414	0.642720	0.654336	0.645356	0.661606	
1615	0.656416	0.645531	0.658162	0.645995	0.635696	0.651668	0.641665	0.656896	0.647755	0.658867	
1620	0.655324	0.646200	0.658001	0.645734	0.633588	0.655354	0.641635	0.659798	0.649136	0.659318	
1625	0.655112	0.645669	0.656369	0.643419	0.630397	0.650414	0.640524	0.657543	0.650531	0.652937	
1630	0.651833	0.646037	0.655416	0.642883	0.630968	0.648234	0.639412	0.656918	0.655235	0.653457	
1635	0.653343	0.648784	0.658708	0.641011	0.628546	0.651456	0.638195	0.658159	0.653592	0.652651	
1640	0.651027	0.648497	0.659153	0.642712	0.627371	0.651313	0.639456	0.657220	0.654481	0.648328	
1645	0.651427	0.646978	0.660726	0.641807	0.625102	0.650248	0.637436	0.659084	0.654088	0.647835	
1650	0.649868	0.651414	0.660960	0.644939	0.626523	0.650541	0.640089	0.657376	0.649388	0.650707	
1655	0.647818	0.652163	0.659993	0.646396	0.626702	0.649969	0.637585	0.653999	0.651095	0.653563	
1660	0.654358	0.653753	0.654051	0.643425	0.627690	0.647830	0.639640	0.651327	0.653738	0.652990	
1665	0.649103	0.651535	0.656546	0.641867	0.628402	0.651025	0.640884	0.654273	0.651088	0.652870	
1670	0.643544	0.652956	0.654066	0.646711	0.629501	0.655699	0.637515	0.652012	0.651365	0.654848	
1675	0.645901	0.655423	0.652854	0.647957	0.630179	0.655828	0.631437	0.649815	0.648546	0.653885	
1680	0.649710	0.655704	0.650970	0.645283	0.633347	0.655464	0.632083	0.655082	0.648615	0.657181	
1685	0.648921	0.653038	0.650028	0.645342	0.633297	0.654790	0.629731	0.657199	0.647642	0.658326	
1690	0.650171	0.654049	0.648484	0.648349	0.633379	0.650739	0.632239	0.654362	0.645418	0.660143	
1695	0.648795	0.653420	0.650751	0.648146	0.634845	0.650440	0.634485	0.654836	0.645480	0.661174	
1700	0.647917	0.653335	0.652636	0.647528	0.635442	0.649175	0.638538	0.650629	0.645045	0.660737	
1705	0.648275	0.652857	0.656322	0.646748	0.635078	0.651320	0.641092	0.650362	0.644587	0.660415	
1710	0.644999	0.655212	0.656187	0.645244	0.634703	0.653039	0.636363	0.648051	0.645900	0.659429	
1715	0.644994	0.659481	0.658994	0.645610	0.635547	0.655907	0.637708	0.653951	0.651891	0.661263	
1720	0.649722	0.654041	0.658385	0.648293	0.636052	0.654900	0.639419	0.656407	0.649423	0.660556	
1725	0.650770	0.652318	0.654402	0.644259	0.637468	0.650618	0.642862	0.655710	0.646622	0.660158	
1730	0.649435	0.654914	0.652620	0.645200	0.638466	0.653782	0.643580	0.655656	0.648303	0.656328	
1735	0.646339	0.652612	0.652778	0.647555	0.640990	0.654337	0.644446	0.654023	0.645863	0.659327	
1740	0.645316	0.652641	0.655018	0.644919	0.640369	0.653956	0.645180	0.652480	0.649244	0.662037	
1745	0.643707	0.654525	0.658075	0.642267	0.644405	0.656837	0.646595	0.653517	0.649399	0.659375	
1750	0.644029	0.654374	0.659159	0.645036	0.647663	0.656769	0.645912	0.651846	0.647922	0.664787	
1755	0.637669	0.658852	0.658539	0.642345	0.645659	0.656750	0.647925	0.654762	0.650230	0.667004	
1760	0.636752	0.656291	0.656003	0.643007	0.649841	0.653461	0.645566	0.653407	0.651586	0.663451	
1765	0.636388	0.656561	0.661602	0.647918	0.652285	0.652359	0.646128	0.653395	0.650610	0.664654	
1770	0.636656	0.656526	0.659522	0.648226	0.651947	0.654592	0.649654	0.650426	0.650590	0.663587	
1775	0.638616	0.655058	0.654379	0.647384	0.652428	0.657227	0.648238	0.650838	0.650729	0.667586	
1780	0.640676	0.655156	0.656431	0.647605	0.653255	0.652612	0.647948	0.654185	0.652833	0.665783	
1785	0.634234	0.656865	0.657288	0.644846	0.649836	0.654952	0.648303	0.658046	0.648884	0.665665	
1790	0.636807	0.654253	0.660148	0.644306	0.647609	0.652437	0.646176	0.656767	0.650178	0.668594	
1795	0.640181	0.654934	0.659116	0.649979	0.644506	0.654840	0.647181	0.656052	0.653010	0.665477	
1800	0.642778	0.651675	0.657327	0.646322	0.648475	0.649631	0.645525	0.653891	0.651256	0.669220	
1805	0.640166	0.653462	0.655974	0.648258	0.644273	0.651264	0.647200	0.650568	0.648571	0.667310	
1810	0.636019	0.651074	0.658772	0.651799	0.642300	0.651225	0.645461	0.650070	0.654562	0.670106	
1815	0.638981	0.651075	0.657501	0.656430	0.641532	0.650660	0.644225	0.650872	0.653214	0.668389	
1820	0.638603	0.651846	0.656780	0.655399	0.641612	0.650455	0.639205	0.652863	0.654589	0.666097	
1825	0.639711	0.656289	0.655236	0.650796	0.642718	0.654344	0.641384	0.651283	0.648945	0.666309	
1830	0.641536	0.652399	0.656497	0.645751	0.644779	0.652404	0.640587	0.654968	0.649618	0.667298	
1835	0.640043	0.648011	0.654138	0.649688	0.642371	0.654685	0.641488	0.656041	0.654233	0.665847	
1840	0.640677	0.649852	0.654480	0.646771	0.643388	0.652276	0.641878	0.656202	0.654680	0.667939	
1845	0.641802	0.646396	0.655682	0.649868	0.642470	0.656599	0.638736	0.658206	0.653317	0.667638	
1850	0.639210	0.646419	0.655598	0.646496	0.640791	0.655638	0.640081	0.657060	0.650751	0.666753	
1855	0.645898	0.646774	0.653517	0.643650	0.642895	0.653038	0.641416	0.659625	0.650889	0.662108	
1860	0.643497	0.646078	0.653852	0.641394	0.640522	0.648008	0.639950	0.660045	0.654054	0.661221	
1865	0.641057	0.647879	0.654675	0.638343	0.642712	0.651998	0.640967	0.659257	0.652733	0.660914	
1870	0.641611	0.650846	0.654009	0.640236	0.638387	0.651765	0.644813	0.660535	0.652056	0.660672	
1875	0.635242	0.653188	0.656077	0.637677	0.638518	0.651607	0.646445	0.657732	0.651883	0.665184	
1880	0.633546	0.653977	0.656310	0.639849	0.640246	0.650736	0.648293	0.657890	0.653860	0.663735	
1885	0.639879	0.655432	0.659017	0.643873	0.641129	0.652583	0.649240	0.655471	0.648954	0.660475	
1890	0.644596	0.656655	0.656964	0.642253	0.641522	0.652745	0.645489	0.659019	0.649898	0.662244	
1895	0.646135	0.657884	0.662212	0.646568	0.637349	0.651660	0.648725	0.661252	0.650816	0.660302	
1900	0.646481	0.661144	0.660483	0.642900	0.635887	0.650826	0.651238	0.662674	0.651800	0.661295	
1905	0.644419	0.657100	0.654280	0.647816	0.640693	0.648170	0.648735	0.660579	0.652198	0.662142	
1910	0.647166	0.652587	0.654183	0.645919	0.640962	0.648858	0.643504	0.658346	0.651457	0.659441	
1915	0.647290	0.654961	0.657711	0.647984	0.643220	0.649645	0.642514	0.654421	0.650743	0.661171	
1920	0.646689	0.652891	0.656411	0.650380	0.648576	0.650981	0.644124	0.654090	0.650626	0.664389	
1925	0.647831	0.653878	0.656256	0.649641	0.648019	0.651946	0.645457	0.656719	0.650622	0.660203	
1930	0.650000	0.654889	0.657303	0.650659	0.648615	0.650628	0.642870	0.657067	0.649798	0.660653	
1935	0.648734	0.656928	0.654279	0.649824	0.648178	0.650960	0.642838	0.655700	0.655773	0.662796	
1940	0.651858	0.657492	0.649016	0.650520	0.649428	0.649272	0.643758	0.658809	0.657116	0.659789	
1945	0.652119	0.654637	0.648846	0.650578	0.651193	0.649165	0.641487	0.656668	0.656715	0.659827	
1950	0.656610	0.654801	0.647267	0.654526	0.648701	0.651120	0.643918	0.654353	0.656697	0.656693	
1955	0.658649	0.654463	0.649374	0.653839	0.646937	0.648232	0.641245	0.652606	0.656354	0.660223	
1960	0.658060	0.653253	0.649989	0.652788	0.640976	0.649154	0.642175	0.652614	0.657364	0.660867	
1965	0.655711	0.653624	0.645298	0.651846	0.645639	0.647971	0.643356	0.654571	0.654083	0.661775	
1970	0.659949	0.653308	0.646899	0.649453	0.647971	0.648229	0.644657	0.658161	0.651793	0.657860	
1975	0.655810	0.652130	0.646472	0.648245	0.644883	0.646432	0.642294	0.657401	0.651843	0.656403	
1980	0.655144	0.652819	0.648485	0.651116	0.646375	0.645498	0.646250	0.654074	0.652412	0.655901	
1985	0.656076	0.652816	0.652227	0.648239	0.646050	0.644680	0.645041	0.655066	0.654013	0.655122	
1990	0.651989	0.649069	0.662406	0.650073	0.642019	0.647911	0.648092	0.653223	0.657586	0.654187	
1995	0.647472	0.647834	0.659650	0.649359	0.641035	0.646755	0.646028	0.647829	0.662033	0.658955	
2000	0.648527	0.647863	0.661021	0.652578	0.640063	0.649294	0.647387	0.643324	0.661581	0.660168	
2005	0.649371	0.650396	0.660262	0.648875	0.641554	0.648908	0.646741	0.646658	0.661697	0.658508	
2010	0.648353	0.649320	0.660971	0.646879	0.640299	0.649760	0.642760	0.651582	0.660223	0.657818	
2015	0.650204	0.646273	0.658311	0.643959	0.642089	0.653064	0.642842	0.647969	0.661437	0.651450	
2020	0.650059	0.645227	0.657830	0.640863	0.643585	0.651785	0.644143	0.647030	0.660259	0.656033	
2025	0.645683	0.647329	0.653799	0.643519	0.644944	0.651847	0.642603	0.648433	0.662739	0.656467	
2030	0.645359	0.647389	0.648481	0.643930	0.646705	0.657814	0.645915	0.646956	0.660080	0.655782	
2035	0.646927	0.645643	0.649682	0.645125	0.643074	0.658815	0.648890	0.646828	0.658362	0.651528	
2040	0.645964	0.643821	0.647815	0.641479	0.642882	0.655041	0.649652	0.644150	0.655485	0.652403	
2045	0.645765	0.650890	0.648413	0.638013	0.640588	0.654073	0.651661	0.641463	0.658827	0.652499	
2050	0.645897	0.651278	0.650182	0.636465	0.640929	0.657010	0.651266	0.642602	0.657050	0.653959	
2055	0.646979	0.653722	0.645635	0.635702	0.642261	0.655304	0.649356	0.646824	0.657951	0.649020	
2060	0.639490	0.655097	0.647244	0.634947	0.638356	0.648999	0.646408	0.648561	0.656597	0.648402	
2065	0.638767	0.652381	0.648114	0.635871	0.639033	0.651654	0.645482	0.649123	0.656201	0.646039	
2070	0.640517	0.651998	0.651844	0.636698	0.637639	0.650682	0.643367	0.651610	0.654332	0.649884	
2075	0.649535	0.651712	0.654880	0.637208	0.633385	0.652433	0.643201	0.650030	0.653986	0.649576	
2080	0.645106	0.652284	0.657239	0.638301	0.633513	0.651945	0.645054	0.650841	0.651193	0.648207	
2085	0.646788	0.653990	0.654070	0.636807	0.634022	0.656995	0.649220	0.647460	0.649025	0.648648	
2090	0.646140	0.652263	0.650626	0.637015	0.634764	0.657292	0.644662	0.650861	0.642020	0.647494	
2095	0.649176	0.651956	0.648187	0.639128	0.634145	0.654275	0.647312	0.649560	0.643635	0.642664	
2100	0.648165	0.652622	0.652416	0.636135	0.635252	0.648559	0.645057	0.648758	0.642960	0.644571	
2105	0.647782	0.655844	0.651538	0.634682	0.636830	0.648911	0.641175	0.650821	0.646280	0.643722	
2110	0.647126	0.652230	0.651176	0.639167	0.635568	0.646482	0.639563	0.650930	0.647597	0.646595	
2115	0.649727	0.650780	0.653589	0.642700	0.632548	0.641857	0.642710	0.652239	0.641224	0.649845	
2120	0.651507	0.650955	0.650531	0.643229	0.637966	0.641809	0.643951	0.649825	0.639760	0.646038	
2125	0.655871	0.647362	0.653772	0.645277	0.634727	0.645807	0.646438	0.647103	0.635168	0.645319	
2130	0.658805	0.650636	0.653211	0.646439	0.633270	0.643557	0.646775	0.649378	0.635572	0.649558	
2135	0.655063	0.647042	0.653156	0.646597	0.631668	0.646592	0.646518	0.651561	0.635864	0.643266	
2140	0.649205	0.650177	0.648871	0.646505	0.633481	0.643750	0.646033	0.653154	0.633821	0.647613	
2145	0.646644	0.654590	0.647916	0.641890	0.637820	0.642169	0.646674	0.651900	0.633387	0.647702	
2150	0.647087	0.652025	0.647452	0.640080	0.630268	0.642658	0.644419	0.654142	0.636914	0.648081	
2155	0.650297	0.647093	0.649176	0.641540	0.630076	0.641759	0.641614	0.649823	0.640187	0.646867	
2160	0.649790	0.651272	0.647653	0.642195	0.631000	0.643278	0.640414	0.651370	0.638764	0.644023	
2165	0.649217	0.648629	0.650298	0.645774	0.632992	0.643763	0.642615	0.651212	0.638259	0.648703	
2170	0.652471	0.645588	0.647393	0.646015	0.634713	0.648990	0.642320	0.652461	0.640260	0.647634	
2175	0.652055	0.643357	0.650721	0.646825	0.634320	0.645394	0.644007	0.651527	0.641013	0.647776	
2180	0.652149	0.637682	0.652207	0.649140	0.636745	0.644463	0.638299	0.654537	0.642375	0.644693	
2185	0.651869	0.637171	0.650866	0.646527	0.633386	0.642783	0.638729	0.654155	0.639908	0.640577	
2190	0.653555	0.639235	0.648392	0.644711	0.638639	0.643390	0.639682	0.652215	0.636667	0.643892	
2195	0.657286	0.640466	0.650503	0.642132	0.636862	0.642736	0.638900	0.650224	0.638333	0.641725	
2200	0.660212	0.639671	0.648892	0.643943	0.642382	0.641818	0.643079	0.648886	0.641233	0.639833	
2205	0.660398	0.640640	0.649131	0.644442	0.641698	0.641597	0.641524	0.652255	0.637492	0.640898	
2210	0.663564	0.641146	0.651822	0.643530	0.639883	0.638576	0.642588	0.651437	0.637413	0.640248	
2215	0.660507	0.641734	0.656306	0.644745	0.644743	0.638078	0.638516	0.654988	0.635896	0.637253	
2220	0.659672	0.641209	0.651647	0.643306	0.640491	0.640374	0.637740	0.651744	0.635414	0.642982	
2225	0.660048	0.643484	0.654076	0.649462	0.638139	0.642502	0.642937	0.647227	0.639557	0.642871	
2230	0.657722	0.643429	0.656318	0.648185	0.641369	0.643442	0.643656	0.653430	0.638307	0.645388	
2235	0.663014	0.641737	0.656809	0.651611	0.638478	0.642317	0.646570	0.653280	0.639228	0.638872	
2240	0.655832	0.639941	0.655948	0.649239	0.639751	0.644234	0.645582	0.654165	0.639286	0.638230	
2245	0.655694	0.637038	0.653750	0.649960	0.636895	0.638568	0.643353	0.656366	0.636217	0.638656	
2250	0.659104	0.636636	0.655145	0.649024	0.633262	0.638962	0.639810	0.656320	0.641024	0.637554	
2255	0.659615	0.636716	0.654751	0.650109	0.635917	0.637261	0.642991	0.653487	0.640804	0.637751	
2260	0.663296	0.642538	0.655388	0.647411	0.637297	0.633320	0.643423	0.653384	0.639314	0.637213	
2265	0.661934	0.642847	0.653974	0.649140	0.633223	0.634562	0.641651	0.653861	0.634343	0.639032	
2270	0.661090	0.639679	0.657038	0.652230	0.631753	0.637290	0.644217	0.654003	0.634031	0.635861	
2275	0.658697	0.640966	0.656874	0.655308	0.630493	0.633962	0.643151	0.655355	0.630868	0.641277	
2280	0.657326	0.639394	0.656703	0.649158	0.634195	0.635487	0.646099	0.656693	0.628932	0.640958	
2285	0.656628	0.640992	0.657326	0.648879	0.632392	0.639136	0.643093	0.652168	0.629406	0.645917	
2290	0.652257	0.637478	0.656845	0.650783	0.634679	0.642299	0.643842	0.647751	0.631352	0.644923	
2295	0.653144	0.636988	0.655113	0.651336	0.631581	0.643038	0.644608	0.647215	0.635519	0.643735	
2300	0.655511	0.639780	0.657298	0.648051	0.630880	0.646037	0.642696	0.649785	0.635847	0.642831	
2305	0.657062	0.638624	0.656971	0.647418	0.632846	0.646083	0.644018	0.646868	0.638476	0.645512	
2310	0.657587	0.637868	0.659153	0.646664	0.635692	0.645693	0.646396	0.647885	0.638298	0.646345	
2315	0.656344	0.633860	0.657685	0.650599	0.639617	0.644998	0.643007	0.643967	0.641278	0.647884	
2320	0.655822	0.636241	0.655417	0.646976	0.640914	0.645908	0.636422	0.646306	0.643513	0.645476	
2325	0.655430	0.637947	0.657149	0.649747	0.642024	0.643679	0.636276	0.646971	0.645924	0.650740	
2330	0.655979	0.639408	0.655090	0.645165	0.639888	0.645864	0.640778	0.648249	0.647724	0.651059	
2335	0.663139	0.640423	0.655949	0.645278	0.637796	0.645642	0.643137	0.645389	0.646117	0.653679	
2340	0.667914	0.639734	0.656887	0.643341	0.638759	0.644765	0.645034	0.649828	0.646937	0.657475	
2345	0.668961	0.641269	0.660619	0.645750	0.639082	0.644133	0.647890	0.649435	0.645555	0.655577	
2350	0.666846	0.644862	0.659878	0.647253	0.641784	0.638847	0.648789	0.647556	0.644703	0.651584	
2355	0.666076	0.645263	0.660510	0.646957	0.641743	0.639898	0.647540	0.651383	0.643664	0.650597	
2360	0.667164	0.647705	0.658625	0.649587	0.642126	0.641997	0.644945	0.650417	0.648408	0.650504	
2365	0.667296	0.644201	0.654415	0.646422	0.637666	0.641967	0.644692	0.654049	0.649012	0.647196	
2370	0.666653	0.640660	0.649104	0.649601	0.637790	0.642420	0.648579	0.652693	0.647742	0.651040	
2375	0.668780	0.639551	0.653530	0.650581	0.640606	0.645019	0.649813	0.649825	0.649545	0.652652	
2380	0.665239	0.640584	0.650854	0.647140	0.641771	0.641650	0.652037	0.648522	0.649929	0.650507	
2385	0.667308	0.641658	0.650816	0.652689	0.640170	0.640964	0.651172	0.650462	0.649063	0.652333	
2390	0.667243	0.640166	0.648729	0.650523	0.641159	0.641861	0.643482	0.650732	0.649407	0.651482	
2395	0.661259	0.637782	0.647332	0.650903	0.632826	0.638256	0.650105	0.653032	0.649949	0.651905	
2400	0.658621	0.637503	0.648859	0.652346	0.636461	0.635011	0.648882	0.655037	0.647329	0.651932	
2405	0.653103	0.642598	0.647604	0.651012	0.633793	0.636280	0.646010	0.654907	0.644208	0.651464	
2410	0.650685	0.643268	0.649568	0.654726	0.637479	0.635264	0.645704	0.660319	0.643610	0.650845	
2415	0.651249	0.642438	0.651957	0.653975	0.642293	0.634062	0.640825	0.664269	0.651416	0.649359	
2420	0.658506	0.641281	0.651791	0.652475	0.640491	0.633182	0.642397	0.660167	0.648846	0.653563	
2425	0.656828	0.642563	0.652452	0.654223	0.642769	0.634632	0.645790	0.661081	0.648968	0.655182	
2430	0.652581	0.644713	0.649929	0.657602	0.646610	0.635402	0.646935	0.662203	0.648428	0.651804	
2435	0.650351	0.645127	0.649050	0.656831	0.645876	0.637511	0.643710	0.661809	0.648448	0.649575	
2440	0.650451	0.647160	0.645503	0.654914	0.643596	0.633450	0.642386	0.660339	0.650573	0.649167	
2445	0.652031	0.647166	0.644859	0.656774	0.641891	0.631385	0.648163	0.654593	0.645886	0.648631	
2450	0.651435	0.646343	0.644621	0.655617	0.644584	0.635125	0.651683	0.656159	0.644740	0.649034	
2455	0.650866	0.646648	0.641613	0.655999	0.640614	0.635527	0.654491	0.657260	0.643216	0.652059	
2460	0.651365	0.649526	0.644089	0.653535	0.639826	0.632409	0.652997	0.657666	0.645502	0.648410	
2465	0.648998	0.646560	0.645476	0.650384	0.645127	0.632848	0.649451	0.657461	0.645762	0.648741	
2470	0.652987	0.647715	0.648562	0.653561	0.644424	0.637329	0.648324	0.657148	0.641293	0.654024	
2475	0.653720	0.648874	0.648876	0.653279	0.641622	0.630608	0.649662	0.659957	0.639716	0.657673	
2480	0.654821	0.647490	0.652608	0.651141	0.638890	0.632593	0.649250	0.660864	0.641497	0.655949	
2485	0.649648	0.647666	0.653658	0.649788	0.643286	0.631230	0.651869	0.657986	0.641710	0.654748	
2490	0.652576	0.651488	0.657732	0.651889	0.638881	0.635947	0.651262	0.652847	0.645044	0.652766	
2495	0.651688	0.649186	0.661017	0.651349	0.641752	0.636889	0.647936	0.652204	0.644031	0.649763	
2500	0.650477	0.649927	0.656051	0.655643	0.642653	0.639647	0.648590	0.652909	0.643334	0.650583	
2505	0.648114	0.653456	0.653181	0.655778	0.641658	0.646952	0.644050	0.651903	0.644259	0.652345	
2510	0.642423	0.650612	0.655130	0.654515	0.644564	0.647577	0.651850	0.650109	0.640860	0.656558	
2515	0.642566	0.653613	0.651552	0.653053	0.643099	0.649577	0.651739	0.650154	0.639553	0.654034	
2520	0.643289	0.658168	0.650655	0.654303	0.642724	0.651885	0.655938	0.651179	0.638016	0.650249	
2525	0.644740	0.655915	0.651112	0.654993	0.644076	0.653943	0.655227	0.653150	0.636566	0.646705	
2530	0.646894	0.659810	0.652822	0.653614	0.645139	0.653026	0.651621	0.648631	0.639188	0.648285	
2535	0.648552	0.657784	0.652351	0.651617	0.643141	0.647782	0.650166	0.647835	0.636774	0.648268	
2540	0.652974	0.659860	0.650772	0.647794	0.640693	0.650456	0.651804	0.647556	0.636003	0.650382	
2545	0.649008	0.658810	0.655173	0.644777	0.639426	0.651415	0.653367	0.647845	0.637930	0.644763	
2550	0.649659	0.662583	0.655160	0.647160	0.640678	0.653883	0.653189	0.642924	0.637809	0.650730	
2555	0.651274	0.660824	0.652908	0.650548	0.640153	0.656206	0.652769	0.643981	0.637226	0.652413	
2560	0.650069	0.662770	0.652777	0.648145	0.642540	0.654414	0.654960	0.645839	0.636922	0.654656	
2565	0.650605	0.658049	0.647549	0.642432	0.643496	0.655724	0.645835	0.648138	0.635639	0.654843	
2570	0.652737	0.659915	0.648204	0.643387	0.639934	0.654868	0.645283	0.647914	0.636893	0.652553	
2575	0.651720	0.658948	0.645136	0.646485	0.638291	0.654950	0.646611	0.651081	0.639040	0.651864	
2580	0.645420	0.657728	0.643442	0.648660	0.639069	0.655302	0.649714	0.648319	0.639134	0.650101	
2585	0.648235	0.653494	0.647983	0.651446	0.642379	0.651705	0.650882	0.648314	0.638366	0.648574	
2590	0.652795	0.657168	0.645168	0.646848	0.642503	0.649743	0.651855	0.646210	0.638352	0.648849	
2595	0.654549	0.660092	0.648122	0.647219	0.639402	0.647979	0.648612	0.645865	0.637329	0.649714	
2600	0.656095	0.659163	0.644255	0.647496	0.636925	0.646054	0.648760	0.646508	0.638418	0.653749	
2605	0.651532	0.659111	0.643175	0.649156	0.641192	0.642956	0.645283	0.645792	0.638077	0.652843	
2610	0.650295	0.662893	0.641179	0.647547	0.641084	0.644924	0.644528	0.643015	0.641196	0.651536	
2615	0.650754	0.659120	0.642031	0.648441	0.644481	0.648631	0.644190	0.646688	0.642870	0.649490	
2620	0.649822	0.657116	0.643070	0.646539	0.645151	0.647347	0.639655	0.646254	0.641911	0.652556	
2625	0.652696	0.660846	0.642258	0.646479	0.641880	0.647506	0.640693	0.641526	0.644661	0.654219	
2630	0.655308	0.657664	0.640414	0.644028	0.636413	0.654812	0.644112	0.640195	0.643680	0.658609	
2635	0.657390	0.655303	0.639726	0.642095	0.635298	0.654942	0.643701	0.636771	0.644942	0.652614	
2640	0.658153	0.654619	0.642409	0.643431	0.637514	0.655464	0.642428	0.634194	0.642561	0.651906	
2645	0.658892	0.655032	0.642980	0.644962	0.639147	0.655082	0.645428	0.634704	0.643429	0.652978	
2650	0.658511	0.655049	0.644793	0.643865	0.637219	0.658451	0.645164	0.633412	0.646923	0.652102	
2655	0.652430	0.654772	0.646565	0.643406	0.637608	0.656309	0.650886	0.636066	0.647757	0.652924	
2660	0.651526	0.657016	0.644406	0.642881	0.634281	0.653563	0.651954	0.636849	0.650021	0.648124	
2665	0.648365	0.654630	0.639170	0.648226	0.632436	0.654440	0.649172	0.639302	0.652589	0.647034	
2670	0.647679	0.654143	0.635736	0.649188	0.633722	0.654284	0.648490	0.635980	0.653444	0.644267	
2675	0.650871	0.652678	0.636149	0.646351	0.634074	0.652854	0.648634	0.637587	0.648733	0.643446	
2680	0.650695	0.653054	0.636047	0.648962	0.631306	0.654406	0.644800	0.641923	0.647290	0.650380	
2685	0.652620	0.653021	0.636445	0.651125	0.631047	0.646779	0.642831	0.636055	0.647701	0.649600	
2690	0.648185	0.653905	0.640752	0.649874	0.630493	0.650391	0.645411	0.634629	0.646161	0.650322	
2695	0.651407	0.654904	0.641311	0.649587	0.636388	0.647278	0.648140	0.635756	0.641908	0.653076	
2700	0.650033	0.657481	0.642411	0.647848	0.641192	0.644257	0.647139	0.638476	0.646811	0.652551	
2705	0.651771	0.656759	0.643013	0.642697	0.644027	0.644006	0.650485	0.637666	0.650103	0.653085	
2710	0.658863	0.655936	0.644755	0.647032	0.641731	0.640514	0.649382	0.641993	0.654171	0.651159	
2715	0.657332	0.648284	0.647794	0.642843	0.638177	0.647974	0.648325	0.634085	0.652466	0.656743	
2720	0.655126	0.648818	0.646771	0.642955	0.640512	0.646983	0.648969	0.632166	0.653401	0.653883	
2725	0.654193	0.649782	0.650577	0.643095	0.641182	0.644512	0.649605	0.634364	0.655826	0.655651	
2730	0.652880	0.654697	0.654592	0.643181	0.643272	0.646251	0.645423	0.636410	0.653944	0.656465	
2735	0.648554	0.654248	0.657048	0.644410	0.642323	0.647115	0.646197	0.636188	0.651584	0.653323	
2740	0.649999	0.651982	0.657021	0.640281	0.640450	0.645848	0.645450	0.641927	0.651600	0.651723	
2745	0.650564	0.654767	0.658434	0.642654	0.634130	0.647624	0.643349	0.641843	0.645181	0.651197	
2750	0.654131	0.655868	0.651395	0.646677	0.633749	0.646807	0.643995	0.644327	0.640844	0.651320	
2755	0.655253	0.654902	0.650821	0.646830	0.639135	0.646803	0.643655	0.647145	0.643278	0.651365	
2760	0.655277	0.653961	0.651678	0.654100	0.634852	0.646122	0.644311	0.647232	0.642724	0.651494	
2765	0.656793	0.651261	0.649452	0.652084	0.633485	0.652125	0.644740	0.647469	0.645699	0.651518	
2770	0.657342	0.657204	0.652662	0.651694	0.638385	0.655600	0.641099	0.645623	0.649462	0.648900	
2775	0.657210	0.655563	0.653362	0.653177	0.635198	0.656544	0.642688	0.642576	0.648109	0.649580	
2780	0.654930	0.656960	0.649567	0.651412	0.633945	0.655814	0.642893	0.642791	0.651087	0.648342	
2785	0.656327	0.657284	0.650792	0.654470	0.630826	0.656380	0.640378	0.643388	0.649324	0.645424	
2790	0.654430	0.656628	0.644787	0.658650	0.633279	0.656331	0.639685	0.639538	0.644509	0.647009	
2795	0.653645	0.658896	0.642167	0.657918	0.629922	0.654158	0.641202	0.638908	0.645921	0.646691	
2800	0.651157	0.658763	0.644870	0.655871	0.634809	0.652898	0.636470	0.640487	0.644931	0.645989	
2805	0.650109	0.658557	0.643999	0.654514	0.636170	0.655771	0.634833	0.641562	0.643063	0.651863	
2810	0.655331	0.658644	0.645702	0.653275	0.637275	0.650918	0.630544	0.646319	0.643064	0.653298	
2815	0.654363	0.661573	0.644419	0.655125	0.639048	0.647547	0.631879	0.644999	0.644529	0.648437	
2820	0.655331	0.660766	0.643483	0.651778	0.640497	0.650942	0.632043	0.647000	0.645019	0.648343	
2825	0.658227	0.661353	0.643438	0.655691	0.640257	0.652001	0.636147	0.646395	0.645685	0.643168	
2830	0.656782	0.660729	0.641993	0.656970	0.640378	0.651607	0.642316	0.644663	0.645214	0.645094	
2835	0.656637	0.663912	0.642657	0.658184	0.638184	0.653846	0.642465	0.643015	0.647778	0.646165	
2840	0.657356	0.662324	0.642164	0.660948	0.639927	0.651520	0.643433	0.640541	0.648037	0.649269	
2845	0.657022	0.661004	0.642213	0.653215	0.639999	0.652090	0.641162	0.642837	0.652745	0.647467	
2850	0.659570	0.660017	0.643342	0.655451	0.642987	0.650334	0.641299	0.645699	0.653492	0.646091	
2855	0.654853	0.660940	0.642057	0.651626	0.648361	0.654021	0.638157	0.646331	0.654096	0.651151	
2860	0.652102	0.660416	0.646171	0.653092	0.647963	0.658831	0.633208	0.643972	0.650447	0.653377	
2865	0.655262	0.660109	0.641620	0.653729	0.643646	0.661063	0.636388	0.643292	0.649690	0.655582	
2870	0.656585	0.655862	0.641050	0.652058	0.643854	0.663595	0.638043	0.642655	0.646044	0.655013	
2875	0.656141	0.656277	0.642973	0.654174	0.645011	0.664722	0.634055	0.643460	0.645467	0.654154	
2880	0.653996	0.657678	0.644151	0.655792	0.642711	0.658347	0.636003	0.643375	0.649993	0.648977	
2885	0.654793	0.658543	0.644611	0.655677	0.642862	0.658500	0.638037	0.646519	0.649984	0.647067	
2890	0.652150	0.655677	0.644915	0.650808	0.642421	0.661419	0.634290	0.645936	0.653520	0.644493	
2895	0.653571	0.657750	0.648892	0.651258	0.638596	0.658021	0.636467	0.649868	0.652914	0.641854	
2900	0.648379	0.658257	0.650619	0.649744	0.639850	0.655629	0.636451	0.652315	0.654224	0.642756	
2905	0.654355	0.654361	0.651507	0.650262	0.639882	0.654647	0.640122	0.649356	0.653774	0.644052	
2910	0.653815	0.652742	0.652332	0.648390	0.643954	0.655703	0.635344	0.645817	0.652835	0.647353	
2915	0.652928	0.648176	0.650430	0.649146	0.640278	0.655998	0.637261	0.648355	0.652077	0.648971	
2920	0.652436	0.646624	0.647960	0.648270	0.646090	0.657162	0.632909	0.646053	0.652401	0.650281	
2925	0.652709	0.647829	0.644191	0.646883	0.647064	0.655490	0.634908	0.646672	0.653517	0.653598	
2930	0.648430	0.648084	0.640685	0.646696	0.644233	0.653198	0.636305	0.650809	0.648712	0.656394	
2935	0.649146	0.648205	0.640115	0.639637	0.647039	0.654910	0.633144	0.649389	0.652881	0.655323	
2940	0.647052	0.649637	0.639038	0.637948	0.643546	0.648866	0.632623	0.651671	0.653665	0.649178	
2945	0.651449	0.649966	0.637786	0.636258	0.646960	0.648036	0.630142	0.649098	0.652959	0.649052	
2950	0.650564	0.648272	0.638614	0.639131	0.641733	0.646083	0.633910	0.648970	0.654033	0.649755	
2955	0.647732	0.645511	0.642366	0.642145	0.641481	0.652905	0.636229	0.646668	0.654977	0.650630	
2960	0.647835	0.648958	0.644077	0.641324	0.638714	0.653202	0.639761	0.645819	0.655495	0.654860	
2965	0.645393	0.650786	0.641912	0.636775	0.638287	0.654370	0.641584	0.651329	0.657037	0.656882	
2970	0.648551	0.651900	0.642553	0.640974	0.640421	0.649750	0.644340	0.648216	0.655714	0.659357	
2975	0.649933	0.650045	0.646634	0.642300	0.640838	0.650897	0.643213	0.647857	0.655587	0.657681	
2980	0.649725	0.652842	0.647751	0.640413	0.641816	0.652691	0.641667	0.651540	0.658940	0.657573	
2985	0.648448	0.653221	0.645372	0.641242	0.642856	0.649795	0.639665	0.651084	0.657838	0.660388	
2990	0.645216	0.649587	0.645679	0.647999	0.639478	0.650154	0.640909	0.651017	0.661303	0.660397	
2995	0.641649	0.649419	0.644297	0.648574	0.638603	0.646532	0.637840	0.652961	0.657570	0.661077	
3000	0.640557	0.651482	0.648054	0.644761	0.639379	0.648414	0.638561	0.653556	0.658800	0.659059	
