T	rep_1	rep_2	rep_3	rep_4	rep_5	rep_6	rep_7	rep_8	rep_9	rep_10
5	0.000000	0.000000	0.000000	0.000000	0.000000	0.000000	0.000000	0.000000	0.000000	0.000000	
10	0.000000	0.000000	0.000000	0.000000	0.000000	0.000000	0.000000	0.000000	0.000000	0.000000	
15	0.000000	0.000000	0.000000	0.000000	0.000000	0.000000	0.000000	0.000000	0.000000	0.000000	
20	0.000000	0.000000	0.000000	0.000000	0.000000	0.000000	0.000000	0.000000	0.000000	0.000000	
25	0.000000	0.000000	0.000000	0.000000	0.000000	0.000000	0.000000	0.000000	0.000000	0.000000	
30	0.000000	0.000000	0.000000	0.000000	0.000000	0.000000	0.000000	0.000000	0.000000	0.000000	
35	0.000000	0.000000	0.000000	0.000000	0.000000	0.000000	0.000000	0.000000	0.000000	0.000000	
40	0.000000	0.000000	0.000000	0.000000	0.000000	0.000000	0.000000	0.000000	0.000000	0.000000	
45	0.000000	0.000000	0.000000	0.000000	0.000000	0.000000	0.000000	0.000000	0.000000	0.000000	
50	0.000000	0.000000	0.000000	0.000000	0.000000	0.000000	0.000000	0.000000	0.000000	0.000000	
55	0.000000	0.000000	0.000000	0.000000	0.000000	0.000000	0.000000	0.000000	0.000000	0.000000	
60	0.000000	0.000000	0.000000	0.000000	0.000000	0.000000	0.000000	0.000000	0.000000	0.000000	
65	0.000000	0.000000	0.000000	0.000000	0.000000	0.000000	0.000000	0.000000	0.000000	0.000000	
70	0.000000	0.000000	0.000000	0.000000	0.000000	0.000000	0.000000	0.000000	0.000000	0.000000	
75	0.000000	0.000000	0.000000	0.000000	0.000000	0.000000	0.000000	0.000000	0.000000	0.000000	
80	0.000000	0.000000	0.000000	0.000000	0.000000	0.000000	0.000000	0.000000	0.000000	0.000000	
85	0.000000	0.000000	0.000000	0.000000	0.000000	0.000000	0.000000	0.000000	0.000000	0.000000	
90	0.000000	0.000000	0.000000	0.000000	0.000000	0.000000	0.000000	0.000000	0.000000	0.000000	
95	0.000000	0.000000	0.000000	0.000000	0.000000	0.000000	0.000000	0.000000	0.000000	0.000000	
100	0.000000	0.000000	0.000000	0.000000	0.000000	0.000000	0.000000	0.000000	0.000000	0.000000	
105	0.000000	0.000000	0.000000	0.000000	0.000000	0.000000	0.000000	0.000000	0.000000	0.000000	
110	0.000000	0.000000	0.000000	0.000000	0.000000	0.000000	0.000000	0.000000	0.000000	0.000000	
115	0.000000	0.000000	0.000000	0.000000	0.000000	0.000000	0.000000	0.000000	0.000000	0.000000	
120	0.000000	0.000000	0.000000	0.000000	0.000000	0.000000	0.000000	0.000000	0.000000	0.000000	
125	0.000000	0.000000	0.000000	0.000000	0.000000	0.000000	0.000000	0.000000	0.000000	0.000000	
130	0.000000	0.000000	0.000000	0.000000	0.000000	0.000000	0.000000	0.000000	0.000000	0.000000	
135	0.000000	0.000000	0.000000	0.000000	0.000000	0.000000	0.000000	0.000000	0.000000	0.000000	
140	0.000000	0.000000	0.000000	0.000000	0.000000	0.000000	0.000000	0.000000	0.000000	0.000000	
145	0.000000	0.000000	0.000000	0.000000	0.000000	0.000000	0.000000	0.000000	0.000000	0.000000	
150	0.000000	0.000000	0.000000	0.000000	0.000000	0.000000	0.000000	0.000000	0.000000	0.000000	
155	0.000000	0.000000	0.000000	0.000000	0.000000	0.000000	0.000000	0.000000	0.000000	0.000000	
160	0.000000	0.000000	0.000000	0.000000	0.000000	0.000000	0.000000	0.000000	0.000000	0.000000	
165	0.000000	0.000000	0.000000	0.000000	0.000000	0.000000	0.000000	0.000000	0.000000	0.000000	
170	0.000000	0.000000	0.000000	0.000000	0.000000	0.000000	0.000000	0.000000	0.000000	0.000000	
175	0.000000	0.000000	0.000000	0.000000	0.000000	0.000000	0.000000	0.000000	0.000000	0.000000	
180	0.000000	0.000000	0.000000	0.000000	0.000000	0.000000	0.000000	0.000000	0.000000	0.000000	
185	0.000000	0.000000	0.000000	0.000000	0.000000	0.000000	0.000000	0.000000	0.000000	0.000000	
190	0.000000	0.000000	0.000000	0.000000	0.000000	0.000000	0.000000	0.000000	0.000000	0.000000	
195	0.000000	0.000000	0.000000	0.000000	0.000000	0.000000	0.000000	0.000000	0.000000	0.000000	
200	0.000000	0.000000	0.000000	0.000000	0.000000	0.000000	0.000000	0.000000	0.000000	0.000000	
205	0.001140	0.001413	0.001719	0.001549	0.001662	0.001668	0.001160	0.001692	0.001489	0.001775	
210	0.002406	0.003631	0.003496	0.002449	0.002011	0.003171	0.002877	0.002489	0.002809	0.004051	
215	0.003746	0.006479	0.005451	0.003806	0.003665	0.004646	0.005193	0.003809	0.004251	0.004964	
220	0.004711	0.007074	0.006820	0.004098	0.005478	0.004755	0.005484	0.004577	0.006386	0.007019	
225	0.007007	0.008609	0.008549	0.005124	0.008228	0.007426	0.007448	0.004565	0.007542	0.007428	
230	0.005686	0.011988	0.011268	0.005588	0.009192	0.007174	0.010134	0.006223	0.009903	0.006703	
235	0.006979	0.012298	0.012402	0.006259	0.012927	0.007194	0.013091	0.006418	0.011150	0.008190	
240	0.006037	0.013079	0.013421	0.008448	0.014172	0.007549	0.016664	0.006431	0.011717	0.010220	
245	0.007307	0.014608	0.013676	0.010147	0.015102	0.009143	0.015190	0.008083	0.010444	0.010192	
250	0.007754	0.016981	0.015193	0.008604	0.016509	0.009810	0.015419	0.009142	0.009268	0.011662	
255	0.009736	0.019323	0.015528	0.008655	0.016644	0.012263	0.016638	0.008238	0.010091	0.013243	
260	0.009930	0.018883	0.017510	0.008586	0.018395	0.014705	0.017636	0.009341	0.010706	0.013436	
265	0.011333	0.019661	0.017617	0.007951	0.019317	0.016791	0.018197	0.010700	0.009335	0.014449	
270	0.013188	0.019903	0.019888	0.008251	0.023143	0.018476	0.018959	0.010635	0.008643	0.014632	
275	0.016866	0.021650	0.023044	0.010539	0.025651	0.019358	0.020250	0.012637	0.010345	0.016535	
280	0.018649	0.021665	0.022549	0.013670	0.027167	0.019086	0.020811	0.012697	0.013403	0.014840	
285	0.019711	0.023986	0.023724	0.016272	0.028644	0.020238	0.020288	0.012904	0.013233	0.014868	
290	0.021001	0.025138	0.024642	0.017027	0.033431	0.021690	0.020011	0.015795	0.013847	0.014966	
295	0.019752	0.029319	0.030631	0.021640	0.033875	0.021561	0.019906	0.015827	0.012414	0.014460	
300	0.020613	0.029070	0.031521	0.026192	0.031978	0.021984	0.021866	0.014841	0.011773	0.013793	
305	0.021138	0.031918	0.031516	0.027136	0.031643	0.022112	0.024607	0.017145	0.015106	0.015157	
310	0.020017	0.032160	0.031815	0.029695	0.028371	0.021795	0.022802	0.017567	0.015733	0.015166	
315	0.021098	0.032282	0.031205	0.030716	0.025920	0.022330	0.024658	0.016724	0.016288	0.018296	
320	0.021323	0.032848	0.028627	0.031088	0.027354	0.022179	0.025637	0.016195	0.016149	0.020176	
325	0.022693	0.035247	0.028414	0.030663	0.028919	0.021274	0.026373	0.016184	0.011782	0.020869	
330	0.023660	0.032612	0.030745	0.031686	0.029023	0.019797	0.028090	0.015673	0.011312	0.021434	
335	0.022549	0.036439	0.027526	0.034048	0.028539	0.023036	0.026344	0.017852	0.010671	0.018365	
340	0.020868	0.035503	0.029565	0.034138	0.029680	0.025277	0.026365	0.016621	0.010766	0.015309	
345	0.023880	0.034130	0.029853	0.030648	0.032515	0.023315	0.029260	0.016584	0.011859	0.015479	
350	0.025489	0.036090	0.030255	0.030747	0.032123	0.025182	0.029060	0.018354	0.014387	0.018376	
355	0.026032	0.036387	0.029846	0.030734	0.032032	0.024426	0.027932	0.018557	0.015522	0.017056	
360	0.026119	0.036232	0.027124	0.032280	0.032993	0.024760	0.028728	0.020755	0.015363	0.016490	
365	0.027446	0.034850	0.026333	0.034525	0.034756	0.024040	0.026400	0.021269	0.017465	0.017232	
370	0.025892	0.035677	0.027807	0.032327	0.033820	0.025169	0.026817	0.021651	0.017372	0.017667	
375	0.025259	0.038276	0.029953	0.034013	0.033723	0.024266	0.025752	0.021980	0.020881	0.018468	
380	0.024920	0.039656	0.031130	0.035699	0.030314	0.025177	0.025147	0.025028	0.020209	0.017162	
385	0.026086	0.038183	0.032616	0.038584	0.029564	0.024277	0.026653	0.026690	0.019985	0.015513	
390	0.025107	0.037990	0.030998	0.040012	0.030576	0.025483	0.026940	0.027910	0.018868	0.017822	
395	0.026164	0.036292	0.028651	0.039863	0.028988	0.026829	0.026984	0.029566	0.020378	0.020519	
400	0.028084	0.036148	0.030650	0.039861	0.029093	0.030914	0.026884	0.033794	0.021433	0.020503	
405	0.027525	0.037481	0.031206	0.040596	0.027436	0.031208	0.027599	0.034521	0.022939	0.020822	
410	0.027693	0.037768	0.031126	0.040314	0.026742	0.031640	0.025537	0.032861	0.022804	0.020758	
415	0.028843	0.037372	0.029762	0.040392	0.026544	0.032298	0.023986	0.034664	0.024334	0.019848	
420	0.028633	0.037297	0.030148	0.038914	0.026613	0.032016	0.024958	0.034921	0.024336	0.021223	
425	0.030592	0.036877	0.031351	0.037689	0.027993	0.030418	0.026108	0.034645	0.022283	0.023950	
430	0.030995	0.037892	0.031425	0.035912	0.025745	0.029646	0.028313	0.031617	0.023144	0.024823	
435	0.031581	0.038340	0.032025	0.034216	0.026787	0.029036	0.028105	0.034544	0.025860	0.024768	
440	0.031047	0.038127	0.030463	0.033546	0.025638	0.029103	0.027095	0.035573	0.023683	0.024956	
445	0.029329	0.037688	0.028994	0.030579	0.026039	0.028253	0.026972	0.036713	0.023831	0.026925	
450	0.028099	0.038225	0.028407	0.028219	0.025958	0.027230	0.025009	0.037950	0.023690	0.027108	
455	0.027324	0.038094	0.029830	0.029003	0.026071	0.029369	0.025997	0.038075	0.023491	0.027593	
460	0.025322	0.039534	0.029275	0.029419	0.025418	0.029441	0.027919	0.037168	0.024229	0.027591	
465	0.026656	0.040016	0.028437	0.029565	0.025755	0.029470	0.026478	0.038045	0.022971	0.025584	
470	0.028212	0.037909	0.027404	0.029817	0.024878	0.028477	0.026069	0.040862	0.023564	0.024570	
475	0.029552	0.037630	0.029191	0.028893	0.026547	0.027783	0.029506	0.040303	0.023707	0.025258	
480	0.031787	0.038076	0.028296	0.027633	0.027816	0.028795	0.029749	0.041100	0.025149	0.026805	
485	0.033011	0.038981	0.026997	0.027992	0.025578	0.028301	0.027895	0.042196	0.023582	0.026238	
490	0.031004	0.038865	0.030644	0.027408	0.024992	0.028379	0.028717	0.044071	0.022470	0.026763	
495	0.028701	0.037975	0.033289	0.028858	0.024608	0.028239	0.028418	0.043154	0.020677	0.025359	
500	0.029484	0.038966	0.033062	0.029202	0.024235	0.027077	0.029383	0.042427	0.020163	0.024366	
505	0.029741	0.036823	0.036448	0.029492	0.024476	0.027422	0.029192	0.043974	0.022223	0.025362	
510	0.029110	0.037213	0.035814	0.029451	0.023352	0.029086	0.029658	0.045131	0.020023	0.023229	
515	0.029031	0.034516	0.035243	0.030851	0.022386	0.028950	0.029734	0.045425	0.020454	0.025143	
520	0.031363	0.037216	0.035606	0.030504	0.022924	0.029249	0.027630	0.045835	0.019268	0.026826	
525	0.033893	0.036606	0.039112	0.029516	0.025699	0.029697	0.025347	0.047961	0.020828	0.026845	
530	0.035122	0.037389	0.037251	0.028809	0.027633	0.029960	0.027236	0.044644	0.020620	0.026975	
535	0.036412	0.037012	0.035993	0.026995	0.028060	0.029737	0.029656	0.041816	0.023816	0.028095	
540	0.036168	0.036122	0.033704	0.024777	0.029688	0.029335	0.027532	0.042686	0.022812	0.028809	
545	0.039147	0.035828	0.031936	0.024925	0.030222	0.029208	0.028381	0.043676	0.022616	0.027600	
550	0.041067	0.036270	0.031895	0.024981	0.029204	0.026818	0.027793	0.040250	0.024790	0.030436	
555	0.039358	0.034721	0.030934	0.027414	0.029153	0.025186	0.027103	0.039716	0.022912	0.030469	
560	0.038109	0.033255	0.031003	0.026012	0.029619	0.024523	0.026336	0.040722	0.022637	0.031261	
565	0.037354	0.032261	0.029038	0.025959	0.028247	0.022838	0.025588	0.040736	0.022218	0.028217	
570	0.038432	0.031505	0.029966	0.025325	0.026344	0.023981	0.025747	0.040244	0.020306	0.026419	
575	0.037598	0.035514	0.030549	0.028233	0.027617	0.023813	0.027265	0.037582	0.020125	0.025134	
580	0.037950	0.034961	0.030850	0.026716	0.028251	0.023829	0.027383	0.038608	0.022003	0.024629	
585	0.037224	0.034424	0.029991	0.025489	0.028348	0.026185	0.027028	0.039086	0.021347	0.023460	
590	0.036066	0.031420	0.028092	0.026261	0.027575	0.026152	0.024485	0.043185	0.018458	0.021667	
595	0.035479	0.031545	0.027147	0.027236	0.026043	0.024776	0.025614	0.041536	0.019685	0.021329	
600	0.036642	0.030631	0.026935	0.028053	0.025391	0.025406	0.024305	0.042085	0.019992	0.022554	
605	0.036789	0.030462	0.029639	0.030091	0.026986	0.026895	0.025433	0.042530	0.018753	0.022130	
610	0.034636	0.029327	0.029742	0.028657	0.028957	0.027629	0.024079	0.040250	0.019495	0.025426	
615	0.035895	0.030866	0.030145	0.025932	0.027615	0.028231	0.024642	0.041359	0.020477	0.025544	
620	0.036084	0.028980	0.028217	0.029297	0.026713	0.026354	0.025783	0.039020	0.021069	0.030567	
625	0.036279	0.029527	0.027676	0.025776	0.028394	0.023451	0.025468	0.040745	0.020070	0.031156	
630	0.034824	0.028117	0.027322	0.024475	0.028717	0.023936	0.024809	0.039574	0.020947	0.028830	
635	0.035042	0.028875	0.025580	0.025640	0.029065	0.021575	0.023012	0.040441	0.021231	0.029789	
640	0.033381	0.029766	0.026699	0.027013	0.031147	0.023046	0.023438	0.039722	0.023346	0.032476	
645	0.031448	0.029431	0.028090	0.025262	0.029556	0.023461	0.022547	0.037671	0.023546	0.030785	
650	0.032937	0.028587	0.031319	0.024282	0.029622	0.022692	0.022021	0.036018	0.023176	0.030148	
655	0.031062	0.030900	0.030065	0.024944	0.030808	0.021283	0.020528	0.036237	0.023100	0.027848	
660	0.030897	0.029011	0.030740	0.024044	0.031343	0.022891	0.022090	0.036759	0.021859	0.027347	
665	0.029549	0.027679	0.031862	0.024162	0.031396	0.023174	0.023899	0.033862	0.021662	0.027132	
670	0.029715	0.028499	0.031979	0.025027	0.029953	0.024060	0.023126	0.035373	0.021785	0.025359	
675	0.031196	0.029133	0.032191	0.025874	0.029574	0.026892	0.023865	0.036633	0.021161	0.025320	
680	0.030352	0.029307	0.030398	0.024884	0.030347	0.025219	0.023510	0.038239	0.020241	0.024386	
685	0.028001	0.029281	0.028106	0.027270	0.028237	0.027672	0.023233	0.035711	0.020640	0.023671	
690	0.028378	0.030423	0.029831	0.028118	0.028363	0.028757	0.023780	0.033975	0.021247	0.023401	
695	0.032161	0.031399	0.032207	0.030511	0.026822	0.028222	0.024001	0.031224	0.023556	0.023233	
700	0.032016	0.030585	0.032474	0.029369	0.027344	0.029234	0.023648	0.030524	0.027446	0.023380	
705	0.028851	0.033016	0.031828	0.029183	0.028853	0.026829	0.023066	0.030732	0.026790	0.023993	
710	0.025559	0.033190	0.033556	0.028882	0.028030	0.025130	0.024298	0.031155	0.028746	0.021604	
715	0.024226	0.033038	0.034685	0.030827	0.026781	0.024509	0.023922	0.033290	0.025036	0.022085	
720	0.023659	0.034705	0.034822	0.027443	0.027925	0.022900	0.023623	0.034047	0.024778	0.022321	
725	0.023246	0.034245	0.033571	0.026525	0.029804	0.023295	0.024538	0.035592	0.025704	0.020765	
730	0.024133	0.034942	0.032321	0.025468	0.029366	0.023558	0.029365	0.035368	0.024793	0.022644	
735	0.025852	0.032736	0.032918	0.023456	0.029861	0.025885	0.028220	0.035480	0.026218	0.022047	
740	0.023459	0.032820	0.031046	0.021480	0.030587	0.022565	0.026143	0.036767	0.027430	0.024258	
745	0.026800	0.030835	0.032192	0.021306	0.031788	0.021855	0.025994	0.037724	0.027222	0.022728	
750	0.025826	0.030204	0.032689	0.021985	0.031897	0.022295	0.025216	0.037451	0.026831	0.023684	
755	0.024951	0.028746	0.035119	0.020765	0.031762	0.024133	0.025280	0.036644	0.026945	0.026183	
760	0.024994	0.027064	0.034051	0.020788	0.031237	0.022229	0.027332	0.037387	0.028809	0.026353	
765	0.023213	0.027164	0.033266	0.019621	0.030191	0.023022	0.028261	0.036073	0.026889	0.025586	
770	0.023043	0.027393	0.032114	0.020696	0.031132	0.022979	0.024073	0.034023	0.027437	0.023913	
775	0.024586	0.028729	0.033197	0.021867	0.029283	0.021060	0.025079	0.034070	0.028811	0.023185	
780	0.026455	0.029129	0.033455	0.022443	0.030876	0.021626	0.026886	0.035892	0.028550	0.024025	
785	0.024831	0.028990	0.032625	0.023891	0.028708	0.021913	0.026122	0.035373	0.028547	0.025020	
790	0.025527	0.028517	0.033986	0.024453	0.025977	0.020981	0.023028	0.035304	0.028545	0.026193	
795	0.026497	0.029245	0.033399	0.025211	0.025194	0.021915	0.023861	0.033448	0.030407	0.025399	
800	0.026100	0.029788	0.033641	0.022473	0.026643	0.022193	0.024761	0.032276	0.028291	0.026951	
805	0.023510	0.028448	0.033086	0.022721	0.025730	0.023090	0.024170	0.032377	0.029259	0.027831	
810	0.024089	0.028602	0.033563	0.024213	0.024553	0.024516	0.024806	0.031535	0.030405	0.028195	
815	0.021806	0.027965	0.033742	0.024659	0.025880	0.024643	0.025245	0.032057	0.027939	0.030277	
820	0.021848	0.029763	0.032567	0.024024	0.026047	0.022037	0.027542	0.029882	0.030522	0.030714	
825	0.022637	0.028126	0.032729	0.022929	0.026548	0.023471	0.027354	0.029024	0.030382	0.029751	
830	0.023023	0.027119	0.033852	0.026056	0.025965	0.021629	0.028328	0.029014	0.031213	0.031190	
835	0.023086	0.027509	0.032489	0.027169	0.026112	0.021658	0.029117	0.030235	0.033702	0.030576	
840	0.022366	0.026353	0.031804	0.025385	0.025145	0.021233	0.027650	0.029288	0.032039	0.030214	
845	0.022444	0.027187	0.033712	0.027661	0.024961	0.020057	0.028690	0.032583	0.030570	0.031805	
850	0.023810	0.025773	0.034909	0.028650	0.027351	0.020205	0.028791	0.032378	0.033510	0.033162	
855	0.024237	0.026222	0.034214	0.026826	0.025154	0.021291	0.025887	0.035431	0.033152	0.032639	
860	0.023277	0.026598	0.031391	0.028635	0.023959	0.021528	0.026765	0.035769	0.032048	0.031501	
865	0.024632	0.026694	0.031484	0.026255	0.024182	0.023064	0.028143	0.033887	0.034415	0.031151	
870	0.026412	0.024449	0.031987	0.024218	0.026419	0.023771	0.029591	0.035784	0.034028	0.034058	
875	0.026559	0.025141	0.029396	0.025863	0.030861	0.024092	0.028063	0.034709	0.034191	0.034090	
880	0.028391	0.023826	0.028606	0.027700	0.030173	0.026645	0.028718	0.033052	0.031476	0.033547	
885	0.026147	0.025434	0.029527	0.028290	0.027266	0.027132	0.029062	0.034438	0.032338	0.031014	
890	0.025372	0.027307	0.033030	0.028978	0.026306	0.027220	0.027765	0.033950	0.031911	0.033398	
895	0.024772	0.026420	0.033882	0.027812	0.024547	0.028683	0.029592	0.032592	0.029844	0.029775	
900	0.024069	0.024155	0.034847	0.026411	0.025751	0.028877	0.031485	0.034888	0.031927	0.028988	
905	0.023112	0.023752	0.034873	0.026569	0.024754	0.028822	0.032827	0.033733	0.031631	0.026945	
910	0.024827	0.025290	0.035567	0.027336	0.025308	0.029959	0.034796	0.033259	0.032972	0.026844	
915	0.025401	0.025187	0.035063	0.026526	0.026998	0.027682	0.035828	0.031637	0.034814	0.025619	
920	0.026804	0.025204	0.034663	0.027168	0.028045	0.027509	0.036764	0.030461	0.036372	0.025179	
925	0.023874	0.024482	0.034279	0.026266	0.027828	0.027804	0.033591	0.031664	0.035591	0.028685	
930	0.024426	0.025563	0.033670	0.025448	0.028355	0.026377	0.033333	0.030775	0.035497	0.031067	
935	0.025905	0.026197	0.034099	0.024493	0.028041	0.026128	0.031006	0.030119	0.034707	0.030167	
940	0.024077	0.025422	0.032986	0.024048	0.029034	0.026789	0.030273	0.032126	0.032426	0.032433	
945	0.024123	0.025810	0.032367	0.023828	0.028575	0.028195	0.030954	0.031425	0.030994	0.032514	
950	0.022744	0.026472	0.032528	0.022549	0.029689	0.027816	0.029888	0.031395	0.031547	0.029197	
955	0.022193	0.028062	0.031053	0.022707	0.025811	0.029248	0.031028	0.029666	0.034152	0.029244	
960	0.022137	0.030137	0.030888	0.023497	0.026009	0.030090	0.031804	0.029772	0.034053	0.029301	
965	0.024479	0.029543	0.031743	0.020761	0.026433	0.029867	0.032536	0.028871	0.033097	0.029151	
970	0.022968	0.030918	0.028235	0.021647	0.028568	0.029148	0.031848	0.030752	0.031887	0.027748	
975	0.025710	0.029513	0.026658	0.023615	0.027925	0.026604	0.030783	0.030207	0.032218	0.027849	
980	0.024558	0.028736	0.027096	0.023070	0.026070	0.028301	0.030179	0.028406	0.034984	0.027001	
985	0.025815	0.029206	0.029517	0.021166	0.025169	0.027135	0.031412	0.027437	0.035765	0.026084	
990	0.023723	0.027205	0.030494	0.019882	0.025598	0.028687	0.033269	0.026990	0.035020	0.027692	
995	0.022640	0.027365	0.029417	0.020360	0.025909	0.028962	0.032598	0.029922	0.034369	0.028387	
1000	0.023839	0.030216	0.030759	0.018776	0.026197	0.027081	0.035378	0.030990	0.033495	0.029420	
1005	0.023612	0.030719	0.031471	0.018753	0.025418	0.025245	0.033655	0.030543	0.032401	0.029270	
1010	0.023696	0.029688	0.029954	0.019982	0.025575	0.025097	0.033836	0.029587	0.033788	0.030014	
1015	0.025743	0.029115	0.030223	0.020510	0.023836	0.024179	0.033904	0.027757	0.034690	0.028296	
1020	0.027030	0.032399	0.029910	0.020871	0.023854	0.025483	0.033876	0.027932	0.033280	0.025664	
1025	0.027557	0.033983	0.030853	0.021759	0.023295	0.024376	0.032191	0.029141	0.033124	0.023408	
1030	0.029067	0.034590	0.032431	0.021234	0.022921	0.023164	0.031010	0.030594	0.036124	0.024932	
1035	0.029130	0.034095	0.033278	0.020854	0.025684	0.024289	0.030096	0.028718	0.035911	0.026026	
1040	0.028857	0.032086	0.033002	0.020625	0.024171	0.024623	0.029163	0.029709	0.032561	0.028709	
1045	0.028600	0.032964	0.030131	0.020835	0.024303	0.024088	0.028620	0.028621	0.034713	0.028786	
1050	0.031577	0.029670	0.030492	0.022045	0.023919	0.025709	0.028557	0.027787	0.034001	0.027494	
1055	0.031646	0.030223	0.029834	0.019787	0.022192	0.027215	0.027742	0.028900	0.033752	0.026867	
1060	0.031590	0.029962	0.030834	0.020407	0.022355	0.025759	0.027955	0.028729	0.033313	0.025447	
1065	0.032243	0.028960	0.029206	0.021178	0.024269	0.025849	0.027053	0.029264	0.033857	0.024848	
1070	0.031400	0.030071	0.031597	0.021801	0.024229	0.027089	0.025213	0.027294	0.036084	0.024729	
1075	0.030835	0.031054	0.035097	0.022039	0.023758	0.029566	0.029059	0.026502	0.033909	0.025432	
1080	0.031119	0.030978	0.033502	0.023118	0.023921	0.029696	0.026038	0.023914	0.033948	0.026261	
1085	0.030642	0.029408	0.034406	0.025612	0.023183	0.030098	0.025464	0.024265	0.032463	0.025841	
1090	0.030647	0.027478	0.033017	0.026272	0.024031	0.027688	0.025849	0.023695	0.031651	0.025562	
1095	0.031563	0.027225	0.029922	0.027164	0.024996	0.026722	0.026730	0.023817	0.029681	0.024989	
1100	0.031114	0.027731	0.033262	0.025924	0.026363	0.026911	0.026993	0.024977	0.029268	0.023778	
1105	0.029576	0.027874	0.031682	0.027153	0.025055	0.028779	0.028707	0.026559	0.028322	0.023930	
1110	0.029693	0.025557	0.033523	0.028236	0.024131	0.030168	0.029069	0.027323	0.030392	0.024167	
1115	0.027778	0.026734	0.030902	0.026716	0.022811	0.031515	0.026411	0.025265	0.029142	0.023482	
1120	0.030130	0.025900	0.030373	0.025681	0.025263	0.030746	0.028286	0.023937	0.030719	0.025023	
1125	0.029971	0.024235	0.029264	0.026521	0.025676	0.030078	0.027092	0.023239	0.032579	0.027804	
1130	0.030533	0.024134	0.029846	0.029596	0.026929	0.030225	0.026588	0.024451	0.029880	0.025073	
1135	0.030625	0.024938	0.030563	0.028664	0.024986	0.030914	0.028414	0.024709	0.027793	0.023047	
1140	0.031088	0.026119	0.030833	0.029907	0.027270	0.031151	0.027171	0.024194	0.027150	0.025251	
1145	0.032671	0.025013	0.031072	0.029434	0.029293	0.029104	0.026282	0.022150	0.026138	0.024557	
1150	0.031969	0.023622	0.032255	0.030124	0.029644	0.027849	0.027363	0.022734	0.027534	0.026370	
1155	0.031972	0.026053	0.032707	0.028602	0.029453	0.028659	0.025200	0.022132	0.027144	0.024292	
1160	0.031801	0.025729	0.032999	0.025119	0.030751	0.026817	0.024229	0.024377	0.030227	0.027147	
1165	0.032219	0.025281	0.033854	0.025742	0.031251	0.025815	0.025933	0.022446	0.028021	0.028040	
1170	0.032991	0.026173	0.036740	0.028125	0.029882	0.024982	0.025116	0.020109	0.028781	0.023856	
1175	0.034071	0.026865	0.036791	0.029915	0.031959	0.026062	0.025771	0.017859	0.028230	0.025024	
1180	0.036071	0.025576	0.038325	0.029183	0.031117	0.027060	0.025217	0.018598	0.028381	0.026046	
1185	0.035816	0.024323	0.036937	0.029149	0.030698	0.026330	0.026176	0.017853	0.027339	0.026687	
1190	0.035603	0.024541	0.035583	0.031037	0.031502	0.027321	0.025970	0.017765	0.027470	0.027384	
1195	0.034408	0.023688	0.035376	0.029189	0.031766	0.027057	0.024359	0.018334	0.026569	0.026908	
1200	0.033128	0.025639	0.036908	0.026352	0.030342	0.028505	0.024976	0.018786	0.027306	0.026906	
1205	0.032986	0.025837	0.032286	0.025289	0.028148	0.028727	0.024484	0.018334	0.026454	0.025455	
1210	0.032337	0.025945	0.033800	0.022788	0.028287	0.028076	0.025848	0.016983	0.027306	0.024326	
1215	0.032260	0.024854	0.033273	0.020760	0.026805	0.027322	0.023618	0.018829	0.027729	0.024668	
1220	0.031471	0.024682	0.033940	0.022170	0.024505	0.029282	0.023337	0.017775	0.025779	0.026388	
1225	0.030633	0.025979	0.032842	0.021437	0.024627	0.026897	0.022365	0.017510	0.024901	0.028645	
1230	0.030588	0.027038	0.032338	0.021531	0.026538	0.025425	0.020878	0.016964	0.025397	0.030276	
1235	0.030131	0.026730	0.032638	0.019875	0.024780	0.026950	0.021806	0.020453	0.026400	0.028509	
1240	0.030364	0.026332	0.031118	0.020602	0.024903	0.025944	0.022886	0.018507	0.024019	0.027014	
1245	0.030246	0.026355	0.030185	0.022436	0.025944	0.023748	0.022152	0.017401	0.022265	0.028886	
1250	0.030052	0.026359	0.031807	0.022111	0.026332	0.025317	0.022400	0.018396	0.021055	0.029917	
1255	0.028182	0.023494	0.031696	0.022094	0.027408	0.024634	0.020941	0.019040	0.020038	0.029806	
1260	0.027932	0.023808	0.031119	0.023682	0.026391	0.025994	0.020861	0.018646	0.021157	0.033274	
1265	0.027785	0.022092	0.031230	0.025845	0.023841	0.025963	0.020667	0.017775	0.020665	0.030003	
1270	0.029108	0.021758	0.031450	0.027988	0.024734	0.026658	0.022510	0.017488	0.020332	0.030921	
1275	0.028657	0.021625	0.031107	0.025319	0.023947	0.025755	0.021415	0.018621	0.020772	0.030768	
1280	0.029802	0.023961	0.030057	0.025564	0.024592	0.026535	0.019355	0.018099	0.021021	0.028953	
1285	0.033136	0.024788	0.027268	0.026039	0.023764	0.025272	0.021531	0.018401	0.022783	0.027746	
1290	0.032827	0.023079	0.026177	0.025187	0.023252	0.026209	0.022171	0.017591	0.023211	0.028443	
1295	0.033041	0.022208	0.027210	0.024275	0.023424	0.028201	0.021976	0.018715	0.021833	0.027768	
1300	0.031520	0.023482	0.026685	0.023501	0.024216	0.028635	0.022586	0.019078	0.020483	0.027327	
1305	0.029679	0.023923	0.028035	0.022964	0.025122	0.027457	0.022333	0.019801	0.020896	0.027409	
1310	0.027555	0.023244	0.028664	0.022486	0.026385	0.026216	0.022943	0.020047	0.022044	0.029079	
1315	0.028310	0.023149	0.026654	0.021922	0.026406	0.027113	0.022503	0.021167	0.023648	0.027405	
1320	0.030467	0.022555	0.026081	0.021908	0.027260	0.029790	0.022138	0.020028	0.023774	0.026865	
1325	0.030231	0.023592	0.024900	0.022186	0.027579	0.031130	0.022069	0.017937	0.023983	0.027657	
1330	0.029386	0.024087	0.025402	0.022176	0.026806	0.029913	0.022645	0.017977	0.021327	0.028860	
1335	0.028036	0.026499	0.026719	0.022988	0.029157	0.026963	0.023050	0.018787	0.021802	0.027360	
1340	0.028064	0.029539	0.026820	0.023254	0.029250	0.028865	0.023398	0.019796	0.024780	0.028725	
1345	0.029655	0.029822	0.027500	0.025290	0.027316	0.028946	0.023290	0.020317	0.024849	0.025977	
1350	0.029403	0.027718	0.027371	0.027178	0.028330	0.029540	0.022997	0.022362	0.021728	0.029171	
1355	0.030030	0.027267	0.027392	0.027482	0.025230	0.027419	0.023879	0.023990	0.023898	0.031211	
1360	0.030009	0.028763	0.027738	0.027395	0.024570	0.026906	0.022511	0.025136	0.024026	0.029904	
1365	0.029571	0.025506	0.027723	0.024954	0.025051	0.025233	0.022844	0.027375	0.022564	0.029968	
1370	0.030059	0.026466	0.027375	0.025181	0.027331	0.025477	0.022879	0.025904	0.022338	0.029152	
1375	0.028944	0.024908	0.026885	0.026227	0.026730	0.026235	0.021128	0.026808	0.021022	0.029600	
1380	0.028820	0.025203	0.026572	0.027392	0.028926	0.024983	0.019406	0.026982	0.022760	0.030507	
1385	0.029557	0.025902	0.028227	0.024654	0.028437	0.021779	0.020122	0.024204	0.021569	0.025684	
1390	0.028464	0.026511	0.028249	0.023265	0.028526	0.021073	0.019326	0.024305	0.022998	0.025748	
1395	0.027427	0.023161	0.026856	0.023186	0.028021	0.023099	0.018756	0.023182	0.024821	0.026803	
1400	0.029089	0.024786	0.027879	0.023955	0.026810	0.024360	0.017524	0.024981	0.027484	0.026489	
1405	0.029192	0.025905	0.027427	0.024901	0.026986	0.024354	0.015834	0.024855	0.027059	0.027515	
1410	0.030221	0.025310	0.025874	0.025483	0.026496	0.024631	0.017154	0.023990	0.025783	0.026423	
1415	0.028878	0.026150	0.026167	0.025776	0.023353	0.024094	0.017135	0.025450	0.023201	0.025574	
1420	0.028400	0.028148	0.027716	0.025559	0.026223	0.023995	0.015232	0.024758	0.025899	0.027481	
1425	0.028780	0.029964	0.027232	0.027344	0.027168	0.023161	0.016546	0.028059	0.023982	0.031149	
1430	0.028959	0.030077	0.027234	0.025453	0.029560	0.022255	0.017787	0.029000	0.023798	0.029635	
1435	0.027804	0.029258	0.027301	0.025342	0.029035	0.021922	0.021045	0.031593	0.025097	0.028579	
1440	0.028791	0.029614	0.026197	0.025008	0.027351	0.022395	0.024438	0.030824	0.024899	0.027850	
1445	0.027339	0.029267	0.025731	0.023754	0.028193	0.024883	0.026014	0.032415	0.026895	0.028481	
1450	0.028188	0.029164	0.026189	0.026056	0.028708	0.026038	0.025387	0.029110	0.028069	0.028608	
1455	0.028811	0.030273	0.027526	0.024617	0.030515	0.024856	0.022249	0.026123	0.029690	0.027865	
1460	0.028920	0.028174	0.028499	0.025746	0.031430	0.025325	0.022404	0.027783	0.031907	0.029269	
1465	0.028754	0.028462	0.027498	0.026925	0.031393	0.025712	0.021603	0.027608	0.033282	0.031371	
1470	0.028518	0.027933	0.026892	0.027858	0.029576	0.026434	0.021662	0.027510	0.035616	0.031489	
1475	0.030111	0.026887	0.029984	0.028434	0.028775	0.027510	0.023354	0.026475	0.035773	0.030369	
1480	0.028290	0.027460	0.030285	0.024863	0.027762	0.026198	0.022764	0.027181	0.032320	0.031751	
1485	0.027230	0.026497	0.030013	0.026639	0.026859	0.025669	0.022351	0.025374	0.030506	0.032552	
1490	0.025959	0.027590	0.029398	0.028291	0.027252	0.028917	0.020132	0.025700	0.030271	0.033947	
1495	0.028324	0.029811	0.030270	0.029833	0.026351	0.026636	0.020399	0.027108	0.030438	0.035015	
1500	0.026729	0.029264	0.029630	0.028877	0.027053	0.027122	0.020272	0.027378	0.030718	0.035007	
1505	0.025147	0.028439	0.031078	0.027703	0.028665	0.025377	0.022657	0.027100	0.030275	0.034053	
1510	0.026439	0.029659	0.027325	0.030289	0.031999	0.024464	0.020941	0.026839	0.029632	0.034729	
1515	0.028237	0.030708	0.026233	0.031798	0.031895	0.025269	0.022859	0.025453	0.030233	0.036545	
1520	0.028747	0.030218	0.026219	0.033529	0.031940	0.023816	0.021158	0.025626	0.032566	0.037390	
1525	0.027512	0.030242	0.027230	0.031577	0.030795	0.022901	0.023088	0.024300	0.033383	0.037752	
1530	0.030540	0.029341	0.028212	0.033494	0.032239	0.022224	0.021648	0.026560	0.032768	0.038599	
1535	0.030313	0.029382	0.027529	0.033507	0.031795	0.022194	0.021388	0.026545	0.032581	0.038705	
1540	0.029683	0.029104	0.027420	0.031958	0.032099	0.020921	0.021801	0.025331	0.031823	0.038024	
1545	0.027487	0.029784	0.027593	0.031539	0.030651	0.020526	0.024103	0.025284	0.032748	0.037638	
1550	0.027620	0.027694	0.029334	0.031306	0.031893	0.022100	0.025984	0.026671	0.032538	0.037819	
1555	0.028332	0.024861	0.029317	0.032113	0.032038	0.022497	0.025474	0.027898	0.030198	0.040168	
1560	0.028758	0.025157	0.030274	0.031127	0.033590	0.023617	0.025851	0.026280	0.029843	0.040343	
1565	0.028745	0.026723	0.030670	0.030415	0.034008	0.024596	0.027155	0.025524	0.029134	0.038301	
1570	0.028254	0.025147	0.031991	0.028237	0.036229	0.024660	0.025641	0.024876	0.027205	0.036519	
1575	0.027364	0.024537	0.030702	0.027699	0.035073	0.022289	0.024522	0.025149	0.026521	0.035021	
1580	0.028410	0.023840	0.029590	0.028997	0.034471	0.023774	0.023506	0.025396	0.025575	0.034848	
1585	0.029980	0.024189	0.028588	0.028491	0.033205	0.025478	0.024197	0.026256	0.023506	0.034160	
1590	0.030467	0.025649	0.029615	0.027936	0.031558	0.024730	0.026240	0.025627	0.023732	0.036686	
1595	0.030797	0.025206	0.028959	0.027981	0.030944	0.026536	0.028093	0.025331	0.023445	0.036018	
1600	0.031011	0.023215	0.026650	0.027801	0.033538	0.028286	0.027925	0.026174	0.023386	0.037160	
1605	0.030002	0.022145	0.028384	0.028389	0.032875	0.030260	0.028677	0.025977	0.023393	0.037770	
1610	0.028654	0.023803	0.028135	0.025715	0.031896	0.031607	0.026043	0.026762	0.023237	0.036665	
1615	0.027594	0.022876	0.026594	0.025103	0.032135	0.032846	0.026099	0.026163	0.022543	0.035997	
1620	0.026460	0.024900	0.026824	0.025864	0.031241	0.033539	0.024944	0.026974	0.024174	0.035114	
1625	0.025684	0.026042	0.027601	0.026747	0.029786	0.033860	0.023713	0.023610	0.023946	0.034180	
1630	0.027341	0.024281	0.027971	0.027851	0.029416	0.033453	0.025033	0.021977	0.024933	0.033912	
1635	0.025988	0.024222	0.025596	0.027102	0.028666	0.031992	0.026134	0.020866	0.025108	0.033358	
1640	0.025012	0.025481	0.026454	0.027739	0.028238	0.031858	0.028907	0.023337	0.024770	0.033230	
1645	0.023174	0.024664	0.026669	0.027359	0.026855	0.032259	0.028970	0.023886	0.023596	0.031126	
1650	0.023162	0.025096	0.026210	0.030636	0.024216	0.034170	0.031207	0.024530	0.025542	0.032553	
1655	0.023270	0.024610	0.027379	0.029860	0.023276	0.033759	0.032193	0.023376	0.024381	0.032067	
1660	0.025422	0.025872	0.028290	0.028950	0.023756	0.033685	0.031047	0.023475	0.025517	0.034138	
1665	0.024204	0.025871	0.028535	0.028052	0.024590	0.033286	0.030264	0.022836	0.023092	0.034361	
1670	0.023513	0.026913	0.028133	0.027815	0.025696	0.032574	0.031422	0.021673	0.023776	0.032991	
1675	0.026340	0.026743	0.029341	0.027665	0.024235	0.031534	0.029662	0.022349	0.023432	0.031332	
1680	0.026162	0.028490	0.026429	0.027237	0.023146	0.032306	0.028059	0.022952	0.022169	0.032088	
1685	0.025983	0.025768	0.025552	0.027917	0.022476	0.031314	0.027361	0.021697	0.020916	0.030571	
1690	0.027731	0.024393	0.024373	0.026237	0.022962	0.029991	0.026150	0.021540	0.020837	0.030862	
1695	0.028096	0.026468	0.023243	0.027078	0.022785	0.029545	0.027557	0.021509	0.022337	0.031448	
1700	0.030259	0.027057	0.024238	0.027877	0.022414	0.029270	0.027422	0.020741	0.023068	0.029294	
1705	0.026977	0.029993	0.023909	0.029883	0.022756	0.028256	0.026557	0.020344	0.023707	0.029509	
1710	0.025958	0.030356	0.024887	0.029792	0.020382	0.027973	0.025951	0.017914	0.022121	0.027222	
1715	0.025238	0.027855	0.023905	0.027334	0.021656	0.027928	0.025869	0.018707	0.023088	0.028386	
1720	0.024491	0.028582	0.025971	0.027351	0.021300	0.026832	0.026102	0.019595	0.024778	0.027582	
1725	0.023440	0.028447	0.026280	0.027479	0.020460	0.026418	0.027256	0.018296	0.024524	0.027555	
1730	0.022484	0.024675	0.024324	0.028109	0.020124	0.026681	0.028668	0.018661	0.023869	0.028465	
1735	0.022572	0.025039	0.026567	0.026757	0.022279	0.027287	0.031010	0.021620	0.024362	0.029817	
1740	0.022574	0.026711	0.028582	0.025810	0.021243	0.025164	0.031898	0.024769	0.025488	0.028691	
1745	0.022018	0.025133	0.028357	0.026900	0.020002	0.023473	0.032047	0.019803	0.023584	0.029645	
1750	0.021365	0.024042	0.026941	0.025750	0.021777	0.023168	0.032149	0.016569	0.023418	0.032057	
1755	0.022516	0.024206	0.025430	0.025864	0.021301	0.023478	0.031566	0.018174	0.022807	0.034130	
1760	0.022309	0.024578	0.023948	0.027879	0.023110	0.024133	0.031622	0.017759	0.021967	0.034120	
1765	0.021767	0.023267	0.023647	0.029018	0.024194	0.025541	0.031836	0.018532	0.022234	0.034447	
1770	0.019452	0.025230	0.023138	0.030163	0.022613	0.025086	0.031541	0.019355	0.023401	0.031110	
1775	0.020221	0.027898	0.023669	0.029171	0.020571	0.026400	0.031341	0.020633	0.022863	0.029941	
1780	0.020101	0.027034	0.025752	0.027562	0.019894	0.026057	0.030991	0.021143	0.021596	0.028882	
1785	0.017990	0.027618	0.024732	0.028425	0.020430	0.025626	0.028903	0.022540	0.022575	0.028488	
1790	0.018459	0.026575	0.023823	0.028762	0.018837	0.026938	0.030727	0.024055	0.024199	0.028443	
1795	0.020907	0.028763	0.025992	0.030049	0.019476	0.028792	0.029962	0.024794	0.024213	0.028015	
1800	0.024181	0.028470	0.026448	0.029370	0.020536	0.029264	0.029335	0.025353	0.023228	0.026580	
1805	0.020559	0.026901	0.025699	0.027864	0.022111	0.029255	0.028762	0.026938	0.023017	0.026353	
1810	0.020657	0.027080	0.025231	0.028415	0.020718	0.030551	0.028586	0.025822	0.022130	0.027488	
1815	0.020674	0.026228	0.023898	0.027246	0.020852	0.028792	0.029347	0.024529	0.023827	0.027301	
1820	0.020655	0.025750	0.024186	0.028991	0.020199	0.029947	0.031382	0.024156	0.025506	0.027416	
1825	0.020514	0.026280	0.024002	0.029127	0.020264	0.028741	0.029108	0.023636	0.025462	0.024645	
1830	0.018255	0.025490	0.023365	0.029667	0.018786	0.028104	0.029675	0.025129	0.027333	0.024398	
1835	0.018642	0.024625	0.024049	0.028762	0.018056	0.028392	0.028873	0.026891	0.026299	0.023182	
1840	0.018762	0.023830	0.024648	0.026871	0.017908	0.026077	0.029670	0.026832	0.024753	0.024933	
1845	0.018855	0.025124	0.027191	0.028507	0.016547	0.027201	0.030310	0.027314	0.026004	0.024551	
1850	0.018945	0.023758	0.026815	0.027006	0.016415	0.027284	0.026868	0.025903	0.026195	0.024774	
1855	0.019513	0.023476	0.024761	0.028003	0.019046	0.029470	0.028666	0.026261	0.028499	0.022706	
1860	0.019787	0.022198	0.025212	0.028433	0.019103	0.027413	0.029294	0.025366	0.027032	0.023836	
1865	0.021757	0.021368	0.025042	0.028361	0.018463	0.026417	0.030339	0.025129	0.026908	0.026526	
1870	0.021812	0.022620	0.026867	0.029865	0.020919	0.026795	0.028235	0.023672	0.028388	0.025238	
1875	0.022637	0.022172	0.028163	0.028758	0.020236	0.028314	0.028480	0.021636	0.027321	0.024496	
1880	0.023199	0.019710	0.030709	0.026749	0.020200	0.029502	0.027370	0.021379	0.028517	0.024458	
1885	0.025299	0.019746	0.030058	0.024411	0.021733	0.027590	0.028590	0.021270	0.029086	0.026473	
1890	0.024942	0.021238	0.028220	0.024513	0.023046	0.026860	0.029914	0.022993	0.027391	0.025470	
1895	0.022586	0.022411	0.027060	0.023262	0.020899	0.026517	0.030039	0.023758	0.028021	0.027070	
1900	0.023779	0.021381	0.029594	0.021458	0.022105	0.024386	0.028585	0.024243	0.027698	0.026033	
1905	0.024836	0.021548	0.029341	0.022897	0.022838	0.026165	0.028964	0.023650	0.029650	0.024180	
1910	0.025079	0.021269	0.027369	0.023022	0.024313	0.026324	0.029160	0.024061	0.031021	0.026729	
1915	0.026760	0.021157	0.027198	0.022631	0.022729	0.024567	0.028947	0.023706	0.032061	0.023715	
1920	0.026112	0.023382	0.026459	0.021342	0.023371	0.024797	0.027496	0.024029	0.029375	0.025934	
1925	0.023357	0.023063	0.026092	0.023155	0.023936	0.025823	0.027057	0.021687	0.029280	0.025438	
1930	0.023723	0.025553	0.024631	0.023659	0.023750	0.026077	0.027415	0.022208	0.025325	0.025240	
1935	0.023793	0.024183	0.025810	0.023276	0.022652	0.026442	0.030134	0.019389	0.026967	0.027863	
1940	0.023275	0.023837	0.027136	0.024383	0.024072	0.028229	0.029291	0.019800	0.026417	0.027519	
1945	0.021912	0.022925	0.027254	0.025112	0.025201	0.028378	0.029382	0.020144	0.026150	0.027836	
1950	0.021541	0.026651	0.027280	0.024637	0.024964	0.028002	0.026796	0.019293	0.026070	0.028940	
1955	0.022202	0.025437	0.028179	0.025774	0.025412	0.030949	0.027328	0.019662	0.025290	0.028350	
1960	0.024357	0.023813	0.027478	0.024228	0.022107	0.030847	0.024763	0.019841	0.026318	0.029837	
1965	0.023041	0.024820	0.026952	0.025138	0.020706	0.029403	0.024812	0.019707	0.026352	0.028648	
1970	0.022755	0.025375	0.025826	0.024555	0.023044	0.029986	0.024638	0.021442	0.027329	0.030036	
1975	0.024426	0.024754	0.026098	0.024143	0.023501	0.029348	0.024266	0.020711	0.024936	0.028426	
1980	0.024732	0.025334	0.026735	0.025297	0.023899	0.030024	0.025804	0.022597	0.028079	0.031169	
1985	0.024173	0.024105	0.026332	0.024862	0.023758	0.029746	0.023613	0.022601	0.026534	0.030184	
1990	0.024595	0.023805	0.023869	0.023326	0.023084	0.030201	0.023156	0.024079	0.026446	0.027945	
1995	0.025753	0.024226	0.024164	0.023994	0.023084	0.030563	0.022919	0.024994	0.027229	0.029111	
2000	0.024376	0.025415	0.023721	0.023735	0.023828	0.030606	0.023505	0.023696	0.027824	0.029640	
2005	0.024517	0.024624	0.023289	0.022666	0.024045	0.030255	0.024198	0.023208	0.028304	0.027986	
2010	0.024037	0.025354	0.023445	0.025575	0.026277	0.031379	0.024536	0.026089	0.026114	0.027771	
2015	0.024193	0.027370	0.022985	0.023821	0.027519	0.029617	0.024740	0.026573	0.024720	0.028103	
2020	0.024585	0.026294	0.022451	0.025822	0.028127	0.028722	0.024353	0.028557	0.024788	0.026020	
2025	0.022575	0.028613	0.021973	0.027230	0.027630	0.028388	0.026029	0.026733	0.024194	0.025722	
2030	0.022823	0.028356	0.023477	0.025901	0.026874	0.029097	0.027012	0.027854	0.021958	0.023776	
2035	0.023194	0.028952	0.023666	0.025935	0.025675	0.027889	0.027573	0.027684	0.022636	0.023192	
2040	0.023543	0.028291	0.022736	0.024937	0.023318	0.027478	0.027528	0.028154	0.022933	0.026281	
2045	0.022401	0.027942	0.024106	0.025884	0.025966	0.027497	0.026994	0.027159	0.024468	0.028508	
2050	0.022045	0.029145	0.023423	0.026205	0.024780	0.027717	0.026109	0.027824	0.025790	0.029653	
2055	0.021863	0.029541	0.024408	0.024331	0.025299	0.027768	0.023960	0.028339	0.025086	0.027988	
2060	0.022345	0.030397	0.025058	0.024066	0.023405	0.028851	0.024989	0.028272	0.025477	0.028734	
2065	0.021744	0.029147	0.026487	0.026784	0.023306	0.031268	0.025949	0.028841	0.024566	0.029133	
2070	0.024867	0.030608	0.024026	0.026144	0.021219	0.029999	0.026984	0.032396	0.022602	0.027546	
2075	0.026223	0.030403	0.023551	0.025259	0.023752	0.029509	0.028206	0.033692	0.022697	0.030763	
2080	0.022390	0.031853	0.025261	0.026625	0.022696	0.028832	0.029177	0.030069	0.023385	0.030370	
2085	0.022671	0.031124	0.024986	0.026074	0.024108	0.028255	0.026860	0.027482	0.024480	0.031516	
2090	0.021728	0.031862	0.027541	0.027026	0.025734	0.026242	0.025294	0.027452	0.024614	0.029080	
2095	0.023773	0.031136	0.029410	0.026482	0.026401	0.025267	0.025206	0.029108	0.021995	0.031856	
2100	0.023711	0.028511	0.030698	0.026194	0.027651	0.024566	0.025404	0.029799	0.022688	0.031191	
2105	0.022922	0.029012	0.031839	0.025811	0.028735	0.024814	0.024644	0.031031	0.025073	0.031103	
2110	0.022274	0.028857	0.031600	0.025937	0.027520	0.023936	0.025264	0.028514	0.025415	0.030771	
2115	0.020970	0.027591	0.032470	0.024661	0.028677	0.024707	0.026885	0.027411	0.024985	0.027653	
2120	0.021370	0.027139	0.029658	0.026493	0.028055	0.025905	0.025806	0.027514	0.025291	0.027604	
2125	0.022623	0.025508	0.031270	0.027604	0.027496	0.025588	0.025516	0.029019	0.024730	0.025499	
2130	0.022281	0.026639	0.031543	0.027701	0.026301	0.027422	0.025693	0.030398	0.023513	0.026661	
2135	0.021947	0.027715	0.032841	0.028405	0.026293	0.025381	0.026213	0.029469	0.023127	0.029308	
2140	0.022026	0.028325	0.031023	0.027099	0.026061	0.026028	0.024184	0.031335	0.023173	0.028359	
2145	0.024880	0.026158	0.030541	0.029738	0.027516	0.025923	0.024143	0.029258	0.022251	0.027032	
2150	0.023140	0.027772	0.031775	0.030259	0.024926	0.026481	0.023217	0.026950	0.024054	0.028391	
2155	0.023263	0.028836	0.033782	0.030251	0.026601	0.025154	0.022874	0.028347	0.024572	0.027601	
2160	0.022998	0.029242	0.033053	0.031437	0.025223	0.025371	0.023140	0.027312	0.021400	0.029019	
2165	0.023588	0.028442	0.030409	0.028787	0.028404	0.025207	0.025150	0.028628	0.019923	0.028793	
2170	0.023839	0.030146	0.030572	0.027940	0.027282	0.026459	0.026270	0.026877	0.020800	0.027138	
2175	0.022483	0.028561	0.032017	0.028047	0.028486	0.026163	0.027160	0.029144	0.019778	0.025470	
2180	0.022388	0.029520	0.033713	0.026657	0.029160	0.025299	0.026930	0.026762	0.019150	0.025468	
2185	0.022465	0.031150	0.033906	0.026144	0.026402	0.024810	0.026361	0.026808	0.019851	0.023551	
2190	0.022198	0.031104	0.032883	0.027443	0.026373	0.026572	0.027816	0.023957	0.020117	0.024567	
2195	0.020294	0.029252	0.034236	0.027229	0.026210	0.026242	0.028667	0.022745	0.021027	0.024910	
2200	0.020279	0.030137	0.033114	0.026004	0.026540	0.027709	0.028197	0.024923	0.023176	0.023522	
2205	0.021353	0.031502	0.032456	0.024172	0.026237	0.026674	0.026993	0.025466	0.022561	0.021253	
2210	0.021085	0.030395	0.033476	0.023946	0.026182	0.024798	0.030159	0.022309	0.023024	0.021171	
2215	0.022202	0.029996	0.034374	0.023942	0.026372	0.022159	0.029509	0.025042	0.023814	0.023403	
2220	0.020611	0.031145	0.035191	0.024218	0.024679	0.022462	0.027137	0.024878	0.026062	0.022883	
2225	0.020262	0.031411	0.035560	0.024967	0.024897	0.023409	0.026085	0.024333	0.027272	0.021284	
2230	0.019355	0.030798	0.036086	0.026367	0.025076	0.023251	0.023291	0.022939	0.029348	0.022229	
2235	0.020407	0.029874	0.035991	0.026344	0.026617	0.025324	0.025194	0.021185	0.031105	0.022481	
2240	0.020910	0.030387	0.036500	0.025641	0.026255	0.024900	0.024599	0.020849	0.031080	0.021530	
2245	0.020774	0.031022	0.035464	0.024953	0.026916	0.024897	0.025161	0.022499	0.029754	0.022755	
2250	0.020243	0.028412	0.037658	0.025877	0.025434	0.025709	0.023220	0.020637	0.030651	0.021681	
2255	0.022017	0.026462	0.038382	0.024267	0.026077	0.023723	0.024651	0.020084	0.031472	0.021057	
2260	0.023979	0.026289	0.039223	0.022617	0.026855	0.025013	0.026366	0.020713	0.028794	0.022190	
2265	0.023584	0.023038	0.037613	0.024339	0.025583	0.024640	0.026653	0.024883	0.030980	0.022386	
2270	0.022255	0.023653	0.035030	0.024310	0.025462	0.025822	0.027140	0.023447	0.029724	0.024068	
2275	0.022902	0.024783	0.034381	0.024391	0.024696	0.023727	0.026670	0.020802	0.030048	0.024339	
2280	0.024890	0.027427	0.034954	0.023928	0.023690	0.024977	0.025787	0.019755	0.029512	0.024641	
2285	0.025523	0.026838	0.035690	0.022299	0.025428	0.027693	0.026451	0.021693	0.028794	0.024495	
2290	0.025123	0.025703	0.035827	0.021394	0.025949	0.025214	0.026164	0.022302	0.030457	0.026423	
2295	0.023682	0.022983	0.037081	0.022925	0.026941	0.024765	0.024514	0.023605	0.031548	0.025736	
2300	0.022984	0.021612	0.037055	0.023763	0.025122	0.023792	0.024786	0.024276	0.032032	0.025761	
2305	0.024499	0.023512	0.036690	0.023589	0.025905	0.025617	0.025834	0.024733	0.032194	0.027299	
2310	0.026436	0.023040	0.035188	0.021174	0.025420	0.023659	0.023772	0.024695	0.030348	0.028400	
2315	0.025693	0.021725	0.033570	0.021625	0.024278	0.023811	0.022090	0.024405	0.027865	0.030746	
2320	0.026133	0.021486	0.033880	0.021633	0.024182	0.023601	0.020802	0.024717	0.027770	0.033080	
2325	0.024158	0.020520	0.033840	0.021153	0.023961	0.024789	0.020945	0.024891	0.026481	0.032466	
2330	0.023834	0.022516	0.034753	0.022378	0.024698	0.021796	0.021245	0.026580	0.026766	0.033898	
2335	0.025412	0.022315	0.035165	0.021684	0.025046	0.022987	0.022161	0.027143	0.026382	0.033277	
2340	0.025733	0.023218	0.035384	0.022352	0.023871	0.024127	0.023102	0.029649	0.025545	0.032753	
2345	0.026012	0.020425	0.036359	0.021998	0.022240	0.027633	0.020342	0.028902	0.024571	0.031117	
2350	0.025148	0.018288	0.035381	0.021643	0.025906	0.026385	0.020579	0.030872	0.022518	0.030348	
2355	0.026352	0.019406	0.035605	0.022317	0.023371	0.026012	0.019940	0.028946	0.025071	0.031169	
2360	0.025067	0.020598	0.033827	0.023184	0.021935	0.026045	0.018705	0.027702	0.024476	0.029274	
2365	0.026137	0.020751	0.033239	0.022641	0.023362	0.025496	0.020879	0.028467	0.024745	0.030956	
2370	0.025538	0.022628	0.036137	0.025035	0.024894	0.026986	0.021693	0.025145	0.025953	0.032946	
2375	0.026773	0.019243	0.038523	0.023712	0.025077	0.026846	0.022885	0.025382	0.025257	0.033699	
2380	0.028271	0.022167	0.036339	0.023100	0.023894	0.025245	0.023274	0.025382	0.026595	0.032910	
2385	0.025910	0.022385	0.035745	0.023686	0.024618	0.025033	0.023290	0.024507	0.028249	0.032369	
2390	0.028158	0.022674	0.034420	0.024312	0.024784	0.026179	0.023919	0.025409	0.028767	0.031183	
2395	0.027753	0.024029	0.034520	0.022942	0.023511	0.026038	0.022642	0.027521	0.029687	0.032008	
2400	0.029634	0.022097	0.035582	0.024209	0.024508	0.028361	0.021709	0.026821	0.029238	0.033077	
2405	0.029056	0.023694	0.035015	0.025544	0.023758	0.028857	0.021849	0.028252	0.028372	0.034894	
2410	0.029063	0.022226	0.033560	0.025824	0.024573	0.029452	0.021965	0.027987	0.028829	0.033627	
2415	0.029760	0.022230	0.033058	0.026270	0.025112	0.028727	0.023796	0.028593	0.028461	0.032696	
2420	0.028805	0.022108	0.030718	0.026233	0.024092	0.028388	0.024060	0.031850	0.028254	0.032750	
2425	0.028014	0.021793	0.028500	0.026107	0.023960	0.029259	0.027233	0.032459	0.027204	0.031422	
2430	0.028577	0.023092	0.026967	0.025704	0.024551	0.030139	0.025892	0.031771	0.025954	0.031901	
2435	0.027906	0.024717	0.025914	0.025834	0.024998	0.028521	0.027057	0.031721	0.026833	0.026174	
2440	0.027075	0.024521	0.026794	0.023095	0.023593	0.028321	0.024948	0.031217	0.027627	0.027229	
2445	0.024498	0.023852	0.029047	0.022384	0.023587	0.027480	0.028492	0.032798	0.028157	0.025487	
2450	0.025307	0.025855	0.030052	0.022392	0.022399	0.028825	0.025639	0.032257	0.026407	0.025880	
2455	0.024575	0.024681	0.030519	0.021789	0.023503	0.029531	0.025178	0.029573	0.025767	0.027335	
2460	0.027082	0.022995	0.027743	0.022465	0.026324	0.028252	0.024576	0.030598	0.026106	0.027176	
2465	0.024358	0.024898	0.028144	0.021440	0.026948	0.026298	0.022872	0.031242	0.028332	0.025335	
2470	0.023799	0.025442	0.030652	0.022955	0.027158	0.026462	0.022564	0.029827	0.031181	0.027696	
2475	0.024057	0.024672	0.030994	0.024315	0.027073	0.026898	0.022789	0.028317	0.031503	0.026377	
2480	0.024361	0.026261	0.032551	0.024003	0.028841	0.025064	0.022027	0.029946	0.030417	0.024708	
2485	0.023380	0.025831	0.030522	0.023581	0.027814	0.025030	0.022379	0.028275	0.031399	0.024973	
2490	0.023334	0.027660	0.030577	0.023402	0.026263	0.027650	0.022499	0.028430	0.032481	0.026347	
2495	0.021321	0.028533	0.032140	0.023939	0.027602	0.027665	0.023176	0.029456	0.032363	0.023927	
2500	0.021715	0.027357	0.033786	0.024494	0.027654	0.029189	0.023993	0.028462	0.031613	0.022323	
2505	0.022425	0.025987	0.034135	0.024863	0.027425	0.028180	0.022158	0.029992	0.030086	0.023167	
2510	0.024071	0.025782	0.031251	0.023671	0.027488	0.028032	0.022061	0.030868	0.029425	0.025542	
2515	0.024205	0.024684	0.032187	0.021665	0.027730	0.028401	0.022152	0.028178	0.029265	0.025593	
2520	0.021050	0.023243	0.031350	0.021514	0.025543	0.029863	0.023286	0.027621	0.029143	0.022655	
2525	0.020135	0.025464	0.029606	0.022951	0.024930	0.027907	0.024579	0.026931	0.029780	0.023246	
2530	0.019623	0.024357	0.028450	0.023658	0.024142	0.027734	0.024790	0.027972	0.030216	0.025748	
2535	0.020130	0.022273	0.028578	0.023961	0.023752	0.028062	0.023806	0.025807	0.031314	0.025703	
2540	0.020292	0.023736	0.029270	0.023325	0.022991	0.027631	0.025084	0.025158	0.030897	0.025550	
2545	0.020573	0.023436	0.027771	0.023864	0.023874	0.025655	0.027258	0.025709	0.031733	0.026132	
2550	0.019862	0.024595	0.024972	0.025733	0.022799	0.025637	0.026919	0.028286	0.030451	0.026534	
2555	0.021973	0.023907	0.026575	0.027016	0.023642	0.027250	0.026500	0.029723	0.029566	0.025566	
2560	0.022779	0.024840	0.027142	0.025538	0.026801	0.027515	0.027284	0.031139	0.029594	0.024219	
2565	0.022372	0.023973	0.026137	0.026758	0.025769	0.024609	0.028045	0.029887	0.030177	0.025626	
2570	0.023451	0.026207	0.025908	0.028264	0.024110	0.023599	0.028095	0.028199	0.030064	0.027751	
2575	0.023787	0.023494	0.025531	0.024779	0.024153	0.025073	0.026933	0.026212	0.028851	0.026743	
2580	0.021563	0.021311	0.026528	0.024393	0.024551	0.025343	0.027796	0.026433	0.027627	0.025734	
2585	0.023551	0.022825	0.026842	0.024337	0.024859	0.026742	0.027509	0.027631	0.027459	0.023066	
2590	0.024763	0.024386	0.028799	0.023603	0.024376	0.026753	0.028478	0.025906	0.027125	0.021424	
2595	0.023710	0.023917	0.028797	0.023012	0.025694	0.026317	0.029056	0.027608	0.029690	0.022811	
2600	0.025070	0.024014	0.028696	0.022415	0.024192	0.027660	0.029371	0.028279	0.029625	0.022676	
2605	0.025953	0.025341	0.029380	0.022914	0.023601	0.025537	0.029987	0.026631	0.029412	0.023036	
2610	0.026125	0.025880	0.030137	0.021117	0.022333	0.022236	0.029844	0.026574	0.029352	0.022763	
2615	0.024694	0.025698	0.030189	0.020494	0.023299	0.021227	0.028900	0.026010	0.030026	0.023177	
2620	0.024285	0.026110	0.030403	0.021049	0.023217	0.022681	0.027956	0.025608	0.027454	0.023824	
2625	0.025460	0.026121	0.029904	0.020288	0.023321	0.023267	0.028964	0.023169	0.025481	0.026585	
2630	0.024791	0.023781	0.029487	0.022505	0.025955	0.023861	0.028728	0.023709	0.025216	0.025179	
2635	0.023823	0.024028	0.029976	0.023254	0.025717	0.025074	0.027426	0.024245	0.027230	0.024334	
2640	0.023099	0.024044	0.031058	0.023285	0.026016	0.024468	0.028787	0.026288	0.027172	0.025173	
2645	0.024229	0.022923	0.030620	0.025466	0.025123	0.024733	0.030179	0.025759	0.025113	0.023752	
2650	0.024361	0.023487	0.029415	0.024660	0.024767	0.024627	0.030525	0.028342	0.026057	0.025150	
2655	0.025304	0.023831	0.030236	0.024727	0.024952	0.026784	0.030850	0.028515	0.027071	0.026340	
2660	0.023201	0.025249	0.030944	0.024633	0.023190	0.029279	0.028047	0.029008	0.026550	0.027521	
2665	0.023585	0.027101	0.033331	0.023163	0.022100	0.029524	0.028196	0.030193	0.028500	0.026738	
2670	0.024253	0.027039	0.033405	0.024873	0.022933	0.026378	0.028644	0.028703	0.028327	0.024518	
2675	0.022993	0.025524	0.030162	0.024758	0.025185	0.026475	0.028846	0.027896	0.028643	0.024381	
2680	0.024275	0.027552	0.029304	0.024577	0.026735	0.028804	0.028841	0.026387	0.027240	0.027929	
2685	0.024150	0.027188	0.028513	0.026359	0.026985	0.028634	0.028321	0.027819	0.028181	0.026938	
2690	0.025449	0.026935	0.027787	0.025931	0.028478	0.027658	0.030039	0.025694	0.028072	0.025729	
2695	0.025870	0.026891	0.028353	0.025467	0.026755	0.029259	0.029790	0.026162	0.028106	0.025576	
2700	0.025108	0.028704	0.028512	0.024417	0.026605	0.027477	0.030584	0.025111	0.028444	0.025842	
2705	0.027046	0.028222	0.030154	0.022904	0.023972	0.028200	0.031890	0.023896	0.027350	0.028439	
2710	0.023712	0.027691	0.030508	0.023560	0.023154	0.027196	0.031463	0.022531	0.029016	0.027434	
2715	0.023666	0.024262	0.028148	0.023505	0.022140	0.026614	0.030221	0.022169	0.028895	0.027718	
2720	0.023764	0.022874	0.027871	0.023179	0.023911	0.027529	0.028136	0.021876	0.028480	0.025901	
2725	0.024350	0.023555	0.026280	0.024173	0.025968	0.027940	0.027543	0.021060	0.027915	0.026313	
2730	0.024767	0.025365	0.027560	0.027136	0.025532	0.029263	0.028601	0.022505	0.029723	0.027162	
2735	0.022724	0.026696	0.025774	0.026070	0.028542	0.029247	0.029153	0.023460	0.030267	0.027777	
2740	0.022469	0.025967	0.025597	0.027625	0.027407	0.029598	0.028358	0.024783	0.032369	0.029636	
2745	0.023478	0.027060	0.025797	0.028014	0.026984	0.029315	0.028383	0.025663	0.032109	0.029754	
2750	0.022533	0.028313	0.025999	0.030661	0.026622	0.028202	0.026972	0.023952	0.034493	0.029937	
2755	0.024114	0.027047	0.025396	0.031881	0.026468	0.028149	0.026884	0.021691	0.032849	0.029544	
2760	0.023162	0.028648	0.025214	0.032798	0.025878	0.028350	0.025842	0.021882	0.032044	0.031320	
2765	0.022687	0.028587	0.027578	0.031828	0.024701	0.027000	0.025024	0.021144	0.029618	0.031695	
2770	0.022202	0.030983	0.026603	0.031757	0.028986	0.028698	0.026346	0.020613	0.027650	0.029472	
2775	0.024700	0.031782	0.027194	0.029248	0.028876	0.028683	0.023655	0.022334	0.029001	0.031505	
2780	0.024459	0.029533	0.028589	0.029452	0.027607	0.030237	0.023482	0.021933	0.028768	0.030740	
2785	0.023754	0.029059	0.026610	0.027962	0.028872	0.030639	0.025242	0.023752	0.028520	0.031922	
2790	0.025555	0.027283	0.027386	0.025178	0.027187	0.031954	0.025311	0.022386	0.027831	0.030349	
2795	0.027719	0.024949	0.027457	0.023834	0.025492	0.031401	0.026516	0.021455	0.025814	0.030772	
2800	0.028371	0.024518	0.025912	0.025916	0.027971	0.031098	0.024982	0.022829	0.026928	0.029497	
2805	0.026448	0.026474	0.024196	0.024988	0.028797	0.031140	0.025644	0.020534	0.025586	0.028254	
2810	0.027146	0.027289	0.026927	0.024344	0.028909	0.033793	0.026469	0.021146	0.025934	0.028078	
2815	0.025949	0.027682	0.026371	0.025062	0.028332	0.030718	0.026522	0.020252	0.025994	0.029305	
2820	0.024383	0.026658	0.028253	0.025554	0.028331	0.032366	0.028250	0.020083	0.024665	0.030840	
2825	0.024737	0.027497	0.027989	0.025881	0.029304	0.034634	0.028627	0.022324	0.022994	0.027976	
2830	0.023359	0.028551	0.025723	0.025703	0.029628	0.035715	0.029308	0.021602	0.021408	0.027510	
2835	0.022894	0.026606	0.026136	0.025533	0.029381	0.037207	0.030096	0.022643	0.020487	0.025485	
2840	0.023410	0.025596	0.027634	0.027385	0.028641	0.033123	0.028674	0.020026	0.020570	0.026352	
2845	0.023165	0.027573	0.029159	0.029178	0.030117	0.036394	0.028313	0.019132	0.022395	0.025854	
2850	0.023689	0.026326	0.028446	0.028000	0.029890	0.034135	0.027116	0.019456	0.022659	0.026771	
2855	0.021992	0.026132	0.027113	0.026120	0.029284	0.034654	0.028138	0.021103	0.024140	0.024511	
2860	0.022499	0.028237	0.026840	0.026257	0.027488	0.034276	0.028765	0.021398	0.024179	0.024849	
2865	0.024533	0.027311	0.027884	0.026328	0.027279	0.033513	0.026367	0.022240	0.023832	0.025182	
2870	0.024374	0.029265	0.026728	0.023253	0.028002	0.030753	0.027821	0.022596	0.023661	0.024038	
2875	0.025269	0.026586	0.026636	0.024692	0.026445	0.030992	0.028179	0.025210	0.021968	0.026415	
2880	0.025542	0.028008	0.026053	0.023976	0.025005	0.031464	0.026585	0.025264	0.023744	0.027297	
2885	0.024257	0.027527	0.026519	0.025363	0.025210	0.031473	0.026820	0.023499	0.024145	0.025493	
2890	0.023636	0.026898	0.025707	0.025614	0.025153	0.028990	0.026789	0.022551	0.022820	0.027353	
2895	0.024529	0.026030	0.026711	0.024232	0.026189	0.030098	0.026997	0.021686	0.021935	0.025370	
2900	0.024743	0.026994	0.024847	0.022052	0.026893	0.030508	0.026516	0.023417	0.022891	0.026559	
2905	0.023926	0.025795	0.023667	0.022063	0.026657	0.030196	0.026497	0.022340	0.023849	0.027538	
2910	0.026155	0.026969	0.022822	0.021207	0.028800	0.031265	0.025888	0.022708	0.024738	0.028648	
2915	0.024884	0.028264	0.023241	0.020069	0.030004	0.030463	0.026202	0.024919	0.022635	0.026491	
2920	0.026143	0.029132	0.023216	0.020193	0.030410	0.030587	0.024596	0.025409	0.023706	0.024586	
2925	0.025796	0.028465	0.022773	0.021467	0.028877	0.030142	0.025312	0.024380	0.023271	0.026593	
2930	0.025491	0.032037	0.024404	0.022631	0.029730	0.029906	0.026141	0.024510	0.021586	0.027305	
2935	0.025229	0.030797	0.024308	0.024464	0.029441	0.029359	0.025216	0.025378	0.022453	0.024943	
2940	0.026051	0.030976	0.023116	0.025353	0.029738	0.029802	0.024731	0.022359	0.022700	0.022747	
2945	0.025123	0.032619	0.024676	0.025850	0.028831	0.028774	0.025266	0.023755	0.021385	0.024060	
2950	0.024257	0.031935	0.021781	0.024620	0.027841	0.029957	0.026088	0.023347	0.024826	0.023753	
2955	0.025859	0.031262	0.021519	0.024451	0.027249	0.031493	0.026714	0.024556	0.024973	0.023161	
2960	0.025916	0.032505	0.022580	0.023516	0.027196	0.031821	0.027534	0.024951	0.024230	0.023833	
2965	0.024226	0.030860	0.024836	0.025180	0.026495	0.030844	0.027151	0.023411	0.022613	0.023091	
2970	0.023220	0.031448	0.022422	0.025532	0.027267	0.031459	0.026639	0.023067	0.023067	0.023372	
2975	0.022686	0.034042	0.021647	0.025633	0.026942	0.032464	0.026382	0.023419	0.020080	0.023807	
2980	0.024669	0.032752	0.021934	0.025420	0.026103	0.032508	0.025506	0.022268	0.021523	0.022697	
2985	0.024882	0.030519	0.022486	0.025855	0.024587	0.032087	0.027349	0.025039	0.022517	0.023778	
2990	0.024936	0.028272	0.023821	0.024883	0.024519	0.031655	0.027927	0.026014	0.022080	0.023377	
2995	0.026159	0.027004	0.023013	0.026187	0.025620	0.032123	0.027974	0.029465	0.022629	0.023947	
3000	0.028186	0.027397	0.024300	0.028137	0.026093	0.029877	0.028503	0.027894	0.022440	0.024067	
