T	rep_1	rep_2	rep_3	rep_4	rep_5	rep_6	rep_7	rep_8	rep_9	rep_10
5	0.000000	0.000000	0.000000	0.000000	0.000000	0.000000	0.000000	0.000000	0.000000	0.000000	
10	0.000000	0.000000	0.000000	0.000000	0.000000	0.000000	0.000000	0.000000	0.000000	0.000000	
15	0.000000	0.000000	0.000000	0.000000	0.000000	0.000000	0.000000	0.000000	0.000000	0.000000	
20	0.000000	0.000000	0.000000	0.000000	0.000000	0.000000	0.000000	0.000000	0.000000	0.000000	
25	0.000000	0.000000	0.000000	0.000000	0.000000	0.000000	0.000000	0.000000	0.000000	0.000000	
30	0.000000	0.000000	0.000000	0.000000	0.000000	0.000000	0.000000	0.000000	0.000000	0.000000	
35	0.000000	0.000000	0.000000	0.000000	0.000000	0.000000	0.000000	0.000000	0.000000	0.000000	
40	0.000000	0.000000	0.000000	0.000000	0.000000	0.000000	0.000000	0.000000	0.000000	0.000000	
45	0.000000	0.000000	0.000000	0.000000	0.000000	0.000000	0.000000	0.000000	0.000000	0.000000	
50	0.000000	0.000000	0.000000	0.000000	0.000000	0.000000	0.000000	0.000000	0.000000	0.000000	
55	0.000000	0.000000	0.000000	0.000000	0.000000	0.000000	0.000000	0.000000	0.000000	0.000000	
60	0.000000	0.000000	0.000000	0.000000	0.000000	0.000000	0.000000	0.000000	0.000000	0.000000	
65	0.000000	0.000000	0.000000	0.000000	0.000000	0.000000	0.000000	0.000000	0.000000	0.000000	
70	0.000000	0.000000	0.000000	0.000000	0.000000	0.000000	0.000000	0.000000	0.000000	0.000000	
75	0.000000	0.000000	0.000000	0.000000	0.000000	0.000000	0.000000	0.000000	0.000000	0.000000	
80	0.000000	0.000000	0.000000	0.000000	0.000000	0.000000	0.000000	0.000000	0.000000	0.000000	
85	0.000000	0.000000	0.000000	0.000000	0.000000	0.000000	0.000000	0.000000	0.000000	0.000000	
90	0.000000	0.000000	0.000000	0.000000	0.000000	0.000000	0.000000	0.000000	0.000000	0.000000	
95	0.000000	0.000000	0.000000	0.000000	0.000000	0.000000	0.000000	0.000000	0.000000	0.000000	
100	0.000000	0.000000	0.000000	0.000000	0.000000	0.000000	0.000000	0.000000	0.000000	0.000000	
105	0.002248	0.001145	0.001352	0.002218	0.000883	0.001801	0.002087	0.001397	0.002219	0.001801	
110	0.006796	0.003945	0.004874	0.005504	0.002159	0.005106	0.007499	0.004614	0.005413	0.004558	
115	0.010204	0.008666	0.013062	0.010919	0.005330	0.012224	0.012418	0.008659	0.009160	0.008060	
120	0.019328	0.014449	0.024482	0.018991	0.009341	0.018533	0.021231	0.012864	0.014697	0.013397	
125	0.028733	0.022705	0.037862	0.027723	0.015051	0.026309	0.032731	0.022106	0.021535	0.020557	
130	0.035976	0.036574	0.047449	0.040160	0.024301	0.037583	0.043470	0.032209	0.029328	0.026629	
135	0.045476	0.048786	0.060631	0.049528	0.040158	0.048997	0.051360	0.038427	0.035144	0.032557	
140	0.056753	0.062823	0.066297	0.064522	0.051164	0.056861	0.062206	0.047886	0.039670	0.036081	
145	0.070119	0.076411	0.071696	0.076230	0.065455	0.065896	0.074018	0.058842	0.043270	0.048626	
150	0.079004	0.094270	0.074612	0.087953	0.076499	0.075002	0.082842	0.068228	0.046863	0.059102	
155	0.086961	0.100956	0.074513	0.093091	0.087628	0.079490	0.084729	0.077608	0.051067	0.067421	
160	0.090609	0.106033	0.077186	0.099396	0.098765	0.083091	0.085327	0.084623	0.056915	0.076750	
165	0.090382	0.110069	0.084651	0.104637	0.104503	0.084651	0.086872	0.091264	0.062862	0.090315	
170	0.091990	0.115100	0.094619	0.110702	0.108983	0.084477	0.090546	0.103283	0.065519	0.102487	
175	0.094480	0.117740	0.104263	0.114867	0.111960	0.087729	0.090095	0.115348	0.069832	0.111837	
180	0.094128	0.125547	0.114897	0.118586	0.115126	0.089102	0.095311	0.124463	0.072028	0.117994	
185	0.094183	0.131776	0.121087	0.126407	0.115249	0.092161	0.095192	0.127643	0.077716	0.124095	
190	0.094694	0.137296	0.141318	0.132905	0.115846	0.092868	0.095035	0.131284	0.081352	0.125232	
195	0.099593	0.142351	0.159218	0.133701	0.114409	0.092468	0.095613	0.137403	0.089080	0.126910	
200	0.103641	0.147504	0.173911	0.133943	0.115110	0.094037	0.099879	0.139682	0.093239	0.131036	
205	0.107098	0.152245	0.188862	0.134005	0.112146	0.098807	0.103758	0.140185	0.095680	0.137433	
210	0.110941	0.156929	0.201412	0.137862	0.113196	0.097595	0.106771	0.144504	0.096979	0.137655	
215	0.110065	0.152707	0.214145	0.140235	0.122156	0.100989	0.108654	0.146164	0.098808	0.138945	
220	0.118218	0.153799	0.218741	0.147780	0.125384	0.107426	0.110526	0.145335	0.101466	0.143435	
225	0.118995	0.162247	0.223021	0.150575	0.129179	0.108616	0.117100	0.148114	0.101439	0.145998	
230	0.117840	0.164771	0.224884	0.147945	0.131319	0.117875	0.115553	0.148476	0.102959	0.150218	
235	0.118105	0.161352	0.222722	0.152830	0.133841	0.124196	0.118004	0.150589	0.102819	0.147354	
240	0.126976	0.160162	0.222844	0.159358	0.139261	0.130256	0.119033	0.155388	0.104939	0.145744	
245	0.130593	0.159937	0.217009	0.163288	0.137184	0.139046	0.123452	0.155499	0.107594	0.144801	
250	0.133246	0.162420	0.216367	0.168465	0.146965	0.136614	0.123209	0.150827	0.107974	0.146280	
255	0.136122	0.161328	0.218514	0.176814	0.152230	0.130051	0.124667	0.152325	0.107815	0.145464	
260	0.142854	0.161492	0.215281	0.183738	0.153675	0.125413	0.128506	0.156377	0.105667	0.148633	
265	0.143807	0.158372	0.210824	0.185053	0.155591	0.129886	0.126166	0.160698	0.109750	0.149623	
270	0.151348	0.161429	0.204454	0.186793	0.151196	0.126537	0.126449	0.161825	0.113931	0.153926	
275	0.147920	0.161804	0.198612	0.188285	0.146433	0.123173	0.122274	0.165453	0.110457	0.153585	
280	0.142754	0.159945	0.196727	0.199153	0.145544	0.121763	0.124985	0.170402	0.114803	0.154082	
285	0.142357	0.155234	0.196406	0.201022	0.148088	0.113751	0.122976	0.170628	0.116591	0.151488	
290	0.139742	0.152228	0.190589	0.202950	0.146526	0.113788	0.124008	0.173938	0.116142	0.153151	
295	0.139255	0.147991	0.188165	0.200903	0.146113	0.111305	0.128507	0.171425	0.119493	0.150789	
300	0.140018	0.148790	0.181606	0.197740	0.146079	0.111044	0.128754	0.169358	0.118675	0.150755	
305	0.141416	0.148275	0.177602	0.191033	0.144123	0.110574	0.128380	0.169727	0.119372	0.154122	
310	0.145672	0.149964	0.179683	0.189300	0.141464	0.109645	0.129617	0.170439	0.117874	0.153003	
315	0.147264	0.150592	0.177551	0.183133	0.144293	0.107069	0.130917	0.171748	0.125201	0.155222	
320	0.145124	0.146792	0.173190	0.181552	0.144466	0.107783	0.130561	0.169252	0.124519	0.155486	
325	0.143500	0.147720	0.167490	0.179831	0.145808	0.106249	0.131717	0.165132	0.124356	0.158235	
330	0.144025	0.143731	0.164585	0.177352	0.143792	0.105355	0.131168	0.164880	0.125269	0.157462	
335	0.142849	0.141134	0.161841	0.178024	0.145534	0.106738	0.129729	0.163730	0.127035	0.158575	
340	0.144485	0.142793	0.158653	0.179069	0.142473	0.103516	0.135208	0.163233	0.131294	0.160544	
345	0.143753	0.145221	0.158029	0.178066	0.142063	0.103699	0.134354	0.162155	0.130515	0.161352	
350	0.147764	0.144688	0.157923	0.174636	0.140446	0.104452	0.129571	0.163419	0.131014	0.156774	
355	0.147616	0.142797	0.154279	0.165678	0.142629	0.106516	0.129356	0.164822	0.132937	0.155559	
360	0.149914	0.141290	0.152056	0.162304	0.142579	0.107791	0.131586	0.165716	0.137456	0.154752	
365	0.146201	0.135604	0.149663	0.157248	0.143527	0.105757	0.129448	0.165152	0.137968	0.152857	
370	0.140840	0.137225	0.147064	0.155627	0.139265	0.106846	0.132250	0.166610	0.136998	0.152040	
375	0.140169	0.139396	0.144535	0.152277	0.138650	0.109521	0.132328	0.162369	0.134521	0.151476	
380	0.141331	0.136762	0.143582	0.142686	0.138063	0.108584	0.134692	0.163809	0.128857	0.152352	
385	0.140385	0.133998	0.137420	0.139242	0.141131	0.109442	0.133403	0.167743	0.128109	0.152983	
390	0.139705	0.131859	0.139519	0.132276	0.140878	0.105759	0.132816	0.164991	0.131407	0.152053	
395	0.139443	0.131607	0.138518	0.123670	0.136978	0.104551	0.133242	0.167036	0.136048	0.151919	
400	0.139444	0.131297	0.137177	0.122914	0.138222	0.103478	0.135303	0.167673	0.139077	0.150242	
405	0.138164	0.132326	0.139541	0.120694	0.141038	0.102562	0.132102	0.164733	0.139833	0.151283	
410	0.136986	0.129719	0.141307	0.120999	0.138164	0.104147	0.133667	0.163462	0.137642	0.153533	
415	0.133869	0.126339	0.140351	0.115421	0.137887	0.103946	0.134289	0.161394	0.131960	0.149884	
420	0.131944	0.124876	0.138387	0.112207	0.134150	0.106253	0.131463	0.162364	0.133069	0.149954	
425	0.125902	0.122599	0.137729	0.111356	0.133232	0.110661	0.128409	0.162374	0.134438	0.149260	
430	0.123967	0.121103	0.139517	0.107034	0.131375	0.111827	0.128554	0.163259	0.134793	0.146235	
435	0.122735	0.122186	0.136232	0.103907	0.133987	0.110035	0.130112	0.162881	0.133376	0.145379	
440	0.122518	0.122972	0.136344	0.106015	0.135083	0.107921	0.129917	0.163939	0.136392	0.145695	
445	0.128929	0.121592	0.133961	0.108100	0.139170	0.104574	0.128966	0.160807	0.132550	0.142718	
450	0.127773	0.119829	0.132125	0.110614	0.137258	0.103598	0.131502	0.159155	0.133366	0.143856	
455	0.129920	0.120274	0.134790	0.104925	0.136872	0.101015	0.133940	0.160663	0.135351	0.143231	
460	0.129656	0.122419	0.140748	0.102861	0.132307	0.100094	0.127987	0.158007	0.128617	0.141223	
465	0.130470	0.122788	0.139247	0.104110	0.132254	0.098543	0.126172	0.153579	0.125316	0.138069	
470	0.128443	0.122436	0.142334	0.102195	0.132264	0.104794	0.127557	0.149490	0.125981	0.138808	
475	0.130860	0.121152	0.143603	0.102571	0.132502	0.109566	0.128088	0.147945	0.121102	0.141210	
480	0.133412	0.122083	0.145594	0.101252	0.133530	0.107692	0.128270	0.145938	0.127738	0.143935	
485	0.134547	0.119517	0.144843	0.104309	0.132184	0.109231	0.129037	0.147858	0.131878	0.141789	
490	0.134440	0.117839	0.140947	0.104508	0.132006	0.112026	0.131450	0.146333	0.131981	0.140433	
495	0.129890	0.117363	0.138068	0.104441	0.132424	0.113835	0.131331	0.145973	0.130077	0.137354	
500	0.126566	0.119203	0.142539	0.107064	0.131312	0.111338	0.131467	0.145745	0.127453	0.138971	
505	0.127147	0.119589	0.144283	0.104217	0.134715	0.109747	0.133530	0.148465	0.131693	0.135806	
510	0.126448	0.122264	0.140051	0.102960	0.136230	0.111457	0.133887	0.145827	0.132402	0.136585	
515	0.123928	0.123428	0.138903	0.103746	0.131652	0.113639	0.129270	0.143463	0.134921	0.137272	
520	0.123301	0.120613	0.136732	0.100142	0.133798	0.112544	0.132209	0.142310	0.135884	0.135868	
525	0.124591	0.119486	0.133300	0.104713	0.131901	0.113569	0.132351	0.140459	0.140253	0.134814	
530	0.125105	0.117453	0.135543	0.105330	0.133751	0.112986	0.128230	0.142537	0.139851	0.134134	
535	0.127470	0.115635	0.137269	0.108536	0.133419	0.112154	0.125086	0.143327	0.138217	0.130407	
540	0.124707	0.118869	0.136775	0.110213	0.137102	0.114921	0.122980	0.141873	0.138600	0.130747	
545	0.124384	0.120904	0.136045	0.109624	0.132414	0.110568	0.122592	0.144204	0.137325	0.130933	
550	0.124815	0.123326	0.139881	0.109678	0.129124	0.112837	0.120736	0.143786	0.135829	0.128966	
555	0.123851	0.121103	0.140270	0.107603	0.127529	0.109972	0.124554	0.143812	0.140087	0.129834	
560	0.124123	0.120514	0.136924	0.109633	0.126148	0.111188	0.122696	0.140409	0.143191	0.130270	
565	0.123282	0.121429	0.137719	0.108386	0.129670	0.114231	0.120881	0.140132	0.143939	0.135092	
570	0.123359	0.119902	0.139437	0.107345	0.127748	0.112381	0.116553	0.139587	0.142784	0.138673	
575	0.123507	0.119593	0.136827	0.109816	0.129756	0.112099	0.120332	0.141568	0.143214	0.137747	
580	0.120162	0.120722	0.138291	0.108673	0.131327	0.112224	0.121153	0.135452	0.145065	0.139125	
585	0.118828	0.116614	0.140109	0.108322	0.132719	0.109078	0.117955	0.136200	0.145167	0.136814	
590	0.118117	0.118692	0.139880	0.110441	0.132455	0.107898	0.117584	0.135232	0.142173	0.139102	
595	0.119750	0.118277	0.141909	0.112081	0.134289	0.111197	0.123564	0.131841	0.143493	0.140081	
600	0.117308	0.116157	0.141329	0.111030	0.136524	0.112197	0.128133	0.134461	0.141052	0.139186	
605	0.116256	0.113743	0.141092	0.111864	0.138104	0.108637	0.132111	0.136480	0.140240	0.138141	
610	0.117834	0.112627	0.142313	0.110664	0.137663	0.107781	0.128792	0.134468	0.144333	0.137045	
615	0.116730	0.112999	0.138964	0.115010	0.134658	0.107523	0.129844	0.131510	0.145372	0.139212	
620	0.116626	0.111147	0.138769	0.113623	0.136373	0.110305	0.128035	0.135814	0.142144	0.136811	
625	0.116755	0.113127	0.137742	0.114805	0.137534	0.110473	0.128030	0.134224	0.143297	0.137754	
630	0.116624	0.118348	0.141369	0.118588	0.139834	0.111024	0.128518	0.137690	0.138976	0.132648	
635	0.114105	0.117574	0.138012	0.118745	0.140795	0.114922	0.124968	0.133582	0.140206	0.129937	
640	0.119848	0.119606	0.137117	0.118243	0.138536	0.113193	0.126071	0.133452	0.140697	0.127776	
645	0.117064	0.121239	0.138239	0.121358	0.138280	0.113278	0.127198	0.138375	0.141763	0.129199	
650	0.115057	0.118537	0.139415	0.120200	0.136310	0.114926	0.125045	0.141207	0.141962	0.130852	
655	0.113312	0.119219	0.141494	0.119204	0.136756	0.118021	0.130131	0.140783	0.140519	0.125701	
660	0.112046	0.118704	0.142387	0.119485	0.136145	0.118257	0.129832	0.138527	0.142189	0.121777	
665	0.109768	0.115972	0.141830	0.119395	0.131841	0.114134	0.128276	0.142537	0.140521	0.123014	
670	0.108468	0.117422	0.142530	0.121208	0.133624	0.111288	0.126091	0.142045	0.137301	0.122601	
675	0.108224	0.119307	0.142404	0.115909	0.140261	0.109266	0.128761	0.138592	0.138684	0.120501	
680	0.109169	0.116193	0.142545	0.118311	0.136400	0.110953	0.128977	0.139850	0.135044	0.120815	
685	0.112326	0.118319	0.148145	0.116933	0.136683	0.110727	0.126935	0.138951	0.136723	0.120457	
690	0.114125	0.117592	0.154988	0.114317	0.134757	0.107316	0.127859	0.145552	0.138794	0.121404	
695	0.109891	0.121396	0.151379	0.114034	0.130669	0.105436	0.124759	0.146985	0.140273	0.119580	
700	0.110587	0.120370	0.149729	0.110356	0.130688	0.103841	0.123080	0.147897	0.139317	0.124724	
705	0.110882	0.122274	0.149179	0.113613	0.129750	0.103048	0.122087	0.148046	0.140107	0.126367	
710	0.110366	0.123952	0.144938	0.113688	0.134689	0.104460	0.125547	0.147590	0.139608	0.127775	
715	0.110389	0.124651	0.144127	0.115126	0.135833	0.107188	0.126178	0.147056	0.141774	0.129240	
720	0.110478	0.127525	0.144190	0.115652	0.136148	0.111047	0.126258	0.146122	0.139286	0.132690	
725	0.110658	0.125891	0.142900	0.114931	0.136272	0.112456	0.126045	0.145175	0.145507	0.134122	
730	0.110419	0.127039	0.140387	0.119378	0.134330	0.113012	0.127532	0.145109	0.147496	0.134195	
735	0.112983	0.128089	0.137022	0.122780	0.133881	0.116080	0.130200	0.145398	0.148619	0.134287	
740	0.113843	0.127549	0.137949	0.132123	0.131830	0.118265	0.131920	0.147359	0.149605	0.130838	
745	0.111821	0.127513	0.138791	0.131384	0.132455	0.119316	0.128716	0.144645	0.147906	0.133457	
750	0.111547	0.131940	0.138622	0.131745	0.133324	0.120561	0.126652	0.144486	0.145820	0.138815	
755	0.113335	0.132648	0.140829	0.130817	0.136092	0.120065	0.130329	0.141270	0.147583	0.139535	
760	0.113012	0.128759	0.143532	0.138256	0.135545	0.118590	0.132153	0.139674	0.147936	0.138614	
765	0.114816	0.130795	0.139418	0.138097	0.138674	0.119266	0.128527	0.141087	0.150052	0.137746	
770	0.117607	0.130147	0.141193	0.135417	0.134446	0.118777	0.128794	0.141791	0.149604	0.137981	
775	0.116648	0.126600	0.141998	0.136595	0.133940	0.119268	0.127253	0.141743	0.148835	0.134164	
780	0.119416	0.126208	0.140942	0.136259	0.132219	0.123124	0.125555	0.138490	0.148511	0.135941	
785	0.117900	0.128651	0.138403	0.138059	0.134451	0.122876	0.126691	0.137517	0.151018	0.138164	
790	0.117309	0.124006	0.137630	0.140600	0.130315	0.117915	0.127580	0.137216	0.149499	0.136531	
795	0.122314	0.122443	0.135370	0.144231	0.129409	0.120936	0.127532	0.137607	0.147755	0.137459	
800	0.123955	0.123660	0.133721	0.147870	0.128577	0.120386	0.128648	0.135942	0.144557	0.135219	
805	0.120535	0.118817	0.131012	0.146980	0.126813	0.123304	0.126242	0.133406	0.142903	0.131079	
810	0.124150	0.118661	0.130769	0.150319	0.128542	0.121697	0.127270	0.132334	0.139756	0.132143	
815	0.127271	0.120284	0.132392	0.150738	0.127080	0.120822	0.132911	0.132941	0.137873	0.131707	
820	0.127193	0.121553	0.132573	0.145586	0.127119	0.119578	0.135423	0.133057	0.133956	0.131872	
825	0.127999	0.122869	0.131693	0.142621	0.126495	0.119915	0.135069	0.131321	0.137390	0.128323	
830	0.130923	0.124972	0.132316	0.142397	0.127028	0.118233	0.137867	0.136987	0.136384	0.129254	
835	0.132515	0.124978	0.136614	0.144175	0.128289	0.118585	0.136622	0.137430	0.134514	0.128132	
840	0.132646	0.119940	0.132587	0.143463	0.129323	0.120465	0.136813	0.142055	0.134696	0.124155	
845	0.134771	0.118741	0.131098	0.150445	0.128393	0.118950	0.138944	0.139748	0.136643	0.123503	
850	0.134975	0.118877	0.130067	0.154716	0.125636	0.123978	0.138340	0.143055	0.135700	0.123306	
855	0.133205	0.117357	0.128593	0.161906	0.123019	0.122124	0.140817	0.142429	0.137071	0.123844	
860	0.132973	0.117558	0.129113	0.158276	0.122776	0.123583	0.138646	0.140055	0.138346	0.124824	
865	0.129981	0.116108	0.131981	0.153019	0.124363	0.123003	0.136176	0.139503	0.138693	0.125646	
870	0.130705	0.115171	0.134550	0.151383	0.122464	0.119066	0.132219	0.135144	0.140586	0.122206	
875	0.134802	0.114077	0.132863	0.143971	0.119702	0.122176	0.132135	0.134708	0.136471	0.118823	
880	0.133234	0.114714	0.136125	0.138484	0.119828	0.122083	0.134127	0.136144	0.138927	0.118239	
885	0.130555	0.112825	0.135685	0.137491	0.120976	0.122477	0.131607	0.134105	0.139657	0.115744	
890	0.131702	0.113453	0.133180	0.132591	0.121879	0.123186	0.129688	0.131138	0.142344	0.116089	
895	0.132928	0.111301	0.134106	0.127163	0.122371	0.119654	0.131667	0.132020	0.144068	0.117248	
900	0.134342	0.112502	0.131831	0.126762	0.121621	0.118319	0.128024	0.130718	0.141921	0.118493	
905	0.134788	0.117156	0.132943	0.126422	0.119596	0.120954	0.127784	0.130436	0.140621	0.124837	
910	0.129878	0.119697	0.131331	0.127477	0.120228	0.121638	0.133003	0.130791	0.142163	0.125491	
915	0.131077	0.115427	0.129976	0.127442	0.121406	0.125028	0.132485	0.131977	0.146074	0.124344	
920	0.132431	0.118102	0.130145	0.121572	0.119827	0.129065	0.137279	0.130779	0.143565	0.127328	
925	0.132410	0.118308	0.128394	0.119322	0.118960	0.123716	0.135555	0.130648	0.145158	0.127839	
930	0.133058	0.118030	0.127206	0.119009	0.121524	0.122153	0.132559	0.132477	0.140583	0.128525	
935	0.131204	0.119880	0.127966	0.117035	0.118096	0.121236	0.131939	0.131120	0.137986	0.127308	
940	0.129256	0.119907	0.130403	0.117483	0.120377	0.118174	0.132492	0.131084	0.135757	0.127423	
945	0.130138	0.119842	0.130498	0.115706	0.119615	0.117286	0.129760	0.131183	0.131129	0.127335	
950	0.132515	0.122064	0.132806	0.116610	0.119894	0.114893	0.133172	0.130698	0.130269	0.127383	
955	0.133615	0.122553	0.137783	0.116450	0.116799	0.112153	0.137109	0.130186	0.130542	0.126303	
960	0.133532	0.120483	0.134945	0.121001	0.116366	0.110053	0.136557	0.126430	0.133006	0.124098	
965	0.136346	0.119216	0.139510	0.124799	0.116185	0.109152	0.139605	0.123250	0.132386	0.122580	
970	0.134977	0.114395	0.137423	0.121521	0.114583	0.110010	0.140950	0.123199	0.133162	0.122869	
975	0.131069	0.113589	0.135289	0.120567	0.115091	0.106233	0.143246	0.125511	0.133405	0.122398	
980	0.130883	0.113540	0.135843	0.122298	0.112871	0.107990	0.146259	0.125499	0.132089	0.125615	
985	0.128141	0.114606	0.132044	0.122692	0.114383	0.106827	0.145704	0.127858	0.132796	0.127529	
990	0.127414	0.115174	0.131253	0.127378	0.114121	0.110799	0.147690	0.130857	0.132018	0.127307	
995	0.128470	0.116319	0.126908	0.130554	0.114333	0.112397	0.146557	0.129271	0.131158	0.124102	
1000	0.127538	0.117768	0.127392	0.135442	0.116990	0.112684	0.147085	0.130379	0.133049	0.122294	
1005	0.127512	0.117471	0.127126	0.135607	0.113414	0.109892	0.145216	0.130884	0.129635	0.120938	
1010	0.128156	0.113950	0.125622	0.134003	0.116565	0.108396	0.142129	0.131899	0.131287	0.120498	
1015	0.129493	0.112876	0.123185	0.134183	0.117565	0.107292	0.138484	0.131410	0.127525	0.120506	
1020	0.128808	0.112652	0.122534	0.134625	0.117275	0.108029	0.141280	0.136527	0.122824	0.121016	
1025	0.128239	0.114447	0.123285	0.132803	0.114954	0.107752	0.144570	0.134339	0.125309	0.119860	
1030	0.126172	0.112985	0.123498	0.132847	0.110805	0.105554	0.142165	0.135696	0.128167	0.120005	
1035	0.127758	0.113636	0.126422	0.134194	0.111829	0.106931	0.138168	0.130554	0.125703	0.119724	
1040	0.126833	0.107730	0.124062	0.134906	0.109922	0.109327	0.139739	0.128916	0.125707	0.121418	
1045	0.124101	0.108340	0.125396	0.138814	0.110703	0.108650	0.137345	0.128820	0.126765	0.122550	
1050	0.119859	0.110206	0.124916	0.139417	0.113911	0.109099	0.136228	0.127066	0.126380	0.121816	
1055	0.119893	0.109241	0.125206	0.137150	0.112423	0.109772	0.135250	0.125536	0.130460	0.122615	
1060	0.124324	0.109968	0.124586	0.140032	0.111702	0.113519	0.131250	0.126828	0.129218	0.126372	
1065	0.126926	0.109312	0.127514	0.140162	0.113921	0.112309	0.134175	0.126502	0.128539	0.125945	
1070	0.121974	0.108160	0.130624	0.141343	0.116265	0.113385	0.131729	0.124677	0.129855	0.123544	
1075	0.121938	0.111355	0.132709	0.143895	0.117371	0.109992	0.130291	0.124910	0.129423	0.123848	
1080	0.118022	0.109585	0.131688	0.142382	0.118895	0.106856	0.130715	0.126058	0.126936	0.122522	
1085	0.118883	0.109573	0.135106	0.142766	0.118250	0.107421	0.131502	0.124861	0.128093	0.119726	
1090	0.117758	0.108745	0.139453	0.141806	0.118355	0.110665	0.131787	0.121492	0.127976	0.120232	
1095	0.117443	0.108670	0.135552	0.140946	0.121368	0.110079	0.129107	0.118681	0.127337	0.122164	
1100	0.117162	0.109866	0.132664	0.135895	0.122203	0.112668	0.128621	0.117899	0.128378	0.123564	
1105	0.116473	0.110606	0.133827	0.137427	0.120045	0.110494	0.125428	0.112401	0.129371	0.121432	
1110	0.118866	0.109888	0.128087	0.140909	0.120735	0.109456	0.122743	0.111893	0.130086	0.122562	
1115	0.118635	0.113528	0.128329	0.142361	0.122115	0.111894	0.123363	0.110160	0.128088	0.123604	
1120	0.115600	0.113229	0.127375	0.138360	0.119728	0.109500	0.128015	0.108617	0.128651	0.122987	
1125	0.113582	0.110942	0.127974	0.138867	0.116210	0.109686	0.129828	0.109325	0.128049	0.120987	
1130	0.114263	0.112414	0.127215	0.132018	0.117035	0.111875	0.130288	0.112340	0.132786	0.118524	
1135	0.113288	0.116146	0.123789	0.129170	0.115192	0.111611	0.128320	0.112600	0.128481	0.117587	
1140	0.115457	0.117303	0.125010	0.132919	0.120415	0.110520	0.127775	0.112777	0.130502	0.117505	
1145	0.115156	0.120053	0.126571	0.134541	0.118150	0.109623	0.128069	0.116342	0.129706	0.115952	
1150	0.116947	0.120469	0.126268	0.127400	0.117274	0.108418	0.128570	0.113747	0.133390	0.113154	
1155	0.118427	0.120939	0.126579	0.129664	0.121877	0.107801	0.132140	0.111457	0.130218	0.115771	
1160	0.122680	0.117686	0.125693	0.130989	0.121909	0.105894	0.133708	0.114602	0.131915	0.119034	
1165	0.121935	0.119105	0.125773	0.126319	0.123315	0.106133	0.132384	0.115112	0.131102	0.121287	
1170	0.124427	0.121586	0.122102	0.127039	0.125756	0.107193	0.128368	0.117926	0.129120	0.120557	
1175	0.123593	0.118216	0.123160	0.128024	0.126485	0.108667	0.128997	0.114179	0.131142	0.120052	
1180	0.118113	0.122527	0.123037	0.127599	0.125082	0.110854	0.128757	0.113699	0.129460	0.121410	
1185	0.116052	0.122342	0.119843	0.126004	0.121571	0.109218	0.129281	0.113582	0.130340	0.120156	
1190	0.114982	0.123059	0.119780	0.122667	0.120602	0.112254	0.126460	0.113643	0.131521	0.122570	
1195	0.117841	0.122870	0.122839	0.123215	0.119353	0.110626	0.128933	0.113768	0.131897	0.123960	
1200	0.116974	0.121356	0.123183	0.128313	0.120801	0.109525	0.128455	0.114793	0.130508	0.127248	
1205	0.119472	0.122481	0.121181	0.128613	0.120310	0.110840	0.129094	0.115766	0.133886	0.130159	
1210	0.119422	0.120343	0.119964	0.130783	0.120418	0.115209	0.132053	0.114034	0.133872	0.132840	
1215	0.116206	0.120126	0.122284	0.130351	0.118355	0.115451	0.131541	0.114943	0.134424	0.133998	
1220	0.118860	0.122747	0.119952	0.132305	0.120710	0.114380	0.130378	0.111068	0.131072	0.137085	
1225	0.116620	0.125517	0.122040	0.133624	0.120264	0.113128	0.134727	0.111985	0.132644	0.136255	
1230	0.114757	0.123999	0.121289	0.137936	0.120643	0.115480	0.133625	0.114469	0.132248	0.134202	
1235	0.115913	0.127665	0.124979	0.143785	0.124424	0.118619	0.136344	0.111166	0.135308	0.133942	
1240	0.113454	0.127676	0.121310	0.146326	0.123142	0.117849	0.133064	0.116211	0.137466	0.133048	
1245	0.111635	0.128442	0.122790	0.147440	0.121559	0.118339	0.136302	0.114517	0.135738	0.134899	
1250	0.114617	0.127922	0.121553	0.146191	0.126844	0.117382	0.136673	0.113865	0.136263	0.132587	
1255	0.115112	0.128965	0.119509	0.144566	0.125672	0.119222	0.134176	0.113253	0.135389	0.127975	
1260	0.115262	0.130076	0.117582	0.141531	0.120710	0.121533	0.134176	0.112558	0.135120	0.125178	
1265	0.116618	0.131751	0.118020	0.147096	0.123958	0.122142	0.132268	0.113960	0.136742	0.122591	
1270	0.118827	0.132020	0.117505	0.144217	0.120686	0.121491	0.131228	0.116481	0.136148	0.126064	
1275	0.117520	0.131570	0.119427	0.140116	0.118693	0.118942	0.132809	0.116689	0.137426	0.126053	
1280	0.121935	0.136072	0.120266	0.143959	0.119750	0.118995	0.134918	0.117569	0.136215	0.122295	
1285	0.123277	0.139630	0.119112	0.142056	0.120356	0.123985	0.131480	0.120187	0.137952	0.124865	
1290	0.122582	0.136742	0.116644	0.141669	0.121056	0.124763	0.130827	0.122221	0.138307	0.126440	
1295	0.121039	0.137101	0.114213	0.143323	0.122515	0.127234	0.135732	0.125602	0.138054	0.124630	
1300	0.120816	0.136377	0.115244	0.139414	0.125444	0.129514	0.135724	0.126329	0.135885	0.126748	
1305	0.124584	0.135168	0.113177	0.137756	0.120494	0.130170	0.136170	0.128723	0.136813	0.124756	
1310	0.121446	0.129843	0.113093	0.137524	0.120070	0.133037	0.132643	0.129852	0.135166	0.124520	
1315	0.122361	0.129586	0.111476	0.136573	0.120283	0.133230	0.130795	0.130907	0.134897	0.122510	
1320	0.124964	0.129632	0.117002	0.140525	0.124223	0.127661	0.130344	0.130561	0.132267	0.123455	
1325	0.122292	0.130242	0.118639	0.141751	0.123450	0.129087	0.131537	0.127622	0.134151	0.122716	
1330	0.126412	0.131411	0.121103	0.143839	0.124677	0.126818	0.130669	0.129296	0.135899	0.123427	
1335	0.127420	0.129502	0.117369	0.140403	0.123601	0.129727	0.132189	0.132344	0.138317	0.123181	
1340	0.125567	0.130619	0.118159	0.137439	0.124238	0.127663	0.127524	0.135479	0.135864	0.123146	
1345	0.122040	0.133331	0.120713	0.135586	0.127043	0.129450	0.129078	0.133019	0.135462	0.123457	
1350	0.120558	0.131868	0.121751	0.133218	0.127026	0.128113	0.131276	0.134717	0.138720	0.122735	
1355	0.123923	0.130317	0.120770	0.132586	0.125477	0.125763	0.130197	0.139767	0.137726	0.118888	
1360	0.123825	0.133453	0.124840	0.129322	0.125977	0.129934	0.125962	0.143306	0.136244	0.117087	
1365	0.122141	0.134924	0.123656	0.129876	0.127173	0.130392	0.123048	0.139897	0.130017	0.117526	
1370	0.122737	0.128770	0.122416	0.130149	0.130193	0.130672	0.121267	0.135443	0.129303	0.117821	
1375	0.125476	0.127663	0.123456	0.128039	0.129612	0.134232	0.122366	0.129888	0.130411	0.118290	
1380	0.127769	0.127651	0.121535	0.125305	0.127794	0.132802	0.119955	0.132992	0.134599	0.119425	
1385	0.126030	0.128437	0.123537	0.122041	0.127677	0.130888	0.124226	0.130123	0.132821	0.122288	
1390	0.127468	0.130577	0.125726	0.122021	0.126222	0.131936	0.124030	0.129129	0.130317	0.125412	
1395	0.128509	0.129714	0.121892	0.119576	0.121578	0.133348	0.122560	0.128661	0.125372	0.125668	
1400	0.126648	0.131370	0.125403	0.116511	0.122012	0.133172	0.122480	0.134959	0.125022	0.124927	
1405	0.128092	0.133571	0.125501	0.118015	0.122711	0.135626	0.124369	0.139290	0.124878	0.122881	
1410	0.128319	0.130285	0.125724	0.117895	0.122979	0.131637	0.125330	0.139491	0.122981	0.121850	
1415	0.128084	0.133499	0.125462	0.119880	0.128990	0.136244	0.125361	0.141092	0.120815	0.120264	
1420	0.124592	0.132446	0.124723	0.117719	0.133184	0.133521	0.124559	0.142415	0.119753	0.120782	
1425	0.123360	0.125619	0.123309	0.118774	0.131487	0.134393	0.125134	0.144073	0.119954	0.123046	
1430	0.122985	0.124739	0.124501	0.125328	0.126983	0.130951	0.123826	0.138787	0.122331	0.125075	
1435	0.124714	0.123055	0.127889	0.125326	0.129886	0.136828	0.126186	0.139106	0.120765	0.121771	
1440	0.125308	0.123209	0.131264	0.123122	0.131672	0.140644	0.127907	0.140842	0.119806	0.125555	
1445	0.122208	0.122735	0.131649	0.123957	0.131586	0.140894	0.127941	0.139234	0.119301	0.123784	
1450	0.120165	0.124285	0.129868	0.122832	0.134576	0.138310	0.127059	0.138581	0.120811	0.125322	
1455	0.121739	0.122326	0.133454	0.121005	0.131680	0.138808	0.123874	0.139102	0.120835	0.123337	
1460	0.123075	0.126047	0.139119	0.123411	0.128230	0.139202	0.128673	0.136340	0.124379	0.129247	
1465	0.121334	0.126427	0.135911	0.123173	0.128233	0.139337	0.131156	0.133574	0.123987	0.127468	
1470	0.119135	0.129460	0.137741	0.120847	0.129895	0.143677	0.132595	0.135138	0.126524	0.125992	
1475	0.117377	0.129504	0.133798	0.120521	0.128661	0.145507	0.134862	0.129969	0.125182	0.128148	
1480	0.119797	0.129136	0.131121	0.122986	0.128856	0.145054	0.134944	0.131046	0.125739	0.124930	
1485	0.121617	0.128862	0.132664	0.123253	0.128086	0.145011	0.134813	0.131452	0.128546	0.128174	
1490	0.123536	0.128124	0.126837	0.122510	0.128745	0.147681	0.134888	0.134751	0.127743	0.128247	
1495	0.122654	0.125603	0.128597	0.123848	0.129439	0.147210	0.136375	0.131448	0.125389	0.129207	
1500	0.122877	0.128456	0.125510	0.120333	0.131601	0.144123	0.135110	0.129919	0.123727	0.130547	
1505	0.120032	0.129511	0.122274	0.119584	0.133330	0.143536	0.130954	0.130595	0.121902	0.126818	
1510	0.118788	0.130675	0.123260	0.116205	0.135723	0.145554	0.131098	0.128429	0.126040	0.127991	
1515	0.118763	0.130818	0.126460	0.113780	0.136753	0.142164	0.130682	0.124964	0.123848	0.125726	
1520	0.122119	0.132177	0.122090	0.113186	0.136850	0.139744	0.131503	0.124539	0.122097	0.128783	
1525	0.120419	0.132129	0.120157	0.116321	0.137389	0.136360	0.133860	0.128154	0.123956	0.125664	
1530	0.118834	0.133821	0.120194	0.118345	0.135078	0.139531	0.134514	0.128335	0.128090	0.124268	
1535	0.120809	0.130885	0.119304	0.117238	0.133032	0.139960	0.133328	0.123711	0.129741	0.120455	
1540	0.120832	0.129362	0.120905	0.115963	0.137687	0.140026	0.132824	0.124792	0.128091	0.122787	
1545	0.120906	0.129574	0.117337	0.116291	0.138914	0.141654	0.133652	0.128126	0.128489	0.125142	
1550	0.121715	0.130232	0.113672	0.117589	0.138398	0.141100	0.133207	0.128400	0.127330	0.128048	
1555	0.127203	0.129201	0.111846	0.117069	0.137070	0.143899	0.132202	0.123188	0.124361	0.128020	
1560	0.124979	0.129427	0.113895	0.118574	0.133313	0.142964	0.131126	0.124467	0.124945	0.123052	
1565	0.129157	0.130601	0.115295	0.116974	0.132078	0.141690	0.133089	0.122878	0.125412	0.119466	
1570	0.122321	0.129269	0.112659	0.118769	0.131764	0.141838	0.135684	0.120611	0.124371	0.121798	
1575	0.122804	0.129606	0.111447	0.119201	0.132028	0.139242	0.136062	0.122145	0.126716	0.122066	
1580	0.120741	0.129297	0.110606	0.119861	0.128286	0.144885	0.136636	0.118035	0.127897	0.121760	
1585	0.119495	0.129380	0.112576	0.119727	0.129979	0.146837	0.135075	0.116613	0.126744	0.119480	
1590	0.119891	0.128480	0.115589	0.121686	0.131019	0.149523	0.136578	0.115568	0.127821	0.120528	
1595	0.120900	0.130918	0.120439	0.120515	0.129698	0.153333	0.136448	0.117558	0.128636	0.121714	
1600	0.120136	0.130265	0.120835	0.118652	0.126641	0.152293	0.135906	0.124494	0.126696	0.121197	
1605	0.122472	0.127103	0.117395	0.121424	0.127939	0.149489	0.136618	0.125924	0.126546	0.120086	
1610	0.119044	0.128860	0.116032	0.120813	0.127088	0.148958	0.138745	0.117543	0.128709	0.119620	
1615	0.114678	0.131517	0.115111	0.125865	0.123035	0.150336	0.137720	0.112782	0.130007	0.119357	
1620	0.114722	0.128028	0.115475	0.127788	0.123583	0.149141	0.136700	0.109352	0.131752	0.116397	
1625	0.114694	0.127238	0.113131	0.127590	0.124981	0.148728	0.139987	0.111276	0.132738	0.117799	
1630	0.116226	0.126640	0.110629	0.126883	0.123561	0.146826	0.142497	0.112209	0.129129	0.121425	
1635	0.116486	0.126009	0.113732	0.125751	0.120837	0.146744	0.145595	0.116167	0.131625	0.123223	
1640	0.115842	0.122304	0.113180	0.126315	0.121726	0.145146	0.139984	0.116942	0.129058	0.123015	
1645	0.115366	0.123064	0.110537	0.127242	0.121954	0.143215	0.140502	0.117001	0.133387	0.124185	
1650	0.117297	0.124850	0.111245	0.124907	0.122714	0.141252	0.138500	0.120897	0.134817	0.120852	
1655	0.115447	0.122776	0.111791	0.125556	0.125782	0.137723	0.139676	0.123737	0.135097	0.118653	
1660	0.115620	0.124082	0.109915	0.124801	0.125097	0.140403	0.139267	0.123742	0.135939	0.118352	
1665	0.111874	0.125474	0.111867	0.126960	0.130115	0.143732	0.139921	0.121387	0.137274	0.116242	
1670	0.111736	0.120802	0.109251	0.131817	0.129781	0.145362	0.137386	0.123849	0.135976	0.116395	
1675	0.113178	0.121793	0.111063	0.132070	0.127328	0.146381	0.135674	0.126385	0.137870	0.119489	
1680	0.114824	0.125123	0.110749	0.129419	0.125632	0.146925	0.136659	0.126629	0.139329	0.121829	
1685	0.117448	0.124079	0.112728	0.128550	0.121655	0.143014	0.135508	0.131675	0.137282	0.126340	
1690	0.118526	0.125057	0.115133	0.128490	0.121863	0.145153	0.137301	0.130628	0.133924	0.124778	
1695	0.119812	0.126109	0.117224	0.132431	0.119652	0.147511	0.140707	0.132571	0.135419	0.122169	
1700	0.120885	0.126334	0.116894	0.129587	0.117768	0.147922	0.139301	0.132037	0.132473	0.121448	
1705	0.119103	0.125823	0.118557	0.127555	0.118949	0.151144	0.140402	0.131035	0.131466	0.120690	
1710	0.114243	0.125278	0.118967	0.125451	0.118667	0.149007	0.142469	0.135425	0.128488	0.124149	
1715	0.113565	0.124842	0.121029	0.121677	0.115644	0.147433	0.143863	0.139496	0.131672	0.127533	
1720	0.112272	0.123526	0.120241	0.122225	0.118673	0.150408	0.141817	0.141292	0.132209	0.129070	
1725	0.115165	0.127373	0.120705	0.126219	0.120836	0.146445	0.146771	0.143452	0.132240	0.128003	
1730	0.113371	0.126569	0.121289	0.126285	0.120222	0.143975	0.140499	0.146229	0.135421	0.125314	
1735	0.116007	0.126911	0.121679	0.125881	0.120057	0.140442	0.138795	0.151875	0.139125	0.128036	
1740	0.113908	0.128034	0.122431	0.125411	0.120902	0.141952	0.135940	0.149669	0.138294	0.128904	
1745	0.113696	0.128613	0.122295	0.122686	0.122216	0.141052	0.132190	0.148227	0.141954	0.129675	
1750	0.112556	0.130649	0.119388	0.120896	0.122706	0.141042	0.128710	0.149542	0.138053	0.130841	
1755	0.114569	0.130246	0.116912	0.118094	0.120721	0.138913	0.129659	0.150490	0.136402	0.129631	
1760	0.117311	0.128774	0.120255	0.119361	0.124913	0.139288	0.129386	0.150901	0.137104	0.132248	
1765	0.119474	0.130092	0.118722	0.118235	0.124427	0.140132	0.127244	0.151300	0.136299	0.130706	
1770	0.119336	0.130819	0.120091	0.115843	0.124111	0.142053	0.125256	0.155202	0.134511	0.127383	
1775	0.118029	0.129174	0.123508	0.114619	0.127172	0.140877	0.119083	0.155404	0.133123	0.128751	
1780	0.118081	0.128445	0.126548	0.115450	0.124588	0.137262	0.118712	0.157615	0.132383	0.131072	
1785	0.119175	0.128968	0.126841	0.117187	0.123866	0.133184	0.121232	0.158267	0.131496	0.130860	
1790	0.118561	0.128516	0.125625	0.116786	0.125757	0.129179	0.122869	0.156226	0.134682	0.133654	
1795	0.118606	0.128350	0.126733	0.114301	0.126516	0.131000	0.121796	0.157478	0.135030	0.134456	
1800	0.120772	0.126503	0.125012	0.114562	0.125776	0.129810	0.121144	0.156378	0.132991	0.135837	
1805	0.120744	0.127491	0.125347	0.113809	0.126291	0.128592	0.119606	0.154179	0.135315	0.139515	
1810	0.119250	0.130741	0.127692	0.113618	0.128237	0.126452	0.125056	0.150991	0.134866	0.140019	
1815	0.120133	0.129414	0.126641	0.111869	0.125690	0.130197	0.122305	0.151221	0.135691	0.134079	
1820	0.121698	0.133348	0.127536	0.112927	0.123090	0.128781	0.123437	0.151834	0.135358	0.135850	
1825	0.120437	0.131163	0.127706	0.113871	0.126508	0.127100	0.119549	0.153150	0.133737	0.137084	
1830	0.122830	0.134684	0.126426	0.114218	0.126207	0.128957	0.122975	0.148904	0.133193	0.140502	
1835	0.120023	0.130128	0.129664	0.115505	0.129363	0.129599	0.126641	0.151425	0.136273	0.139301	
1840	0.118346	0.126026	0.129180	0.116866	0.131636	0.129755	0.128175	0.152597	0.134399	0.138897	
1845	0.117554	0.121705	0.131320	0.117220	0.133789	0.126619	0.127041	0.155267	0.132842	0.140907	
1850	0.118387	0.125886	0.129942	0.117937	0.133842	0.126372	0.122004	0.157517	0.129451	0.139236	
1855	0.122452	0.125669	0.129007	0.115456	0.135323	0.125103	0.122409	0.156788	0.122858	0.142403	
1860	0.123905	0.125072	0.131335	0.118755	0.133233	0.127358	0.123615	0.159673	0.125411	0.142865	
1865	0.122494	0.126254	0.136330	0.119222	0.134364	0.129647	0.123616	0.161653	0.126083	0.143232	
1870	0.121651	0.123580	0.136707	0.119076	0.131381	0.127607	0.125502	0.158252	0.122254	0.144205	
1875	0.121962	0.124872	0.132054	0.115150	0.130667	0.129296	0.124521	0.155637	0.120276	0.137895	
1880	0.120812	0.123135	0.127856	0.114747	0.132350	0.132968	0.123518	0.159227	0.120824	0.132848	
1885	0.121973	0.126541	0.128157	0.115413	0.132915	0.129873	0.120590	0.155594	0.118728	0.132824	
1890	0.118275	0.126537	0.129755	0.114168	0.133805	0.127842	0.121185	0.154178	0.121660	0.130273	
1895	0.121555	0.130053	0.129389	0.113561	0.135347	0.128128	0.122173	0.154012	0.123318	0.129339	
1900	0.121016	0.128877	0.127670	0.113057	0.138308	0.130405	0.120677	0.152202	0.121262	0.127043	
1905	0.119112	0.130323	0.126223	0.112201	0.138663	0.129195	0.120652	0.150566	0.118954	0.129300	
1910	0.121748	0.130486	0.122962	0.112625	0.137852	0.128673	0.120782	0.149293	0.120969	0.130439	
1915	0.119271	0.131996	0.122492	0.113037	0.141193	0.127134	0.119594	0.149984	0.123104	0.129898	
1920	0.121504	0.135401	0.123131	0.111483	0.143487	0.128639	0.117166	0.151707	0.121480	0.129251	
1925	0.123315	0.134615	0.122980	0.111108	0.142275	0.127281	0.117686	0.149380	0.127355	0.122387	
1930	0.126509	0.135032	0.123971	0.113788	0.143477	0.129764	0.118599	0.147966	0.127487	0.123377	
1935	0.125379	0.134858	0.124107	0.115256	0.147238	0.128415	0.116856	0.145842	0.126289	0.121672	
1940	0.122216	0.134199	0.122565	0.118323	0.144426	0.129430	0.119663	0.146060	0.122341	0.120329	
1945	0.124057	0.133270	0.123326	0.122827	0.142954	0.125642	0.118630	0.149096	0.122460	0.120649	
1950	0.122818	0.133008	0.123926	0.125300	0.142450	0.125993	0.119247	0.151912	0.121276	0.123711	
1955	0.126116	0.132664	0.125090	0.123351	0.142751	0.124170	0.120316	0.150511	0.120505	0.124962	
1960	0.126140	0.131590	0.128918	0.122385	0.145537	0.121871	0.122338	0.152074	0.119766	0.123186	
1965	0.128176	0.130710	0.127776	0.123215	0.143464	0.119754	0.127688	0.153539	0.116314	0.121891	
1970	0.126980	0.129034	0.128731	0.124459	0.142889	0.121001	0.124966	0.149674	0.118709	0.121045	
1975	0.126345	0.125808	0.127389	0.125446	0.140051	0.124384	0.124342	0.148050	0.116501	0.121111	
1980	0.126377	0.125488	0.130434	0.126870	0.140963	0.123957	0.125398	0.149569	0.115104	0.120566	
1985	0.128875	0.124418	0.128088	0.124135	0.137122	0.126754	0.128577	0.149628	0.111355	0.118137	
1990	0.125979	0.124970	0.132696	0.123494	0.140254	0.127238	0.126074	0.147969	0.117902	0.115732	
1995	0.124471	0.124753	0.128602	0.124005	0.140960	0.125647	0.127619	0.151109	0.116955	0.116339	
2000	0.121366	0.128279	0.128312	0.126023	0.139243	0.124599	0.127878	0.146947	0.115316	0.119651	
2005	0.125779	0.125909	0.128349	0.124377	0.137390	0.126637	0.126688	0.148645	0.113697	0.119894	
2010	0.125203	0.126072	0.131444	0.126352	0.134340	0.127177	0.129198	0.146965	0.114583	0.119896	
2015	0.122759	0.126388	0.131724	0.127729	0.129042	0.123480	0.129682	0.141182	0.114641	0.122734	
2020	0.122612	0.127985	0.131324	0.129888	0.132836	0.117893	0.132494	0.143045	0.115301	0.125046	
2025	0.119812	0.125843	0.134212	0.128065	0.131996	0.117493	0.131554	0.140857	0.116826	0.127727	
2030	0.120850	0.125263	0.132236	0.131347	0.132113	0.117995	0.133302	0.140048	0.116338	0.129292	
2035	0.122661	0.126742	0.133517	0.132917	0.134856	0.117563	0.132691	0.140597	0.114182	0.127568	
2040	0.123686	0.123769	0.129851	0.131617	0.135637	0.118097	0.132154	0.139178	0.116019	0.129281	
2045	0.122591	0.124782	0.130068	0.128814	0.133630	0.115579	0.130972	0.138866	0.115858	0.131773	
2050	0.120945	0.124634	0.129733	0.128321	0.133348	0.115491	0.128878	0.138949	0.116068	0.134020	
2055	0.118834	0.125992	0.131659	0.128760	0.132201	0.114086	0.132618	0.134341	0.119139	0.124418	
2060	0.119519	0.122612	0.130445	0.133055	0.132173	0.111348	0.130549	0.127560	0.118299	0.120342	
2065	0.119611	0.120286	0.133002	0.133647	0.132423	0.112575	0.128488	0.126536	0.119001	0.119744	
2070	0.117413	0.119492	0.131616	0.132366	0.130607	0.110303	0.130388	0.129647	0.116083	0.120763	
2075	0.113845	0.118540	0.132509	0.133740	0.129862	0.111716	0.131641	0.127372	0.114583	0.119901	
2080	0.114684	0.117048	0.135708	0.133910	0.133438	0.113159	0.135584	0.124512	0.119024	0.122095	
2085	0.116307	0.116124	0.137505	0.126664	0.133417	0.113297	0.138235	0.124290	0.119103	0.124759	
2090	0.114997	0.116012	0.139965	0.128934	0.134782	0.112104	0.135623	0.126210	0.119277	0.120630	
2095	0.112694	0.113741	0.136010	0.126401	0.135926	0.114594	0.140920	0.125679	0.119960	0.122958	
2100	0.111060	0.118237	0.134414	0.124483	0.134482	0.114964	0.142316	0.125330	0.122234	0.122455	
2105	0.115421	0.118604	0.134888	0.125558	0.134252	0.116147	0.140395	0.126983	0.121550	0.122910	
2110	0.117620	0.116791	0.136777	0.126847	0.135874	0.114572	0.138900	0.130280	0.119545	0.118607	
2115	0.115753	0.117206	0.136430	0.123853	0.132942	0.115099	0.138760	0.123999	0.117528	0.115910	
2120	0.114597	0.117545	0.136242	0.122351	0.131923	0.113236	0.138665	0.123223	0.113515	0.112407	
2125	0.116441	0.118737	0.136067	0.123612	0.129719	0.111800	0.136640	0.122955	0.116359	0.112097	
2130	0.115121	0.117811	0.138230	0.124608	0.132024	0.112120	0.136364	0.126976	0.115346	0.112964	
2135	0.118107	0.116378	0.133956	0.123060	0.132668	0.112122	0.137229	0.123544	0.111149	0.108456	
2140	0.120870	0.116407	0.136103	0.122104	0.131676	0.113000	0.136536	0.126057	0.111693	0.110281	
2145	0.118796	0.117727	0.133041	0.121944	0.130663	0.110245	0.132151	0.118993	0.116502	0.111740	
2150	0.116580	0.117408	0.131742	0.123936	0.130382	0.112014	0.134032	0.120083	0.119200	0.107954	
2155	0.118949	0.119261	0.131573	0.124683	0.132152	0.114539	0.138085	0.122021	0.119245	0.105567	
2160	0.120521	0.119296	0.131977	0.125836	0.136986	0.115543	0.136355	0.120318	0.119660	0.107223	
2165	0.124300	0.120809	0.133528	0.123520	0.131488	0.118238	0.138408	0.118292	0.124036	0.105633	
2170	0.126022	0.119354	0.133803	0.124480	0.130146	0.117528	0.136253	0.119374	0.122684	0.109508	
2175	0.128610	0.119143	0.131735	0.125362	0.132142	0.118302	0.137941	0.120283	0.121995	0.109566	
2180	0.130321	0.120255	0.135371	0.125297	0.131909	0.115878	0.138461	0.122714	0.122482	0.110469	
2185	0.131750	0.120109	0.132320	0.125674	0.131732	0.117400	0.139399	0.121633	0.125157	0.114338	
2190	0.131875	0.118946	0.130238	0.124488	0.130754	0.118432	0.136934	0.120032	0.127003	0.114980	
2195	0.127333	0.120693	0.129787	0.125605	0.130160	0.119860	0.133472	0.122573	0.129417	0.115193	
2200	0.130363	0.121052	0.131923	0.123960	0.127940	0.123055	0.132113	0.125309	0.132384	0.116417	
2205	0.128245	0.119644	0.132215	0.125313	0.128712	0.118405	0.131630	0.123241	0.129219	0.120253	
2210	0.126324	0.122109	0.130037	0.121819	0.126860	0.118994	0.129160	0.124884	0.126239	0.120884	
2215	0.126275	0.122625	0.130768	0.123092	0.130789	0.120967	0.127461	0.129601	0.126918	0.119295	
2220	0.127221	0.120333	0.131943	0.123029	0.132479	0.118903	0.126989	0.127376	0.128203	0.118930	
2225	0.123860	0.115571	0.131444	0.123600	0.131312	0.121446	0.127083	0.126709	0.130679	0.117539	
2230	0.127015	0.115581	0.132140	0.125001	0.130329	0.124050	0.126389	0.129844	0.133474	0.118327	
2235	0.126978	0.113028	0.130558	0.125428	0.126120	0.122147	0.123670	0.131656	0.130224	0.122964	
2240	0.129537	0.114192	0.130865	0.126508	0.125481	0.125115	0.122716	0.131792	0.130435	0.123363	
2245	0.131927	0.112407	0.132242	0.128026	0.122924	0.129043	0.121813	0.132998	0.130764	0.125184	
2250	0.135810	0.111204	0.128782	0.128225	0.124692	0.126052	0.123534	0.132855	0.135632	0.117888	
2255	0.135877	0.113812	0.130257	0.128620	0.124134	0.127774	0.121139	0.131200	0.132750	0.114562	
2260	0.127667	0.113705	0.128131	0.128926	0.122231	0.127932	0.121517	0.129815	0.131312	0.114396	
2265	0.124697	0.114957	0.132274	0.126489	0.122636	0.129018	0.121989	0.132239	0.129785	0.115237	
2270	0.125543	0.113520	0.125955	0.126039	0.123646	0.129681	0.124320	0.133004	0.130252	0.114637	
2275	0.122799	0.116283	0.127320	0.126445	0.125556	0.132884	0.120095	0.136151	0.129439	0.115774	
2280	0.120283	0.120524	0.126824	0.125349	0.131939	0.134161	0.119752	0.133348	0.131217	0.118783	
2285	0.119480	0.118268	0.125906	0.125403	0.134547	0.132734	0.120165	0.137690	0.131159	0.118650	
2290	0.114951	0.121068	0.122022	0.124615	0.133762	0.132646	0.122568	0.140977	0.130431	0.116400	
2295	0.114871	0.120982	0.120886	0.121996	0.132058	0.131539	0.125539	0.140217	0.130439	0.115789	
2300	0.114112	0.124255	0.120584	0.123426	0.128447	0.132489	0.125387	0.142680	0.129826	0.114953	
2305	0.117819	0.125449	0.121426	0.124840	0.124447	0.130319	0.124396	0.141738	0.126313	0.115939	
2310	0.119674	0.123426	0.122758	0.127141	0.124616	0.132889	0.123796	0.146156	0.124310	0.116166	
2315	0.114475	0.122686	0.121967	0.127232	0.125558	0.134274	0.124770	0.144662	0.123885	0.118433	
2320	0.119344	0.120131	0.119085	0.128252	0.126158	0.135228	0.125424	0.147216	0.120892	0.118423	
2325	0.122010	0.119915	0.119088	0.129139	0.127169	0.133116	0.122875	0.146046	0.119859	0.116169	
2330	0.122481	0.118844	0.119166	0.130363	0.125796	0.137936	0.121483	0.140632	0.120620	0.115554	
2335	0.123697	0.119858	0.121315	0.130765	0.126038	0.133767	0.124336	0.141588	0.124158	0.117164	
2340	0.123079	0.119249	0.122349	0.130264	0.126978	0.133663	0.122936	0.144898	0.125420	0.114901	
2345	0.123891	0.119006	0.122802	0.131479	0.124606	0.133424	0.122473	0.142383	0.129627	0.116579	
2350	0.125337	0.120421	0.120882	0.130659	0.126477	0.135999	0.124063	0.142686	0.129091	0.115131	
2355	0.125936	0.118243	0.119186	0.130429	0.128677	0.133483	0.123092	0.142996	0.129353	0.112366	
2360	0.124669	0.117992	0.118852	0.131933	0.129358	0.130514	0.125007	0.144340	0.131140	0.114351	
2365	0.127155	0.118940	0.120011	0.135622	0.129242	0.131637	0.125870	0.141510	0.132773	0.115328	
2370	0.129581	0.120079	0.118612	0.132085	0.130535	0.134052	0.126330	0.140666	0.131321	0.111152	
2375	0.127851	0.123058	0.117934	0.133079	0.127272	0.132518	0.125596	0.148341	0.128699	0.111878	
2380	0.128763	0.121057	0.116146	0.132309	0.124819	0.134352	0.124734	0.146851	0.128144	0.109120	
2385	0.126628	0.119969	0.117821	0.135519	0.124415	0.131320	0.121891	0.148934	0.128318	0.108526	
2390	0.127998	0.120310	0.121039	0.136358	0.122552	0.129456	0.120762	0.151459	0.130918	0.107348	
2395	0.125411	0.123188	0.120519	0.136602	0.124082	0.131449	0.121184	0.152126	0.129693	0.108159	
2400	0.126729	0.123994	0.119108	0.138641	0.125448	0.130720	0.119058	0.148039	0.128059	0.110979	
2405	0.121009	0.126735	0.123386	0.136953	0.127818	0.125417	0.120825	0.150999	0.126993	0.111274	
2410	0.119953	0.128319	0.121222	0.133925	0.130423	0.124507	0.120284	0.147902	0.126334	0.111975	
2415	0.123044	0.124352	0.119255	0.135929	0.132232	0.124229	0.115910	0.150895	0.125818	0.111788	
2420	0.122753	0.122121	0.120026	0.135371	0.131122	0.122371	0.115502	0.150062	0.120677	0.108516	
2425	0.122611	0.122521	0.124203	0.135783	0.132014	0.118928	0.113352	0.151166	0.118847	0.106365	
2430	0.122988	0.121438	0.123918	0.138442	0.129371	0.117148	0.114281	0.148783	0.120623	0.109350	
2435	0.120720	0.124783	0.122409	0.142797	0.126973	0.119333	0.118379	0.148868	0.121211	0.109496	
2440	0.120942	0.122739	0.119781	0.143544	0.126273	0.118560	0.116497	0.148325	0.122269	0.109864	
2445	0.121264	0.123815	0.124558	0.141886	0.126412	0.116618	0.115232	0.149142	0.122274	0.110274	
2450	0.121521	0.124443	0.121490	0.136877	0.127002	0.113013	0.116630	0.146234	0.120142	0.107798	
2455	0.121185	0.123147	0.120684	0.136831	0.128264	0.112416	0.120343	0.147298	0.117262	0.108370	
2460	0.119395	0.124743	0.119582	0.135484	0.125949	0.114841	0.118847	0.152015	0.120924	0.109914	
2465	0.121310	0.126538	0.123505	0.138360	0.126802	0.116653	0.117603	0.151651	0.119378	0.109492	
2470	0.123005	0.125185	0.123614	0.140030	0.127487	0.114070	0.115181	0.144087	0.119261	0.111748	
2475	0.120948	0.125161	0.122432	0.133686	0.128643	0.116348	0.119778	0.145214	0.118604	0.112832	
2480	0.118784	0.126802	0.122632	0.134402	0.124528	0.119740	0.125094	0.144896	0.119114	0.113372	
2485	0.126652	0.126745	0.120962	0.134440	0.124277	0.117915	0.122120	0.145699	0.115908	0.117368	
2490	0.124452	0.123453	0.123072	0.134231	0.125283	0.116772	0.120394	0.146873	0.117776	0.118343	
2495	0.125039	0.124741	0.123756	0.130376	0.123818	0.118161	0.122096	0.145691	0.118601	0.116133	
2500	0.125376	0.119782	0.122799	0.126399	0.126805	0.117318	0.116268	0.145109	0.119812	0.117810	
2505	0.127976	0.119466	0.120524	0.125871	0.125093	0.118490	0.117012	0.144813	0.120765	0.121522	
2510	0.128179	0.124478	0.118240	0.123172	0.122596	0.117118	0.117349	0.145305	0.121689	0.123173	
2515	0.128625	0.122778	0.120149	0.127963	0.123302	0.118920	0.116020	0.145451	0.117773	0.122261	
2520	0.126506	0.121194	0.117026	0.126834	0.122262	0.119312	0.115763	0.145994	0.113772	0.123932	
2525	0.128004	0.123385	0.116552	0.126189	0.123756	0.120873	0.112563	0.148530	0.115108	0.122843	
2530	0.129123	0.120901	0.116175	0.129279	0.123651	0.116804	0.114980	0.146033	0.116634	0.122208	
2535	0.129482	0.121634	0.115381	0.126822	0.120756	0.115754	0.113342	0.146503	0.115947	0.123647	
2540	0.128178	0.119536	0.116513	0.130091	0.119349	0.114419	0.113836	0.146727	0.109140	0.125644	
2545	0.125864	0.118546	0.117865	0.130744	0.120588	0.116754	0.113961	0.147371	0.108816	0.129286	
2550	0.126790	0.117371	0.119387	0.130483	0.119082	0.114499	0.114356	0.145193	0.111353	0.129244	
2555	0.126186	0.119756	0.119322	0.131201	0.119109	0.111851	0.114555	0.148244	0.110071	0.128934	
2560	0.129360	0.121272	0.122665	0.131215	0.119266	0.113581	0.114931	0.148991	0.114431	0.128279	
2565	0.130520	0.120653	0.127286	0.129312	0.125159	0.115320	0.116163	0.145445	0.111625	0.128450	
2570	0.129878	0.120932	0.124191	0.127444	0.124920	0.115532	0.115130	0.145699	0.109653	0.127682	
2575	0.129880	0.123491	0.123802	0.127755	0.126449	0.117844	0.114591	0.143701	0.111342	0.126572	
2580	0.131302	0.118988	0.122464	0.130421	0.126799	0.115779	0.114534	0.142825	0.113312	0.126822	
2585	0.129663	0.119057	0.122165	0.130969	0.128483	0.120964	0.118191	0.142446	0.112130	0.128041	
2590	0.126434	0.118787	0.121333	0.129451	0.130449	0.120617	0.119728	0.142021	0.110223	0.128827	
2595	0.130066	0.119067	0.121161	0.130423	0.127901	0.123735	0.119389	0.142414	0.111020	0.128443	
2600	0.130263	0.118273	0.117224	0.132277	0.127024	0.121925	0.118860	0.142427	0.107339	0.124570	
2605	0.130672	0.120630	0.116387	0.132953	0.128677	0.123740	0.111506	0.141542	0.109611	0.125732	
2610	0.130445	0.118685	0.118696	0.139645	0.129512	0.123811	0.111411	0.141745	0.112393	0.127764	
2615	0.129880	0.118607	0.121046	0.140869	0.128102	0.124077	0.111460	0.144428	0.113626	0.132135	
2620	0.131275	0.121159	0.119791	0.138773	0.128146	0.125661	0.107312	0.142021	0.115942	0.133312	
2625	0.130408	0.122144	0.120697	0.136546	0.128143	0.127195	0.108541	0.139919	0.116802	0.133557	
2630	0.130189	0.122675	0.118373	0.136933	0.127807	0.128358	0.105921	0.140099	0.115132	0.133517	
2635	0.126773	0.128449	0.115882	0.137835	0.129062	0.130265	0.106976	0.144378	0.116767	0.134231	
2640	0.128515	0.126797	0.115711	0.133718	0.125770	0.133680	0.104227	0.141696	0.116472	0.133235	
2645	0.127363	0.125891	0.112855	0.131507	0.124703	0.133071	0.105529	0.138415	0.112241	0.131628	
2650	0.131710	0.127082	0.115323	0.130122	0.127145	0.134265	0.108390	0.134965	0.116167	0.127986	
2655	0.132433	0.126043	0.112491	0.131296	0.121905	0.130664	0.108496	0.134958	0.116103	0.130221	
2660	0.132354	0.125050	0.114021	0.132095	0.128080	0.131478	0.106130	0.133406	0.116831	0.127589	
2665	0.127845	0.121295	0.116207	0.131134	0.129533	0.134509	0.107188	0.134549	0.116448	0.125964	
2670	0.124571	0.120665	0.116170	0.134601	0.129428	0.135280	0.106930	0.133977	0.116735	0.124261	
2675	0.126581	0.117686	0.118792	0.136554	0.126851	0.132285	0.107935	0.131386	0.113568	0.124096	
2680	0.125868	0.119542	0.119929	0.137991	0.133534	0.130986	0.108174	0.129523	0.111197	0.124356	
2685	0.128983	0.119794	0.117878	0.137113	0.131872	0.133625	0.108015	0.127619	0.114006	0.127033	
2690	0.127388	0.121910	0.116987	0.138171	0.132612	0.134268	0.109070	0.128780	0.114507	0.130170	
2695	0.128708	0.122885	0.117577	0.135840	0.134454	0.132821	0.106152	0.132368	0.114912	0.127638	
2700	0.126062	0.121422	0.118790	0.133655	0.138199	0.134711	0.104829	0.128762	0.112189	0.129030	
2705	0.126433	0.118197	0.119906	0.133098	0.143216	0.134865	0.102752	0.129643	0.114682	0.126576	
2710	0.127420	0.120538	0.117199	0.133484	0.144265	0.133725	0.100144	0.131099	0.112193	0.122679	
2715	0.121873	0.121090	0.119001	0.128565	0.145229	0.132836	0.099270	0.132977	0.109798	0.123150	
2720	0.120357	0.119336	0.119162	0.123058	0.139737	0.132496	0.100405	0.130122	0.107725	0.124183	
2725	0.117374	0.119127	0.120190	0.123786	0.137722	0.135383	0.101539	0.133881	0.109672	0.123219	
2730	0.117163	0.119041	0.124840	0.121743	0.139234	0.139298	0.102161	0.130307	0.111185	0.124585	
2735	0.115220	0.119769	0.125739	0.124715	0.139606	0.139208	0.104102	0.130140	0.112047	0.123297	
2740	0.116222	0.116668	0.123696	0.125504	0.136544	0.139823	0.101783	0.129994	0.109868	0.117890	
2745	0.120160	0.120482	0.127951	0.125539	0.136961	0.137855	0.106779	0.129057	0.112922	0.117703	
2750	0.117418	0.120406	0.128838	0.123405	0.136950	0.135315	0.104302	0.130690	0.115759	0.118401	
2755	0.117662	0.122413	0.131198	0.126111	0.138126	0.136414	0.107617	0.133121	0.117375	0.117255	
2760	0.118795	0.120923	0.131663	0.121176	0.139561	0.137001	0.110433	0.133156	0.117409	0.118288	
2765	0.116439	0.118944	0.129417	0.122111	0.142035	0.137267	0.113918	0.132126	0.116838	0.118715	
2770	0.116503	0.121610	0.126546	0.119097	0.139797	0.133301	0.111302	0.132443	0.119264	0.118174	
2775	0.116649	0.119125	0.126950	0.119638	0.139686	0.129519	0.106349	0.132726	0.117057	0.115399	
2780	0.119062	0.119327	0.125790	0.117705	0.139527	0.127855	0.104438	0.134698	0.117684	0.114062	
2785	0.118874	0.120058	0.121580	0.119043	0.136099	0.125451	0.103090	0.129613	0.112524	0.112185	
2790	0.118567	0.119363	0.118009	0.119765	0.138039	0.119767	0.107919	0.128424	0.114988	0.111535	
2795	0.119679	0.118441	0.119384	0.121312	0.139332	0.121708	0.110743	0.129035	0.112928	0.112285	
2800	0.123462	0.118577	0.120563	0.121134	0.140223	0.121331	0.114456	0.127098	0.113691	0.114455	
2805	0.124335	0.118987	0.122862	0.122172	0.137988	0.120718	0.117054	0.125891	0.115420	0.112889	
2810	0.120186	0.119625	0.121735	0.119516	0.135701	0.114958	0.118943	0.123953	0.116020	0.114366	
2815	0.121720	0.115295	0.122535	0.118159	0.137479	0.115691	0.117855	0.125416	0.113682	0.114714	
2820	0.123715	0.114681	0.119987	0.118948	0.137785	0.119143	0.120776	0.128299	0.113301	0.116991	
2825	0.122051	0.113049	0.119372	0.116906	0.137842	0.118730	0.116621	0.125326	0.113591	0.115967	
2830	0.123336	0.117099	0.120166	0.117286	0.137137	0.117768	0.116708	0.122486	0.115078	0.113728	
2835	0.117568	0.115761	0.119715	0.118763	0.138317	0.116690	0.116747	0.121226	0.119332	0.116059	
2840	0.119313	0.119380	0.117746	0.116173	0.139924	0.116563	0.116153	0.122257	0.120490	0.114029	
2845	0.122632	0.119331	0.117377	0.117779	0.137594	0.117197	0.114997	0.120468	0.118524	0.117296	
2850	0.123420	0.121647	0.116346	0.117650	0.139153	0.122188	0.115637	0.120013	0.115134	0.120830	
2855	0.120550	0.120099	0.114927	0.114669	0.136509	0.122434	0.118464	0.117950	0.114530	0.120895	
2860	0.118471	0.122122	0.117971	0.117963	0.133381	0.121625	0.116797	0.121493	0.114708	0.119736	
2865	0.118840	0.125223	0.117513	0.123208	0.137670	0.121675	0.117702	0.122539	0.118391	0.123830	
2870	0.119538	0.126317	0.116185	0.123772	0.136578	0.117869	0.116535	0.124715	0.117140	0.122253	
2875	0.121655	0.126188	0.119255	0.125282	0.136909	0.120965	0.117518	0.122195	0.118343	0.125953	
2880	0.125036	0.126019	0.119565	0.122031	0.135615	0.121718	0.117561	0.119718	0.114481	0.125186	
2885	0.123362	0.124669	0.120397	0.121374	0.135317	0.122098	0.116220	0.118340	0.114329	0.125465	
2890	0.122293	0.122890	0.121963	0.123344	0.136006	0.124059	0.112935	0.117687	0.116494	0.125213	
2895	0.121049	0.126326	0.118870	0.123375	0.137653	0.123663	0.115277	0.116978	0.114657	0.125042	
2900	0.120203	0.126928	0.116669	0.125135	0.135336	0.122249	0.117205	0.112768	0.117895	0.129175	
2905	0.119386	0.126525	0.115479	0.126635	0.135588	0.120476	0.116159	0.113588	0.121918	0.125373	
2910	0.121982	0.128441	0.115679	0.125052	0.138157	0.116812	0.117216	0.111492	0.123552	0.124225	
2915	0.121289	0.127126	0.115574	0.128338	0.134867	0.117538	0.121646	0.112483	0.122191	0.129357	
2920	0.125133	0.124412	0.117316	0.128788	0.135387	0.117553	0.123814	0.112400	0.122903	0.131323	
2925	0.124652	0.124986	0.121000	0.128650	0.136775	0.117878	0.121741	0.112656	0.128251	0.132346	
2930	0.127432	0.127211	0.121005	0.128205	0.138340	0.116291	0.125474	0.113637	0.129963	0.130715	
2935	0.131148	0.128265	0.122081	0.128354	0.141120	0.118477	0.127263	0.117231	0.129862	0.129156	
2940	0.134482	0.126988	0.122586	0.127459	0.139437	0.118313	0.130291	0.120974	0.130541	0.128067	
2945	0.134512	0.127327	0.123178	0.127062	0.136781	0.120007	0.130488	0.119278	0.133405	0.124636	
2950	0.136489	0.125823	0.122034	0.131010	0.135847	0.119176	0.129980	0.118230	0.131039	0.124709	
2955	0.136545	0.127605	0.123244	0.131572	0.137109	0.120873	0.130549	0.112767	0.128165	0.126020	
2960	0.136637	0.126556	0.124554	0.131112	0.138057	0.122374	0.131060	0.111119	0.128005	0.125818	
2965	0.135694	0.124007	0.122060	0.129403	0.140583	0.119708	0.128232	0.111637	0.133189	0.126041	
2970	0.135234	0.123771	0.115761	0.131217	0.141318	0.119333	0.128409	0.113379	0.132606	0.125533	
2975	0.132742	0.122290	0.116873	0.133400	0.140306	0.117977	0.127296	0.110435	0.134970	0.125840	
2980	0.132454	0.123447	0.119150	0.132277	0.141693	0.121124	0.128132	0.109483	0.133560	0.126651	
2985	0.132030	0.122581	0.119421	0.130751	0.137268	0.118622	0.126902	0.108828	0.130607	0.129116	
2990	0.128219	0.120119	0.121595	0.129100	0.137584	0.121495	0.128566	0.111596	0.131440	0.130449	
2995	0.133138	0.121579	0.119599	0.132704	0.138594	0.119587	0.128341	0.112341	0.133379	0.132912	
3000	0.133613	0.123118	0.117389	0.133973	0.138906	0.118427	0.124981	0.112235	0.125674	0.132205	
