T	rep_1	rep_2	rep_3	rep_4	rep_5	rep_6	rep_7	rep_8	rep_9	rep_10
5	0.000000	0.000000	0.000000	0.000000	0.000000	0.000000	0.000000	0.000000	0.000000	0.000000	
10	0.000000	0.000000	0.000000	0.000000	0.000000	0.000000	0.000000	0.000000	0.000000	0.000000	
15	0.000000	0.000000	0.000000	0.000000	0.000000	0.000000	0.000000	0.000000	0.000000	0.000000	
20	0.000000	0.000000	0.000000	0.000000	0.000000	0.000000	0.000000	0.000000	0.000000	0.000000	
25	0.000000	0.000000	0.000000	0.000000	0.000000	0.000000	0.000000	0.000000	0.000000	0.000000	
30	0.000000	0.000000	0.000000	0.000000	0.000000	0.000000	0.000000	0.000000	0.000000	0.000000	
35	0.000000	0.000000	0.000000	0.000000	0.000000	0.000000	0.000000	0.000000	0.000000	0.000000	
40	0.000000	0.000000	0.000000	0.000000	0.000000	0.000000	0.000000	0.000000	0.000000	0.000000	
45	0.000000	0.000000	0.000000	0.000000	0.000000	0.000000	0.000000	0.000000	0.000000	0.000000	
50	0.000000	0.000000	0.000000	0.000000	0.000000	0.000000	0.000000	0.000000	0.000000	0.000000	
55	0.000000	0.000000	0.000000	0.000000	0.000000	0.000000	0.000000	0.000000	0.000000	0.000000	
60	0.000000	0.000000	0.000000	0.000000	0.000000	0.000000	0.000000	0.000000	0.000000	0.000000	
65	0.000000	0.000000	0.000000	0.000000	0.000000	0.000000	0.000000	0.000000	0.000000	0.000000	
70	0.000000	0.000000	0.000000	0.000000	0.000000	0.000000	0.000000	0.000000	0.000000	0.000000	
75	0.000000	0.000000	0.000000	0.000000	0.000000	0.000000	0.000000	0.000000	0.000000	0.000000	
80	0.000000	0.000000	0.000000	0.000000	0.000000	0.000000	0.000000	0.000000	0.000000	0.000000	
85	0.000000	0.000000	0.000000	0.000000	0.000000	0.000000	0.000000	0.000000	0.000000	0.000000	
90	0.000000	0.000000	0.000000	0.000000	0.000000	0.000000	0.000000	0.000000	0.000000	0.000000	
95	0.000000	0.000000	0.000000	0.000000	0.000000	0.000000	0.000000	0.000000	0.000000	0.000000	
100	0.000000	0.000000	0.000000	0.000000	0.000000	0.000000	0.000000	0.000000	0.000000	0.000000	
105	0.000000	0.000000	0.000000	0.000000	0.000000	0.000000	0.000000	0.000000	0.000000	0.000000	
110	0.000000	0.000000	0.000000	0.000000	0.000000	0.000000	0.000000	0.000000	0.000000	0.000000	
115	0.000000	0.000000	0.000000	0.000000	0.000000	0.000000	0.000000	0.000000	0.000000	0.000000	
120	0.000000	0.000000	0.000000	0.000000	0.000000	0.000000	0.000000	0.000000	0.000000	0.000000	
125	0.000000	0.000000	0.000000	0.000000	0.000000	0.000000	0.000000	0.000000	0.000000	0.000000	
130	0.000000	0.000000	0.000000	0.000000	0.000000	0.000000	0.000000	0.000000	0.000000	0.000000	
135	0.000000	0.000000	0.000000	0.000000	0.000000	0.000000	0.000000	0.000000	0.000000	0.000000	
140	0.000000	0.000000	0.000000	0.000000	0.000000	0.000000	0.000000	0.000000	0.000000	0.000000	
145	0.000000	0.000000	0.000000	0.000000	0.000000	0.000000	0.000000	0.000000	0.000000	0.000000	
150	0.000000	0.000000	0.000000	0.000000	0.000000	0.000000	0.000000	0.000000	0.000000	0.000000	
155	0.000000	0.000000	0.000000	0.000000	0.000000	0.000000	0.000000	0.000000	0.000000	0.000000	
160	0.000000	0.000000	0.000000	0.000000	0.000000	0.000000	0.000000	0.000000	0.000000	0.000000	
165	0.000000	0.000000	0.000000	0.000000	0.000000	0.000000	0.000000	0.000000	0.000000	0.000000	
170	0.000000	0.000000	0.000000	0.000000	0.000000	0.000000	0.000000	0.000000	0.000000	0.000000	
175	0.000000	0.000000	0.000000	0.000000	0.000000	0.000000	0.000000	0.000000	0.000000	0.000000	
180	0.000000	0.000000	0.000000	0.000000	0.000000	0.000000	0.000000	0.000000	0.000000	0.000000	
185	0.000000	0.000000	0.000000	0.000000	0.000000	0.000000	0.000000	0.000000	0.000000	0.000000	
190	0.000000	0.000000	0.000000	0.000000	0.000000	0.000000	0.000000	0.000000	0.000000	0.000000	
195	0.000000	0.000000	0.000000	0.000000	0.000000	0.000000	0.000000	0.000000	0.000000	0.000000	
200	0.000000	0.000000	0.000000	0.000000	0.000000	0.000000	0.000000	0.000000	0.000000	0.000000	
205	0.002091	0.002373	0.001719	0.002180	0.001906	0.002268	0.002251	0.001786	0.001694	0.001960	
210	0.007655	0.007743	0.007239	0.008109	0.006880	0.008449	0.007252	0.008833	0.007448	0.007297	
215	0.022473	0.017187	0.019940	0.020709	0.016060	0.027831	0.018659	0.030731	0.020419	0.020934	
220	0.051198	0.034425	0.048995	0.049357	0.038282	0.072596	0.052099	0.065580	0.055967	0.065101	
225	0.077063	0.057838	0.092130	0.146325	0.056517	0.118975	0.084627	0.087885	0.094742	0.129270	
230	0.084183	0.064106	0.111280	0.192810	0.073455	0.142150	0.089522	0.098697	0.117362	0.162884	
235	0.084540	0.063827	0.107192	0.198293	0.074870	0.151543	0.090071	0.097130	0.121720	0.161008	
240	0.090996	0.064556	0.101346	0.187903	0.078537	0.156117	0.087302	0.098875	0.122893	0.155345	
245	0.096627	0.064218	0.099204	0.168850	0.078314	0.157880	0.083021	0.098253	0.120961	0.147758	
250	0.103127	0.065926	0.098434	0.156237	0.076549	0.162865	0.082840	0.096339	0.119354	0.147662	
255	0.105059	0.068366	0.095481	0.147291	0.076043	0.166105	0.081774	0.097490	0.118481	0.144632	
260	0.107882	0.069629	0.092309	0.142006	0.075658	0.169720	0.083803	0.096124	0.118238	0.144730	
265	0.109659	0.070044	0.090568	0.137128	0.074118	0.172921	0.084778	0.094277	0.116912	0.142116	
270	0.110986	0.071204	0.089809	0.134221	0.073696	0.172150	0.085771	0.093919	0.114583	0.142696	
275	0.111439	0.073043	0.088357	0.130253	0.073534	0.169107	0.084543	0.094795	0.113421	0.141973	
280	0.111520	0.072798	0.086105	0.126410	0.073743	0.169647	0.084978	0.095813	0.111227	0.143531	
285	0.110342	0.073374	0.085354	0.117220	0.074897	0.171277	0.083890	0.099767	0.110683	0.145812	
290	0.109402	0.074705	0.085439	0.114024	0.074910	0.172517	0.083377	0.103833	0.109354	0.146332	
295	0.110138	0.074293	0.085365	0.111364	0.074812	0.169395	0.083485	0.104646	0.107600	0.147608	
300	0.110973	0.073490	0.083665	0.107289	0.074281	0.169577	0.083438	0.104407	0.106379	0.146212	
305	0.112120	0.073846	0.083302	0.102851	0.074942	0.166520	0.084198	0.105073	0.105449	0.145790	
310	0.112001	0.073657	0.083169	0.099100	0.075907	0.162658	0.084457	0.106995	0.103340	0.144219	
315	0.111771	0.073936	0.084007	0.096789	0.076066	0.156271	0.084412	0.108645	0.101482	0.140827	
320	0.112052	0.074250	0.084880	0.093310	0.075783	0.153279	0.084021	0.110643	0.102134	0.136957	
325	0.111181	0.076155	0.085551	0.091152	0.077010	0.149655	0.084734	0.110310	0.099402	0.136139	
330	0.110794	0.076517	0.084696	0.091245	0.077124	0.143001	0.084112	0.109707	0.101370	0.131915	
335	0.109608	0.076777	0.084305	0.090457	0.077373	0.135094	0.085189	0.114146	0.100483	0.129275	
340	0.109451	0.076988	0.084644	0.091483	0.078201	0.132642	0.086456	0.114335	0.099382	0.125902	
345	0.108559	0.077494	0.083637	0.091864	0.079241	0.126138	0.087595	0.114175	0.097645	0.126311	
350	0.109194	0.078015	0.082832	0.090252	0.078829	0.122532	0.087564	0.111758	0.097795	0.125788	
355	0.107687	0.080858	0.082403	0.090660	0.077453	0.118942	0.088914	0.107290	0.095417	0.121232	
360	0.108097	0.080339	0.081926	0.090582	0.077791	0.115236	0.087879	0.106257	0.094607	0.117267	
365	0.106462	0.080931	0.082993	0.088674	0.079149	0.109709	0.089254	0.105364	0.091745	0.117044	
370	0.107605	0.079058	0.084035	0.087377	0.078900	0.107761	0.090651	0.102678	0.090347	0.112323	
375	0.106881	0.080653	0.083942	0.086296	0.078821	0.102098	0.089082	0.103481	0.089705	0.111102	
380	0.105511	0.081338	0.083109	0.086912	0.078840	0.099614	0.087351	0.100873	0.089912	0.108888	
385	0.104791	0.081945	0.083434	0.086101	0.078874	0.098289	0.087174	0.099343	0.090667	0.108085	
390	0.103883	0.081932	0.081109	0.087660	0.079559	0.094429	0.087364	0.095590	0.088486	0.104983	
395	0.103621	0.080063	0.081138	0.088121	0.079724	0.093661	0.086381	0.094099	0.087947	0.103207	
400	0.104158	0.080233	0.080297	0.087749	0.080205	0.093199	0.087284	0.090091	0.089129	0.103110	
405	0.103758	0.079624	0.079762	0.085878	0.080640	0.092544	0.087306	0.087147	0.088280	0.098514	
410	0.101286	0.079997	0.079940	0.086842	0.080008	0.090658	0.085983	0.085220	0.087423	0.098155	
415	0.100862	0.082342	0.079512	0.087946	0.081809	0.090179	0.084202	0.085494	0.086850	0.097433	
420	0.101949	0.085350	0.080019	0.086313	0.081257	0.086277	0.084530	0.086134	0.084239	0.094265	
425	0.102241	0.085166	0.080207	0.085001	0.080884	0.084868	0.084413	0.085844	0.084109	0.092519	
430	0.098845	0.082194	0.079509	0.085770	0.080575	0.084211	0.084505	0.083487	0.083203	0.093620	
435	0.095966	0.083031	0.080033	0.085778	0.079357	0.082783	0.082715	0.081925	0.081872	0.092607	
440	0.093702	0.084179	0.080447	0.084991	0.077888	0.079759	0.082148	0.082093	0.082566	0.092402	
445	0.093324	0.084731	0.078434	0.085205	0.076992	0.078946	0.081930	0.078248	0.082570	0.091553	
450	0.093004	0.084822	0.077657	0.084585	0.077399	0.080238	0.082912	0.077897	0.080490	0.091187	
455	0.093712	0.084688	0.079109	0.082525	0.077170	0.079913	0.083038	0.074734	0.081815	0.090984	
460	0.092614	0.083423	0.078278	0.082242	0.079218	0.077753	0.082575	0.073560	0.082053	0.092350	
465	0.092396	0.085137	0.077674	0.081462	0.077811	0.077418	0.083399	0.072935	0.080708	0.090002	
470	0.092146	0.085307	0.078376	0.082094	0.078212	0.077091	0.083066	0.073317	0.081203	0.091379	
475	0.089952	0.085111	0.076835	0.082207	0.078818	0.077178	0.082612	0.072316	0.080422	0.092408	
480	0.090146	0.084574	0.078334	0.079642	0.078471	0.076673	0.083641	0.073573	0.078241	0.090034	
485	0.089103	0.082335	0.078766	0.081142	0.078499	0.076320	0.083583	0.074041	0.076398	0.089007	
490	0.089751	0.081409	0.077933	0.081668	0.077164	0.076687	0.082596	0.073569	0.074721	0.087584	
495	0.088753	0.081287	0.077816	0.082268	0.077392	0.077071	0.083605	0.074143	0.075685	0.085355	
500	0.089840	0.079418	0.077214	0.080381	0.078074	0.076947	0.082282	0.074494	0.075937	0.083899	
505	0.089391	0.078645	0.077540	0.079598	0.076927	0.079041	0.081059	0.075136	0.076637	0.084396	
510	0.089234	0.078985	0.078345	0.080117	0.076366	0.078555	0.080147	0.076058	0.074176	0.084036	
515	0.088777	0.080206	0.077831	0.079474	0.075017	0.078081	0.080568	0.075924	0.076507	0.083585	
520	0.088913	0.081257	0.078375	0.080196	0.075767	0.076008	0.081095	0.075819	0.077381	0.082203	
525	0.088444	0.083037	0.078571	0.080194	0.076640	0.075775	0.082128	0.075004	0.078306	0.080232	
530	0.088504	0.082022	0.077849	0.080383	0.077043	0.075261	0.083536	0.075347	0.078323	0.080665	
535	0.088344	0.081434	0.077463	0.079436	0.077312	0.074290	0.082421	0.075745	0.079651	0.080578	
540	0.085512	0.082203	0.078636	0.081021	0.076643	0.074624	0.082421	0.076507	0.078301	0.079365	
545	0.085328	0.082623	0.079292	0.082334	0.077974	0.076304	0.080677	0.076908	0.078768	0.079124	
550	0.083593	0.081595	0.080006	0.084253	0.078210	0.077272	0.079050	0.075813	0.077158	0.079878	
555	0.082664	0.081354	0.079656	0.085651	0.077741	0.077678	0.079650	0.076310	0.078654	0.080163	
560	0.082997	0.082045	0.080984	0.086576	0.078354	0.076293	0.081296	0.075999	0.076214	0.080650	
565	0.082067	0.082459	0.078963	0.087077	0.078170	0.075432	0.083048	0.075710	0.075960	0.081177	
570	0.081068	0.080978	0.080388	0.088538	0.077271	0.074089	0.082330	0.077034	0.074666	0.081254	
575	0.080957	0.079640	0.082610	0.088015	0.077766	0.075091	0.082810	0.078030	0.075436	0.080358	
580	0.080094	0.079486	0.081771	0.088310	0.078622	0.075888	0.081458	0.078823	0.076603	0.081610	
585	0.081118	0.079184	0.081693	0.087780	0.078843	0.074652	0.080965	0.078194	0.076517	0.080774	
590	0.079910	0.077780	0.081675	0.088184	0.078425	0.076488	0.080218	0.079890	0.075513	0.083224	
595	0.079404	0.078641	0.080744	0.088280	0.078804	0.075161	0.079556	0.077813	0.077382	0.083253	
600	0.078171	0.080062	0.078074	0.087892	0.077558	0.075100	0.078220	0.076659	0.076770	0.082925	
605	0.076541	0.078165	0.079174	0.087608	0.076827	0.075156	0.078599	0.075387	0.077193	0.081628	
610	0.077197	0.077857	0.079464	0.088071	0.076702	0.076233	0.078782	0.076330	0.079310	0.080922	
615	0.077023	0.078769	0.078911	0.087566	0.077900	0.076715	0.079303	0.075691	0.079047	0.081979	
620	0.075385	0.080309	0.076995	0.087334	0.078904	0.077947	0.079461	0.077048	0.077947	0.079240	
625	0.076242	0.078692	0.077017	0.088415	0.081076	0.076325	0.079098	0.076722	0.079375	0.080268	
630	0.076456	0.079350	0.077650	0.087699	0.081455	0.075262	0.079998	0.078316	0.077952	0.081666	
635	0.074282	0.078945	0.079197	0.086414	0.081486	0.075303	0.078869	0.076854	0.076044	0.080609	
640	0.074936	0.078574	0.079179	0.086251	0.082029	0.073418	0.077852	0.077347	0.075717	0.080038	
645	0.076357	0.079357	0.077745	0.083988	0.080115	0.073451	0.076609	0.079863	0.077604	0.080012	
650	0.075277	0.077952	0.078792	0.082040	0.081265	0.072876	0.076586	0.080037	0.077305	0.079857	
655	0.076379	0.078284	0.078259	0.083044	0.081587	0.072605	0.077355	0.080119	0.076852	0.079725	
660	0.076056	0.077739	0.080395	0.083551	0.081514	0.072453	0.079179	0.079553	0.076260	0.078794	
665	0.075939	0.078339	0.079579	0.085532	0.082501	0.073105	0.080160	0.077967	0.076640	0.080248	
670	0.077282	0.076497	0.080052	0.084918	0.079898	0.073303	0.078990	0.078125	0.076139	0.080834	
675	0.077126	0.075858	0.079439	0.084183	0.078998	0.073574	0.079423	0.079234	0.077382	0.080624	
680	0.076759	0.077540	0.080210	0.085880	0.078239	0.074344	0.080470	0.080543	0.077003	0.080151	
685	0.076836	0.078788	0.079178	0.086284	0.078641	0.075311	0.080629	0.081045	0.077493	0.080378	
690	0.077672	0.079734	0.078661	0.082117	0.077061	0.075151	0.080154	0.081141	0.075969	0.079079	
695	0.076351	0.080487	0.078916	0.081515	0.074136	0.074454	0.079559	0.081249	0.075305	0.080184	
700	0.076074	0.080085	0.080010	0.081680	0.074558	0.073658	0.077467	0.082052	0.075782	0.079229	
705	0.076753	0.081694	0.079513	0.081212	0.072784	0.072709	0.078484	0.082840	0.076852	0.079354	
710	0.076583	0.080322	0.079925	0.081016	0.073306	0.072852	0.078697	0.083217	0.076505	0.080153	
715	0.077565	0.081891	0.079638	0.082317	0.072657	0.071665	0.080316	0.082527	0.077620	0.080256	
720	0.077991	0.081474	0.080513	0.083036	0.072110	0.070864	0.081521	0.082323	0.078041	0.078373	
725	0.079427	0.080043	0.080884	0.080928	0.070740	0.071098	0.082155	0.082431	0.077732	0.077108	
730	0.079287	0.079052	0.079857	0.080158	0.070921	0.070872	0.081420	0.082801	0.076557	0.077145	
735	0.079495	0.080913	0.079073	0.082408	0.070978	0.073310	0.083305	0.083309	0.076271	0.077448	
740	0.080624	0.081076	0.079598	0.080889	0.072247	0.071566	0.083264	0.083198	0.075259	0.076975	
745	0.080984	0.080677	0.081748	0.081187	0.073510	0.071207	0.084678	0.083631	0.075045	0.077344	
750	0.081103	0.082046	0.081704	0.081440	0.073216	0.072226	0.083311	0.080722	0.076238	0.077148	
755	0.080435	0.082042	0.082108	0.081705	0.072481	0.073061	0.082105	0.080517	0.075937	0.075743	
760	0.080144	0.081029	0.081166	0.082048	0.072044	0.072515	0.083544	0.082279	0.077523	0.076955	
765	0.077895	0.083034	0.079888	0.080927	0.073824	0.071895	0.082058	0.082390	0.077931	0.076522	
770	0.077373	0.082922	0.078649	0.080771	0.072733	0.072878	0.082844	0.081014	0.077750	0.075213	
775	0.076465	0.083100	0.079781	0.079506	0.073905	0.073241	0.080698	0.080295	0.076329	0.075334	
780	0.076319	0.081809	0.080313	0.079470	0.073935	0.072920	0.079265	0.079883	0.076408	0.075817	
785	0.077605	0.081832	0.078803	0.078245	0.073909	0.072075	0.078946	0.080538	0.077112	0.074502	
790	0.078047	0.081696	0.076910	0.078130	0.073703	0.071654	0.078427	0.080006	0.075528	0.075459	
795	0.080205	0.083242	0.078642	0.075570	0.074012	0.071678	0.079841	0.079207	0.075906	0.076207	
800	0.079586	0.082586	0.079141	0.073602	0.074906	0.070852	0.079091	0.079345	0.074369	0.077351	
805	0.077743	0.080571	0.078107	0.074830	0.075160	0.070719	0.078478	0.076089	0.073490	0.074288	
810	0.077492	0.081584	0.076943	0.075824	0.073040	0.070719	0.079606	0.076154	0.074128	0.074135	
815	0.079099	0.081610	0.075802	0.075552	0.072452	0.070466	0.078544	0.078133	0.074383	0.075342	
820	0.080317	0.080731	0.076819	0.076563	0.073358	0.071388	0.078556	0.076981	0.073714	0.076641	
825	0.081861	0.080991	0.076031	0.077203	0.072713	0.071471	0.078922	0.077533	0.075211	0.076100	
830	0.083898	0.079499	0.076711	0.077227	0.074078	0.071681	0.079091	0.077438	0.074255	0.074635	
835	0.083587	0.080038	0.075911	0.075948	0.073441	0.072466	0.078264	0.077187	0.073551	0.076060	
840	0.082068	0.082900	0.076746	0.077046	0.073612	0.072756	0.075597	0.074823	0.073297	0.075917	
845	0.080971	0.083755	0.078331	0.078815	0.073378	0.073451	0.074588	0.075120	0.073860	0.075562	
850	0.081499	0.081607	0.078623	0.080306	0.073337	0.072669	0.076176	0.076408	0.074472	0.076801	
855	0.080605	0.080911	0.079697	0.080335	0.073556	0.070873	0.076327	0.077359	0.073734	0.076900	
860	0.080182	0.080071	0.081040	0.079009	0.074414	0.070748	0.076850	0.077675	0.074038	0.075272	
865	0.080854	0.080655	0.082354	0.079626	0.074577	0.071488	0.075592	0.076812	0.072370	0.074462	
870	0.080714	0.081927	0.084449	0.079415	0.074477	0.074223	0.076408	0.075374	0.074578	0.076496	
875	0.081114	0.081352	0.083362	0.080926	0.073886	0.073162	0.077534	0.075502	0.075190	0.077820	
880	0.080566	0.081269	0.082998	0.078200	0.073146	0.072512	0.078743	0.076502	0.075376	0.077414	
885	0.078219	0.080488	0.082003	0.077456	0.072301	0.072206	0.077845	0.077593	0.076595	0.080460	
890	0.079133	0.080342	0.083292	0.077479	0.073242	0.071349	0.076942	0.077840	0.077224	0.080154	
895	0.079083	0.080015	0.084099	0.077326	0.074491	0.070716	0.076829	0.077732	0.077465	0.080063	
900	0.078232	0.078344	0.082579	0.077886	0.074064	0.070124	0.075379	0.076782	0.079375	0.081992	
905	0.079218	0.078495	0.082595	0.077999	0.074091	0.071092	0.076305	0.076769	0.079482	0.081466	
910	0.078356	0.077582	0.082814	0.080079	0.075389	0.071535	0.077470	0.079529	0.079487	0.082127	
915	0.077385	0.077208	0.081543	0.080682	0.076398	0.070789	0.077420	0.079511	0.081035	0.081323	
920	0.076263	0.076634	0.080581	0.080651	0.076638	0.073075	0.077663	0.077946	0.080744	0.080971	
925	0.076423	0.075893	0.080470	0.079762	0.077373	0.074423	0.077915	0.077551	0.080204	0.082287	
930	0.076087	0.077150	0.081835	0.079827	0.075340	0.075329	0.077405	0.076504	0.080070	0.080123	
935	0.075805	0.075946	0.081626	0.079908	0.075114	0.074838	0.076714	0.079161	0.080295	0.079324	
940	0.075000	0.076718	0.079512	0.079998	0.074473	0.076558	0.076695	0.078056	0.079705	0.078320	
945	0.076150	0.075278	0.077812	0.079019	0.075386	0.077674	0.077504	0.077525	0.079624	0.080554	
950	0.075851	0.075594	0.078298	0.078953	0.073968	0.077770	0.076898	0.077596	0.076817	0.078608	
955	0.074807	0.074444	0.079861	0.078797	0.074078	0.076871	0.074404	0.077615	0.079613	0.076684	
960	0.074145	0.074668	0.080231	0.078926	0.073774	0.077763	0.074308	0.078690	0.081715	0.077751	
965	0.075025	0.075010	0.079819	0.078122	0.072741	0.077225	0.075035	0.080041	0.081283	0.078558	
970	0.075204	0.074491	0.080041	0.077110	0.073763	0.075883	0.074559	0.079042	0.079366	0.078689	
975	0.075937	0.074797	0.080901	0.076457	0.075241	0.075937	0.074905	0.077628	0.080521	0.077512	
980	0.077024	0.076392	0.082239	0.075490	0.073782	0.075782	0.074227	0.077637	0.080557	0.078313	
985	0.078391	0.076577	0.081732	0.075439	0.073829	0.077046	0.075292	0.076775	0.078776	0.076763	
990	0.078925	0.075761	0.081705	0.073508	0.075016	0.076321	0.075241	0.075659	0.079662	0.077416	
995	0.077642	0.076388	0.080115	0.072859	0.075227	0.075140	0.073747	0.074622	0.079871	0.076509	
1000	0.077686	0.076437	0.081860	0.072173	0.074518	0.075562	0.073967	0.074472	0.080667	0.078128	
1005	0.077270	0.075768	0.081174	0.072753	0.076303	0.076305	0.072337	0.075670	0.079446	0.080094	
1010	0.078963	0.074352	0.081612	0.072161	0.077607	0.077344	0.073858	0.075110	0.079254	0.080081	
1015	0.078766	0.073381	0.082129	0.071982	0.078111	0.077081	0.073980	0.074456	0.079345	0.080957	
1020	0.078783	0.074098	0.081010	0.073244	0.078768	0.076432	0.074796	0.074186	0.078541	0.079263	
1025	0.076082	0.076327	0.080964	0.072407	0.078085	0.075589	0.074754	0.074311	0.078685	0.078226	
1030	0.074578	0.076147	0.082305	0.072689	0.077183	0.073329	0.074302	0.073881	0.078441	0.079349	
1035	0.076336	0.075877	0.082810	0.073487	0.075922	0.073456	0.074234	0.075685	0.078312	0.079717	
1040	0.076026	0.076823	0.082095	0.073608	0.075994	0.074368	0.074018	0.075910	0.079885	0.080516	
1045	0.075871	0.077305	0.080512	0.073812	0.077124	0.074979	0.074115	0.074728	0.080226	0.080455	
1050	0.077502	0.075974	0.082095	0.073043	0.078473	0.076094	0.073626	0.074014	0.082592	0.083327	
1055	0.076024	0.076394	0.081708	0.072981	0.079832	0.074309	0.073753	0.075119	0.082120	0.083199	
1060	0.074708	0.076445	0.084058	0.074439	0.080633	0.073437	0.074604	0.075819	0.079998	0.080851	
1065	0.075371	0.077515	0.084666	0.076911	0.080291	0.071836	0.073038	0.077088	0.080192	0.081005	
1070	0.075065	0.078900	0.086235	0.075859	0.079035	0.071650	0.073132	0.075661	0.078490	0.081388	
1075	0.074439	0.079612	0.085587	0.076373	0.079798	0.072318	0.073744	0.075987	0.076869	0.080875	
1080	0.074927	0.080525	0.084209	0.073926	0.080153	0.073207	0.074387	0.075951	0.077599	0.080725	
1085	0.075339	0.081017	0.082818	0.073821	0.079733	0.073891	0.073873	0.075401	0.078227	0.081943	
1090	0.074778	0.078872	0.083321	0.074630	0.079666	0.073712	0.074386	0.076606	0.079027	0.080987	
1095	0.074812	0.078991	0.081117	0.073571	0.081086	0.075433	0.075393	0.077134	0.078704	0.080223	
1100	0.073837	0.077711	0.082132	0.073506	0.081805	0.074215	0.075277	0.079651	0.078193	0.078987	
1105	0.076426	0.077373	0.082024	0.072884	0.080881	0.071607	0.072230	0.079912	0.079267	0.079206	
1110	0.075359	0.076834	0.080655	0.071818	0.081156	0.071852	0.073209	0.079060	0.079766	0.080888	
1115	0.074762	0.074395	0.079749	0.071199	0.080687	0.073097	0.073450	0.080436	0.077657	0.079315	
1120	0.074983	0.076518	0.078646	0.072414	0.080352	0.075083	0.073933	0.077450	0.078815	0.081643	
1125	0.077035	0.075471	0.078920	0.071541	0.079446	0.075433	0.073998	0.077905	0.077967	0.080695	
1130	0.075484	0.076151	0.078354	0.072683	0.078618	0.077851	0.076490	0.078511	0.077509	0.081236	
1135	0.075443	0.074637	0.078289	0.073844	0.077120	0.078927	0.075184	0.078237	0.077658	0.081264	
1140	0.078034	0.074414	0.077214	0.073401	0.077552	0.076705	0.074731	0.077379	0.078409	0.080743	
1145	0.078943	0.075179	0.078164	0.075368	0.078905	0.075855	0.075868	0.077748	0.078897	0.079815	
1150	0.076799	0.074794	0.077115	0.076174	0.079141	0.072817	0.075823	0.077556	0.078887	0.079647	
1155	0.076133	0.075476	0.077313	0.075113	0.076750	0.072744	0.075607	0.077913	0.079132	0.079740	
1160	0.078189	0.076318	0.078671	0.074090	0.077038	0.070630	0.074287	0.078250	0.079325	0.081782	
1165	0.080301	0.075815	0.078071	0.074145	0.076125	0.072248	0.073487	0.078242	0.078793	0.081689	
1170	0.079807	0.074863	0.077735	0.073390	0.076549	0.073885	0.072373	0.077313	0.078472	0.081716	
1175	0.078675	0.074243	0.078579	0.073274	0.076374	0.073658	0.073498	0.078749	0.079969	0.081264	
1180	0.079106	0.074268	0.077866	0.071336	0.077111	0.073645	0.076501	0.078326	0.080613	0.081040	
1185	0.079227	0.074590	0.079179	0.070591	0.075395	0.074538	0.078036	0.078168	0.081710	0.079555	
1190	0.078369	0.073835	0.081458	0.070819	0.074714	0.072034	0.077547	0.077642	0.079232	0.079381	
1195	0.078504	0.075230	0.083515	0.071426	0.075858	0.073345	0.077646	0.078154	0.078299	0.078188	
1200	0.078944	0.075905	0.081863	0.071334	0.075818	0.073415	0.076946	0.078305	0.077633	0.078573	
1205	0.077415	0.075374	0.080965	0.071178	0.076472	0.071183	0.076795	0.077536	0.078222	0.079722	
1210	0.078061	0.075609	0.081136	0.070672	0.076398	0.069915	0.076445	0.077766	0.078371	0.079959	
1215	0.076238	0.074963	0.080314	0.070528	0.076330	0.069161	0.077229	0.076876	0.076525	0.079937	
1220	0.074609	0.073342	0.079977	0.069261	0.075451	0.071270	0.076056	0.076395	0.076119	0.083050	
1225	0.075488	0.072590	0.083816	0.071868	0.074557	0.070204	0.075233	0.075222	0.077234	0.083257	
1230	0.075152	0.073709	0.083655	0.070844	0.073767	0.070897	0.074977	0.075768	0.078617	0.083313	
1235	0.074259	0.073601	0.085426	0.070444	0.071968	0.071230	0.073946	0.074955	0.078210	0.083081	
1240	0.075979	0.074525	0.083571	0.071124	0.071796	0.070513	0.073787	0.076002	0.077313	0.082137	
1245	0.075515	0.073920	0.084809	0.071408	0.072930	0.073228	0.073456	0.075761	0.076010	0.081304	
1250	0.075312	0.073463	0.085288	0.071533	0.074541	0.073483	0.072275	0.076084	0.076162	0.080077	
1255	0.075889	0.073952	0.083509	0.072325	0.074993	0.075846	0.071436	0.075416	0.075477	0.081340	
1260	0.074584	0.074858	0.084164	0.071442	0.074308	0.075254	0.071501	0.076440	0.075780	0.082982	
1265	0.075967	0.076387	0.084530	0.070927	0.073624	0.077010	0.072632	0.078402	0.075480	0.082040	
1270	0.076115	0.076235	0.085101	0.071306	0.073155	0.076329	0.069385	0.078998	0.075495	0.081432	
1275	0.075472	0.076073	0.084759	0.071634	0.073015	0.078765	0.069504	0.077689	0.075012	0.082224	
1280	0.075567	0.075700	0.085220	0.072977	0.073385	0.078912	0.069092	0.077664	0.074852	0.081182	
1285	0.076171	0.078149	0.084130	0.072309	0.074180	0.077224	0.069248	0.078655	0.073587	0.080231	
1290	0.076210	0.078032	0.083426	0.072636	0.074600	0.077398	0.068931	0.079472	0.074147	0.081513	
1295	0.076674	0.077358	0.083697	0.071220	0.073185	0.076048	0.070797	0.079734	0.075517	0.080283	
1300	0.075430	0.077691	0.083330	0.071371	0.071841	0.075070	0.073420	0.079534	0.075283	0.079705	
1305	0.076176	0.078264	0.082099	0.069849	0.071594	0.074437	0.074340	0.077866	0.076548	0.079327	
1310	0.075870	0.078250	0.081714	0.069806	0.071147	0.075513	0.074717	0.077378	0.075774	0.079603	
1315	0.075879	0.078464	0.081640	0.069839	0.070843	0.075353	0.075058	0.077261	0.075151	0.078936	
1320	0.075714	0.078108	0.081338	0.070002	0.070135	0.076569	0.075865	0.077825	0.074426	0.078857	
1325	0.075831	0.077954	0.083178	0.071047	0.070792	0.076668	0.075271	0.077245	0.074387	0.079777	
1330	0.076628	0.079784	0.084467	0.073510	0.071420	0.076826	0.074524	0.075271	0.074282	0.078976	
1335	0.077462	0.079990	0.084594	0.074372	0.071712	0.076982	0.074833	0.075584	0.072880	0.078433	
1340	0.077815	0.080073	0.083665	0.074822	0.072186	0.075387	0.074147	0.076309	0.071793	0.079874	
1345	0.078518	0.082474	0.082749	0.073646	0.072512	0.074507	0.074558	0.075944	0.072894	0.079108	
1350	0.078398	0.082760	0.081932	0.073730	0.070923	0.074526	0.074185	0.076172	0.071850	0.078633	
1355	0.079388	0.083557	0.081531	0.073767	0.072069	0.073228	0.073133	0.075751	0.070910	0.078700	
1360	0.077826	0.084472	0.081985	0.072847	0.071156	0.074905	0.075041	0.075861	0.070894	0.076226	
1365	0.077850	0.083916	0.080911	0.071805	0.070051	0.076287	0.074648	0.076713	0.070304	0.077636	
1370	0.076104	0.083145	0.079229	0.071841	0.071161	0.075361	0.075164	0.079020	0.070981	0.079284	
1375	0.074875	0.083736	0.078809	0.073464	0.070227	0.076371	0.076255	0.079588	0.069936	0.078818	
1380	0.075387	0.085362	0.082085	0.074453	0.071346	0.076530	0.076722	0.079135	0.070824	0.081185	
1385	0.075309	0.085869	0.084179	0.072913	0.073312	0.076397	0.076536	0.080772	0.070620	0.080499	
1390	0.075848	0.087103	0.083608	0.073199	0.075511	0.078528	0.075867	0.081554	0.070396	0.079689	
1395	0.075721	0.087028	0.084335	0.072827	0.073945	0.077664	0.077004	0.083317	0.071279	0.078401	
1400	0.075317	0.086782	0.086633	0.072448	0.072608	0.077318	0.077157	0.083778	0.071850	0.079409	
1405	0.076622	0.085365	0.084569	0.071815	0.073025	0.076735	0.076768	0.082949	0.071988	0.079390	
1410	0.078249	0.085116	0.085119	0.072460	0.074964	0.076753	0.077807	0.081381	0.070974	0.077493	
1415	0.080086	0.084281	0.083997	0.073616	0.075057	0.076244	0.077848	0.082181	0.070750	0.076457	
1420	0.080652	0.084203	0.082899	0.073403	0.074386	0.074180	0.077062	0.081471	0.070291	0.076517	
1425	0.080755	0.083958	0.084597	0.073832	0.074997	0.074908	0.077716	0.081140	0.070844	0.078661	
1430	0.081987	0.084134	0.085661	0.074174	0.075411	0.075511	0.077923	0.081924	0.070457	0.078188	
1435	0.080243	0.083719	0.085350	0.075588	0.074092	0.075113	0.078370	0.081000	0.068430	0.076897	
1440	0.080613	0.083787	0.084445	0.075928	0.073889	0.075860	0.077179	0.079827	0.068380	0.075982	
1445	0.082062	0.082208	0.083438	0.075219	0.073692	0.074494	0.075777	0.078876	0.068589	0.075755	
1450	0.082337	0.083644	0.083687	0.075416	0.074264	0.075005	0.075747	0.079708	0.070155	0.076953	
1455	0.082748	0.083352	0.083137	0.075122	0.074929	0.075553	0.076493	0.082365	0.069794	0.079557	
1460	0.083630	0.082652	0.083360	0.075359	0.075244	0.073881	0.075652	0.083681	0.070667	0.079756	
1465	0.082534	0.080968	0.084679	0.074335	0.075508	0.072878	0.074461	0.082312	0.070921	0.080145	
1470	0.081404	0.083393	0.085596	0.074128	0.076153	0.072625	0.074580	0.082201	0.069316	0.081467	
1475	0.079683	0.083518	0.085626	0.073927	0.077660	0.072499	0.073521	0.081163	0.070960	0.082476	
1480	0.080145	0.081002	0.086245	0.074732	0.077683	0.072486	0.075108	0.080882	0.070353	0.081730	
1485	0.080749	0.079838	0.085040	0.074948	0.076778	0.073511	0.075474	0.081097	0.070366	0.080083	
1490	0.080512	0.080324	0.083737	0.073828	0.076702	0.074336	0.075632	0.081554	0.070030	0.079244	
1495	0.079692	0.078731	0.083898	0.074342	0.078299	0.074778	0.075868	0.081436	0.069697	0.081647	
1500	0.079935	0.079359	0.083750	0.073772	0.076818	0.074858	0.076322	0.082887	0.070915	0.080883	
1505	0.079691	0.080228	0.083435	0.075278	0.076913	0.072563	0.075731	0.082881	0.069865	0.083345	
1510	0.080706	0.079109	0.082631	0.074480	0.078071	0.073439	0.074826	0.082056	0.071028	0.081647	
1515	0.081369	0.080318	0.082301	0.075796	0.076646	0.073487	0.075132	0.082092	0.069952	0.080607	
1520	0.080964	0.080729	0.079961	0.075632	0.075975	0.075462	0.075934	0.080532	0.070169	0.080261	
1525	0.080665	0.080816	0.080932	0.075583	0.076421	0.076728	0.074026	0.080870	0.069712	0.081099	
1530	0.079085	0.080848	0.081408	0.074383	0.077763	0.077386	0.073952	0.078665	0.070589	0.082133	
1535	0.078726	0.080194	0.082209	0.074975	0.076328	0.077506	0.074532	0.080251	0.071038	0.082927	
1540	0.078457	0.080034	0.080567	0.074857	0.074858	0.077243	0.075275	0.080619	0.071121	0.082601	
1545	0.078749	0.080070	0.081592	0.074336	0.076196	0.077826	0.075855	0.081677	0.074548	0.083001	
1550	0.079145	0.079494	0.082929	0.074616	0.076732	0.078869	0.076655	0.080522	0.076662	0.083993	
1555	0.078592	0.080042	0.082381	0.073848	0.076418	0.080868	0.077747	0.079454	0.074972	0.083837	
1560	0.078243	0.081651	0.081790	0.074299	0.076082	0.080864	0.075826	0.080186	0.072883	0.084305	
1565	0.077559	0.079940	0.081411	0.074835	0.076414	0.083494	0.075830	0.078923	0.073790	0.084032	
1570	0.078908	0.079554	0.081016	0.075239	0.075887	0.083312	0.075967	0.077977	0.074703	0.083007	
1575	0.078870	0.081616	0.079981	0.075046	0.076894	0.083489	0.076763	0.075021	0.074815	0.084284	
1580	0.078575	0.082822	0.076248	0.076130	0.077124	0.084107	0.076884	0.074518	0.074301	0.084327	
1585	0.078368	0.083605	0.077000	0.077207	0.077542	0.084196	0.076143	0.075479	0.074964	0.083644	
1590	0.076894	0.082263	0.077878	0.077561	0.077900	0.083638	0.079075	0.076602	0.074001	0.084297	
1595	0.078372	0.083442	0.079051	0.078203	0.079816	0.083383	0.078817	0.075937	0.073250	0.080763	
1600	0.078625	0.080938	0.078341	0.076141	0.079767	0.083973	0.076248	0.076109	0.072402	0.080264	
1605	0.080652	0.081579	0.077765	0.075034	0.079842	0.083218	0.075657	0.074673	0.072344	0.080913	
1610	0.081255	0.081303	0.078499	0.075973	0.080283	0.083178	0.075523	0.075316	0.074197	0.079623	
1615	0.083002	0.080951	0.078727	0.075429	0.079389	0.083210	0.075043	0.075141	0.074618	0.078487	
1620	0.083130	0.082144	0.079522	0.074568	0.079870	0.082795	0.074155	0.073455	0.077015	0.079856	
1625	0.083035	0.083835	0.079550	0.073552	0.079833	0.082748	0.073264	0.074105	0.076605	0.080752	
1630	0.081111	0.085630	0.080671	0.073421	0.080097	0.083701	0.075303	0.073092	0.076676	0.079560	
1635	0.082478	0.085298	0.081656	0.075630	0.079656	0.082716	0.076605	0.073224	0.076829	0.078743	
1640	0.081543	0.085072	0.082567	0.076391	0.080085	0.079677	0.076473	0.073946	0.075929	0.078982	
1645	0.082209	0.085683	0.081794	0.075686	0.080368	0.079339	0.074737	0.073544	0.078534	0.079659	
1650	0.082083	0.085623	0.081359	0.075573	0.080685	0.079033	0.077647	0.074116	0.077960	0.078641	
1655	0.082335	0.085607	0.082153	0.074201	0.081219	0.079300	0.076982	0.075509	0.079500	0.077306	
1660	0.083180	0.085343	0.082753	0.072602	0.080744	0.078115	0.076895	0.075957	0.080252	0.077581	
1665	0.081917	0.086166	0.082171	0.071177	0.081661	0.079252	0.077167	0.076020	0.078934	0.077270	
1670	0.082414	0.086609	0.083170	0.070837	0.079648	0.079509	0.075008	0.075992	0.078761	0.077077	
1675	0.081947	0.084825	0.082211	0.069503	0.081051	0.079381	0.075799	0.077096	0.079082	0.075895	
1680	0.081817	0.084602	0.083210	0.069754	0.080723	0.078444	0.074138	0.076022	0.080043	0.075202	
1685	0.082038	0.085554	0.081703	0.071128	0.080056	0.076638	0.073493	0.074780	0.079473	0.073376	
1690	0.082639	0.085865	0.081765	0.071754	0.080026	0.076720	0.074273	0.075125	0.081114	0.073351	
1695	0.082580	0.086668	0.081463	0.069964	0.080775	0.077743	0.075829	0.076805	0.081318	0.073178	
1700	0.082981	0.085279	0.081909	0.070726	0.080599	0.077462	0.074792	0.077430	0.079020	0.073050	
1705	0.083574	0.084813	0.082616	0.071935	0.080661	0.076342	0.075917	0.079270	0.080415	0.072243	
1710	0.082755	0.085022	0.083055	0.073713	0.081424	0.076495	0.076465	0.077528	0.078291	0.072138	
1715	0.081795	0.082757	0.083025	0.073633	0.080437	0.077158	0.077733	0.079203	0.077202	0.075395	
1720	0.080735	0.081442	0.083923	0.074070	0.078657	0.076179	0.077389	0.078847	0.078108	0.073537	
1725	0.080355	0.082475	0.086954	0.071867	0.078541	0.076131	0.076918	0.080372	0.077003	0.073743	
1730	0.081292	0.082198	0.086201	0.071229	0.080611	0.077673	0.077526	0.079789	0.077375	0.072995	
1735	0.081038	0.081068	0.082829	0.070483	0.079901	0.076994	0.076904	0.078145	0.078343	0.073926	
1740	0.080299	0.078613	0.082086	0.070510	0.080377	0.077398	0.077529	0.078327	0.078139	0.073774	
1745	0.079735	0.079778	0.084798	0.071340	0.080671	0.076269	0.078170	0.079419	0.076014	0.072377	
1750	0.078532	0.081039	0.084986	0.073001	0.080617	0.074925	0.076492	0.079313	0.076854	0.071634	
1755	0.078938	0.081321	0.085288	0.073439	0.080799	0.076803	0.076640	0.079306	0.077258	0.073509	
1760	0.078855	0.078947	0.084691	0.073854	0.080889	0.077520	0.077678	0.079341	0.075666	0.073198	
1765	0.079627	0.078663	0.085339	0.072803	0.080015	0.079693	0.077537	0.076806	0.075782	0.074168	
1770	0.080287	0.081497	0.085585	0.071436	0.079751	0.081054	0.077047	0.077906	0.077438	0.072718	
1775	0.079554	0.079729	0.084933	0.070587	0.077683	0.080010	0.075631	0.078837	0.075351	0.071284	
1780	0.079586	0.079856	0.084281	0.071118	0.078321	0.079893	0.075669	0.079174	0.075183	0.073675	
1785	0.080527	0.080776	0.085802	0.072123	0.077805	0.077876	0.075221	0.079499	0.074810	0.074553	
1790	0.079957	0.080876	0.085878	0.072673	0.078776	0.079635	0.077878	0.079328	0.076093	0.074094	
1795	0.080890	0.080583	0.086457	0.071948	0.080932	0.078799	0.078312	0.081096	0.076084	0.073745	
1800	0.079985	0.080617	0.085741	0.070659	0.081728	0.079613	0.078111	0.080749	0.076539	0.071818	
1805	0.078943	0.081218	0.086201	0.070810	0.080612	0.079583	0.076861	0.080722	0.075930	0.070866	
1810	0.079480	0.081090	0.083870	0.070118	0.079422	0.078330	0.077984	0.081262	0.075654	0.070853	
1815	0.079331	0.084315	0.084423	0.070274	0.079629	0.078444	0.078472	0.082635	0.074576	0.071009	
1820	0.078667	0.082949	0.082795	0.070893	0.079704	0.078723	0.078832	0.082726	0.072832	0.071736	
1825	0.078355	0.082795	0.083745	0.072141	0.081647	0.079426	0.077305	0.083848	0.072439	0.070949	
1830	0.077528	0.082599	0.082933	0.072701	0.080852	0.080604	0.076867	0.082619	0.072283	0.070809	
1835	0.078985	0.081171	0.082462	0.073020	0.080688	0.079835	0.076232	0.082312	0.073040	0.070054	
1840	0.078156	0.080340	0.082831	0.073440	0.079064	0.079273	0.075154	0.082069	0.072536	0.071491	
1845	0.079789	0.079311	0.082759	0.073407	0.079572	0.078989	0.075238	0.080491	0.071675	0.072493	
1850	0.079640	0.077782	0.083377	0.074182	0.080759	0.077424	0.076946	0.079855	0.072204	0.071813	
1855	0.080810	0.076672	0.082311	0.073612	0.080684	0.075999	0.076014	0.081002	0.072195	0.071903	
1860	0.080777	0.078310	0.081536	0.073219	0.081732	0.076018	0.076825	0.080574	0.073824	0.072478	
1865	0.081311	0.078184	0.080849	0.073245	0.082368	0.075367	0.077058	0.079835	0.074424	0.072554	
1870	0.081931	0.079079	0.080390	0.072912	0.082010	0.075307	0.075694	0.079421	0.073034	0.072807	
1875	0.081165	0.078745	0.079652	0.072236	0.082910	0.075690	0.076905	0.079363	0.074839	0.072113	
1880	0.082212	0.078077	0.080121	0.071847	0.081952	0.075157	0.075918	0.079369	0.073584	0.073082	
1885	0.080933	0.078800	0.077015	0.072670	0.080654	0.074374	0.076004	0.078396	0.074159	0.073179	
1890	0.079932	0.076629	0.078202	0.072774	0.079577	0.074778	0.077365	0.078885	0.074433	0.072513	
1895	0.078684	0.076509	0.077758	0.073405	0.080975	0.075289	0.076580	0.080128	0.073118	0.074495	
1900	0.078998	0.077623	0.078849	0.071996	0.080794	0.076726	0.074616	0.080055	0.074415	0.076098	
1905	0.079921	0.077147	0.078339	0.071336	0.081460	0.079145	0.077355	0.081482	0.075231	0.074815	
1910	0.080244	0.078957	0.077844	0.071908	0.082776	0.077837	0.077164	0.080912	0.073174	0.074151	
1915	0.080465	0.078154	0.077035	0.070911	0.082343	0.077759	0.076648	0.081706	0.073103	0.074811	
1920	0.081274	0.079290	0.076825	0.070140	0.081485	0.077387	0.076308	0.081023	0.072706	0.073805	
1925	0.081823	0.079606	0.076670	0.071341	0.081843	0.076546	0.076292	0.079640	0.073035	0.074736	
1930	0.082836	0.077554	0.076881	0.070781	0.080778	0.074753	0.077079	0.079171	0.072189	0.075242	
1935	0.081628	0.077078	0.077761	0.071119	0.081948	0.074609	0.077115	0.078061	0.072514	0.074642	
1940	0.081025	0.076958	0.077182	0.069884	0.082602	0.073719	0.079326	0.078054	0.070647	0.074416	
1945	0.081283	0.076468	0.076367	0.070171	0.081651	0.075439	0.078297	0.077826	0.070920	0.073765	
1950	0.081978	0.079171	0.076759	0.070476	0.079112	0.075869	0.078546	0.076557	0.072657	0.074288	
1955	0.080200	0.078085	0.078364	0.071849	0.077510	0.074309	0.080028	0.076419	0.072751	0.074638	
1960	0.080495	0.077301	0.078917	0.072717	0.078550	0.075176	0.080256	0.075528	0.073219	0.075160	
1965	0.078581	0.078031	0.079616	0.073995	0.077333	0.075123	0.079600	0.076585	0.074811	0.076017	
1970	0.078546	0.078757	0.080326	0.071596	0.076926	0.075012	0.077824	0.076451	0.074512	0.075352	
1975	0.077105	0.078849	0.080839	0.071393	0.077180	0.074556	0.077457	0.077056	0.073931	0.076437	
1980	0.076402	0.078772	0.080252	0.071745	0.077424	0.077173	0.077421	0.078111	0.073465	0.074196	
1985	0.074940	0.080502	0.079136	0.072037	0.076279	0.078484	0.077002	0.077300	0.073310	0.072959	
1990	0.074516	0.080021	0.077377	0.072025	0.076622	0.078874	0.075647	0.077275	0.073357	0.073697	
1995	0.074668	0.079516	0.076605	0.071513	0.076180	0.077965	0.076134	0.077005	0.072293	0.074803	
2000	0.074071	0.078946	0.076218	0.071572	0.077019	0.078322	0.076859	0.075695	0.073063	0.076445	
2005	0.073514	0.078894	0.078239	0.072254	0.079359	0.077542	0.076001	0.076997	0.073729	0.075768	
2010	0.073678	0.077465	0.080529	0.073053	0.080415	0.076694	0.077252	0.076468	0.072101	0.074274	
2015	0.073451	0.078494	0.079403	0.074830	0.080744	0.078156	0.077880	0.075908	0.072451	0.074573	
2020	0.074427	0.078659	0.079171	0.073438	0.078620	0.078764	0.078552	0.076397	0.072935	0.073125	
2025	0.074591	0.082190	0.079453	0.075190	0.075785	0.077243	0.077381	0.076022	0.072172	0.073835	
2030	0.075173	0.080839	0.078487	0.074800	0.074667	0.076595	0.076616	0.077780	0.071058	0.073004	
2035	0.072525	0.079774	0.078220	0.074751	0.074074	0.073755	0.075007	0.076738	0.071557	0.072473	
2040	0.072603	0.079078	0.077497	0.074851	0.076184	0.075360	0.073556	0.075339	0.070446	0.072090	
2045	0.072259	0.079634	0.078634	0.074776	0.074935	0.075539	0.075328	0.076638	0.071720	0.074315	
2050	0.073898	0.079153	0.079027	0.074694	0.075233	0.075580	0.076263	0.077484	0.072540	0.076148	
2055	0.074813	0.079269	0.079459	0.075857	0.075119	0.075848	0.075922	0.079095	0.070526	0.074921	
2060	0.074974	0.079495	0.081293	0.074491	0.074445	0.075674	0.076151	0.079989	0.071799	0.075021	
2065	0.074421	0.078396	0.080627	0.076034	0.074592	0.073447	0.075743	0.079638	0.072160	0.074276	
2070	0.074129	0.077745	0.079796	0.075745	0.074879	0.072884	0.076781	0.082725	0.072880	0.072933	
2075	0.074043	0.079266	0.079755	0.074626	0.074015	0.073484	0.078735	0.081080	0.072072	0.074678	
2080	0.074106	0.077198	0.079966	0.074619	0.073931	0.073902	0.078228	0.080446	0.071350	0.075596	
2085	0.073538	0.076259	0.080626	0.073520	0.072573	0.073811	0.076840	0.079590	0.071673	0.074186	
2090	0.074012	0.076125	0.080442	0.074790	0.072131	0.073773	0.076794	0.079687	0.072158	0.075111	
2095	0.074545	0.075756	0.079528	0.074427	0.072837	0.073230	0.076518	0.078150	0.072957	0.076076	
2100	0.074926	0.074604	0.079939	0.074404	0.072298	0.073958	0.078038	0.078357	0.073574	0.076554	
2105	0.075426	0.073981	0.080934	0.074527	0.072467	0.073222	0.076663	0.078387	0.074319	0.077415	
2110	0.074522	0.075418	0.080915	0.074196	0.073851	0.073512	0.075637	0.079070	0.073809	0.077636	
2115	0.074903	0.075546	0.080605	0.073509	0.074691	0.073768	0.077302	0.077754	0.076889	0.077035	
2120	0.075831	0.077525	0.080843	0.074306	0.073806	0.072964	0.077093	0.078806	0.076616	0.076884	
2125	0.076246	0.077384	0.079545	0.075611	0.073211	0.073459	0.076268	0.078743	0.075072	0.075073	
2130	0.075726	0.077844	0.079760	0.075662	0.072743	0.073033	0.077206	0.079963	0.075480	0.076746	
2135	0.075450	0.076470	0.080255	0.073101	0.073700	0.073250	0.077455	0.080283	0.074674	0.078194	
2140	0.075634	0.074084	0.078524	0.072550	0.072587	0.073155	0.076684	0.080745	0.076911	0.077656	
2145	0.075702	0.074520	0.078343	0.071819	0.073143	0.072095	0.076842	0.080924	0.075748	0.077651	
2150	0.075546	0.075073	0.076648	0.073786	0.073981	0.071589	0.076319	0.082431	0.076854	0.076376	
2155	0.077828	0.074426	0.076700	0.075449	0.075228	0.070693	0.076943	0.083736	0.076724	0.076186	
2160	0.077065	0.075376	0.076117	0.074622	0.076160	0.070708	0.077463	0.083604	0.077725	0.074194	
2165	0.075774	0.073454	0.076507	0.074720	0.074839	0.069547	0.077884	0.081352	0.079353	0.074740	
2170	0.075047	0.072649	0.074802	0.075716	0.075469	0.069822	0.078996	0.080641	0.078730	0.074806	
2175	0.074563	0.072893	0.073901	0.075688	0.075607	0.068852	0.077812	0.079844	0.077997	0.075799	
2180	0.074651	0.073505	0.074730	0.075928	0.074009	0.068574	0.075877	0.078650	0.076786	0.076039	
2185	0.074022	0.073394	0.075273	0.074611	0.076703	0.068880	0.076050	0.077559	0.075093	0.076013	
2190	0.074282	0.074249	0.074211	0.073545	0.076533	0.067190	0.076845	0.076012	0.076125	0.078007	
2195	0.073706	0.073829	0.075236	0.072873	0.075831	0.067819	0.076702	0.075297	0.077993	0.076842	
2200	0.071408	0.074808	0.076223	0.072637	0.076011	0.068021	0.075268	0.077002	0.076427	0.077566	
2205	0.069326	0.075100	0.075376	0.070445	0.075765	0.068874	0.075960	0.076849	0.076347	0.077778	
2210	0.070222	0.076649	0.075374	0.071126	0.075504	0.069117	0.077243	0.076290	0.077303	0.078255	
2215	0.070486	0.076933	0.074850	0.070323	0.073931	0.070174	0.079459	0.079550	0.076753	0.077474	
2220	0.070766	0.078646	0.074132	0.070661	0.074452	0.069984	0.079633	0.078312	0.075651	0.075981	
2225	0.070893	0.077926	0.074542	0.070548	0.074944	0.069491	0.078928	0.078497	0.073985	0.077283	
2230	0.072036	0.078089	0.077931	0.069264	0.075813	0.069915	0.078759	0.079269	0.075130	0.076972	
2235	0.072825	0.077478	0.077669	0.069530	0.075597	0.071391	0.077727	0.080653	0.074240	0.077298	
2240	0.073613	0.077161	0.076004	0.069217	0.076519	0.070316	0.079008	0.079340	0.074807	0.078291	
2245	0.075127	0.078642	0.076292	0.069112	0.077509	0.068897	0.078231	0.079334	0.075809	0.077787	
2250	0.074764	0.078736	0.075674	0.070648	0.075285	0.069942	0.078965	0.078671	0.075734	0.078591	
2255	0.074940	0.078143	0.075452	0.071063	0.074183	0.070329	0.079670	0.079276	0.076628	0.077417	
2260	0.075380	0.078400	0.076324	0.070938	0.074542	0.071965	0.080001	0.082785	0.075789	0.077399	
2265	0.075007	0.077834	0.075563	0.070793	0.074702	0.071009	0.081285	0.082929	0.075996	0.077859	
2270	0.076279	0.076538	0.077032	0.071740	0.074758	0.071252	0.080402	0.083969	0.074429	0.076139	
2275	0.075050	0.078272	0.075602	0.069510	0.074861	0.071756	0.080205	0.084299	0.073448	0.077969	
2280	0.075840	0.078087	0.075685	0.070083	0.075035	0.074260	0.079293	0.083371	0.074509	0.078232	
2285	0.075234	0.076719	0.075783	0.070009	0.076050	0.073155	0.079735	0.081449	0.075189	0.077962	
2290	0.076192	0.077210	0.075672	0.068501	0.076015	0.072343	0.079798	0.080927	0.076291	0.079948	
2295	0.074260	0.077296	0.074968	0.068827	0.077187	0.072860	0.078381	0.081426	0.075568	0.078543	
2300	0.072719	0.075049	0.074496	0.067107	0.075152	0.073673	0.078120	0.081318	0.074718	0.076957	
2305	0.072080	0.073462	0.073374	0.067436	0.073076	0.073824	0.078028	0.081260	0.073469	0.076150	
2310	0.072792	0.072412	0.071749	0.068311	0.075077	0.072729	0.079383	0.079003	0.075361	0.076094	
2315	0.074393	0.072135	0.071379	0.067745	0.075856	0.073086	0.078476	0.076553	0.073742	0.075833	
2320	0.073353	0.072193	0.073907	0.067780	0.076454	0.072767	0.079730	0.075548	0.074232	0.076506	
2325	0.073536	0.072310	0.073735	0.066315	0.077116	0.072447	0.078903	0.077322	0.074951	0.074569	
2330	0.072476	0.072462	0.073754	0.065257	0.075865	0.071551	0.078306	0.075911	0.075966	0.074950	
2335	0.071282	0.071746	0.072776	0.063338	0.075460	0.071558	0.077249	0.075327	0.076556	0.075465	
2340	0.072659	0.072339	0.073734	0.066102	0.075614	0.073047	0.076776	0.077100	0.076809	0.075476	
2345	0.073465	0.072432	0.071761	0.068792	0.074882	0.072806	0.078788	0.079164	0.077692	0.074625	
2350	0.072063	0.071826	0.072981	0.066387	0.074449	0.072578	0.077297	0.079630	0.077333	0.073982	
2355	0.072297	0.072739	0.070582	0.066345	0.073962	0.073308	0.076858	0.079508	0.077662	0.073205	
2360	0.073075	0.072583	0.072675	0.066534	0.074288	0.072453	0.078864	0.078257	0.075926	0.072205	
2365	0.073886	0.072657	0.070468	0.066796	0.074676	0.073466	0.079881	0.078609	0.075803	0.072595	
2370	0.074624	0.073133	0.071667	0.066102	0.075020	0.073162	0.077813	0.077984	0.075541	0.073116	
2375	0.073235	0.072757	0.072168	0.068221	0.077252	0.072407	0.077511	0.078308	0.074689	0.074994	
2380	0.074341	0.072770	0.071363	0.069449	0.077584	0.071824	0.078011	0.077971	0.076087	0.072852	
2385	0.076844	0.072102	0.074266	0.070265	0.076888	0.073238	0.077076	0.079385	0.075898	0.073169	
2390	0.076654	0.073423	0.073483	0.069509	0.077729	0.074455	0.077096	0.079326	0.074755	0.074268	
2395	0.076348	0.072096	0.073855	0.068499	0.075960	0.075663	0.076873	0.079756	0.076092	0.074791	
2400	0.076446	0.072795	0.073516	0.066600	0.076168	0.075900	0.075658	0.080810	0.076420	0.075154	
2405	0.074786	0.072130	0.075483	0.067976	0.075764	0.075836	0.076643	0.079547	0.077382	0.075904	
2410	0.073549	0.073367	0.074991	0.068818	0.076564	0.075800	0.077191	0.078899	0.075416	0.075860	
2415	0.072948	0.074051	0.074102	0.069218	0.078300	0.074442	0.078543	0.078995	0.075755	0.076349	
2420	0.074385	0.073489	0.074941	0.069399	0.077065	0.075235	0.079305	0.080820	0.075158	0.075522	
2425	0.073518	0.074023	0.076985	0.069549	0.078946	0.073804	0.079310	0.082062	0.074738	0.075240	
2430	0.074700	0.073412	0.076834	0.068445	0.079553	0.074351	0.078408	0.082483	0.077483	0.076954	
2435	0.075311	0.072850	0.077343	0.067485	0.079342	0.075136	0.078250	0.080901	0.076421	0.076907	
2440	0.074249	0.074091	0.075661	0.065040	0.080860	0.074123	0.079090	0.079835	0.074746	0.077839	
2445	0.073632	0.073877	0.075871	0.065227	0.079821	0.074241	0.080922	0.078793	0.074144	0.078076	
2450	0.073062	0.075208	0.075869	0.066409	0.078739	0.074917	0.083390	0.078363	0.073062	0.079480	
2455	0.072714	0.076617	0.076902	0.066056	0.078355	0.075642	0.083867	0.080007	0.073735	0.078858	
2460	0.071837	0.075317	0.076587	0.067984	0.078432	0.075561	0.084720	0.079182	0.076377	0.078208	
2465	0.071964	0.074353	0.077893	0.068296	0.078939	0.074473	0.085102	0.079967	0.075201	0.077529	
2470	0.070726	0.074380	0.078303	0.069246	0.080810	0.075611	0.085850	0.079815	0.074467	0.077418	
2475	0.071364	0.074862	0.076823	0.068518	0.080987	0.075789	0.085541	0.079928	0.074147	0.077400	
2480	0.071148	0.073497	0.074281	0.069480	0.083078	0.076614	0.086320	0.078531	0.074103	0.076523	
2485	0.072639	0.074847	0.073271	0.069722	0.082564	0.076911	0.084785	0.077977	0.074627	0.077571	
2490	0.072742	0.076032	0.075551	0.068986	0.083098	0.078073	0.083477	0.077399	0.077865	0.076248	
2495	0.072387	0.078908	0.075198	0.069603	0.081369	0.076637	0.081894	0.076711	0.078666	0.077200	
2500	0.073456	0.077751	0.075275	0.070942	0.080971	0.076773	0.081223	0.076737	0.079611	0.075739	
2505	0.073052	0.076471	0.075957	0.071556	0.078915	0.077464	0.080557	0.076231	0.079849	0.076844	
2510	0.072182	0.078551	0.075136	0.072299	0.081165	0.076833	0.079804	0.075379	0.079197	0.075495	
2515	0.071754	0.075965	0.073578	0.073322	0.079916	0.075308	0.077994	0.074401	0.079157	0.074711	
2520	0.073110	0.076050	0.074475	0.074176	0.080538	0.075767	0.078734	0.073549	0.078422	0.075181	
2525	0.073609	0.078838	0.075013	0.075224	0.081422	0.074949	0.078475	0.074144	0.077553	0.074412	
2530	0.074503	0.080247	0.074457	0.074852	0.081295	0.076996	0.080208	0.073573	0.075793	0.075520	
2535	0.075417	0.079910	0.074752	0.074893	0.081298	0.075299	0.079153	0.074578	0.076808	0.075608	
2540	0.076755	0.078718	0.075175	0.074511	0.079843	0.074711	0.078686	0.073738	0.075171	0.075827	
2545	0.076215	0.078093	0.075191	0.073376	0.078010	0.074293	0.078120	0.074504	0.075309	0.076378	
2550	0.076087	0.077571	0.075167	0.073147	0.079047	0.074324	0.079280	0.074548	0.074781	0.076566	
2555	0.074724	0.079538	0.074013	0.072200	0.079085	0.076404	0.077597	0.073343	0.077082	0.077836	
2560	0.072918	0.079699	0.073746	0.073277	0.079048	0.075540	0.076247	0.074177	0.077754	0.077436	
2565	0.073021	0.080268	0.074404	0.074347	0.079582	0.077162	0.075353	0.074882	0.078203	0.076460	
2570	0.073606	0.081711	0.074928	0.071753	0.080719	0.078178	0.075515	0.075187	0.074542	0.077144	
2575	0.072441	0.082071	0.076002	0.072794	0.079153	0.077038	0.074384	0.074872	0.077090	0.078675	
2580	0.072318	0.081216	0.075795	0.075035	0.078856	0.077954	0.074981	0.076213	0.076507	0.079039	
2585	0.073398	0.082021	0.073635	0.076771	0.080318	0.076161	0.074269	0.075630	0.075298	0.079527	
2590	0.074058	0.083018	0.072726	0.077601	0.080717	0.076078	0.073684	0.075708	0.075283	0.076424	
2595	0.072786	0.081862	0.072614	0.078092	0.081941	0.076187	0.073137	0.077912	0.075951	0.076170	
2600	0.071427	0.082533	0.073224	0.078416	0.082475	0.074942	0.073120	0.076859	0.076014	0.075768	
2605	0.072336	0.082000	0.073946	0.078451	0.081641	0.075077	0.072093	0.077287	0.076193	0.075761	
2610	0.073200	0.082262	0.073531	0.079383	0.080570	0.074611	0.072765	0.077481	0.076642	0.076250	
2615	0.075374	0.082904	0.074839	0.078366	0.079692	0.074475	0.073346	0.077530	0.076094	0.076823	
2620	0.075817	0.083985	0.076278	0.077682	0.079485	0.075599	0.073567	0.078580	0.075620	0.074627	
2625	0.075284	0.083693	0.077971	0.076583	0.080504	0.074563	0.074320	0.077927	0.078037	0.073940	
2630	0.075249	0.084960	0.076700	0.076611	0.081158	0.075847	0.074278	0.077510	0.076499	0.075843	
2635	0.073753	0.083395	0.074583	0.077481	0.082955	0.077804	0.076048	0.076790	0.075143	0.076083	
2640	0.073587	0.084172	0.073331	0.077741	0.082897	0.077487	0.077110	0.076971	0.076721	0.076169	
2645	0.074036	0.083045	0.073661	0.077776	0.082556	0.077069	0.076531	0.076825	0.076424	0.078386	
2650	0.074303	0.082575	0.073910	0.077966	0.082214	0.076657	0.077538	0.075080	0.076956	0.079029	
2655	0.074391	0.081514	0.073538	0.079925	0.083159	0.075187	0.077446	0.075395	0.076993	0.079452	
2660	0.076200	0.080696	0.074879	0.077051	0.083580	0.073881	0.076968	0.076261	0.077766	0.079057	
2665	0.076521	0.080431	0.073435	0.076654	0.083333	0.074585	0.077328	0.075418	0.077166	0.079366	
2670	0.075274	0.080905	0.074353	0.077798	0.081386	0.074643	0.077955	0.076718	0.076297	0.078198	
2675	0.075148	0.080105	0.074436	0.079823	0.081562	0.075671	0.080140	0.078268	0.076954	0.079672	
2680	0.075725	0.078099	0.073985	0.078705	0.082380	0.075606	0.078991	0.077309	0.074608	0.079972	
2685	0.076327	0.078778	0.073234	0.079770	0.082252	0.076400	0.080316	0.076472	0.072607	0.079091	
2690	0.076078	0.077430	0.072406	0.078531	0.082029	0.077972	0.079055	0.075224	0.070929	0.078937	
2695	0.077764	0.080508	0.072061	0.078596	0.082032	0.078719	0.078766	0.075785	0.069981	0.079346	
2700	0.076057	0.081694	0.071830	0.078772	0.081166	0.078357	0.079073	0.074418	0.070797	0.079245	
2705	0.074585	0.081843	0.071916	0.078456	0.080434	0.078807	0.079761	0.075143	0.071204	0.079104	
2710	0.075679	0.081133	0.073142	0.076370	0.081436	0.077514	0.079217	0.074621	0.070870	0.078758	
2715	0.075495	0.082075	0.072881	0.076639	0.081032	0.077543	0.078231	0.073839	0.069923	0.079460	
2720	0.078679	0.080617	0.073262	0.078237	0.081036	0.078108	0.077117	0.073761	0.070766	0.079414	
2725	0.079110	0.081346	0.071747	0.077159	0.080196	0.078619	0.078009	0.075178	0.071395	0.077868	
2730	0.078617	0.079465	0.072878	0.076196	0.080300	0.078986	0.077526	0.074862	0.071766	0.080716	
2735	0.080024	0.079636	0.071816	0.076012	0.078358	0.078223	0.078812	0.074516	0.071389	0.079668	
2740	0.079288	0.079298	0.071905	0.076366	0.076189	0.079619	0.079282	0.073332	0.070628	0.079092	
2745	0.078938	0.078922	0.071262	0.077121	0.076452	0.080667	0.077937	0.073327	0.072561	0.077857	
2750	0.079711	0.077781	0.070286	0.077219	0.078296	0.077494	0.077510	0.073298	0.069726	0.077420	
2755	0.079691	0.075954	0.070265	0.078847	0.078843	0.076518	0.077964	0.073688	0.068799	0.077495	
2760	0.078662	0.076622	0.071375	0.080465	0.078167	0.076046	0.078348	0.074079	0.066211	0.076280	
2765	0.078896	0.076229	0.069251	0.081478	0.078395	0.076651	0.078564	0.074660	0.065423	0.074303	
2770	0.076569	0.074121	0.070913	0.081591	0.076226	0.075099	0.080602	0.074276	0.066745	0.074455	
2775	0.075598	0.074237	0.070297	0.081787	0.076302	0.074151	0.079513	0.074868	0.068191	0.072602	
2780	0.074216	0.075277	0.072320	0.083228	0.077521	0.075524	0.078432	0.075759	0.068282	0.073760	
2785	0.074401	0.075167	0.072455	0.083977	0.076653	0.075279	0.076351	0.075280	0.069977	0.074259	
2790	0.073663	0.076353	0.074524	0.082538	0.077127	0.075949	0.077835	0.075802	0.070653	0.075327	
2795	0.074496	0.076740	0.074406	0.082292	0.077647	0.076621	0.079548	0.075582	0.070996	0.075429	
2800	0.074273	0.076138	0.075846	0.083736	0.079540	0.078589	0.078723	0.074730	0.071219	0.074384	
2805	0.074871	0.075875	0.076024	0.084396	0.080377	0.078407	0.076862	0.074823	0.071781	0.074720	
2810	0.075671	0.076177	0.075574	0.084328	0.080590	0.077429	0.076805	0.074681	0.073128	0.075006	
2815	0.074084	0.075484	0.075311	0.084071	0.081149	0.076763	0.075528	0.075017	0.072396	0.077650	
2820	0.073809	0.075444	0.074001	0.086612	0.077720	0.076327	0.075462	0.074826	0.073264	0.079082	
2825	0.073205	0.075868	0.074476	0.085619	0.077732	0.075693	0.076190	0.075068	0.074582	0.077464	
2830	0.073549	0.075742	0.074178	0.084040	0.077123	0.075434	0.076307	0.076072	0.074556	0.077337	
2835	0.075505	0.074347	0.074521	0.083296	0.077723	0.075069	0.075599	0.075872	0.074553	0.076364	
2840	0.076092	0.073350	0.075384	0.082263	0.078913	0.075042	0.075423	0.076409	0.073295	0.075529	
2845	0.073592	0.072708	0.074508	0.081236	0.078965	0.075769	0.077058	0.075888	0.074790	0.074842	
2850	0.074411	0.074928	0.076358	0.081710	0.079585	0.075548	0.076222	0.077297	0.076889	0.076067	
2855	0.072308	0.073080	0.076308	0.080032	0.080284	0.073475	0.078351	0.076700	0.076809	0.075600	
2860	0.072609	0.072071	0.075287	0.080362	0.079498	0.073427	0.079294	0.076839	0.076746	0.075225	
2865	0.072257	0.070544	0.075570	0.082030	0.078351	0.073778	0.078881	0.076501	0.077264	0.074349	
2870	0.071834	0.068521	0.075778	0.083637	0.078871	0.073637	0.078576	0.076145	0.076575	0.074541	
2875	0.071599	0.070525	0.076821	0.085018	0.079726	0.075296	0.077674	0.075455	0.075604	0.074389	
2880	0.073993	0.070724	0.076559	0.086049	0.081127	0.074660	0.076481	0.074996	0.075509	0.074233	
2885	0.076061	0.069605	0.075495	0.085929	0.080883	0.077370	0.078491	0.073911	0.073650	0.074312	
2890	0.075966	0.068251	0.077722	0.086930	0.081379	0.077052	0.078070	0.074082	0.073230	0.074322	
2895	0.076300	0.069771	0.076275	0.087906	0.079917	0.077798	0.076197	0.074287	0.072266	0.075043	
2900	0.076010	0.067637	0.075052	0.088300	0.080588	0.076945	0.076282	0.075795	0.072208	0.075275	
2905	0.075310	0.067699	0.074184	0.085087	0.079215	0.077917	0.076353	0.076171	0.072230	0.076067	
2910	0.076097	0.068460	0.072409	0.084705	0.079646	0.077641	0.076562	0.074480	0.073791	0.076491	
2915	0.076446	0.068242	0.071472	0.082950	0.079847	0.077245	0.074909	0.074391	0.076198	0.078130	
2920	0.076946	0.067857	0.072031	0.081884	0.080225	0.077449	0.076226	0.074030	0.077487	0.077110	
2925	0.076977	0.068898	0.071869	0.082699	0.080182	0.079479	0.076310	0.074341	0.078303	0.077407	
2930	0.077351	0.070075	0.071453	0.082467	0.081034	0.079843	0.076616	0.073032	0.075693	0.077409	
2935	0.075173	0.070438	0.071092	0.081920	0.081158	0.081260	0.076831	0.073079	0.075521	0.077923	
2940	0.075521	0.069807	0.072062	0.082441	0.079073	0.082395	0.075637	0.073573	0.076402	0.076557	
2945	0.076276	0.069991	0.072326	0.081371	0.079693	0.082554	0.075308	0.077113	0.075637	0.076673	
2950	0.076976	0.070514	0.073242	0.080911	0.079728	0.080046	0.076110	0.075839	0.074187	0.076808	
2955	0.075307	0.069551	0.073136	0.080361	0.078772	0.078054	0.074928	0.074589	0.074448	0.078509	
2960	0.075285	0.068920	0.071380	0.080904	0.079064	0.078226	0.074758	0.074911	0.075319	0.079459	
2965	0.074800	0.068076	0.071409	0.079545	0.080097	0.079740	0.074182	0.073929	0.073623	0.079691	
2970	0.072605	0.067297	0.073149	0.080191	0.079372	0.080606	0.074971	0.072625	0.072144	0.081763	
2975	0.073558	0.068541	0.072224	0.081407	0.078846	0.081589	0.074291	0.072822	0.070811	0.080586	
2980	0.074093	0.068205	0.072054	0.079019	0.076410	0.081515	0.074460	0.073780	0.073510	0.080828	
2985	0.072927	0.069009	0.073432	0.077147	0.077019	0.079641	0.074167	0.072997	0.074532	0.079999	
2990	0.070859	0.070788	0.074105	0.078020	0.078470	0.079966	0.073392	0.073385	0.075264	0.079383	
2995	0.068881	0.070270	0.073373	0.077475	0.078081	0.080616	0.073276	0.072009	0.074387	0.080260	
3000	0.067596	0.071229	0.075200	0.076218	0.077862	0.078577	0.074413	0.072275	0.074256	0.081182	
