T	rep_1	rep_2	rep_3	rep_4	rep_5	rep_6	rep_7	rep_8	rep_9	rep_10
5	0.094984	0.085426	0.077413	0.094237	0.085326	0.066605	0.115989	0.105255	0.123219	0.090510	
10	0.196061	0.259357	0.211572	0.245855	0.206449	0.209741	0.226735	0.231441	0.249981	0.186586	
15	0.263621	0.328071	0.345179	0.362326	0.273206	0.328253	0.327295	0.323841	0.319541	0.274297	
20	0.367852	0.398475	0.419284	0.457917	0.350065	0.419892	0.415380	0.464925	0.417428	0.400368	
25	0.438021	0.474959	0.450275	0.555525	0.424354	0.459956	0.482527	0.539388	0.491424	0.466144	
30	0.490422	0.567041	0.500713	0.614244	0.509588	0.506666	0.577552	0.595233	0.550327	0.509282	
35	0.567958	0.677373	0.578660	0.664823	0.595840	0.566922	0.666989	0.655622	0.605436	0.551030	
40	0.665705	0.749915	0.649489	0.703903	0.658521	0.624564	0.721549	0.703932	0.659079	0.593808	
45	0.749816	0.784001	0.689690	0.739566	0.704535	0.663184	0.757669	0.740378	0.703391	0.642934	
50	0.807788	0.798988	0.725588	0.763842	0.734932	0.690634	0.780882	0.762206	0.740525	0.693134	
55	0.835851	0.814518	0.760237	0.784616	0.759138	0.721783	0.802394	0.781479	0.769489	0.732485	
60	0.848711	0.824089	0.795671	0.798549	0.779375	0.755925	0.815722	0.796310	0.794160	0.765290	
65	0.857544	0.833749	0.818882	0.813317	0.797971	0.789011	0.826076	0.807167	0.813504	0.791160	
70	0.863800	0.838999	0.840862	0.822602	0.811947	0.814913	0.830763	0.820572	0.830199	0.811997	
75	0.868155	0.842511	0.854080	0.828336	0.826900	0.838590	0.839249	0.829188	0.841365	0.826407	
80	0.868719	0.841687	0.859025	0.833473	0.839385	0.849161	0.846122	0.838671	0.851045	0.837979	
85	0.873422	0.851629	0.865208	0.842970	0.841702	0.857348	0.847412	0.844855	0.853302	0.850893	
90	0.874993	0.851810	0.864189	0.847186	0.849775	0.862127	0.851823	0.850128	0.856795	0.857505	
95	0.874544	0.857962	0.867444	0.851679	0.851813	0.862839	0.855805	0.850415	0.859144	0.861253	
100	0.873733	0.861909	0.867618	0.856734	0.854363	0.867619	0.857039	0.854779	0.865558	0.862906	
105	0.874347	0.862661	0.866223	0.860638	0.856243	0.869583	0.859381	0.859286	0.871146	0.862208	
110	0.867837	0.856345	0.863172	0.858951	0.852736	0.863876	0.858394	0.858171	0.865742	0.861226	
115	0.847257	0.840896	0.842792	0.842783	0.840602	0.845005	0.851274	0.848654	0.839572	0.846241	
120	0.802537	0.811114	0.774088	0.795549	0.806915	0.812777	0.823268	0.817450	0.770103	0.816342	
125	0.737145	0.781473	0.651822	0.750536	0.759190	0.774813	0.791699	0.761379	0.715865	0.773727	
130	0.681179	0.752757	0.582241	0.712762	0.705952	0.741332	0.758895	0.656410	0.680887	0.726518	
135	0.631129	0.721403	0.549789	0.672646	0.646584	0.715886	0.730406	0.560997	0.642285	0.681877	
140	0.587146	0.683940	0.539422	0.631759	0.604197	0.689528	0.708465	0.523149	0.606829	0.639105	
145	0.548332	0.641303	0.528272	0.596239	0.576048	0.657592	0.690290	0.494554	0.559838	0.592259	
150	0.520910	0.595559	0.513517	0.556498	0.545587	0.628807	0.666815	0.467227	0.522316	0.547754	
155	0.497623	0.556223	0.495404	0.516473	0.511439	0.607298	0.642682	0.429470	0.493155	0.502388	
160	0.474705	0.505889	0.464280	0.482058	0.468969	0.579224	0.623696	0.389603	0.467062	0.455472	
165	0.448804	0.450162	0.409763	0.443925	0.426090	0.547969	0.599745	0.355146	0.438867	0.417729	
170	0.411321	0.389379	0.334353	0.409321	0.380832	0.509427	0.570909	0.312626	0.416418	0.377522	
175	0.374399	0.324086	0.258756	0.366394	0.343615	0.460952	0.544571	0.275516	0.392512	0.330192	
180	0.329922	0.250374	0.206029	0.290957	0.307464	0.387295	0.507137	0.244599	0.361567	0.267691	
185	0.283076	0.160393	0.170160	0.148493	0.271589	0.284864	0.464034	0.199081	0.314666	0.207510	
190	0.239032	0.085833	0.123096	0.004310	0.218699	0.150256	0.430847	0.138077	0.256623	0.158219	
195	0.186096	0.028413	0.036903	0.002036	0.153738	0.026189	0.383781	0.057907	0.186206	0.106519	
200	0.132486	0.002910	0.000376	0.000862	0.086029	0.000744	0.327716	0.020491	0.115758	0.031749	
205	0.064997	0.000598	0.000457	0.000450	0.040273	0.000382	0.270109	0.006948	0.051165	0.000466	
210	0.025304	0.000558	0.000405	0.000692	0.008180	0.000620	0.213494	0.003215	0.005099	0.000763	
215	0.064613	0.000876	0.000950	0.003328	0.027394	0.001892	0.184687	0.009668	0.009456	0.001954	
220	0.130456	0.003888	0.003574	0.018953	0.068697	0.013720	0.251460	0.038561	0.031491	0.007786	
225	0.175047	0.040895	0.043734	0.075633	0.119738	0.045282	0.330253	0.101476	0.106746	0.038983	
230	0.206626	0.071211	0.099603	0.108068	0.173709	0.084162	0.344173	0.138158	0.233782	0.114371	
235	0.226427	0.090986	0.147003	0.135139	0.222122	0.111893	0.354844	0.151330	0.314507	0.142294	
240	0.251033	0.113857	0.181678	0.166586	0.262457	0.129557	0.358017	0.167308	0.362389	0.158307	
245	0.271089	0.143692	0.206102	0.203486	0.288660	0.143337	0.365752	0.181717	0.390781	0.168452	
250	0.292647	0.184391	0.229836	0.235690	0.310302	0.165874	0.374028	0.195146	0.408420	0.187640	
255	0.310497	0.218961	0.244524	0.258457	0.320036	0.190342	0.382929	0.211875	0.419260	0.203325	
260	0.327294	0.243521	0.264006	0.276646	0.331338	0.211956	0.397043	0.231627	0.427754	0.219905	
265	0.341391	0.268686	0.279990	0.294287	0.337684	0.232592	0.403524	0.255425	0.431514	0.234422	
270	0.356534	0.286137	0.294321	0.309274	0.344215	0.253640	0.415912	0.274267	0.438708	0.247997	
275	0.365871	0.306102	0.307301	0.324627	0.349056	0.269486	0.416149	0.291903	0.442767	0.260538	
280	0.374029	0.318568	0.318192	0.336986	0.353558	0.281615	0.419035	0.306721	0.447352	0.275761	
285	0.383113	0.329542	0.329650	0.349187	0.358763	0.292708	0.425440	0.321428	0.452148	0.294040	
290	0.390790	0.341758	0.334035	0.357673	0.364184	0.310296	0.432023	0.331375	0.453771	0.312895	
295	0.396186	0.351041	0.341190	0.368869	0.367913	0.318600	0.440326	0.344949	0.451446	0.331081	
300	0.405007	0.362507	0.347002	0.378441	0.375867	0.329812	0.441618	0.353755	0.453174	0.347319	
305	0.408897	0.369983	0.355544	0.392469	0.379206	0.342529	0.443968	0.362650	0.453585	0.363699	
310	0.416982	0.374354	0.362793	0.402025	0.384057	0.350070	0.449493	0.373294	0.454963	0.376630	
315	0.423674	0.381977	0.367093	0.411420	0.386412	0.358602	0.449407	0.380684	0.456469	0.391887	
320	0.424475	0.388403	0.370059	0.420020	0.392600	0.364300	0.452493	0.389012	0.455972	0.399616	
325	0.429176	0.394774	0.376719	0.429310	0.395986	0.376013	0.455023	0.394377	0.455209	0.408356	
330	0.428756	0.399380	0.381330	0.432630	0.400215	0.380396	0.456985	0.405026	0.456117	0.411875	
335	0.432410	0.402572	0.385534	0.433904	0.404007	0.384205	0.458234	0.413734	0.459429	0.415857	
340	0.433603	0.405134	0.390688	0.439504	0.409725	0.390828	0.460789	0.423404	0.461123	0.418619	
345	0.437790	0.406420	0.394324	0.442229	0.417356	0.396947	0.464890	0.432533	0.458518	0.426157	
350	0.440517	0.407910	0.398314	0.442946	0.418596	0.405627	0.466281	0.439372	0.455670	0.425272	
355	0.443483	0.409464	0.405282	0.444033	0.419920	0.408169	0.466623	0.445555	0.462709	0.426550	
360	0.446540	0.409627	0.407700	0.443199	0.425860	0.409939	0.467244	0.451570	0.464472	0.429877	
365	0.450816	0.410833	0.413647	0.451112	0.430125	0.415487	0.472387	0.458643	0.464506	0.433360	
370	0.453478	0.410453	0.415195	0.455485	0.435252	0.418502	0.476466	0.459464	0.464825	0.435525	
375	0.456516	0.415817	0.421944	0.457630	0.437699	0.421659	0.481154	0.466897	0.467325	0.435862	
380	0.459542	0.418520	0.421022	0.458684	0.442379	0.427312	0.479341	0.476594	0.465754	0.434659	
385	0.462557	0.419740	0.426083	0.458309	0.443890	0.428432	0.481960	0.479756	0.466957	0.440834	
390	0.460312	0.425668	0.429861	0.458936	0.447924	0.435133	0.482909	0.484603	0.468965	0.443923	
395	0.458514	0.426081	0.432350	0.460614	0.451370	0.435300	0.483130	0.485835	0.470431	0.440809	
400	0.459542	0.424051	0.434574	0.464716	0.451564	0.439098	0.486542	0.487480	0.472152	0.438298	
405	0.458981	0.425530	0.436044	0.467524	0.453495	0.440123	0.485776	0.490910	0.472492	0.441092	
410	0.463596	0.428507	0.436728	0.465206	0.452037	0.448409	0.488003	0.498567	0.470721	0.443434	
415	0.462690	0.431483	0.438605	0.467430	0.457566	0.448948	0.487482	0.498070	0.474884	0.444264	
420	0.469921	0.435542	0.445085	0.466589	0.458248	0.447051	0.484360	0.494144	0.477540	0.446440	
425	0.468508	0.435199	0.445516	0.469737	0.456628	0.450931	0.484003	0.496936	0.477473	0.446716	
430	0.470351	0.435739	0.446117	0.469173	0.458202	0.453102	0.483944	0.496772	0.478209	0.444919	
435	0.471161	0.434251	0.448323	0.471415	0.459248	0.453202	0.483828	0.495609	0.478009	0.446543	
440	0.472100	0.435712	0.449247	0.470803	0.462713	0.454295	0.482304	0.495423	0.477677	0.447061	
445	0.468375	0.437866	0.450250	0.467803	0.463226	0.456420	0.478402	0.492112	0.477088	0.448335	
450	0.470240	0.437610	0.450447	0.471582	0.464598	0.455664	0.478924	0.493141	0.478171	0.446412	
455	0.471419	0.441356	0.453310	0.474409	0.466091	0.457976	0.480022	0.493379	0.476288	0.446983	
460	0.472465	0.443608	0.454003	0.473955	0.465212	0.460007	0.476156	0.493570	0.476738	0.446899	
465	0.468937	0.444195	0.454029	0.474807	0.467980	0.459443	0.477799	0.492064	0.477112	0.444809	
470	0.470046	0.447827	0.456134	0.472614	0.468274	0.462056	0.480166	0.489298	0.473065	0.444989	
475	0.468861	0.454043	0.456563	0.472699	0.471457	0.466249	0.480062	0.490796	0.477282	0.445362	
480	0.466877	0.459206	0.455441	0.472036	0.470442	0.467332	0.479791	0.486575	0.476467	0.447755	
485	0.465044	0.459021	0.458093	0.471907	0.470329	0.467419	0.475096	0.487182	0.474855	0.445360	
490	0.465713	0.459293	0.459597	0.474742	0.468723	0.465789	0.475773	0.488667	0.476697	0.448017	
495	0.465986	0.455258	0.462925	0.473621	0.467521	0.465567	0.477331	0.484865	0.474264	0.448504	
500	0.466033	0.453094	0.460469	0.473222	0.470021	0.464251	0.472036	0.482241	0.473330	0.453508	
505	0.466083	0.453061	0.460287	0.467559	0.471194	0.463327	0.473259	0.480334	0.469203	0.454317	
510	0.467662	0.453517	0.461069	0.470530	0.469363	0.466716	0.470015	0.479676	0.468213	0.453322	
515	0.471023	0.452268	0.460651	0.468372	0.467561	0.467061	0.469661	0.482679	0.469338	0.449868	
520	0.473078	0.449610	0.461291	0.471510	0.469179	0.470266	0.464250	0.482985	0.472325	0.456784	
525	0.475551	0.451724	0.459757	0.465559	0.469459	0.471101	0.466648	0.482469	0.468825	0.458230	
530	0.471687	0.454513	0.459965	0.463363	0.469783	0.472893	0.467872	0.482649	0.467037	0.459302	
535	0.471130	0.453970	0.460593	0.460558	0.469920	0.474954	0.470047	0.482494	0.471370	0.460794	
540	0.470679	0.454474	0.459605	0.462045	0.465596	0.474657	0.465508	0.482255	0.470490	0.461172	
545	0.469679	0.459062	0.458245	0.460964	0.463368	0.474183	0.467127	0.483084	0.464038	0.464428	
550	0.471827	0.459636	0.459525	0.461955	0.464727	0.475767	0.463414	0.483741	0.464006	0.461289	
555	0.470485	0.460835	0.458772	0.465414	0.462210	0.476753	0.464714	0.485397	0.465815	0.456769	
560	0.469282	0.461622	0.459231	0.464573	0.459728	0.478621	0.465092	0.482262	0.462799	0.457472	
565	0.468563	0.462340	0.459771	0.463294	0.459399	0.479152	0.464376	0.478440	0.462870	0.461696	
570	0.473039	0.459422	0.460029	0.463515	0.456854	0.478621	0.464220	0.475281	0.461831	0.463686	
575	0.474426	0.454020	0.457964	0.463782	0.454899	0.477110	0.464920	0.476123	0.461799	0.464816	
580	0.472847	0.455380	0.455049	0.462339	0.456526	0.475706	0.463219	0.477534	0.461877	0.465269	
585	0.471627	0.454035	0.455463	0.456486	0.456257	0.473376	0.465631	0.473761	0.459689	0.466712	
590	0.472521	0.452174	0.457144	0.458629	0.457982	0.473878	0.464276	0.477144	0.458539	0.467450	
595	0.473100	0.453090	0.458650	0.459510	0.456745	0.471555	0.464033	0.476465	0.460431	0.466075	
600	0.473899	0.455395	0.460278	0.457049	0.455027	0.468906	0.464426	0.475965	0.460813	0.462986	
605	0.473423	0.454168	0.463853	0.454059	0.455298	0.473812	0.463816	0.477286	0.461449	0.460984	
610	0.476450	0.455385	0.462497	0.452029	0.452834	0.474077	0.462880	0.475906	0.461167	0.461152	
615	0.478966	0.456196	0.464655	0.451736	0.451976	0.473772	0.465243	0.479692	0.458788	0.461850	
620	0.477170	0.456167	0.465679	0.449852	0.454192	0.474033	0.464251	0.479735	0.460051	0.461151	
625	0.474741	0.457069	0.463141	0.450033	0.459079	0.468765	0.467171	0.480898	0.460408	0.460538	
630	0.475542	0.454911	0.460202	0.449436	0.458276	0.472039	0.469583	0.479408	0.462387	0.456887	
635	0.475230	0.452241	0.461419	0.453294	0.461808	0.473278	0.464833	0.478129	0.462107	0.458372	
640	0.475929	0.454075	0.461282	0.455761	0.460958	0.471929	0.464695	0.479270	0.461530	0.459709	
645	0.475982	0.454150	0.462123	0.456251	0.462675	0.477412	0.465141	0.483309	0.464262	0.455939	
650	0.472819	0.451924	0.461850	0.452969	0.463175	0.478545	0.465651	0.478875	0.461404	0.457138	
655	0.471605	0.454198	0.461875	0.452930	0.463146	0.475344	0.465708	0.475843	0.464479	0.457172	
660	0.469043	0.457764	0.464153	0.450535	0.463598	0.480116	0.465140	0.474241	0.467946	0.459813	
665	0.462195	0.458970	0.462508	0.452324	0.463304	0.479794	0.461608	0.467890	0.466494	0.458674	
670	0.459080	0.457650	0.464279	0.456007	0.462544	0.478915	0.459909	0.468832	0.464587	0.459871	
675	0.461109	0.458615	0.462563	0.459005	0.466181	0.478553	0.464374	0.468948	0.459056	0.461136	
680	0.460874	0.461872	0.458962	0.458658	0.467423	0.477252	0.465109	0.469101	0.459704	0.456821	
685	0.461670	0.460247	0.457458	0.459846	0.468457	0.479657	0.463612	0.467319	0.459573	0.458911	
690	0.463603	0.462727	0.462558	0.460564	0.466195	0.483045	0.461228	0.464606	0.460408	0.456590	
695	0.465272	0.462121	0.464851	0.461189	0.467084	0.483720	0.458029	0.467535	0.458550	0.453581	
700	0.463709	0.461648	0.464768	0.461573	0.472856	0.486780	0.459681	0.468824	0.455701	0.454982	
705	0.462217	0.465076	0.463094	0.459231	0.472247	0.490161	0.458016	0.473966	0.456156	0.456066	
710	0.464676	0.464604	0.465271	0.460560	0.473306	0.491107	0.462333	0.473648	0.455260	0.458109	
715	0.464684	0.462650	0.461632	0.460369	0.471025	0.485009	0.462506	0.473603	0.458296	0.458522	
720	0.461975	0.462071	0.460998	0.461037	0.469479	0.480713	0.464046	0.472548	0.460606	0.455369	
725	0.460921	0.462836	0.460268	0.461252	0.468426	0.480638	0.464728	0.473131	0.457700	0.455076	
730	0.462786	0.464801	0.459435	0.460639	0.467969	0.478903	0.463548	0.467660	0.457071	0.458596	
735	0.461849	0.467193	0.459113	0.461222	0.466784	0.477625	0.464786	0.467447	0.456535	0.460440	
740	0.461104	0.465939	0.456173	0.459669	0.464683	0.473233	0.466915	0.465668	0.457016	0.458324	
745	0.462769	0.465157	0.455306	0.462108	0.465922	0.471145	0.467199	0.470135	0.457440	0.458740	
750	0.466945	0.464502	0.455863	0.464266	0.465033	0.472037	0.466014	0.468896	0.454854	0.455906	
755	0.467928	0.462263	0.457246	0.464066	0.466823	0.471097	0.467701	0.468829	0.454219	0.456681	
760	0.468363	0.461684	0.461747	0.463214	0.466217	0.465914	0.464912	0.468282	0.453275	0.459738	
765	0.465022	0.462563	0.459034	0.466989	0.463809	0.467690	0.463717	0.469685	0.450496	0.460231	
770	0.464061	0.461899	0.457145	0.467640	0.465786	0.469900	0.462738	0.469639	0.457682	0.462537	
775	0.462111	0.467952	0.457255	0.466806	0.466177	0.470587	0.463102	0.466649	0.463669	0.463225	
780	0.460415	0.466728	0.455880	0.466089	0.465186	0.470901	0.460300	0.463589	0.465062	0.464886	
785	0.459802	0.465931	0.453974	0.469367	0.465331	0.467451	0.460217	0.466353	0.465066	0.464529	
790	0.460069	0.465588	0.454465	0.473507	0.465053	0.467975	0.458053	0.466723	0.466101	0.464936	
795	0.461105	0.462260	0.454758	0.471552	0.466120	0.469362	0.457894	0.467646	0.467308	0.467278	
800	0.460911	0.466444	0.454075	0.468712	0.466686	0.471422	0.458411	0.472033	0.467083	0.467010	
805	0.461042	0.467809	0.454909	0.469591	0.467609	0.471304	0.455261	0.475284	0.465513	0.468224	
810	0.460592	0.470478	0.456665	0.469571	0.469293	0.473988	0.454476	0.474431	0.468100	0.466553	
815	0.458788	0.467962	0.454240	0.466304	0.467262	0.472335	0.456101	0.475004	0.467722	0.465496	
820	0.459598	0.467740	0.458403	0.463198	0.466995	0.467048	0.456904	0.472907	0.466417	0.465416	
825	0.459946	0.470443	0.461392	0.464759	0.465203	0.470832	0.456294	0.471646	0.468118	0.467855	
830	0.458130	0.472133	0.460936	0.464859	0.467199	0.471383	0.458586	0.473240	0.467348	0.466995	
835	0.461337	0.473511	0.460904	0.461624	0.467697	0.467514	0.457961	0.472778	0.467805	0.464763	
840	0.459884	0.474007	0.459115	0.460809	0.466835	0.461579	0.455777	0.472605	0.464129	0.463934	
845	0.463816	0.472580	0.457552	0.462001	0.469976	0.463988	0.457853	0.473369	0.463702	0.465838	
850	0.462495	0.473248	0.457204	0.459528	0.471830	0.467209	0.455363	0.473895	0.459698	0.465949	
855	0.462261	0.474294	0.454891	0.460769	0.472830	0.464376	0.454566	0.472638	0.461920	0.469576	
860	0.460466	0.472467	0.455633	0.459539	0.474160	0.466267	0.459637	0.472343	0.458572	0.467955	
865	0.463692	0.472124	0.457769	0.457512	0.474556	0.466873	0.461808	0.469516	0.457499	0.467499	
870	0.467655	0.474139	0.453763	0.455845	0.471149	0.466782	0.461301	0.470107	0.458886	0.467877	
875	0.472789	0.478010	0.454286	0.455688	0.474062	0.465163	0.463938	0.469103	0.460188	0.467000	
880	0.469902	0.480104	0.452390	0.454275	0.472465	0.463791	0.459751	0.470635	0.460880	0.465914	
885	0.471220	0.476318	0.451312	0.455566	0.471227	0.462552	0.458658	0.469619	0.462333	0.465956	
890	0.467659	0.478147	0.448977	0.456648	0.472477	0.462139	0.457556	0.472186	0.461868	0.463379	
895	0.468521	0.476822	0.451743	0.458014	0.474776	0.465861	0.459455	0.472347	0.461364	0.464144	
900	0.471002	0.476221	0.454555	0.455772	0.472068	0.466305	0.459099	0.475193	0.461878	0.465838	
905	0.465682	0.478663	0.455512	0.455603	0.471008	0.465586	0.460533	0.474878	0.459911	0.465798	
910	0.466223	0.476092	0.455146	0.456532	0.471695	0.463155	0.459441	0.474522	0.461695	0.462803	
915	0.467081	0.476080	0.457900	0.458275	0.468592	0.461197	0.458656	0.474224	0.460289	0.462877	
920	0.466188	0.478197	0.456321	0.458740	0.468774	0.462086	0.459705	0.472767	0.459672	0.459518	
925	0.467927	0.475335	0.455995	0.456699	0.469276	0.462325	0.457015	0.476727	0.461952	0.458613	
930	0.464984	0.473065	0.459727	0.456805	0.474531	0.459272	0.459737	0.476247	0.461094	0.456207	
935	0.466265	0.469278	0.460275	0.454655	0.473817	0.454841	0.465669	0.471099	0.461315	0.451853	
940	0.460210	0.468407	0.460198	0.457600	0.477331	0.455482	0.466482	0.471507	0.464116	0.454515	
945	0.460688	0.470703	0.460781	0.461033	0.474576	0.455969	0.466691	0.472246	0.462733	0.453724	
950	0.462170	0.471600	0.457335	0.457707	0.472737	0.456648	0.467510	0.473721	0.464604	0.453998	
955	0.460153	0.474141	0.457253	0.456724	0.468320	0.458359	0.468486	0.471468	0.463584	0.457289	
960	0.455698	0.472012	0.457954	0.460026	0.467029	0.456955	0.468440	0.472274	0.464130	0.454029	
965	0.455770	0.469680	0.459252	0.463304	0.465166	0.455901	0.464770	0.473183	0.466147	0.452650	
970	0.455658	0.469046	0.460920	0.464603	0.469458	0.453986	0.467801	0.469727	0.463396	0.455337	
975	0.456639	0.471286	0.458093	0.463665	0.472510	0.452664	0.471323	0.467782	0.465690	0.455183	
980	0.455935	0.471553	0.459949	0.462794	0.470163	0.452022	0.472198	0.465126	0.465250	0.453159	
985	0.453920	0.473024	0.463936	0.464363	0.468337	0.453005	0.471245	0.461933	0.469067	0.452150	
990	0.455879	0.472964	0.466804	0.463075	0.466352	0.452645	0.471384	0.457560	0.467178	0.453186	
995	0.455245	0.473286	0.467974	0.462941	0.465824	0.450110	0.473476	0.458180	0.467516	0.454635	
1000	0.454712	0.473569	0.463259	0.461048	0.465721	0.454869	0.475770	0.457135	0.467566	0.453959	
1005	0.457252	0.475482	0.462780	0.461867	0.466681	0.455543	0.477816	0.458936	0.469968	0.453857	
1010	0.456534	0.472848	0.460700	0.458239	0.465851	0.456996	0.478204	0.457434	0.466648	0.455101	
1015	0.455430	0.470197	0.461618	0.459946	0.467063	0.456368	0.474643	0.458517	0.467471	0.456688	
1020	0.452582	0.471195	0.458902	0.461005	0.466359	0.455353	0.473321	0.458629	0.467679	0.457161	
1025	0.455486	0.469920	0.460584	0.461557	0.464955	0.454210	0.473302	0.461150	0.466572	0.459958	
1030	0.458302	0.474572	0.462430	0.458332	0.464077	0.458776	0.474921	0.463467	0.464656	0.462129	
1035	0.456860	0.474312	0.461229	0.459259	0.465440	0.459103	0.474136	0.463433	0.463562	0.462734	
1040	0.457730	0.472228	0.462063	0.462092	0.464030	0.460564	0.476534	0.464237	0.463340	0.463939	
1045	0.460580	0.474325	0.460544	0.457781	0.466201	0.460682	0.472825	0.464547	0.466761	0.467485	
1050	0.459328	0.477756	0.458064	0.459357	0.467220	0.462498	0.472762	0.464771	0.467261	0.465657	
1055	0.456866	0.473568	0.460122	0.458385	0.461704	0.462016	0.469565	0.465616	0.467272	0.469499	
1060	0.453607	0.470946	0.457909	0.456806	0.463863	0.463990	0.469817	0.464272	0.470061	0.464529	
1065	0.455039	0.468224	0.457596	0.458606	0.466096	0.460355	0.469964	0.467289	0.475733	0.465635	
1070	0.458637	0.468964	0.457100	0.458469	0.465696	0.464389	0.468999	0.468703	0.471698	0.465215	
1075	0.459433	0.469299	0.460060	0.459169	0.466000	0.463569	0.471162	0.469326	0.471750	0.466718	
1080	0.454934	0.469480	0.461874	0.457985	0.464111	0.459512	0.469330	0.466732	0.474707	0.467479	
1085	0.456982	0.469271	0.458123	0.457656	0.467992	0.459976	0.469095	0.465019	0.471683	0.465123	
1090	0.460518	0.465912	0.457483	0.458079	0.470000	0.462212	0.469857	0.462115	0.471497	0.463064	
1095	0.459628	0.466157	0.460748	0.460037	0.472423	0.460613	0.467724	0.465222	0.469895	0.462349	
1100	0.460554	0.464070	0.458603	0.458317	0.470174	0.463069	0.472275	0.467983	0.468581	0.461178	
1105	0.459333	0.464925	0.463585	0.458647	0.474497	0.459339	0.469078	0.466829	0.466520	0.460802	
1110	0.456864	0.466409	0.462825	0.456778	0.473284	0.459010	0.467636	0.464494	0.463740	0.463680	
1115	0.460130	0.466748	0.466201	0.456185	0.473265	0.459219	0.466844	0.464554	0.462444	0.460264	
1120	0.459013	0.465659	0.463754	0.459400	0.470201	0.459100	0.464778	0.464407	0.461554	0.462012	
1125	0.456605	0.467886	0.460446	0.458065	0.474036	0.455578	0.465454	0.464847	0.459578	0.459511	
1130	0.459804	0.468902	0.459204	0.460782	0.474419	0.462271	0.460390	0.465443	0.460370	0.457939	
1135	0.460287	0.466483	0.463646	0.461872	0.477413	0.462363	0.461826	0.464348	0.458651	0.458092	
1140	0.461621	0.467057	0.462955	0.463918	0.480987	0.464130	0.463551	0.464201	0.461046	0.457260	
1145	0.460319	0.465850	0.464451	0.459023	0.480318	0.461890	0.460422	0.465059	0.465839	0.457239	
1150	0.461090	0.464800	0.466272	0.460263	0.479778	0.466141	0.459070	0.466814	0.462072	0.455959	
1155	0.457478	0.463635	0.467422	0.466357	0.476176	0.460330	0.462085	0.464549	0.464605	0.457573	
1160	0.456753	0.461554	0.465570	0.466274	0.475223	0.461061	0.461333	0.459214	0.461680	0.455042	
1165	0.455214	0.463814	0.463893	0.460345	0.476403	0.463961	0.460980	0.460628	0.461322	0.458606	
1170	0.458094	0.463101	0.461322	0.458299	0.475418	0.465179	0.461333	0.459448	0.460614	0.453113	
1175	0.456628	0.458992	0.463839	0.459721	0.475936	0.462999	0.460023	0.462235	0.464509	0.456811	
1180	0.456884	0.460456	0.462214	0.458885	0.477426	0.463961	0.460434	0.464001	0.465884	0.459955	
1185	0.458890	0.456391	0.459071	0.460629	0.479496	0.465744	0.465025	0.466228	0.465130	0.463227	
1190	0.462402	0.454478	0.458619	0.457902	0.481043	0.461094	0.466677	0.467755	0.463228	0.465689	
1195	0.463033	0.456829	0.462363	0.459664	0.481585	0.462647	0.467063	0.468858	0.462946	0.466094	
1200	0.466892	0.456708	0.460785	0.461194	0.482361	0.463927	0.467091	0.467398	0.463169	0.468451	
1205	0.470100	0.456696	0.460581	0.463805	0.480370	0.462315	0.469014	0.463499	0.467610	0.466136	
1210	0.472454	0.457893	0.461339	0.459866	0.480462	0.462205	0.469187	0.462393	0.467626	0.468040	
1215	0.469393	0.456366	0.459174	0.458442	0.477891	0.462601	0.467877	0.462413	0.467600	0.470181	
1220	0.470244	0.458123	0.457894	0.461519	0.478861	0.463277	0.465900	0.464225	0.469122	0.470278	
1225	0.468020	0.458791	0.457098	0.460375	0.481534	0.462283	0.464560	0.461507	0.467734	0.470501	
1230	0.467236	0.458014	0.458723	0.462101	0.476162	0.459892	0.463672	0.461752	0.469366	0.473257	
1235	0.467517	0.456861	0.461553	0.462559	0.478485	0.457428	0.465179	0.461000	0.469546	0.473442	
1240	0.468202	0.457842	0.460952	0.463392	0.476698	0.455726	0.465602	0.463345	0.470862	0.468207	
1245	0.465735	0.456092	0.459351	0.459646	0.478856	0.452393	0.462643	0.466139	0.472339	0.467696	
1250	0.462099	0.455472	0.462809	0.458478	0.476588	0.451857	0.464831	0.465532	0.473723	0.467856	
1255	0.467050	0.459085	0.462883	0.457927	0.472854	0.451342	0.466382	0.467354	0.472749	0.468270	
1260	0.468111	0.455136	0.465153	0.453329	0.470779	0.452892	0.464617	0.466927	0.472182	0.468711	
1265	0.467526	0.455466	0.467713	0.450795	0.465290	0.455848	0.466654	0.464294	0.471420	0.469286	
1270	0.470883	0.455821	0.466163	0.451448	0.471428	0.455169	0.465963	0.466303	0.467732	0.466831	
1275	0.468355	0.456499	0.465567	0.452281	0.472398	0.453295	0.464205	0.466572	0.469108	0.465657	
1280	0.470112	0.458286	0.468576	0.454223	0.472454	0.454103	0.463143	0.469180	0.470789	0.464448	
1285	0.472316	0.456730	0.467892	0.452500	0.473970	0.453730	0.459364	0.467590	0.466691	0.465956	
1290	0.469188	0.457974	0.468708	0.456430	0.475246	0.453611	0.458051	0.467394	0.468362	0.466898	
1295	0.469776	0.456385	0.466930	0.459978	0.481723	0.451638	0.462913	0.466902	0.463499	0.467889	
1300	0.473785	0.450717	0.470870	0.461621	0.479204	0.453939	0.462779	0.466958	0.462053	0.469894	
1305	0.472123	0.451055	0.472348	0.461694	0.480814	0.452469	0.460514	0.462492	0.463917	0.469313	
1310	0.470501	0.449253	0.474146	0.455879	0.480708	0.450630	0.462420	0.459807	0.461167	0.470681	
1315	0.467944	0.446094	0.474978	0.457005	0.479205	0.447682	0.461188	0.462583	0.458490	0.470301	
1320	0.466427	0.448651	0.468339	0.459224	0.478894	0.450079	0.464081	0.464607	0.459078	0.469046	
1325	0.465930	0.446126	0.469373	0.459968	0.475957	0.450508	0.464191	0.463746	0.458467	0.472604	
1330	0.465037	0.444404	0.469652	0.458420	0.472632	0.450923	0.463527	0.462255	0.458445	0.465989	
1335	0.465560	0.441649	0.468184	0.459434	0.470563	0.451700	0.461932	0.461946	0.459889	0.468022	
1340	0.463684	0.442743	0.467690	0.460009	0.469600	0.452271	0.460495	0.463794	0.458829	0.469856	
1345	0.461373	0.444637	0.466174	0.457660	0.467309	0.451002	0.459971	0.463266	0.462557	0.469981	
1350	0.459415	0.445205	0.463925	0.456030	0.465749	0.451139	0.461332	0.459463	0.459055	0.470877	
1355	0.458099	0.441920	0.461307	0.456568	0.466495	0.447332	0.464215	0.459915	0.463431	0.473976	
1360	0.460609	0.442827	0.458392	0.458477	0.465940	0.447091	0.464585	0.461706	0.460668	0.469544	
1365	0.462154	0.444118	0.456501	0.457294	0.463927	0.449042	0.464907	0.463947	0.457148	0.471046	
1370	0.461623	0.442847	0.457513	0.458191	0.460719	0.450585	0.464409	0.464194	0.456681	0.469818	
1375	0.461095	0.442959	0.455661	0.453962	0.458961	0.449290	0.463930	0.460595	0.454528	0.472011	
1380	0.459512	0.439131	0.458377	0.460193	0.455947	0.448908	0.460970	0.460765	0.453098	0.469302	
1385	0.455867	0.439557	0.459227	0.460828	0.459549	0.450877	0.464873	0.458672	0.454860	0.470315	
1390	0.459534	0.439309	0.462238	0.459062	0.456703	0.450057	0.466666	0.456620	0.459386	0.470548	
1395	0.460698	0.439343	0.465142	0.458930	0.457328	0.452104	0.468292	0.460465	0.461810	0.473721	
1400	0.462644	0.441443	0.465358	0.458881	0.459532	0.456404	0.465603	0.459307	0.459660	0.472286	
1405	0.462295	0.440931	0.465116	0.456883	0.460414	0.456330	0.463858	0.461688	0.457902	0.471941	
1410	0.461350	0.437706	0.465990	0.460075	0.459689	0.458538	0.464030	0.464791	0.457655	0.472521	
1415	0.458360	0.438833	0.464077	0.457856	0.460025	0.459652	0.466117	0.460989	0.451718	0.472797	
1420	0.457236	0.440148	0.463833	0.458988	0.457269	0.461283	0.466031	0.463478	0.451718	0.475936	
1425	0.454561	0.441165	0.460980	0.458002	0.457466	0.462704	0.467511	0.465058	0.450387	0.476081	
1430	0.453288	0.440536	0.460728	0.457870	0.459694	0.460914	0.469186	0.464363	0.448821	0.476655	
1435	0.451494	0.443146	0.461414	0.459492	0.457687	0.464159	0.466743	0.461633	0.450374	0.477223	
1440	0.451094	0.443183	0.460431	0.458362	0.459065	0.465692	0.463762	0.463388	0.450894	0.474661	
1445	0.454084	0.443311	0.461766	0.458088	0.455249	0.465091	0.464929	0.462872	0.448183	0.477270	
1450	0.454753	0.442382	0.461438	0.461379	0.454679	0.464261	0.467521	0.464115	0.450118	0.473495	
1455	0.457435	0.438403	0.465385	0.460143	0.453066	0.461983	0.467590	0.462110	0.449340	0.476608	
1460	0.457351	0.439033	0.465982	0.459293	0.450587	0.465042	0.468109	0.462347	0.451026	0.478273	
1465	0.458631	0.442918	0.467976	0.464991	0.450160	0.460986	0.471702	0.461275	0.454844	0.473016	
1470	0.460708	0.441811	0.466218	0.463311	0.452807	0.459249	0.472967	0.463946	0.454332	0.472429	
1475	0.457631	0.442819	0.467413	0.463215	0.452437	0.458459	0.474089	0.463276	0.454079	0.470078	
1480	0.458335	0.441772	0.468229	0.464650	0.452070	0.457520	0.473312	0.464717	0.450841	0.468023	
1485	0.461957	0.441594	0.470522	0.464253	0.450642	0.456709	0.468033	0.465497	0.455828	0.468939	
1490	0.459915	0.441645	0.474209	0.469404	0.450931	0.452972	0.465955	0.468792	0.454239	0.464605	
1495	0.461802	0.441844	0.476736	0.466828	0.449769	0.454256	0.466357	0.467400	0.452223	0.467198	
1500	0.462664	0.444225	0.477740	0.467506	0.451498	0.455359	0.468640	0.467702	0.455867	0.466000	
1505	0.460954	0.441138	0.477735	0.470799	0.453174	0.455806	0.468058	0.466068	0.456180	0.464520	
1510	0.459322	0.439319	0.476769	0.472598	0.456422	0.456939	0.464715	0.467048	0.452925	0.468744	
1515	0.462551	0.440788	0.478158	0.471534	0.454710	0.456302	0.463609	0.465372	0.451095	0.470553	
1520	0.463429	0.441739	0.477689	0.470769	0.453952	0.456589	0.461656	0.465562	0.453431	0.470273	
1525	0.462503	0.444835	0.476865	0.471724	0.454596	0.453604	0.459330	0.467726	0.454861	0.467795	
1530	0.463603	0.445675	0.475604	0.472176	0.456074	0.453820	0.461248	0.466021	0.456019	0.464023	
1535	0.462719	0.446109	0.474851	0.471022	0.455551	0.454524	0.461855	0.465997	0.459103	0.464092	
1540	0.463771	0.447194	0.474737	0.468421	0.453290	0.455846	0.461629	0.468667	0.458745	0.466174	
1545	0.462683	0.446293	0.474965	0.469169	0.455263	0.454391	0.463122	0.465309	0.461409	0.464008	
1550	0.461732	0.446479	0.475833	0.471099	0.452773	0.453564	0.463744	0.465707	0.462381	0.465123	
1555	0.460635	0.447265	0.474987	0.467594	0.453225	0.455257	0.464260	0.462854	0.463810	0.464541	
1560	0.458838	0.448682	0.473805	0.461978	0.450838	0.451567	0.463586	0.463519	0.462509	0.465234	
1565	0.458718	0.449139	0.468282	0.460350	0.450507	0.452669	0.465245	0.463358	0.457885	0.464520	
1570	0.459753	0.451987	0.469752	0.462645	0.452438	0.452355	0.469067	0.461964	0.458880	0.466900	
1575	0.461135	0.452883	0.470973	0.461560	0.451499	0.458339	0.467061	0.461956	0.457627	0.467023	
1580	0.461940	0.451223	0.467366	0.458087	0.451225	0.459379	0.468369	0.461039	0.456077	0.468431	
1585	0.460388	0.449880	0.464303	0.459478	0.451393	0.460120	0.471545	0.460026	0.453635	0.467930	
1590	0.463185	0.446657	0.462290	0.459526	0.448233	0.458127	0.468847	0.457616	0.452653	0.467110	
1595	0.464955	0.446794	0.460668	0.458940	0.447097	0.458029	0.470438	0.458322	0.451866	0.464476	
1600	0.462746	0.447190	0.457691	0.459497	0.441945	0.458681	0.467735	0.455306	0.451038	0.466757	
1605	0.461883	0.446591	0.456897	0.463083	0.445757	0.463446	0.470132	0.455663	0.451014	0.468328	
1610	0.467160	0.443975	0.457967	0.466843	0.446727	0.462516	0.471243	0.459333	0.454125	0.465629	
1615	0.463719	0.441661	0.459235	0.468228	0.445466	0.461539	0.472357	0.458440	0.455129	0.465754	
1620	0.461268	0.440431	0.456926	0.469453	0.444867	0.458903	0.470558	0.458456	0.455721	0.466886	
1625	0.462362	0.439668	0.458613	0.465679	0.447140	0.461120	0.468003	0.458640	0.454345	0.469869	
1630	0.457687	0.441001	0.457321	0.465941	0.451033	0.459609	0.466817	0.460241	0.451429	0.467037	
1635	0.457562	0.445175	0.454559	0.466373	0.451774	0.458795	0.468682	0.458425	0.449532	0.468377	
1640	0.454928	0.443462	0.453837	0.464411	0.451473	0.459939	0.468674	0.456978	0.451814	0.467748	
1645	0.453085	0.445410	0.452409	0.460523	0.457011	0.460775	0.469034	0.457980	0.451346	0.468613	
1650	0.450628	0.446589	0.450201	0.460301	0.455146	0.461359	0.466852	0.457299	0.454096	0.467580	
1655	0.451670	0.448147	0.449846	0.457735	0.453316	0.461656	0.467063	0.457431	0.454021	0.465798	
1660	0.455007	0.448530	0.449810	0.459564	0.451620	0.461423	0.467477	0.454444	0.451020	0.465533	
1665	0.454965	0.448479	0.448471	0.459483	0.449730	0.459367	0.468443	0.455949	0.453352	0.464808	
1670	0.454770	0.445521	0.448669	0.456449	0.446433	0.455986	0.465444	0.457367	0.454160	0.462485	
1675	0.458618	0.448426	0.445068	0.458517	0.447353	0.457043	0.466475	0.460415	0.458115	0.463976	
1680	0.459618	0.450472	0.447294	0.458499	0.447192	0.456504	0.467030	0.461488	0.458897	0.460832	
1685	0.458061	0.451395	0.449456	0.463532	0.447756	0.457258	0.465844	0.458223	0.459780	0.459210	
1690	0.456321	0.453000	0.452362	0.464533	0.449374	0.461097	0.463722	0.459206	0.460244	0.462392	
1695	0.459172	0.454667	0.451089	0.461648	0.446076	0.465234	0.464643	0.453797	0.457591	0.459433	
1700	0.460077	0.457558	0.448261	0.460325	0.445126	0.469022	0.467305	0.455135	0.457396	0.460671	
1705	0.459311	0.458795	0.449405	0.460775	0.447481	0.470591	0.465583	0.454462	0.459358	0.459579	
1710	0.455307	0.456859	0.448856	0.462093	0.450149	0.470214	0.464167	0.455734	0.462778	0.461474	
1715	0.457282	0.454955	0.452213	0.467266	0.450789	0.469857	0.466017	0.459491	0.463306	0.463818	
1720	0.457237	0.456803	0.448834	0.465751	0.447827	0.473873	0.466506	0.458984	0.463692	0.465449	
1725	0.457183	0.452233	0.452266	0.465338	0.450018	0.476049	0.466426	0.457470	0.461460	0.465959	
1730	0.459665	0.450886	0.452790	0.466710	0.449113	0.473791	0.465611	0.453980	0.465502	0.468913	
1735	0.460448	0.451420	0.455270	0.468512	0.451074	0.472387	0.464647	0.456976	0.464431	0.468110	
1740	0.462476	0.453167	0.454765	0.465925	0.452920	0.466449	0.463938	0.460827	0.464903	0.465102	
1745	0.464002	0.454735	0.453369	0.467364	0.454915	0.463401	0.463313	0.459837	0.464196	0.464806	
1750	0.463594	0.453956	0.454113	0.469643	0.456045	0.462065	0.460257	0.457555	0.463679	0.464928	
1755	0.464242	0.456506	0.451591	0.473200	0.456660	0.463766	0.462444	0.459436	0.460249	0.465321	
1760	0.463882	0.455538	0.451072	0.472877	0.455365	0.461005	0.461533	0.456595	0.461396	0.464884	
1765	0.462382	0.456264	0.449357	0.471783	0.451934	0.460169	0.462505	0.457261	0.462706	0.467590	
1770	0.461966	0.454551	0.445335	0.469850	0.451752	0.462603	0.461354	0.457987	0.466772	0.467606	
1775	0.459800	0.455712	0.447884	0.471074	0.450392	0.462505	0.459638	0.457204	0.469311	0.468116	
1780	0.463675	0.454503	0.449990	0.470225	0.448511	0.461141	0.457694	0.456028	0.465170	0.466944	
1785	0.463861	0.452752	0.450705	0.471163	0.449110	0.468644	0.459382	0.459033	0.463797	0.468776	
1790	0.465460	0.454778	0.452288	0.471973	0.445386	0.468510	0.459310	0.459016	0.461579	0.469485	
1795	0.470230	0.454692	0.451610	0.468596	0.450112	0.467556	0.462755	0.458541	0.462273	0.470785	
1800	0.469981	0.454738	0.452714	0.465157	0.449476	0.467551	0.458522	0.456652	0.463354	0.468073	
1805	0.473117	0.448275	0.455289	0.467915	0.454096	0.465259	0.454349	0.452969	0.462949	0.467934	
1810	0.472676	0.447486	0.459574	0.467000	0.455998	0.466841	0.456257	0.452792	0.463151	0.467472	
1815	0.475475	0.454269	0.459141	0.462114	0.456876	0.464389	0.456322	0.451513	0.460587	0.466177	
1820	0.474363	0.452092	0.459113	0.463570	0.456395	0.463383	0.456957	0.451731	0.458477	0.463678	
1825	0.473065	0.449023	0.461164	0.462665	0.457368	0.461331	0.453325	0.453117	0.458779	0.466442	
1830	0.474125	0.453160	0.459741	0.463755	0.456995	0.465840	0.456696	0.455376	0.461414	0.463917	
1835	0.473755	0.449967	0.458380	0.466140	0.457776	0.469940	0.459404	0.453953	0.459411	0.464409	
1840	0.475142	0.452856	0.456305	0.466567	0.455808	0.469526	0.459257	0.454449	0.457987	0.467663	
1845	0.475276	0.451406	0.458240	0.467185	0.456258	0.469190	0.458394	0.456140	0.459299	0.466850	
1850	0.478139	0.449329	0.457588	0.464467	0.456433	0.469351	0.455474	0.455880	0.454496	0.466169	
1855	0.476724	0.447140	0.461871	0.462445	0.455166	0.470247	0.455968	0.453770	0.452235	0.464885	
1860	0.478364	0.450349	0.463860	0.464023	0.460608	0.468710	0.457760	0.453209	0.452687	0.461619	
1865	0.476657	0.454442	0.461139	0.462609	0.459283	0.466005	0.460873	0.454428	0.455061	0.460524	
1870	0.474850	0.456572	0.461523	0.461902	0.459103	0.466741	0.459488	0.454346	0.456484	0.461349	
1875	0.473396	0.455852	0.463845	0.460844	0.459995	0.468721	0.460678	0.454981	0.455344	0.459403	
1880	0.474836	0.459049	0.465971	0.458846	0.463549	0.469728	0.459476	0.454576	0.455239	0.456572	
1885	0.475844	0.462644	0.466635	0.465484	0.462929	0.466502	0.457365	0.454187	0.455093	0.456590	
1890	0.473352	0.464253	0.467261	0.464110	0.462798	0.471755	0.458685	0.451855	0.457782	0.453936	
1895	0.473161	0.465331	0.467458	0.466889	0.461715	0.468954	0.458398	0.452335	0.456226	0.454487	
1900	0.466234	0.472419	0.467874	0.466968	0.460703	0.469435	0.456071	0.451650	0.457564	0.452867	
1905	0.463540	0.471443	0.470190	0.467397	0.463487	0.469757	0.457345	0.454331	0.455421	0.454921	
1910	0.466748	0.470731	0.470599	0.468613	0.464370	0.466873	0.455531	0.454517	0.456331	0.454482	
1915	0.466288	0.463284	0.468180	0.468172	0.463335	0.466075	0.454843	0.453854	0.451721	0.450532	
1920	0.467486	0.461523	0.467753	0.465999	0.460531	0.466177	0.457016	0.453230	0.452575	0.447117	
1925	0.471077	0.464704	0.468200	0.467234	0.462231	0.462239	0.454512	0.453240	0.451711	0.448286	
1930	0.471180	0.462415	0.468851	0.468657	0.462361	0.461573	0.453379	0.452022	0.451280	0.452432	
1935	0.466732	0.462693	0.467805	0.467134	0.464505	0.462068	0.452885	0.454171	0.452231	0.453086	
1940	0.464454	0.463078	0.465381	0.465734	0.464825	0.457773	0.455847	0.452794	0.452240	0.455592	
1945	0.462945	0.467047	0.465901	0.467559	0.464606	0.458798	0.453227	0.452304	0.454351	0.454033	
1950	0.461385	0.466869	0.467467	0.466601	0.471137	0.461898	0.452239	0.453884	0.455484	0.455640	
1955	0.460515	0.462841	0.463667	0.466451	0.473989	0.462585	0.453771	0.453490	0.455863	0.456822	
1960	0.463381	0.465556	0.463089	0.467995	0.474550	0.462644	0.453960	0.454775	0.457782	0.455556	
1965	0.463506	0.462072	0.463067	0.469847	0.472569	0.461654	0.453364	0.455117	0.458196	0.452322	
1970	0.464072	0.462919	0.463012	0.470485	0.469052	0.463309	0.454589	0.456456	0.457679	0.452676	
1975	0.462681	0.464210	0.463962	0.468337	0.470634	0.461734	0.452513	0.456669	0.455931	0.454375	
1980	0.463958	0.470005	0.466243	0.469405	0.476166	0.462755	0.455134	0.457769	0.455822	0.453176	
1985	0.459327	0.466890	0.467320	0.465787	0.473086	0.464942	0.456369	0.456841	0.458521	0.452932	
1990	0.458399	0.467963	0.466654	0.465918	0.475185	0.461226	0.456495	0.458302	0.458733	0.456406	
1995	0.457583	0.469451	0.465366	0.463909	0.471786	0.460386	0.453976	0.459302	0.459847	0.458176	
2000	0.457039	0.470308	0.464223	0.464497	0.474897	0.461196	0.453692	0.456485	0.459406	0.456119	
2005	0.455777	0.471433	0.465235	0.465582	0.470137	0.463123	0.455873	0.459261	0.459886	0.453835	
2010	0.455969	0.472666	0.469973	0.467032	0.469329	0.464015	0.455942	0.462005	0.462813	0.452890	
2015	0.449321	0.472717	0.474117	0.469621	0.471295	0.463196	0.457321	0.461130	0.463209	0.454394	
2020	0.448398	0.469717	0.474988	0.465950	0.472125	0.460047	0.454805	0.457826	0.462683	0.454654	
2025	0.447827	0.471915	0.472460	0.461029	0.467547	0.463111	0.457033	0.457220	0.462382	0.454098	
2030	0.453311	0.471122	0.469911	0.462161	0.467104	0.465770	0.457640	0.455541	0.460077	0.451321	
2035	0.452096	0.471365	0.466987	0.458096	0.466590	0.467199	0.459269	0.457061	0.463740	0.451122	
2040	0.457783	0.472503	0.465426	0.456664	0.464115	0.468803	0.458305	0.459131	0.460826	0.448646	
2045	0.452601	0.469214	0.461397	0.452950	0.463218	0.470458	0.456383	0.457680	0.458273	0.449340	
2050	0.451240	0.470495	0.461763	0.453776	0.464749	0.472643	0.458066	0.456307	0.461937	0.448090	
2055	0.448244	0.470717	0.463354	0.451473	0.467291	0.473411	0.458082	0.460241	0.462817	0.447088	
2060	0.450163	0.471915	0.461277	0.453400	0.470436	0.470154	0.457797	0.461338	0.462357	0.444355	
2065	0.449333	0.472593	0.461918	0.451634	0.474599	0.468975	0.459497	0.461431	0.459228	0.445240	
2070	0.448099	0.474254	0.460687	0.449484	0.478211	0.468395	0.458126	0.462140	0.461230	0.449255	
2075	0.450959	0.477774	0.461927	0.452200	0.478029	0.467741	0.456712	0.459692	0.462777	0.453064	
2080	0.450701	0.478745	0.460882	0.452401	0.475782	0.465130	0.458785	0.460040	0.458134	0.453314	
2085	0.452037	0.477504	0.460834	0.452760	0.475504	0.466450	0.456806	0.463277	0.458481	0.453404	
2090	0.452447	0.477814	0.458095	0.452957	0.474897	0.468694	0.458232	0.463169	0.459269	0.452219	
2095	0.453586	0.476097	0.459907	0.457237	0.474997	0.469764	0.461705	0.457558	0.461707	0.452697	
2100	0.452812	0.475172	0.462562	0.456658	0.472827	0.469340	0.459938	0.456834	0.459035	0.455711	
2105	0.453855	0.476703	0.466408	0.456269	0.471500	0.471912	0.461830	0.460339	0.459094	0.454205	
2110	0.456309	0.475740	0.466111	0.457292	0.472654	0.475763	0.463090	0.458031	0.456914	0.453748	
2115	0.454083	0.478518	0.463874	0.457928	0.471861	0.476672	0.460869	0.456783	0.459307	0.455601	
2120	0.456102	0.476954	0.464559	0.459393	0.471041	0.476437	0.460571	0.458143	0.458749	0.460292	
2125	0.457607	0.476838	0.464191	0.460026	0.464585	0.474903	0.460050	0.456820	0.459492	0.461352	
2130	0.461570	0.477799	0.461809	0.459000	0.463145	0.474580	0.460267	0.457637	0.457612	0.462041	
2135	0.459866	0.479133	0.457578	0.459549	0.464762	0.475613	0.461531	0.461553	0.455542	0.463181	
2140	0.461878	0.472445	0.459042	0.459618	0.461956	0.474491	0.460636	0.462832	0.457305	0.463947	
2145	0.455209	0.476170	0.458892	0.458450	0.459671	0.469554	0.462098	0.464846	0.455457	0.463661	
2150	0.459535	0.475966	0.459414	0.458262	0.463461	0.471823	0.460000	0.465412	0.455857	0.463840	
2155	0.459732	0.477456	0.458021	0.460806	0.463302	0.472974	0.459991	0.464153	0.456463	0.463054	
2160	0.464092	0.475738	0.456557	0.461256	0.464605	0.473160	0.453672	0.461031	0.456517	0.464931	
2165	0.469013	0.476452	0.456761	0.458762	0.461296	0.475722	0.449811	0.460410	0.456431	0.465226	
2170	0.470478	0.476510	0.457736	0.464537	0.458252	0.475920	0.448464	0.459727	0.456262	0.463003	
2175	0.470261	0.475936	0.455686	0.468532	0.457118	0.474759	0.446434	0.459254	0.457194	0.460684	
2180	0.470547	0.476163	0.453723	0.468563	0.454533	0.474341	0.448802	0.460000	0.458682	0.458222	
2185	0.466079	0.474337	0.454994	0.468246	0.454852	0.475661	0.450168	0.460144	0.461220	0.457053	
2190	0.469970	0.474268	0.459475	0.467092	0.454782	0.474023	0.452593	0.457143	0.461672	0.458904	
2195	0.469574	0.473207	0.459044	0.469015	0.452563	0.473713	0.450992	0.455140	0.463166	0.454401	
2200	0.468115	0.474388	0.454825	0.468854	0.453953	0.471776	0.451355	0.456070	0.463655	0.458725	
2205	0.468078	0.476143	0.457991	0.472062	0.455279	0.467144	0.451666	0.455501	0.461198	0.458168	
2210	0.467715	0.473676	0.455635	0.474286	0.457178	0.468654	0.455682	0.450565	0.462478	0.460361	
2215	0.465429	0.473804	0.456962	0.478160	0.456371	0.469583	0.453864	0.454961	0.460913	0.457025	
2220	0.467514	0.470222	0.457678	0.476105	0.461760	0.466892	0.455029	0.456274	0.461559	0.456180	
2225	0.466393	0.471276	0.459373	0.476092	0.461752	0.464168	0.454376	0.458043	0.462789	0.456430	
2230	0.465421	0.472440	0.454130	0.474764	0.458812	0.466658	0.453899	0.457096	0.467573	0.453385	
2235	0.468027	0.468067	0.454431	0.475965	0.464348	0.468679	0.453878	0.456791	0.467622	0.454645	
2240	0.468878	0.469276	0.453415	0.479966	0.468493	0.467733	0.452497	0.455003	0.468674	0.456975	
2245	0.470616	0.468272	0.455171	0.479225	0.467386	0.465029	0.452359	0.456731	0.466327	0.456824	
2250	0.470234	0.472053	0.454365	0.475700	0.465204	0.462962	0.452316	0.461228	0.466415	0.460254	
2255	0.471849	0.474792	0.457789	0.478797	0.463260	0.459370	0.453981	0.461230	0.463411	0.457527	
2260	0.469836	0.469825	0.455182	0.479179	0.463176	0.461357	0.451087	0.457600	0.461377	0.450428	
2265	0.471609	0.470031	0.456022	0.479163	0.464298	0.462547	0.453181	0.454361	0.461160	0.454855	
2270	0.467679	0.472301	0.461279	0.476803	0.463920	0.465151	0.454923	0.456798	0.460606	0.459283	
2275	0.464306	0.474357	0.460278	0.480390	0.463248	0.462744	0.455719	0.458798	0.463189	0.462287	
2280	0.462465	0.474686	0.460891	0.479828	0.462035	0.458727	0.456741	0.464252	0.462358	0.465561	
2285	0.459314	0.476846	0.460305	0.480224	0.464868	0.458215	0.456647	0.465086	0.462767	0.461841	
2290	0.458667	0.474675	0.464541	0.483369	0.464013	0.457811	0.455177	0.466387	0.461938	0.462590	
2295	0.456536	0.471443	0.463504	0.486779	0.462496	0.455604	0.455332	0.465957	0.462885	0.460161	
2300	0.458612	0.473049	0.460364	0.485401	0.457756	0.454558	0.455246	0.464773	0.462454	0.460249	
2305	0.459007	0.474209	0.461298	0.485322	0.456699	0.452527	0.456968	0.465769	0.461950	0.460551	
2310	0.460371	0.473902	0.460100	0.485643	0.457373	0.452242	0.457601	0.464524	0.463069	0.459535	
2315	0.460265	0.474214	0.459630	0.485061	0.455560	0.454989	0.460245	0.465963	0.460241	0.460071	
2320	0.457763	0.475833	0.459043	0.484136	0.454596	0.455327	0.461029	0.465843	0.464190	0.457684	
2325	0.457284	0.472850	0.457658	0.484455	0.453830	0.455194	0.458905	0.465531	0.464555	0.454866	
2330	0.454904	0.477196	0.459428	0.483293	0.455688	0.452965	0.460534	0.465336	0.459464	0.452468	
2335	0.457012	0.476096	0.464624	0.481457	0.454443	0.454388	0.462390	0.465105	0.458320	0.451404	
2340	0.456262	0.477897	0.465762	0.483675	0.451735	0.452744	0.459791	0.468464	0.455233	0.451616	
2345	0.458857	0.477861	0.466143	0.482373	0.454181	0.456501	0.461199	0.468608	0.453926	0.455441	
2350	0.461456	0.480872	0.466823	0.482745	0.456356	0.459186	0.459224	0.469423	0.450964	0.454590	
2355	0.463731	0.483872	0.464987	0.485411	0.453674	0.460262	0.460004	0.471645	0.450974	0.453967	
2360	0.465816	0.480696	0.460695	0.484397	0.452492	0.459696	0.462428	0.470258	0.453534	0.453651	
2365	0.465445	0.481429	0.462165	0.480259	0.450318	0.458694	0.463506	0.471568	0.455809	0.454201	
2370	0.464967	0.478650	0.462595	0.480210	0.453773	0.464390	0.460804	0.466329	0.454954	0.458618	
2375	0.465702	0.475557	0.462297	0.479595	0.455513	0.462363	0.462904	0.466598	0.453142	0.455459	
2380	0.463001	0.476826	0.460163	0.478307	0.455666	0.460613	0.460728	0.467496	0.454190	0.456075	
2385	0.465674	0.479002	0.460947	0.480092	0.455745	0.460944	0.459688	0.467691	0.455439	0.454546	
2390	0.467918	0.481349	0.464140	0.480198	0.450435	0.457105	0.458081	0.464659	0.454950	0.452560	
2395	0.469204	0.476967	0.466697	0.481980	0.453635	0.456944	0.457649	0.463172	0.453055	0.453004	
2400	0.464874	0.474197	0.465969	0.480606	0.456807	0.456180	0.456160	0.465310	0.452076	0.455535	
2405	0.464031	0.476830	0.466028	0.482321	0.452805	0.456264	0.455709	0.469745	0.452229	0.460785	
2410	0.463409	0.474255	0.462166	0.480201	0.455370	0.458909	0.456593	0.471520	0.456685	0.460133	
2415	0.459910	0.471641	0.462504	0.477475	0.453131	0.453970	0.454905	0.472708	0.457838	0.463320	
2420	0.463338	0.472000	0.463021	0.479470	0.453286	0.457771	0.452861	0.471350	0.460770	0.464399	
2425	0.461181	0.476152	0.464618	0.480448	0.457084	0.460020	0.457326	0.470730	0.461482	0.461602	
2430	0.462152	0.475291	0.467172	0.477155	0.458070	0.457690	0.458826	0.468206	0.461499	0.462730	
2435	0.463324	0.478824	0.464706	0.477362	0.458149	0.461714	0.462170	0.468984	0.461173	0.464199	
2440	0.463315	0.476832	0.461813	0.478920	0.459364	0.465079	0.462160	0.469043	0.463349	0.464851	
2445	0.460599	0.478039	0.459577	0.475561	0.456473	0.462358	0.459832	0.465550	0.462173	0.465152	
2450	0.459469	0.479900	0.459815	0.477263	0.454132	0.465737	0.462421	0.462878	0.461193	0.461983	
2455	0.462937	0.475428	0.462744	0.472112	0.456034	0.465540	0.463853	0.463596	0.461315	0.461875	
2460	0.462739	0.474372	0.466935	0.472054	0.456209	0.460040	0.462753	0.463171	0.460799	0.462693	
2465	0.465131	0.474669	0.463514	0.468321	0.455663	0.460453	0.463622	0.465256	0.458239	0.458098	
2470	0.464059	0.475114	0.462195	0.468411	0.455713	0.454018	0.464345	0.465909	0.461670	0.457889	
2475	0.465573	0.478559	0.462192	0.469468	0.453578	0.455003	0.464354	0.463821	0.458018	0.452238	
2480	0.463430	0.476157	0.464656	0.468622	0.452560	0.458073	0.464254	0.463729	0.458596	0.450251	
2485	0.461554	0.476645	0.465133	0.469372	0.450566	0.457680	0.465160	0.464090	0.462457	0.450591	
2490	0.460249	0.476161	0.462204	0.466875	0.450275	0.455960	0.467027	0.466962	0.459922	0.449306	
2495	0.460103	0.477321	0.462205	0.465375	0.451816	0.453891	0.466758	0.468112	0.460421	0.449591	
2500	0.460210	0.476664	0.460586	0.465678	0.451870	0.453628	0.467731	0.466911	0.461519	0.451320	
2505	0.460917	0.472707	0.462368	0.462530	0.454479	0.454579	0.465389	0.470257	0.456458	0.453817	
2510	0.462400	0.469707	0.463586	0.458884	0.455934	0.454481	0.467113	0.470338	0.456633	0.451146	
2515	0.459170	0.467570	0.465074	0.460799	0.453082	0.451952	0.467867	0.469022	0.455064	0.454330	
2520	0.457446	0.465332	0.464763	0.457926	0.451480	0.453912	0.464349	0.467353	0.457460	0.456959	
2525	0.458395	0.466661	0.465759	0.462579	0.451442	0.453016	0.460629	0.464448	0.460006	0.454651	
2530	0.460764	0.467607	0.464564	0.462836	0.452345	0.452777	0.459073	0.464120	0.460453	0.455445	
2535	0.463585	0.468674	0.466381	0.464636	0.451773	0.451873	0.459584	0.462994	0.459366	0.458693	
2540	0.462058	0.465228	0.460022	0.462766	0.455113	0.452516	0.460103	0.464493	0.456595	0.460344	
2545	0.462007	0.464634	0.460004	0.462645	0.455755	0.450026	0.463927	0.466508	0.454382	0.463448	
2550	0.462496	0.464236	0.457499	0.466401	0.460359	0.447616	0.465844	0.467461	0.453283	0.464428	
2555	0.465176	0.464875	0.455950	0.468276	0.457001	0.446442	0.465282	0.467876	0.453875	0.464923	
2560	0.466983	0.467131	0.458229	0.469533	0.454397	0.444528	0.465627	0.468035	0.451822	0.464616	
2565	0.466517	0.466075	0.460183	0.470716	0.456313	0.445361	0.469782	0.470581	0.451276	0.465424	
2570	0.459666	0.464667	0.459956	0.471190	0.456948	0.447755	0.465025	0.468553	0.453605	0.462014	
2575	0.457272	0.462038	0.462073	0.472437	0.455833	0.446556	0.464899	0.469831	0.450537	0.462320	
2580	0.458376	0.461789	0.464618	0.468724	0.458236	0.446346	0.463988	0.470602	0.447933	0.460333	
2585	0.460441	0.458603	0.461407	0.468324	0.456368	0.445710	0.466575	0.470331	0.448644	0.464006	
2590	0.459332	0.457225	0.459909	0.465629	0.459219	0.444700	0.464120	0.468055	0.450394	0.464899	
2595	0.457776	0.460452	0.458921	0.463811	0.457717	0.445507	0.464008	0.464079	0.451883	0.463044	
2600	0.455853	0.457294	0.457493	0.462482	0.459325	0.447427	0.462512	0.467096	0.451033	0.464742	
2605	0.452803	0.456661	0.455996	0.465830	0.457894	0.450411	0.459876	0.464396	0.452118	0.463537	
2610	0.455338	0.457353	0.456514	0.468124	0.461288	0.451876	0.457398	0.463458	0.449859	0.464976	
2615	0.452069	0.455458	0.456357	0.470772	0.465555	0.450884	0.458227	0.460130	0.449541	0.459413	
2620	0.452577	0.458096	0.458946	0.471939	0.460740	0.455210	0.459067	0.459600	0.452644	0.462705	
2625	0.453739	0.457909	0.454377	0.471501	0.462754	0.459091	0.455091	0.460766	0.452406	0.461633	
2630	0.452663	0.458965	0.457707	0.474159	0.462795	0.458161	0.451351	0.458857	0.455279	0.464315	
2635	0.451881	0.460349	0.456383	0.475149	0.462655	0.456714	0.451220	0.459777	0.457467	0.462301	
2640	0.452979	0.458544	0.453537	0.473531	0.460559	0.456338	0.452269	0.464974	0.458593	0.465090	
2645	0.453667	0.460210	0.457906	0.471082	0.462665	0.455530	0.452392	0.466129	0.454249	0.464834	
2650	0.454279	0.461738	0.458861	0.470667	0.462773	0.454025	0.454030	0.465449	0.455949	0.464883	
2655	0.454616	0.462633	0.457937	0.473381	0.461469	0.457982	0.454581	0.458297	0.454386	0.467038	
2660	0.451354	0.461032	0.456754	0.473823	0.463183	0.460913	0.451429	0.458434	0.452792	0.466490	
2665	0.449548	0.465592	0.456971	0.470677	0.465948	0.459967	0.452641	0.458600	0.453386	0.469335	
2670	0.449028	0.466145	0.458682	0.476602	0.465173	0.459498	0.453057	0.455704	0.450398	0.468661	
2675	0.448056	0.470573	0.460573	0.477204	0.463547	0.460169	0.455294	0.455035	0.449956	0.468049	
2680	0.447269	0.472563	0.461316	0.479402	0.462810	0.457405	0.454581	0.455734	0.452005	0.465304	
2685	0.449521	0.475787	0.462778	0.476480	0.466636	0.459149	0.453287	0.457897	0.454878	0.467066	
2690	0.450931	0.474868	0.466213	0.471691	0.466487	0.457096	0.454539	0.455056	0.459231	0.466684	
2695	0.455147	0.476013	0.466158	0.469589	0.467733	0.456133	0.456601	0.456304	0.456250	0.464620	
2700	0.452596	0.474587	0.469435	0.471961	0.466632	0.455314	0.459435	0.454019	0.456101	0.468728	
2705	0.454843	0.474379	0.471074	0.470332	0.465057	0.455661	0.458030	0.455641	0.457787	0.465531	
2710	0.457696	0.472365	0.467463	0.467186	0.462681	0.455830	0.461197	0.455883	0.459270	0.467273	
2715	0.456329	0.472089	0.465952	0.468868	0.466004	0.454346	0.462273	0.455321	0.459023	0.464289	
2720	0.456899	0.475740	0.462092	0.466246	0.465272	0.452484	0.463442	0.457834	0.458761	0.465271	
2725	0.457904	0.477120	0.462630	0.465079	0.462314	0.451760	0.460283	0.460130	0.457727	0.465896	
2730	0.459295	0.477422	0.465743	0.463016	0.461522	0.451318	0.456789	0.463289	0.457199	0.463073	
2735	0.460580	0.476703	0.464006	0.458825	0.465170	0.450296	0.459682	0.462408	0.456712	0.464112	
2740	0.462920	0.471162	0.462195	0.458922	0.467188	0.447215	0.463061	0.459847	0.457645	0.467057	
2745	0.464723	0.470927	0.462062	0.458697	0.470624	0.450900	0.465431	0.461970	0.455539	0.466077	
2750	0.464186	0.469434	0.462647	0.456200	0.471554	0.449614	0.464462	0.462935	0.454903	0.462178	
2755	0.465914	0.471882	0.462217	0.456625	0.471685	0.450176	0.466286	0.458304	0.460283	0.460179	
2760	0.465025	0.472201	0.467240	0.452382	0.471138	0.451766	0.461330	0.455825	0.460615	0.459406	
2765	0.465854	0.471682	0.465372	0.448463	0.468942	0.450157	0.461283	0.456452	0.458963	0.460946	
2770	0.463729	0.473982	0.463867	0.449199	0.468103	0.452275	0.465712	0.453854	0.460704	0.459194	
2775	0.461885	0.475437	0.461439	0.449388	0.470041	0.452129	0.460138	0.454865	0.460218	0.457091	
2780	0.459153	0.471594	0.462568	0.451544	0.468402	0.452958	0.461814	0.452463	0.458077	0.458016	
2785	0.461718	0.466761	0.460940	0.456367	0.466974	0.450722	0.461504	0.449799	0.459705	0.455089	
2790	0.465146	0.465528	0.463585	0.456003	0.469322	0.450142	0.459967	0.448032	0.457395	0.458393	
2795	0.462573	0.468003	0.463332	0.455028	0.470194	0.452046	0.456035	0.448357	0.458351	0.465048	
2800	0.463754	0.470952	0.464524	0.453896	0.469045	0.449360	0.457644	0.449497	0.452480	0.467031	
2805	0.464923	0.470401	0.464184	0.453417	0.467701	0.448878	0.457151	0.451614	0.455675	0.464471	
2810	0.464468	0.468375	0.462125	0.451922	0.469956	0.448429	0.457020	0.449842	0.455266	0.461175	
2815	0.464824	0.467464	0.463506	0.453489	0.468488	0.451000	0.454263	0.450935	0.456303	0.458977	
2820	0.466051	0.467338	0.466869	0.451882	0.467160	0.450506	0.453244	0.451985	0.455986	0.464696	
2825	0.461935	0.466193	0.467245	0.449545	0.472032	0.450219	0.454242	0.450687	0.454712	0.460859	
2830	0.461330	0.466712	0.465912	0.451490	0.469684	0.452793	0.455033	0.449565	0.455207	0.462190	
2835	0.460664	0.469737	0.463101	0.453725	0.472259	0.449938	0.457463	0.450739	0.457251	0.460625	
2840	0.459267	0.469442	0.460516	0.451774	0.472715	0.450274	0.459476	0.450621	0.453255	0.462411	
2845	0.462144	0.471359	0.463011	0.453432	0.470502	0.451781	0.457337	0.447406	0.451878	0.462770	
2850	0.460911	0.472094	0.466777	0.455610	0.472420	0.450593	0.457077	0.449858	0.452438	0.461927	
2855	0.459584	0.469241	0.470426	0.453859	0.475423	0.449967	0.458282	0.450593	0.455089	0.462147	
2860	0.458029	0.470197	0.471596	0.455396	0.470859	0.452376	0.458473	0.449003	0.456736	0.466460	
2865	0.459933	0.469394	0.470356	0.455274	0.472723	0.453926	0.457427	0.451757	0.458120	0.466240	
2870	0.457831	0.467471	0.474169	0.454321	0.472278	0.452294	0.455509	0.447864	0.457088	0.465830	
2875	0.459114	0.467953	0.476665	0.450292	0.473338	0.454361	0.457109	0.451111	0.458764	0.469254	
2880	0.457890	0.465997	0.476633	0.451626	0.474414	0.455569	0.455130	0.454378	0.455545	0.465526	
2885	0.459769	0.465370	0.475135	0.450311	0.475948	0.456997	0.457578	0.455864	0.455002	0.466613	
2890	0.460056	0.464164	0.476847	0.453191	0.472027	0.458804	0.459569	0.454338	0.455444	0.461004	
2895	0.459765	0.466036	0.481340	0.454072	0.470384	0.459161	0.462013	0.456795	0.454481	0.460228	
2900	0.458599	0.464561	0.482825	0.458963	0.473235	0.459110	0.460863	0.455684	0.451448	0.464682	
2905	0.457387	0.459545	0.481682	0.457601	0.473256	0.459113	0.457780	0.460443	0.451566	0.466177	
2910	0.458133	0.461824	0.482561	0.457952	0.474246	0.457624	0.456012	0.459881	0.455649	0.466135	
2915	0.458958	0.459217	0.477807	0.460066	0.475188	0.460290	0.456501	0.455599	0.456178	0.467073	
2920	0.456549	0.460665	0.477815	0.462687	0.472436	0.461007	0.453830	0.450893	0.453363	0.467157	
2925	0.458509	0.458992	0.479929	0.459965	0.475310	0.461429	0.454464	0.457357	0.453487	0.470556	
2930	0.461767	0.462236	0.477309	0.462229	0.474238	0.459084	0.454535	0.456873	0.449308	0.467811	
2935	0.462089	0.462717	0.476183	0.463342	0.472226	0.458142	0.451003	0.455117	0.451672	0.469485	
2940	0.458396	0.461698	0.475175	0.462592	0.475546	0.456191	0.453036	0.453438	0.451973	0.471021	
2945	0.459201	0.465524	0.471996	0.462713	0.474079	0.455195	0.457209	0.452772	0.452638	0.470691	
2950	0.460550	0.467832	0.465188	0.464116	0.475749	0.451845	0.453759	0.456578	0.454312	0.469621	
2955	0.459162	0.468634	0.467045	0.461822	0.474603	0.454813	0.452668	0.457270	0.455960	0.467368	
2960	0.458472	0.469005	0.465305	0.458556	0.472560	0.456607	0.453678	0.459447	0.458719	0.471112	
2965	0.458365	0.467219	0.468668	0.460354	0.473574	0.458425	0.453919	0.456820	0.458286	0.470006	
2970	0.457394	0.468400	0.469892	0.462694	0.472181	0.459395	0.451861	0.458719	0.460646	0.469383	
2975	0.461487	0.467926	0.468427	0.461846	0.472293	0.463437	0.453472	0.459613	0.460272	0.468958	
2980	0.463576	0.466724	0.466676	0.463175	0.471884	0.461578	0.455212	0.459545	0.458717	0.468473	
2985	0.464339	0.470212	0.468524	0.464069	0.469884	0.459663	0.458654	0.462038	0.460622	0.468848	
2990	0.461896	0.470174	0.467594	0.467498	0.465332	0.455278	0.458976	0.462297	0.460154	0.466991	
2995	0.458461	0.470048	0.467718	0.467095	0.465284	0.457264	0.458775	0.459130	0.462233	0.464459	
3000	0.458291	0.466575	0.468955	0.466813	0.462348	0.454020	0.460970	0.455872	0.461983	0.463863	
