T	rep_1	rep_2	rep_3	rep_4	rep_5	rep_6	rep_7	rep_8	rep_9	rep_10
5	0.000000	0.000000	0.000000	0.000000	0.000000	0.000000	0.000000	0.000000	0.000000	0.000000	
10	0.000000	0.000000	0.000000	0.000000	0.000000	0.000000	0.000000	0.000000	0.000000	0.000000	
15	0.000000	0.000000	0.000000	0.000000	0.000000	0.000000	0.000000	0.000000	0.000000	0.000000	
20	0.000000	0.000000	0.000000	0.000000	0.000000	0.000000	0.000000	0.000000	0.000000	0.000000	
25	0.000000	0.000000	0.000000	0.000000	0.000000	0.000000	0.000000	0.000000	0.000000	0.000000	
30	0.000000	0.000000	0.000000	0.000000	0.000000	0.000000	0.000000	0.000000	0.000000	0.000000	
35	0.000000	0.000000	0.000000	0.000000	0.000000	0.000000	0.000000	0.000000	0.000000	0.000000	
40	0.000000	0.000000	0.000000	0.000000	0.000000	0.000000	0.000000	0.000000	0.000000	0.000000	
45	0.000000	0.000000	0.000000	0.000000	0.000000	0.000000	0.000000	0.000000	0.000000	0.000000	
50	0.000000	0.000000	0.000000	0.000000	0.000000	0.000000	0.000000	0.000000	0.000000	0.000000	
55	0.000000	0.000000	0.000000	0.000000	0.000000	0.000000	0.000000	0.000000	0.000000	0.000000	
60	0.000000	0.000000	0.000000	0.000000	0.000000	0.000000	0.000000	0.000000	0.000000	0.000000	
65	0.000000	0.000000	0.000000	0.000000	0.000000	0.000000	0.000000	0.000000	0.000000	0.000000	
70	0.000000	0.000000	0.000000	0.000000	0.000000	0.000000	0.000000	0.000000	0.000000	0.000000	
75	0.000000	0.000000	0.000000	0.000000	0.000000	0.000000	0.000000	0.000000	0.000000	0.000000	
80	0.000000	0.000000	0.000000	0.000000	0.000000	0.000000	0.000000	0.000000	0.000000	0.000000	
85	0.000000	0.000000	0.000000	0.000000	0.000000	0.000000	0.000000	0.000000	0.000000	0.000000	
90	0.000000	0.000000	0.000000	0.000000	0.000000	0.000000	0.000000	0.000000	0.000000	0.000000	
95	0.000000	0.000000	0.000000	0.000000	0.000000	0.000000	0.000000	0.000000	0.000000	0.000000	
100	0.000000	0.000000	0.000000	0.000000	0.000000	0.000000	0.000000	0.000000	0.000000	0.000000	
105	0.001181	0.001184	0.001850	0.002032	0.001745	0.002093	0.002508	0.001400	0.001966	0.001618	
110	0.002090	0.003051	0.003855	0.003184	0.003968	0.006183	0.005212	0.001873	0.005606	0.005252	
115	0.004989	0.008241	0.007146	0.004893	0.005120	0.008393	0.007358	0.004525	0.008165	0.009034	
120	0.007471	0.009785	0.008786	0.007706	0.008133	0.007654	0.009280	0.006038	0.008238	0.012430	
125	0.013404	0.012202	0.009682	0.008590	0.012870	0.013764	0.010191	0.006817	0.013223	0.013799	
130	0.013879	0.011535	0.010007	0.010936	0.015122	0.015277	0.011118	0.009449	0.017928	0.016124	
135	0.017796	0.016496	0.013322	0.015030	0.020093	0.020979	0.014912	0.012832	0.021987	0.021099	
140	0.024514	0.016814	0.015805	0.014835	0.021979	0.026046	0.016018	0.018143	0.028413	0.026516	
145	0.028730	0.024223	0.018696	0.016019	0.026766	0.029559	0.019559	0.017949	0.032387	0.033945	
150	0.033147	0.024640	0.022301	0.021452	0.027431	0.030320	0.018706	0.018638	0.038727	0.036665	
155	0.036711	0.029611	0.023663	0.022518	0.027548	0.032689	0.022281	0.019890	0.036517	0.039092	
160	0.038495	0.030756	0.030663	0.027451	0.030097	0.038355	0.020661	0.023910	0.033570	0.042368	
165	0.039079	0.032405	0.033168	0.031180	0.030780	0.040948	0.022401	0.027133	0.034551	0.048825	
170	0.040655	0.037352	0.032798	0.035350	0.031047	0.049247	0.023264	0.030976	0.033211	0.052938	
175	0.045681	0.041862	0.039557	0.039636	0.035940	0.057447	0.026659	0.034757	0.033491	0.057400	
180	0.050439	0.041526	0.043276	0.044576	0.042188	0.059049	0.028222	0.034533	0.036609	0.061875	
185	0.053893	0.045632	0.044679	0.048776	0.044853	0.068236	0.031079	0.042108	0.041981	0.065404	
190	0.058210	0.049501	0.050447	0.052594	0.048734	0.068168	0.035249	0.044041	0.042548	0.068786	
195	0.061207	0.056405	0.052865	0.053664	0.058067	0.066613	0.041225	0.042948	0.047387	0.070292	
200	0.066593	0.062417	0.054267	0.054393	0.062640	0.070162	0.039520	0.043605	0.048657	0.073560	
205	0.069868	0.065918	0.058580	0.054284	0.062198	0.075628	0.042257	0.045453	0.051532	0.073368	
210	0.071562	0.069736	0.062786	0.059685	0.063132	0.081471	0.047435	0.047396	0.053597	0.076009	
215	0.072325	0.068775	0.065044	0.060083	0.065761	0.082160	0.054054	0.048896	0.055593	0.077270	
220	0.077706	0.075224	0.067597	0.061325	0.061774	0.084408	0.063861	0.048830	0.056847	0.077790	
225	0.077367	0.074754	0.074359	0.063341	0.059507	0.084102	0.073333	0.052157	0.060077	0.080913	
230	0.076322	0.078790	0.076729	0.069200	0.064779	0.084134	0.078033	0.054707	0.061805	0.082084	
235	0.079540	0.078930	0.079243	0.070601	0.065059	0.083009	0.078869	0.054089	0.063220	0.085015	
240	0.077571	0.081783	0.078794	0.073940	0.070001	0.082406	0.080698	0.054842	0.069444	0.083492	
245	0.076123	0.087636	0.079541	0.074999	0.070824	0.087630	0.082494	0.058524	0.068833	0.081495	
250	0.079366	0.093272	0.075337	0.074070	0.076533	0.088472	0.083656	0.060252	0.073269	0.081525	
255	0.080573	0.091732	0.078549	0.076438	0.077851	0.091736	0.087549	0.062292	0.076505	0.082441	
260	0.081645	0.091997	0.081947	0.082431	0.078501	0.097537	0.088754	0.064840	0.079299	0.078703	
265	0.080323	0.093829	0.080538	0.086503	0.079051	0.100776	0.088491	0.066711	0.081830	0.077726	
270	0.078269	0.095239	0.087974	0.084808	0.083489	0.102622	0.086759	0.070056	0.082287	0.079870	
275	0.080854	0.096295	0.088279	0.089266	0.083343	0.106989	0.083503	0.066938	0.082060	0.085163	
280	0.077965	0.100975	0.086874	0.087468	0.083373	0.111389	0.086734	0.073185	0.083308	0.088417	
285	0.081133	0.105458	0.086203	0.086485	0.086899	0.106565	0.086146	0.076228	0.086479	0.086903	
290	0.084435	0.105914	0.087178	0.086305	0.089489	0.105162	0.091890	0.074754	0.088803	0.088762	
295	0.082095	0.108523	0.092331	0.090347	0.088107	0.098241	0.092210	0.073731	0.090155	0.090267	
300	0.085261	0.106137	0.094346	0.092736	0.091010	0.094686	0.097185	0.078063	0.093713	0.097618	
305	0.088796	0.104995	0.095396	0.089794	0.090041	0.099475	0.096536	0.081620	0.095060	0.096496	
310	0.085589	0.107466	0.097389	0.095219	0.091199	0.104053	0.096239	0.085945	0.096793	0.097028	
315	0.089996	0.108123	0.096870	0.095574	0.093407	0.097665	0.098018	0.088123	0.101500	0.099183	
320	0.091340	0.104886	0.101347	0.100824	0.091412	0.102214	0.098315	0.087301	0.104288	0.098088	
325	0.094879	0.103030	0.101678	0.100924	0.094142	0.103716	0.098728	0.084423	0.104113	0.098725	
330	0.096832	0.098375	0.099733	0.104443	0.094280	0.106163	0.099263	0.087172	0.105644	0.102880	
335	0.093120	0.095568	0.099962	0.100656	0.100831	0.105911	0.102138	0.091831	0.108935	0.106846	
340	0.095361	0.096815	0.099812	0.098037	0.102385	0.113728	0.103949	0.090138	0.109166	0.104718	
345	0.092613	0.099923	0.097414	0.099202	0.104365	0.116690	0.102810	0.091226	0.111241	0.107924	
350	0.093904	0.099668	0.100459	0.106274	0.105796	0.117829	0.103316	0.092257	0.113411	0.108858	
355	0.093979	0.099361	0.104100	0.103570	0.103568	0.122137	0.103554	0.088734	0.112561	0.110794	
360	0.091537	0.101807	0.098306	0.102081	0.106058	0.122586	0.104141	0.090880	0.119062	0.109698	
365	0.093634	0.102596	0.100197	0.110878	0.104138	0.124353	0.104735	0.090798	0.118946	0.109127	
370	0.093473	0.105660	0.103213	0.108651	0.102126	0.124516	0.108388	0.088635	0.117192	0.114790	
375	0.093012	0.107204	0.104453	0.113356	0.103565	0.127921	0.109711	0.093719	0.117570	0.115621	
380	0.095916	0.105800	0.104467	0.110886	0.104355	0.126634	0.112419	0.093691	0.116771	0.120797	
385	0.096588	0.110766	0.107055	0.114666	0.102585	0.122820	0.114344	0.097728	0.118265	0.119585	
390	0.098549	0.107591	0.112158	0.115712	0.101286	0.127486	0.118826	0.096909	0.115757	0.118555	
395	0.098237	0.112625	0.111696	0.112802	0.098464	0.132949	0.117415	0.100044	0.114829	0.118722	
400	0.107466	0.112780	0.110343	0.115873	0.104923	0.135876	0.118511	0.103555	0.117653	0.117883	
405	0.105445	0.109835	0.109255	0.117388	0.106472	0.137720	0.115865	0.101297	0.119381	0.119991	
410	0.102977	0.113989	0.109236	0.118810	0.104080	0.138777	0.115834	0.102902	0.120113	0.121351	
415	0.102044	0.114867	0.109355	0.117122	0.109387	0.140959	0.113617	0.102643	0.123677	0.120178	
420	0.100690	0.115002	0.111654	0.118841	0.112992	0.143551	0.113231	0.102464	0.124270	0.122382	
425	0.100728	0.119413	0.113953	0.123019	0.116466	0.142499	0.119201	0.104500	0.124617	0.124341	
430	0.102126	0.124184	0.113648	0.126068	0.115452	0.141658	0.114971	0.106756	0.122538	0.129718	
435	0.098218	0.126330	0.107148	0.127283	0.118146	0.138340	0.112753	0.105907	0.123644	0.126368	
440	0.099781	0.125873	0.112847	0.128354	0.120626	0.139963	0.110134	0.104725	0.121462	0.133835	
445	0.099276	0.126016	0.114363	0.130249	0.126606	0.136937	0.111160	0.103182	0.122163	0.127862	
450	0.106388	0.128746	0.111610	0.125652	0.122700	0.134561	0.113969	0.106204	0.116707	0.125315	
455	0.102618	0.129104	0.112483	0.121532	0.126668	0.138528	0.117188	0.110021	0.118387	0.126477	
460	0.103591	0.130779	0.117542	0.121340	0.122803	0.137933	0.113702	0.115916	0.118314	0.128631	
465	0.103392	0.132828	0.115262	0.120478	0.121073	0.139367	0.115758	0.119323	0.116456	0.129662	
470	0.107595	0.134119	0.117234	0.119971	0.120921	0.137687	0.117208	0.122394	0.118496	0.131049	
475	0.108431	0.130051	0.114911	0.118476	0.118368	0.145747	0.116673	0.121502	0.119827	0.133455	
480	0.111731	0.130635	0.116937	0.116172	0.123936	0.142159	0.111677	0.121813	0.122613	0.134230	
485	0.114827	0.127906	0.116847	0.117953	0.124215	0.139339	0.108712	0.121573	0.124597	0.133078	
490	0.115952	0.131303	0.122053	0.124901	0.125603	0.136580	0.107464	0.121354	0.126180	0.131122	
495	0.114900	0.127855	0.121366	0.121852	0.124519	0.139738	0.104551	0.119248	0.127520	0.133269	
500	0.113381	0.126737	0.122233	0.124972	0.123443	0.138241	0.107375	0.117103	0.125998	0.132930	
505	0.114128	0.128322	0.125528	0.124156	0.132889	0.142939	0.109287	0.112696	0.128253	0.137183	
510	0.114056	0.128025	0.119609	0.125888	0.131641	0.146194	0.111180	0.113124	0.129444	0.133675	
515	0.114049	0.131120	0.121535	0.126814	0.130493	0.148112	0.110345	0.113249	0.126947	0.132687	
520	0.117782	0.129529	0.118742	0.129880	0.133279	0.148728	0.113852	0.115484	0.124224	0.136958	
525	0.116400	0.133462	0.117537	0.134700	0.138429	0.147484	0.116735	0.113135	0.122834	0.134711	
530	0.115998	0.133428	0.120513	0.138843	0.138622	0.147412	0.112938	0.112683	0.125422	0.133314	
535	0.113308	0.135347	0.120100	0.134544	0.132407	0.151483	0.110796	0.114956	0.125269	0.135253	
540	0.112631	0.137059	0.118881	0.133954	0.128063	0.150896	0.115315	0.116004	0.126525	0.136441	
545	0.114754	0.138438	0.123243	0.131658	0.124582	0.147724	0.114221	0.118729	0.129918	0.134724	
550	0.117784	0.141570	0.121979	0.136076	0.123179	0.146798	0.114994	0.124832	0.131072	0.132573	
555	0.116804	0.146915	0.122005	0.137944	0.127494	0.142249	0.110331	0.127632	0.128029	0.130784	
560	0.118100	0.141853	0.125073	0.136986	0.131800	0.142759	0.115463	0.130858	0.128351	0.134351	
565	0.118070	0.140023	0.122884	0.134552	0.129974	0.143393	0.112106	0.133735	0.126775	0.132470	
570	0.117580	0.138143	0.121109	0.134043	0.136280	0.143646	0.116630	0.137153	0.124697	0.131512	
575	0.123675	0.135203	0.124165	0.130486	0.132598	0.144586	0.119297	0.139217	0.124124	0.133965	
580	0.125495	0.135787	0.126417	0.129905	0.128600	0.137013	0.122622	0.143245	0.124969	0.132970	
585	0.123671	0.136205	0.125488	0.131098	0.129699	0.143426	0.123130	0.143251	0.126010	0.130723	
590	0.122520	0.133644	0.132325	0.129159	0.130365	0.143378	0.125963	0.140235	0.124790	0.133904	
595	0.122908	0.135166	0.128066	0.132848	0.129493	0.138897	0.128381	0.138080	0.126807	0.132692	
600	0.124262	0.134858	0.133368	0.132249	0.128323	0.140544	0.132346	0.136496	0.125269	0.134920	
605	0.125501	0.136047	0.131142	0.134213	0.125362	0.140892	0.132695	0.142385	0.127868	0.135447	
610	0.126518	0.135478	0.133952	0.131145	0.125899	0.139779	0.133970	0.136893	0.124322	0.136772	
615	0.124483	0.136566	0.125750	0.131193	0.128332	0.145630	0.139591	0.136944	0.125815	0.133639	
620	0.126919	0.134200	0.122605	0.133089	0.134199	0.145029	0.137615	0.137717	0.124610	0.133273	
625	0.122892	0.133213	0.121292	0.136185	0.132632	0.138994	0.139097	0.138159	0.124050	0.136134	
630	0.127238	0.132413	0.125915	0.138471	0.133502	0.143688	0.141676	0.133770	0.122435	0.139992	
635	0.129000	0.133132	0.123984	0.141841	0.137515	0.143718	0.144387	0.137494	0.122560	0.137542	
640	0.126191	0.133422	0.122964	0.146359	0.141230	0.146654	0.141246	0.137778	0.120412	0.135905	
645	0.128284	0.131441	0.124455	0.144009	0.141487	0.150854	0.137534	0.141537	0.126266	0.138025	
650	0.130774	0.132645	0.122883	0.145551	0.140777	0.151179	0.137422	0.140831	0.126092	0.139643	
655	0.132691	0.135431	0.125841	0.145483	0.142751	0.149005	0.140082	0.143073	0.125760	0.141517	
660	0.132967	0.133874	0.122956	0.146269	0.141377	0.147380	0.141039	0.138140	0.125107	0.139707	
665	0.134921	0.131555	0.123698	0.146073	0.135364	0.147591	0.138610	0.134338	0.126452	0.138542	
670	0.135362	0.134835	0.120103	0.140357	0.138192	0.141572	0.140262	0.139136	0.129425	0.141814	
675	0.134212	0.139314	0.122705	0.145115	0.138089	0.141106	0.140242	0.141250	0.127184	0.139904	
680	0.135110	0.140677	0.122191	0.150263	0.140407	0.140394	0.146510	0.150967	0.128211	0.138108	
685	0.136644	0.140122	0.124818	0.146970	0.137368	0.136075	0.144878	0.148616	0.133339	0.137627	
690	0.141016	0.144056	0.123914	0.148138	0.139617	0.133543	0.143401	0.147597	0.133443	0.139632	
695	0.141160	0.143387	0.121245	0.145149	0.135888	0.137792	0.146384	0.149622	0.132282	0.138422	
700	0.147323	0.139693	0.119855	0.145049	0.131493	0.138088	0.143656	0.150354	0.127909	0.141147	
705	0.146975	0.144353	0.118364	0.147427	0.132141	0.136492	0.145828	0.144770	0.125056	0.141941	
710	0.143674	0.140990	0.116210	0.150726	0.133089	0.137438	0.148055	0.147562	0.125271	0.146534	
715	0.139837	0.137630	0.117496	0.149081	0.136664	0.143227	0.151741	0.148571	0.127589	0.141852	
720	0.133140	0.133549	0.114927	0.143546	0.136236	0.136541	0.141784	0.147773	0.126059	0.137863	
725	0.134543	0.129761	0.114539	0.148591	0.131679	0.135904	0.142114	0.146266	0.125159	0.137470	
730	0.128791	0.129588	0.113786	0.153105	0.129217	0.138360	0.143110	0.151099	0.128176	0.134604	
735	0.132646	0.126939	0.118574	0.155522	0.131912	0.140457	0.146926	0.154006	0.128276	0.136687	
740	0.127664	0.129911	0.122186	0.156306	0.132212	0.139880	0.144513	0.153054	0.135621	0.137071	
745	0.128107	0.136109	0.121194	0.167343	0.132325	0.138187	0.142071	0.153062	0.136777	0.142577	
750	0.129905	0.136524	0.120376	0.168402	0.132775	0.140971	0.140404	0.150129	0.131730	0.144418	
755	0.131771	0.140108	0.124615	0.169779	0.132363	0.142298	0.142573	0.150227	0.129473	0.143490	
760	0.134825	0.138552	0.127196	0.172153	0.135367	0.150156	0.147367	0.148671	0.130295	0.138755	
765	0.135719	0.135599	0.128842	0.173060	0.135986	0.150110	0.149463	0.148903	0.132705	0.142637	
770	0.134973	0.145942	0.126360	0.168994	0.132988	0.146572	0.154272	0.149826	0.132055	0.140240	
775	0.136924	0.144409	0.125100	0.170588	0.136415	0.149448	0.154866	0.151520	0.135239	0.139677	
780	0.136222	0.145632	0.125896	0.168580	0.135525	0.147540	0.152882	0.153120	0.138319	0.139479	
785	0.139303	0.147843	0.125174	0.163870	0.131716	0.147121	0.152290	0.153118	0.144131	0.139448	
790	0.141346	0.149845	0.129685	0.163345	0.137214	0.150200	0.153534	0.157411	0.140261	0.139899	
795	0.141052	0.154136	0.128049	0.161915	0.138066	0.155476	0.156017	0.162991	0.135471	0.142822	
800	0.137162	0.153825	0.123416	0.154948	0.142875	0.160308	0.157156	0.163687	0.139350	0.145713	
805	0.134320	0.160478	0.123226	0.156925	0.136332	0.159482	0.154898	0.162453	0.138887	0.144582	
810	0.133047	0.164153	0.119689	0.156500	0.136542	0.163124	0.152710	0.159288	0.136182	0.142031	
815	0.132527	0.165852	0.118020	0.153410	0.141286	0.162023	0.154391	0.165489	0.141664	0.144637	
820	0.129458	0.166012	0.116226	0.150425	0.144157	0.158664	0.151847	0.161156	0.140814	0.149401	
825	0.128635	0.163611	0.117475	0.149406	0.144832	0.161067	0.150503	0.158299	0.143938	0.152898	
830	0.127885	0.164729	0.115578	0.149252	0.145639	0.161366	0.149752	0.158560	0.142810	0.148763	
835	0.125654	0.169787	0.114071	0.149857	0.146512	0.160554	0.155242	0.160379	0.140974	0.151984	
840	0.120410	0.173824	0.111575	0.146433	0.141404	0.157296	0.154570	0.161504	0.139093	0.155323	
845	0.122245	0.186274	0.111692	0.149682	0.143450	0.154923	0.154080	0.160083	0.136383	0.163511	
850	0.121704	0.185267	0.112000	0.145852	0.141158	0.153661	0.152354	0.163949	0.138734	0.158425	
855	0.123357	0.187921	0.113305	0.144588	0.143766	0.157608	0.151414	0.157544	0.142330	0.163948	
860	0.121004	0.187989	0.111668	0.144904	0.138937	0.156714	0.148169	0.154081	0.148600	0.159632	
865	0.122399	0.190319	0.114689	0.148099	0.144075	0.160723	0.146126	0.156369	0.145251	0.162099	
870	0.124775	0.184895	0.116887	0.149696	0.141116	0.160268	0.152526	0.158766	0.143515	0.156678	
875	0.126553	0.179464	0.115002	0.148238	0.141227	0.156986	0.150830	0.158124	0.144145	0.161127	
880	0.128282	0.182095	0.114031	0.147493	0.139543	0.160138	0.154183	0.154733	0.144839	0.162638	
885	0.131383	0.178607	0.118186	0.148751	0.134865	0.157275	0.153977	0.163903	0.145578	0.159044	
890	0.129777	0.178636	0.120142	0.151594	0.135340	0.157976	0.152039	0.164404	0.146601	0.160412	
895	0.131312	0.176242	0.122445	0.153218	0.137294	0.152155	0.151020	0.169433	0.147397	0.161472	
900	0.132188	0.179058	0.120908	0.145809	0.135693	0.153619	0.147765	0.172388	0.144391	0.160247	
905	0.130803	0.177338	0.122924	0.146183	0.134231	0.148311	0.146362	0.167794	0.143546	0.162089	
910	0.133600	0.172832	0.121134	0.145187	0.132854	0.143340	0.144325	0.171154	0.141248	0.165527	
915	0.134665	0.169644	0.121675	0.142972	0.134710	0.138469	0.141987	0.172445	0.142160	0.162336	
920	0.137103	0.170555	0.121730	0.139944	0.134571	0.139784	0.140590	0.169893	0.142704	0.164043	
925	0.135673	0.169311	0.122255	0.142778	0.132150	0.137738	0.143455	0.163321	0.145243	0.165110	
930	0.136612	0.168863	0.125493	0.143900	0.135124	0.136988	0.138471	0.162002	0.146219	0.165679	
935	0.141036	0.171093	0.125670	0.144610	0.138493	0.140361	0.140344	0.159645	0.143384	0.163622	
940	0.141262	0.173436	0.131458	0.142950	0.135378	0.141277	0.142006	0.159709	0.142117	0.167080	
945	0.141614	0.172930	0.131649	0.148066	0.140397	0.140467	0.148590	0.157330	0.141951	0.160048	
950	0.141956	0.165192	0.130747	0.150850	0.142299	0.143820	0.154317	0.154379	0.142727	0.162444	
955	0.142889	0.166811	0.130577	0.150435	0.140956	0.146658	0.154336	0.152118	0.145713	0.162369	
960	0.146616	0.165498	0.128301	0.153458	0.141665	0.151116	0.156436	0.149955	0.148610	0.163834	
965	0.143589	0.169137	0.131281	0.151115	0.136786	0.154319	0.155132	0.149726	0.145726	0.160956	
970	0.145109	0.174403	0.123961	0.149744	0.138983	0.155540	0.153166	0.157345	0.150633	0.162104	
975	0.147138	0.167616	0.122718	0.145907	0.139758	0.148944	0.152801	0.153807	0.148965	0.166530	
980	0.147560	0.159205	0.121515	0.145858	0.138063	0.151745	0.156140	0.154036	0.153237	0.163328	
985	0.145866	0.154487	0.124394	0.145004	0.136638	0.147465	0.154380	0.151779	0.156501	0.164274	
990	0.150040	0.151992	0.125697	0.145393	0.140737	0.143181	0.148133	0.144978	0.156910	0.161548	
995	0.151988	0.151874	0.125774	0.145557	0.142943	0.148176	0.150779	0.145069	0.156973	0.159032	
1000	0.151184	0.152817	0.127041	0.144002	0.145731	0.147021	0.154382	0.144758	0.155188	0.156289	
1005	0.145197	0.152448	0.129382	0.138939	0.143952	0.150348	0.151657	0.149598	0.153227	0.155319	
1010	0.138520	0.153645	0.131275	0.140676	0.142485	0.148658	0.152457	0.148927	0.152431	0.151994	
1015	0.138179	0.149568	0.134855	0.147802	0.143182	0.146175	0.154340	0.151354	0.149789	0.154637	
1020	0.140664	0.146081	0.136766	0.158308	0.144434	0.147845	0.156415	0.154049	0.151184	0.152415	
1025	0.141402	0.142860	0.140417	0.161911	0.150019	0.149912	0.153288	0.156081	0.152932	0.150896	
1030	0.141206	0.144511	0.142348	0.160204	0.148389	0.152329	0.158040	0.153827	0.150859	0.148116	
1035	0.146515	0.146081	0.139596	0.158045	0.148005	0.150678	0.159697	0.153563	0.151207	0.146930	
1040	0.142330	0.150426	0.139945	0.155954	0.149668	0.154154	0.157588	0.157515	0.149329	0.150814	
1045	0.141541	0.145191	0.142502	0.154614	0.158510	0.150560	0.155047	0.159083	0.152847	0.153698	
1050	0.141938	0.146095	0.147691	0.153136	0.157658	0.148818	0.159970	0.159397	0.152575	0.152693	
1055	0.139696	0.148340	0.150375	0.149912	0.154668	0.153105	0.159311	0.161026	0.145140	0.151774	
1060	0.141239	0.150034	0.149474	0.148786	0.148923	0.151545	0.160843	0.159973	0.141198	0.155080	
1065	0.137413	0.151600	0.150712	0.147138	0.149034	0.152820	0.157732	0.156125	0.141769	0.152229	
1070	0.134063	0.153258	0.148507	0.142979	0.148781	0.154935	0.157882	0.157564	0.141791	0.151793	
1075	0.135300	0.150703	0.145251	0.146018	0.151168	0.153861	0.163169	0.157552	0.139926	0.144588	
1080	0.136764	0.152471	0.145335	0.144966	0.147241	0.157475	0.164439	0.156764	0.140876	0.149860	
1085	0.134964	0.155168	0.147595	0.145093	0.148714	0.160487	0.166339	0.155786	0.143673	0.147984	
1090	0.136571	0.151816	0.146671	0.142289	0.142615	0.158302	0.168991	0.157094	0.140199	0.150230	
1095	0.140095	0.152498	0.144602	0.145541	0.145238	0.160089	0.163004	0.156813	0.140628	0.152673	
1100	0.140565	0.149428	0.149835	0.143694	0.144947	0.158673	0.166333	0.154456	0.142973	0.151047	
1105	0.137058	0.147830	0.152257	0.143932	0.147009	0.156898	0.170215	0.162658	0.140053	0.153089	
1110	0.139249	0.143315	0.149054	0.144397	0.151976	0.156239	0.169673	0.161249	0.139224	0.151059	
1115	0.139489	0.144859	0.147101	0.142405	0.145515	0.155501	0.174815	0.162161	0.142217	0.155235	
1120	0.140854	0.148029	0.146168	0.144507	0.147265	0.157123	0.176231	0.160257	0.148046	0.150828	
1125	0.140236	0.146448	0.149509	0.140340	0.149389	0.154802	0.174113	0.165165	0.149723	0.149226	
1130	0.139901	0.146915	0.146375	0.140737	0.151151	0.153352	0.171947	0.164034	0.145042	0.148226	
1135	0.138900	0.143807	0.145425	0.141082	0.152003	0.149552	0.172830	0.165910	0.150800	0.149662	
1140	0.139650	0.147286	0.139967	0.140177	0.155833	0.149394	0.174550	0.166557	0.148402	0.152772	
1145	0.139974	0.146393	0.143811	0.138602	0.157022	0.149761	0.174758	0.160316	0.149296	0.152917	
1150	0.142123	0.151830	0.144000	0.142918	0.161042	0.147478	0.173458	0.160584	0.140178	0.151555	
1155	0.145163	0.152504	0.150763	0.141956	0.157277	0.150898	0.167595	0.158593	0.140434	0.150881	
1160	0.146996	0.148370	0.151847	0.144801	0.161486	0.149412	0.165659	0.162094	0.139938	0.152731	
1165	0.148725	0.145952	0.149029	0.141265	0.160078	0.149876	0.164006	0.165429	0.143272	0.154204	
1170	0.146830	0.146719	0.150960	0.141909	0.161122	0.151676	0.165886	0.163730	0.146445	0.153507	
1175	0.149143	0.151811	0.153260	0.143290	0.155633	0.148864	0.171377	0.163749	0.145944	0.153757	
1180	0.149219	0.158878	0.154864	0.145849	0.155097	0.146786	0.173301	0.163518	0.149669	0.154029	
1185	0.146636	0.159752	0.151944	0.147346	0.162725	0.142947	0.174599	0.166492	0.145778	0.156633	
1190	0.146564	0.163507	0.150963	0.145634	0.165968	0.143880	0.171836	0.162402	0.145422	0.160177	
1195	0.152676	0.162374	0.148339	0.142688	0.170040	0.151056	0.166380	0.160391	0.143902	0.159113	
1200	0.150631	0.163626	0.153285	0.140848	0.166382	0.150380	0.166342	0.163600	0.143215	0.155556	
1205	0.152291	0.163676	0.152977	0.144439	0.167313	0.146961	0.168717	0.168351	0.144609	0.150816	
1210	0.147003	0.160446	0.148207	0.145019	0.168898	0.148791	0.165095	0.168060	0.136012	0.150652	
1215	0.153289	0.161928	0.147904	0.142282	0.168875	0.148344	0.166508	0.168474	0.136486	0.152012	
1220	0.153704	0.164521	0.151030	0.141446	0.171587	0.146983	0.166676	0.170851	0.135705	0.150361	
1225	0.153008	0.168289	0.153235	0.139031	0.167449	0.149233	0.164057	0.172432	0.137864	0.150179	
1230	0.153430	0.171270	0.153455	0.140078	0.160813	0.147432	0.162734	0.169012	0.134998	0.143878	
1235	0.159327	0.169410	0.153573	0.134488	0.162703	0.149525	0.169937	0.172741	0.135795	0.143853	
1240	0.158811	0.169135	0.156289	0.133061	0.160584	0.144832	0.170057	0.167899	0.138035	0.144780	
1245	0.157732	0.167365	0.155488	0.133067	0.162336	0.145906	0.165993	0.166881	0.141160	0.144402	
1250	0.155981	0.169320	0.155613	0.136654	0.165766	0.145812	0.164619	0.167159	0.145175	0.137924	
1255	0.152531	0.165964	0.155952	0.136434	0.166483	0.149298	0.164310	0.165355	0.146110	0.139550	
1260	0.155349	0.166369	0.152810	0.137915	0.163807	0.146150	0.165086	0.166137	0.147404	0.136954	
1265	0.155735	0.169597	0.148427	0.141627	0.167047	0.144256	0.162123	0.163996	0.147952	0.131516	
1270	0.154773	0.170128	0.151587	0.144447	0.168348	0.144907	0.160325	0.164251	0.147533	0.129887	
1275	0.155792	0.169232	0.150928	0.147049	0.165675	0.144385	0.159762	0.160531	0.148395	0.127715	
1280	0.154300	0.171868	0.150869	0.146939	0.164253	0.144212	0.160694	0.165883	0.145615	0.125289	
1285	0.154866	0.180472	0.151742	0.140173	0.160668	0.142947	0.158093	0.167671	0.143102	0.126549	
1290	0.153923	0.178510	0.153225	0.138858	0.157268	0.137305	0.158405	0.165182	0.142993	0.126477	
1295	0.156366	0.178913	0.155225	0.141465	0.162303	0.138939	0.160847	0.163429	0.143311	0.125981	
1300	0.157905	0.184992	0.158572	0.145328	0.162725	0.141093	0.160299	0.159462	0.140112	0.127833	
1305	0.155632	0.186286	0.157648	0.142816	0.164988	0.143453	0.157486	0.160492	0.142424	0.131287	
1310	0.159646	0.186782	0.158204	0.139841	0.165716	0.146105	0.154679	0.155647	0.139784	0.127642	
1315	0.162270	0.181596	0.159887	0.141181	0.164116	0.148758	0.164749	0.159330	0.139238	0.128028	
1320	0.164338	0.179125	0.162954	0.142646	0.163349	0.154776	0.158615	0.161050	0.141320	0.126805	
1325	0.158374	0.176463	0.162073	0.147195	0.160955	0.157093	0.154414	0.161960	0.147806	0.126842	
1330	0.158039	0.175264	0.166019	0.151089	0.157121	0.157258	0.156938	0.163759	0.150607	0.126282	
1335	0.159548	0.173549	0.160080	0.148706	0.156170	0.156897	0.154908	0.158030	0.149737	0.129058	
1340	0.160151	0.166795	0.158360	0.150114	0.157492	0.158104	0.151802	0.159748	0.145984	0.125726	
1345	0.164598	0.166996	0.154359	0.153135	0.161025	0.156673	0.152877	0.160252	0.151066	0.135545	
1350	0.168104	0.165597	0.155370	0.155618	0.162000	0.158653	0.154676	0.161583	0.147989	0.131365	
1355	0.171613	0.167940	0.155173	0.157642	0.163064	0.160156	0.155076	0.164355	0.149889	0.129163	
1360	0.167420	0.163801	0.151081	0.158497	0.162967	0.162038	0.153368	0.166166	0.149268	0.129897	
1365	0.173438	0.167528	0.151604	0.155105	0.158856	0.161588	0.154522	0.164095	0.148639	0.128635	
1370	0.171144	0.161793	0.156086	0.152833	0.158498	0.159521	0.154789	0.165728	0.152571	0.127723	
1375	0.176022	0.160143	0.153606	0.156053	0.159644	0.155214	0.150246	0.172924	0.151985	0.127278	
1380	0.180039	0.159762	0.157321	0.150517	0.160816	0.154461	0.144810	0.164371	0.154798	0.127176	
1385	0.182137	0.162077	0.161681	0.151279	0.166374	0.153873	0.147503	0.163860	0.152115	0.127279	
1390	0.183163	0.159417	0.159611	0.156190	0.162182	0.155260	0.148978	0.164481	0.151967	0.126377	
1395	0.180564	0.161108	0.156592	0.151317	0.160458	0.151280	0.148694	0.165257	0.150173	0.129505	
1400	0.186211	0.160752	0.158329	0.151036	0.163740	0.148525	0.157467	0.163705	0.151723	0.128073	
1405	0.187097	0.160753	0.160412	0.152628	0.166505	0.149275	0.162672	0.161145	0.150577	0.137097	
1410	0.185216	0.162427	0.162989	0.151190	0.165227	0.148114	0.161024	0.159557	0.150468	0.138196	
1415	0.184088	0.163755	0.161411	0.150993	0.167014	0.145223	0.163738	0.159576	0.152092	0.139145	
1420	0.184924	0.164495	0.165416	0.155960	0.169574	0.142908	0.164908	0.160842	0.154737	0.133761	
1425	0.182206	0.165415	0.167212	0.156777	0.167599	0.146220	0.167050	0.161503	0.150102	0.138513	
1430	0.177365	0.166709	0.163359	0.151215	0.165116	0.147973	0.172979	0.166346	0.149905	0.141019	
1435	0.176309	0.166388	0.159091	0.151899	0.164939	0.148536	0.168575	0.169486	0.154106	0.144348	
1440	0.173864	0.165319	0.160622	0.153464	0.168989	0.144647	0.167917	0.164574	0.159857	0.141068	
1445	0.173146	0.162049	0.158408	0.148545	0.168410	0.142230	0.165433	0.162634	0.160645	0.141080	
1450	0.169447	0.161520	0.158518	0.147948	0.170618	0.148187	0.167842	0.159914	0.155796	0.146434	
1455	0.172912	0.157704	0.160285	0.149987	0.172416	0.149326	0.166085	0.159726	0.156280	0.139312	
1460	0.174885	0.157610	0.160118	0.148614	0.170986	0.153153	0.165256	0.157929	0.156089	0.138878	
1465	0.178058	0.156240	0.157176	0.150102	0.172805	0.153730	0.162685	0.158119	0.155964	0.136301	
1470	0.179758	0.154748	0.151607	0.148152	0.171560	0.152869	0.163640	0.157894	0.156505	0.142333	
1475	0.180636	0.158245	0.148818	0.151079	0.170820	0.163360	0.164154	0.159384	0.158484	0.143083	
1480	0.185243	0.157604	0.154363	0.159096	0.165659	0.159000	0.164325	0.158800	0.160103	0.145376	
1485	0.190253	0.158895	0.154724	0.160718	0.165895	0.160159	0.163176	0.158153	0.159525	0.148951	
1490	0.185700	0.158019	0.156974	0.160769	0.168846	0.163958	0.163073	0.158997	0.157596	0.144346	
1495	0.183642	0.160362	0.158818	0.163182	0.169406	0.164149	0.164103	0.158674	0.156127	0.147835	
1500	0.188097	0.159371	0.158918	0.159563	0.162866	0.158075	0.167691	0.160177	0.153703	0.151389	
1505	0.190006	0.158509	0.162831	0.158601	0.171039	0.154025	0.170723	0.154456	0.156185	0.152660	
1510	0.192233	0.157092	0.161893	0.157114	0.165214	0.152258	0.174480	0.151932	0.154843	0.156719	
1515	0.191398	0.160126	0.167666	0.155063	0.169464	0.152012	0.179323	0.149844	0.160048	0.162202	
1520	0.186353	0.159213	0.168596	0.158573	0.172094	0.152767	0.179069	0.146321	0.164064	0.162483	
1525	0.189662	0.157854	0.169543	0.159469	0.175759	0.151809	0.175396	0.145740	0.164990	0.157010	
1530	0.193499	0.158986	0.165621	0.157538	0.174520	0.154205	0.173204	0.147008	0.168552	0.153010	
1535	0.191117	0.156222	0.167246	0.153775	0.168290	0.152989	0.177729	0.145262	0.165987	0.148569	
1540	0.189150	0.152711	0.160095	0.149663	0.168560	0.150997	0.176001	0.142731	0.166489	0.145125	
1545	0.189016	0.148181	0.162065	0.150055	0.169964	0.150572	0.180914	0.141172	0.163148	0.144024	
1550	0.187422	0.151068	0.159206	0.149635	0.175013	0.151995	0.174171	0.144471	0.163996	0.146025	
1555	0.187830	0.149380	0.160105	0.148562	0.173906	0.149286	0.172000	0.147418	0.163761	0.145420	
1560	0.188939	0.151928	0.160291	0.145467	0.173090	0.146715	0.170281	0.149451	0.157253	0.144087	
1565	0.192754	0.148716	0.161511	0.145720	0.176205	0.148240	0.171331	0.150665	0.160569	0.144581	
1570	0.197282	0.151963	0.159298	0.142479	0.179166	0.150670	0.169579	0.151403	0.160792	0.144346	
1575	0.192191	0.150121	0.156289	0.142304	0.175757	0.155256	0.166446	0.147248	0.160025	0.143685	
1580	0.192008	0.151039	0.163850	0.139635	0.174891	0.154268	0.165648	0.151176	0.163902	0.145039	
1585	0.194258	0.144454	0.157950	0.136359	0.170721	0.160348	0.168014	0.159004	0.167883	0.142731	
1590	0.194244	0.142833	0.153649	0.136213	0.175840	0.164391	0.171140	0.158870	0.173339	0.142913	
1595	0.194268	0.142118	0.153454	0.133617	0.174494	0.161893	0.168758	0.162398	0.170321	0.142344	
1600	0.191550	0.141734	0.159012	0.133674	0.171273	0.157136	0.169141	0.163157	0.163945	0.147044	
1605	0.192454	0.141797	0.159485	0.134978	0.175662	0.159058	0.169875	0.162154	0.162076	0.147870	
1610	0.185823	0.142985	0.162914	0.131212	0.173360	0.158493	0.167821	0.163741	0.161897	0.154700	
1615	0.182814	0.146594	0.162039	0.134363	0.171592	0.158686	0.167056	0.160652	0.161698	0.155918	
1620	0.177770	0.148402	0.160505	0.132432	0.172408	0.156168	0.165193	0.164034	0.153316	0.158198	
1625	0.174373	0.152596	0.163166	0.132843	0.174640	0.155116	0.164390	0.163171	0.150918	0.159044	
1630	0.178114	0.144200	0.166241	0.135410	0.169757	0.152341	0.167669	0.160766	0.148044	0.157324	
1635	0.184083	0.141399	0.159801	0.142786	0.166109	0.152453	0.171267	0.166580	0.149428	0.154720	
1640	0.176587	0.142981	0.160790	0.144117	0.163555	0.156550	0.171057	0.168693	0.147764	0.153237	
1645	0.175847	0.146508	0.164087	0.149635	0.164172	0.153418	0.169003	0.172042	0.150195	0.151333	
1650	0.171312	0.144488	0.159882	0.145120	0.163807	0.160859	0.171265	0.166792	0.149554	0.151038	
1655	0.169461	0.143311	0.159462	0.145271	0.163146	0.159741	0.169868	0.165421	0.151658	0.154532	
1660	0.170508	0.149779	0.155972	0.149366	0.168191	0.160444	0.167444	0.169652	0.149964	0.149659	
1665	0.170362	0.151173	0.160749	0.145247	0.165688	0.158634	0.168739	0.167939	0.153040	0.150839	
1670	0.166816	0.148089	0.164436	0.146105	0.163002	0.156939	0.169189	0.166375	0.151615	0.154241	
1675	0.162733	0.149791	0.161757	0.145570	0.162141	0.156329	0.167519	0.164473	0.148760	0.156521	
1680	0.160114	0.148341	0.165273	0.135352	0.158954	0.159978	0.166177	0.164543	0.150168	0.158015	
1685	0.164609	0.147977	0.164634	0.131816	0.159773	0.163289	0.162023	0.168223	0.153275	0.162648	
1690	0.162942	0.147432	0.164468	0.132364	0.160593	0.165049	0.159068	0.165886	0.156658	0.153396	
1695	0.164597	0.143877	0.161943	0.133048	0.154369	0.161524	0.159645	0.165543	0.151830	0.154999	
1700	0.163528	0.143296	0.160733	0.135690	0.154308	0.164273	0.164086	0.164226	0.152679	0.149991	
1705	0.161776	0.145011	0.159088	0.135768	0.154665	0.163192	0.164167	0.161967	0.154670	0.153533	
1710	0.165215	0.145578	0.163322	0.129747	0.154748	0.167406	0.164937	0.162039	0.154411	0.146242	
1715	0.165146	0.142573	0.165620	0.134802	0.157522	0.169759	0.163503	0.159411	0.153283	0.142273	
1720	0.165016	0.142376	0.166059	0.131675	0.159091	0.171334	0.164626	0.159248	0.150633	0.143722	
1725	0.163695	0.145593	0.164808	0.131597	0.161659	0.172769	0.165521	0.159509	0.149375	0.149351	
1730	0.164367	0.147370	0.169599	0.129308	0.159437	0.166331	0.162406	0.162081	0.153466	0.151384	
1735	0.163021	0.151953	0.170439	0.130170	0.161660	0.161820	0.165487	0.161796	0.146737	0.149719	
1740	0.160743	0.157240	0.168148	0.131109	0.157715	0.159814	0.168051	0.161184	0.146951	0.145829	
1745	0.163790	0.156347	0.163313	0.132102	0.155617	0.158055	0.165125	0.162977	0.149694	0.146166	
1750	0.158965	0.160271	0.171292	0.132039	0.156258	0.159826	0.166964	0.164741	0.148319	0.146209	
1755	0.158089	0.161730	0.170370	0.133419	0.155911	0.155902	0.167988	0.162192	0.153678	0.145926	
1760	0.156712	0.167556	0.176293	0.134458	0.150682	0.155567	0.165207	0.165810	0.154666	0.146888	
1765	0.156697	0.165926	0.172896	0.133680	0.148538	0.156630	0.169244	0.166251	0.156122	0.142250	
1770	0.160052	0.164949	0.173297	0.133607	0.149876	0.151235	0.166946	0.177982	0.152147	0.138184	
1775	0.162113	0.162971	0.174681	0.132333	0.150139	0.150639	0.171363	0.177907	0.150749	0.138391	
1780	0.160726	0.156765	0.174213	0.133881	0.143423	0.147535	0.170548	0.181210	0.156041	0.140329	
1785	0.162361	0.156575	0.179052	0.134849	0.148082	0.147326	0.168424	0.179572	0.150951	0.141406	
1790	0.163827	0.158811	0.172497	0.137221	0.146705	0.147406	0.166942	0.187619	0.151368	0.143268	
1795	0.157830	0.155687	0.171458	0.135867	0.145870	0.152387	0.166228	0.190881	0.152456	0.146662	
1800	0.158405	0.155398	0.168873	0.135341	0.144311	0.150067	0.166559	0.190098	0.154071	0.145173	
1805	0.159185	0.153234	0.175863	0.139922	0.146212	0.147876	0.166189	0.187700	0.155971	0.145688	
1810	0.161917	0.152651	0.175980	0.139461	0.153626	0.147481	0.168044	0.186705	0.155015	0.144918	
1815	0.164320	0.152654	0.174167	0.138376	0.156488	0.150562	0.167499	0.187642	0.155337	0.145674	
1820	0.161958	0.153142	0.175662	0.131731	0.153694	0.149129	0.168687	0.186489	0.155234	0.139337	
1825	0.165725	0.156264	0.169578	0.124202	0.151223	0.150536	0.169063	0.187103	0.159352	0.141625	
1830	0.164191	0.157478	0.172001	0.129022	0.149292	0.154970	0.175911	0.189465	0.167724	0.142266	
1835	0.162815	0.157698	0.171668	0.134185	0.144767	0.153037	0.171243	0.183198	0.171117	0.145801	
1840	0.162476	0.159238	0.171463	0.133641	0.144451	0.156450	0.166018	0.188832	0.171772	0.144969	
1845	0.166178	0.157567	0.169311	0.130448	0.146072	0.154192	0.163658	0.189170	0.173868	0.143568	
1850	0.165795	0.155479	0.171098	0.132869	0.148425	0.145822	0.161227	0.191599	0.170504	0.141200	
1855	0.170431	0.156772	0.166561	0.138946	0.148444	0.144604	0.162865	0.198336	0.170154	0.139869	
1860	0.170435	0.153276	0.168495	0.140487	0.150285	0.150004	0.160838	0.193630	0.170601	0.138333	
1865	0.172782	0.155696	0.166220	0.140437	0.152159	0.149787	0.159488	0.189315	0.171684	0.137186	
1870	0.172504	0.157407	0.161685	0.143867	0.153009	0.149603	0.158995	0.188775	0.172316	0.136644	
1875	0.170293	0.156911	0.160284	0.142874	0.157749	0.149914	0.161403	0.190129	0.169748	0.136093	
1880	0.168367	0.161402	0.159729	0.146015	0.157012	0.148089	0.159046	0.193125	0.167874	0.136554	
1885	0.168346	0.161448	0.160649	0.144546	0.152580	0.149664	0.157290	0.193388	0.169007	0.137651	
1890	0.169804	0.157659	0.162271	0.143001	0.145942	0.151211	0.159358	0.192752	0.177357	0.139007	
1895	0.163856	0.153243	0.161712	0.140523	0.144567	0.148201	0.165320	0.190400	0.173565	0.143150	
1900	0.165228	0.158983	0.156726	0.138308	0.142770	0.149804	0.163483	0.189789	0.174334	0.144884	
1905	0.161337	0.159293	0.152866	0.135209	0.143692	0.154623	0.165023	0.191897	0.175494	0.142778	
1910	0.161765	0.158547	0.149216	0.135941	0.139801	0.152253	0.162954	0.198499	0.178450	0.145881	
1915	0.162287	0.160128	0.150451	0.139151	0.144504	0.153268	0.163511	0.196664	0.177586	0.145593	
1920	0.164499	0.154552	0.148269	0.137447	0.142221	0.156468	0.162524	0.195558	0.177529	0.143847	
1925	0.160704	0.156811	0.149085	0.149129	0.140970	0.158959	0.160637	0.189180	0.175824	0.142517	
1930	0.162519	0.157459	0.148644	0.146068	0.143846	0.156715	0.164122	0.190943	0.174929	0.144473	
1935	0.164371	0.159253	0.145542	0.149607	0.142349	0.159845	0.166559	0.194401	0.174802	0.142220	
1940	0.161727	0.156370	0.142033	0.147229	0.145263	0.159023	0.168010	0.197458	0.171349	0.148976	
1945	0.159280	0.158675	0.140507	0.146004	0.148815	0.159368	0.170318	0.196469	0.175120	0.147149	
1950	0.155061	0.164989	0.146192	0.149052	0.146634	0.161445	0.170815	0.196871	0.174446	0.146510	
1955	0.150005	0.165879	0.151303	0.145602	0.150432	0.160858	0.172855	0.196499	0.173865	0.143760	
1960	0.153588	0.164629	0.152512	0.148411	0.149420	0.161261	0.172113	0.198335	0.170629	0.149776	
1965	0.158058	0.165480	0.152187	0.146279	0.148032	0.163084	0.171006	0.202243	0.168423	0.147417	
1970	0.158461	0.162420	0.152707	0.148475	0.147185	0.159633	0.166886	0.198880	0.168050	0.142515	
1975	0.159317	0.163033	0.156817	0.148949	0.152079	0.160973	0.169534	0.201239	0.167265	0.147526	
1980	0.159909	0.164013	0.159769	0.147908	0.154541	0.161345	0.173366	0.199505	0.166650	0.145275	
1985	0.163052	0.167287	0.158464	0.149603	0.148129	0.158545	0.172865	0.201169	0.165422	0.141274	
1990	0.162197	0.163664	0.157035	0.148490	0.146388	0.154659	0.174846	0.202751	0.165009	0.144355	
1995	0.157722	0.166386	0.161423	0.150784	0.146264	0.151312	0.171958	0.199350	0.167134	0.143569	
2000	0.156987	0.168681	0.157656	0.146295	0.149106	0.152804	0.170663	0.199737	0.166617	0.148113	
2005	0.155213	0.170667	0.155597	0.141772	0.151182	0.158067	0.174477	0.198154	0.168390	0.140063	
2010	0.157402	0.166232	0.152784	0.141681	0.153703	0.155460	0.172408	0.195983	0.163281	0.141304	
2015	0.155972	0.166800	0.155626	0.141207	0.152071	0.154993	0.174005	0.198202	0.161049	0.145251	
2020	0.155442	0.163972	0.157433	0.138619	0.153590	0.156268	0.169568	0.197604	0.165925	0.144151	
2025	0.159931	0.168322	0.153601	0.142312	0.159249	0.154967	0.167489	0.196887	0.163623	0.144464	
2030	0.159082	0.166634	0.155929	0.143630	0.154671	0.153773	0.173240	0.199529	0.166249	0.140867	
2035	0.160645	0.171379	0.153367	0.143631	0.157659	0.152683	0.170926	0.201272	0.168661	0.144681	
2040	0.160060	0.168985	0.146692	0.145632	0.160770	0.150214	0.169457	0.201795	0.174915	0.144492	
2045	0.156976	0.168807	0.148975	0.149038	0.160236	0.147129	0.168907	0.198850	0.173352	0.141777	
2050	0.151010	0.171379	0.153402	0.146473	0.161894	0.142681	0.166079	0.196798	0.173597	0.144165	
2055	0.151050	0.172706	0.145451	0.146310	0.164074	0.138867	0.168680	0.192629	0.171947	0.146078	
2060	0.151359	0.169724	0.149277	0.146932	0.162339	0.138690	0.170054	0.189476	0.167119	0.148930	
2065	0.150116	0.168728	0.156756	0.151470	0.164727	0.135070	0.171234	0.192951	0.163697	0.151533	
2070	0.144736	0.167415	0.157046	0.150034	0.162784	0.136635	0.167623	0.187409	0.163069	0.158255	
2075	0.142125	0.166270	0.157224	0.147601	0.159709	0.141001	0.168263	0.179276	0.167345	0.159658	
2080	0.144369	0.165542	0.158723	0.142400	0.159702	0.146375	0.168939	0.185075	0.172823	0.162398	
2085	0.149614	0.168338	0.160722	0.144803	0.160253	0.143558	0.166663	0.188011	0.173006	0.159614	
2090	0.149873	0.165823	0.154221	0.144546	0.161669	0.144687	0.170025	0.184484	0.173444	0.160491	
2095	0.149042	0.163944	0.156714	0.141970	0.158721	0.142208	0.171831	0.181316	0.171401	0.160570	
2100	0.149762	0.168510	0.158633	0.144262	0.163179	0.139742	0.180056	0.178190	0.168624	0.155893	
2105	0.147705	0.168874	0.156127	0.143916	0.161107	0.145778	0.178209	0.180690	0.170035	0.161184	
2110	0.151152	0.175126	0.155441	0.145607	0.161420	0.145808	0.178654	0.185429	0.162011	0.160938	
2115	0.150333	0.170429	0.156916	0.144507	0.160378	0.145627	0.176120	0.184114	0.161756	0.160086	
2120	0.148959	0.169376	0.156415	0.146853	0.160347	0.141444	0.176099	0.183154	0.159634	0.163008	
2125	0.145489	0.174409	0.159628	0.145781	0.155151	0.141301	0.176973	0.181525	0.160542	0.155050	
2130	0.147861	0.174551	0.163381	0.146605	0.155504	0.144076	0.174754	0.186390	0.163563	0.161111	
2135	0.148830	0.176821	0.157428	0.145427	0.158685	0.143097	0.173837	0.179888	0.167449	0.162491	
2140	0.153529	0.180572	0.153494	0.141714	0.157056	0.146967	0.179012	0.182073	0.166962	0.158589	
2145	0.156953	0.185288	0.155730	0.142642	0.150287	0.150829	0.177665	0.175612	0.171568	0.153958	
2150	0.155883	0.184895	0.154067	0.141130	0.152698	0.153848	0.181353	0.182462	0.168087	0.154907	
2155	0.157871	0.185643	0.154102	0.143349	0.152088	0.153443	0.184483	0.183101	0.164349	0.157380	
2160	0.156722	0.184855	0.150614	0.143850	0.155057	0.158957	0.192083	0.184075	0.164873	0.156818	
2165	0.156404	0.184129	0.149458	0.149485	0.158980	0.157733	0.192528	0.185989	0.162493	0.155501	
2170	0.152471	0.184998	0.151542	0.145041	0.161885	0.153421	0.188170	0.183971	0.162392	0.157141	
2175	0.150917	0.187274	0.151456	0.150320	0.155537	0.154671	0.186259	0.185763	0.164773	0.157194	
2180	0.152404	0.191369	0.151562	0.149590	0.154934	0.151774	0.186619	0.184673	0.162329	0.161811	
2185	0.151367	0.194872	0.153274	0.154487	0.159876	0.156861	0.186067	0.185384	0.163529	0.160677	
2190	0.153196	0.199301	0.150469	0.150183	0.159511	0.161149	0.185201	0.185054	0.163029	0.157808	
2195	0.159092	0.198492	0.148095	0.149349	0.155892	0.161870	0.183861	0.184665	0.163684	0.156391	
2200	0.155384	0.193822	0.145703	0.153283	0.159487	0.160770	0.185423	0.187892	0.164492	0.153837	
2205	0.156737	0.196656	0.149870	0.151647	0.157110	0.159545	0.186187	0.190344	0.163653	0.149257	
2210	0.156156	0.194937	0.150545	0.158706	0.154263	0.160955	0.188182	0.190772	0.163505	0.145341	
2215	0.153985	0.195562	0.151272	0.162762	0.154404	0.161625	0.182276	0.188416	0.161194	0.138809	
2220	0.156016	0.194082	0.150863	0.160466	0.152756	0.163330	0.177241	0.193578	0.164015	0.137939	
2225	0.162107	0.193821	0.149590	0.160626	0.158383	0.165276	0.180674	0.190556	0.165628	0.136017	
2230	0.162809	0.194110	0.147977	0.163666	0.155642	0.162082	0.181130	0.191355	0.166004	0.140755	
2235	0.155569	0.197838	0.151405	0.157447	0.152027	0.160784	0.183563	0.180441	0.166481	0.139448	
2240	0.154025	0.201876	0.155266	0.166621	0.151045	0.164125	0.182828	0.183630	0.166570	0.144776	
2245	0.150538	0.206934	0.157688	0.166794	0.147523	0.162612	0.180081	0.190002	0.165754	0.142342	
2250	0.150313	0.206270	0.158343	0.159324	0.149119	0.161945	0.176388	0.190341	0.167596	0.144179	
2255	0.158608	0.204367	0.155819	0.156893	0.145949	0.160090	0.176319	0.191910	0.164821	0.144106	
2260	0.155861	0.202001	0.156664	0.151813	0.148637	0.158340	0.172745	0.191705	0.164020	0.145026	
2265	0.156651	0.208746	0.159790	0.152569	0.145724	0.154983	0.172220	0.189589	0.167241	0.143892	
2270	0.159465	0.207446	0.157379	0.151219	0.136211	0.155554	0.176033	0.186208	0.171046	0.146653	
2275	0.161523	0.209348	0.159193	0.151737	0.135519	0.153373	0.170266	0.184461	0.170904	0.145287	
2280	0.163578	0.206579	0.155283	0.154891	0.132480	0.153344	0.168234	0.188129	0.166196	0.144895	
2285	0.163462	0.201851	0.153491	0.154641	0.132698	0.154334	0.169638	0.182521	0.164576	0.140756	
2290	0.163494	0.199431	0.154950	0.152006	0.130345	0.153123	0.168318	0.183666	0.165531	0.142346	
2295	0.160866	0.197580	0.157684	0.154594	0.126167	0.154680	0.163946	0.182649	0.165542	0.143147	
2300	0.159107	0.194136	0.157095	0.152481	0.124569	0.152382	0.163168	0.181819	0.166328	0.142771	
2305	0.161545	0.194194	0.156016	0.150545	0.126112	0.152080	0.160181	0.183415	0.163512	0.147635	
2310	0.162231	0.190722	0.152235	0.151248	0.125894	0.148859	0.165497	0.176799	0.163438	0.148488	
2315	0.162893	0.191169	0.151539	0.156960	0.126741	0.144244	0.163718	0.176546	0.159596	0.148088	
2320	0.157797	0.190416	0.150240	0.156837	0.126933	0.143816	0.170061	0.173887	0.163583	0.141770	
2325	0.156226	0.191496	0.149458	0.159487	0.124190	0.146331	0.172275	0.170195	0.165978	0.145450	
2330	0.156195	0.192067	0.143820	0.161622	0.123344	0.149976	0.170861	0.173394	0.166319	0.146179	
2335	0.158708	0.195443	0.146013	0.163617	0.125536	0.154860	0.168662	0.174285	0.164687	0.149780	
2340	0.155739	0.198727	0.146090	0.164095	0.127413	0.158303	0.166142	0.172409	0.166498	0.150578	
2345	0.154770	0.199277	0.148573	0.166815	0.124973	0.152291	0.166956	0.169806	0.162199	0.154937	
2350	0.154866	0.192121	0.151537	0.162982	0.122330	0.150865	0.166607	0.175338	0.163727	0.155134	
2355	0.158329	0.188958	0.150919	0.169575	0.124572	0.149991	0.167089	0.177051	0.158165	0.158389	
2360	0.160134	0.188541	0.153096	0.175826	0.123946	0.148394	0.164213	0.178924	0.160465	0.156184	
2365	0.159707	0.190949	0.151029	0.173534	0.125263	0.152376	0.162252	0.180688	0.157870	0.155153	
2370	0.156576	0.190107	0.151713	0.172415	0.124320	0.148988	0.164465	0.183364	0.154832	0.153052	
2375	0.157746	0.188523	0.152520	0.170334	0.125067	0.148705	0.165093	0.177924	0.155583	0.155018	
2380	0.155100	0.189565	0.154049	0.172084	0.125464	0.149223	0.162809	0.173775	0.160950	0.156828	
2385	0.155285	0.193374	0.148183	0.173167	0.125739	0.150152	0.161147	0.177204	0.154458	0.152200	
2390	0.155074	0.192284	0.151109	0.173957	0.127821	0.151331	0.159590	0.182408	0.156229	0.151815	
2395	0.157953	0.187347	0.156481	0.171002	0.132444	0.153342	0.158345	0.183860	0.163363	0.155881	
2400	0.159591	0.185557	0.155009	0.167741	0.129838	0.154544	0.156306	0.184586	0.168675	0.159991	
2405	0.157551	0.186649	0.160825	0.168401	0.129881	0.154700	0.159321	0.189047	0.171552	0.155817	
2410	0.158829	0.188410	0.160347	0.167666	0.131272	0.154030	0.160859	0.192327	0.167481	0.152171	
2415	0.156987	0.187097	0.162440	0.168343	0.136071	0.158014	0.157280	0.187447	0.166970	0.151072	
2420	0.157235	0.193540	0.167187	0.170328	0.137854	0.155121	0.156316	0.191737	0.164608	0.146483	
2425	0.156836	0.197713	0.166603	0.171881	0.138969	0.151048	0.152994	0.190454	0.164758	0.150168	
2430	0.157297	0.198912	0.166159	0.179936	0.136080	0.154704	0.157532	0.190817	0.166286	0.151323	
2435	0.154682	0.198363	0.162743	0.182411	0.132958	0.154501	0.155839	0.189860	0.164035	0.149784	
2440	0.154180	0.194746	0.161559	0.183503	0.130393	0.157014	0.155142	0.186163	0.161444	0.154340	
2445	0.157893	0.199219	0.162457	0.175966	0.135696	0.159341	0.156859	0.187080	0.161321	0.155611	
2450	0.157100	0.194746	0.159288	0.174660	0.134004	0.158451	0.154053	0.183588	0.162775	0.158740	
2455	0.154756	0.190843	0.155782	0.175519	0.136481	0.165706	0.158514	0.183823	0.160557	0.159994	
2460	0.155984	0.191169	0.154822	0.180092	0.137984	0.166896	0.158010	0.184077	0.162085	0.158902	
2465	0.156512	0.193880	0.158861	0.175987	0.134015	0.166625	0.158178	0.182199	0.160891	0.156371	
2470	0.157999	0.189177	0.161102	0.178260	0.136792	0.170233	0.159416	0.185162	0.157721	0.154004	
2475	0.159878	0.189055	0.159171	0.177681	0.137625	0.172401	0.161602	0.184816	0.154237	0.159968	
2480	0.161586	0.190895	0.162705	0.177950	0.143383	0.174006	0.162302	0.186932	0.160871	0.155201	
2485	0.161134	0.186855	0.160157	0.177818	0.146501	0.172020	0.161440	0.186076	0.164610	0.156751	
2490	0.162686	0.184087	0.159475	0.177824	0.146190	0.175281	0.162698	0.187381	0.165824	0.154084	
2495	0.162246	0.184195	0.156192	0.173842	0.143476	0.168807	0.164915	0.189143	0.164344	0.154528	
2500	0.160642	0.183783	0.153782	0.172628	0.141431	0.172064	0.164599	0.186128	0.166016	0.155130	
2505	0.156413	0.183092	0.154637	0.172910	0.132650	0.172039	0.166522	0.184849	0.171121	0.152771	
2510	0.151248	0.182733	0.154978	0.171959	0.138019	0.178442	0.167356	0.184365	0.170289	0.153619	
2515	0.152396	0.180893	0.152667	0.167890	0.142029	0.178115	0.165443	0.185649	0.171305	0.150104	
2520	0.150119	0.178116	0.152070	0.167315	0.138897	0.174085	0.170701	0.187687	0.167503	0.151919	
2525	0.153179	0.176451	0.149164	0.166882	0.141461	0.173925	0.173198	0.192125	0.169243	0.151853	
2530	0.152419	0.181072	0.148349	0.166264	0.140972	0.180012	0.175624	0.194707	0.170353	0.153257	
2535	0.156059	0.184027	0.148944	0.163894	0.138304	0.182592	0.174827	0.194885	0.166143	0.149699	
2540	0.154372	0.180255	0.147909	0.164492	0.141920	0.180091	0.171568	0.189956	0.162740	0.147936	
2545	0.150450	0.180848	0.148313	0.165653	0.145100	0.182118	0.172342	0.194266	0.163577	0.149570	
2550	0.146601	0.179400	0.148160	0.168377	0.144574	0.176908	0.168793	0.190221	0.161911	0.150765	
2555	0.148007	0.177170	0.152476	0.169084	0.142123	0.174547	0.171289	0.192766	0.159310	0.151420	
2560	0.150246	0.177064	0.148492	0.171823	0.144111	0.172270	0.166137	0.188175	0.166834	0.149462	
2565	0.147966	0.180861	0.149336	0.168523	0.144801	0.173805	0.167295	0.185916	0.167790	0.149408	
2570	0.146909	0.175871	0.149493	0.167357	0.146602	0.175473	0.166120	0.184724	0.161051	0.149596	
2575	0.143173	0.175248	0.152644	0.166109	0.151858	0.173949	0.165399	0.183668	0.159971	0.150563	
2580	0.145454	0.175494	0.163030	0.170875	0.148865	0.172511	0.160982	0.183241	0.163930	0.149523	
2585	0.149477	0.174516	0.155940	0.174727	0.146091	0.175102	0.162625	0.177680	0.165055	0.145802	
2590	0.150806	0.169975	0.155766	0.170378	0.148750	0.170565	0.159420	0.182242	0.160552	0.146265	
2595	0.154519	0.168572	0.156084	0.166035	0.144357	0.170224	0.162469	0.181415	0.162491	0.146670	
2600	0.156275	0.167890	0.156031	0.167076	0.145240	0.168605	0.161896	0.175952	0.162810	0.150582	
2605	0.153842	0.162668	0.155103	0.162264	0.146564	0.174349	0.161403	0.169312	0.157173	0.149733	
2610	0.153383	0.159694	0.153615	0.162918	0.147848	0.172188	0.163978	0.174835	0.155595	0.143143	
2615	0.156318	0.166689	0.150455	0.161509	0.148195	0.172370	0.165658	0.173057	0.158476	0.144971	
2620	0.154842	0.162817	0.152558	0.159546	0.146313	0.170567	0.164844	0.176974	0.160684	0.145303	
2625	0.156034	0.159684	0.154501	0.158607	0.147779	0.169436	0.165694	0.173194	0.163320	0.149094	
2630	0.154156	0.158996	0.159161	0.162453	0.146809	0.166242	0.165143	0.177093	0.159712	0.147875	
2635	0.152599	0.161645	0.162430	0.160841	0.145311	0.167132	0.166749	0.183069	0.161183	0.145205	
2640	0.153035	0.162869	0.162985	0.159299	0.149589	0.171104	0.165211	0.180429	0.160682	0.145028	
2645	0.153043	0.160437	0.163861	0.155359	0.146750	0.173999	0.163733	0.183497	0.159579	0.145295	
2650	0.155668	0.156254	0.158930	0.154638	0.143863	0.177873	0.163142	0.181839	0.159321	0.145823	
2655	0.157714	0.156450	0.156107	0.153250	0.146258	0.177001	0.160136	0.183805	0.155373	0.147094	
2660	0.158635	0.159077	0.149800	0.155992	0.149609	0.174774	0.157683	0.184492	0.152346	0.140485	
2665	0.159006	0.148453	0.145602	0.154380	0.154289	0.175066	0.157381	0.185376	0.147672	0.141295	
2670	0.153710	0.148278	0.143692	0.150658	0.155554	0.175841	0.159328	0.179661	0.147429	0.132963	
2675	0.154565	0.147730	0.143759	0.155479	0.157262	0.172818	0.157318	0.173648	0.150307	0.132898	
2680	0.158658	0.153405	0.133972	0.157774	0.157151	0.170774	0.155685	0.166591	0.150105	0.134958	
2685	0.159435	0.155013	0.135856	0.157165	0.157105	0.163646	0.153849	0.166983	0.149510	0.133507	
2690	0.158246	0.152919	0.138013	0.154910	0.156500	0.157335	0.156116	0.167714	0.153331	0.132350	
2695	0.157229	0.155525	0.137759	0.150561	0.158774	0.159370	0.158016	0.167310	0.158228	0.130765	
2700	0.162952	0.154703	0.141212	0.150309	0.161270	0.160651	0.154702	0.170891	0.163537	0.125869	
2705	0.164523	0.151599	0.139288	0.151984	0.160464	0.159993	0.158812	0.172508	0.160849	0.130547	
2710	0.161152	0.156373	0.137342	0.150797	0.168470	0.162301	0.160873	0.174020	0.161135	0.133663	
2715	0.160992	0.154166	0.137616	0.156343	0.169868	0.165370	0.157314	0.176335	0.162217	0.130390	
2720	0.168824	0.151889	0.136829	0.154721	0.171500	0.167005	0.153466	0.171394	0.163947	0.128266	
2725	0.173310	0.148662	0.135631	0.151169	0.175467	0.177541	0.153968	0.169952	0.159573	0.134097	
2730	0.171000	0.150502	0.136336	0.152464	0.174108	0.172967	0.148366	0.171978	0.157783	0.138149	
2735	0.162319	0.145692	0.136559	0.150416	0.168113	0.169210	0.149401	0.168874	0.160186	0.142971	
2740	0.160402	0.156592	0.136813	0.149812	0.167703	0.176583	0.148403	0.170112	0.166034	0.142551	
2745	0.164544	0.154869	0.132958	0.144700	0.165976	0.177642	0.149763	0.166884	0.164170	0.145203	
2750	0.165004	0.157334	0.137366	0.143587	0.167711	0.173278	0.148546	0.169141	0.165360	0.147765	
2755	0.161581	0.156613	0.138565	0.140069	0.167522	0.170235	0.149839	0.172454	0.164652	0.143363	
2760	0.162005	0.155022	0.137641	0.140699	0.170262	0.173944	0.148253	0.173463	0.170792	0.146657	
2765	0.164561	0.160625	0.138583	0.140815	0.166160	0.173076	0.146164	0.173439	0.170264	0.152940	
2770	0.164311	0.162539	0.140937	0.145791	0.166498	0.172467	0.151205	0.177638	0.169652	0.154868	
2775	0.165776	0.164185	0.144033	0.144877	0.158183	0.166558	0.152536	0.173112	0.168270	0.153724	
2780	0.168238	0.163765	0.146503	0.151075	0.160193	0.163519	0.154834	0.174490	0.169344	0.157233	
2785	0.163552	0.166894	0.147298	0.147563	0.160934	0.167067	0.154998	0.172334	0.166992	0.156560	
2790	0.161232	0.168673	0.145293	0.144702	0.159826	0.167712	0.157163	0.173247	0.166898	0.157732	
2795	0.161535	0.167209	0.151508	0.141062	0.159018	0.164031	0.155594	0.178388	0.166602	0.153545	
2800	0.164659	0.168448	0.150131	0.138898	0.155826	0.166243	0.148959	0.174314	0.165448	0.154573	
2805	0.166706	0.167537	0.148566	0.142969	0.160904	0.160974	0.150168	0.170678	0.160133	0.152459	
2810	0.168916	0.162865	0.145938	0.145096	0.159361	0.160284	0.150163	0.166470	0.159061	0.150915	
2815	0.172330	0.162751	0.149212	0.144897	0.160449	0.160815	0.146373	0.163248	0.157820	0.152058	
2820	0.170956	0.167505	0.147216	0.143283	0.164629	0.164144	0.152449	0.169564	0.159338	0.151827	
2825	0.171877	0.166044	0.143986	0.140088	0.161074	0.165897	0.146877	0.173360	0.160880	0.152280	
2830	0.173438	0.163212	0.143880	0.144454	0.164686	0.166410	0.150666	0.175546	0.159413	0.153019	
2835	0.171939	0.170894	0.150831	0.151202	0.159071	0.171586	0.147597	0.178805	0.157630	0.152627	
2840	0.173604	0.167509	0.150795	0.155746	0.163330	0.170463	0.143001	0.179289	0.155920	0.149043	
2845	0.174884	0.164272	0.144696	0.153649	0.161742	0.171982	0.146018	0.182656	0.159112	0.154826	
2850	0.176226	0.161022	0.147728	0.153770	0.160812	0.176508	0.148486	0.176543	0.162058	0.153727	
2855	0.175905	0.156528	0.144257	0.158215	0.159143	0.168408	0.146026	0.175155	0.155672	0.154713	
2860	0.177843	0.149369	0.143855	0.152303	0.157387	0.167529	0.141979	0.177629	0.159202	0.153112	
2865	0.174273	0.151427	0.142894	0.156456	0.159741	0.173516	0.146002	0.179828	0.158033	0.150301	
2870	0.170700	0.153577	0.146065	0.155109	0.154424	0.171223	0.146359	0.178748	0.158924	0.150875	
2875	0.169436	0.158714	0.150176	0.159844	0.152819	0.171308	0.150051	0.173468	0.161325	0.154217	
2880	0.170046	0.156779	0.149567	0.162000	0.156908	0.175678	0.148875	0.172444	0.166272	0.150640	
2885	0.168882	0.159554	0.147369	0.160955	0.157168	0.175824	0.145158	0.169257	0.167006	0.149644	
2890	0.167841	0.159180	0.144026	0.156938	0.151611	0.173898	0.145923	0.170429	0.168463	0.142030	
2895	0.166233	0.160160	0.148482	0.157598	0.153192	0.174016	0.150556	0.171118	0.165523	0.146968	
2900	0.164207	0.157586	0.147069	0.154754	0.155563	0.180407	0.152416	0.171399	0.158432	0.143648	
2905	0.168825	0.158542	0.144705	0.156268	0.154786	0.173759	0.148271	0.175204	0.158616	0.146051	
2910	0.171211	0.163180	0.150841	0.158094	0.158768	0.174885	0.147897	0.168911	0.159280	0.143275	
2915	0.169389	0.160468	0.146217	0.159816	0.158765	0.169557	0.151500	0.165386	0.161864	0.143765	
2920	0.172562	0.160371	0.147646	0.155254	0.153706	0.173685	0.153178	0.168324	0.161392	0.143733	
2925	0.169315	0.162620	0.146423	0.149817	0.150882	0.173208	0.148556	0.168049	0.160073	0.144265	
2930	0.169493	0.160273	0.148157	0.148219	0.152791	0.173452	0.145584	0.170564	0.160960	0.141236	
2935	0.167685	0.163218	0.146295	0.148197	0.154263	0.171226	0.146281	0.172480	0.160217	0.141236	
2940	0.165928	0.160299	0.145265	0.146949	0.156436	0.173221	0.145560	0.171114	0.161670	0.143090	
2945	0.162540	0.162143	0.142040	0.148992	0.163283	0.172109	0.149051	0.170695	0.160480	0.145178	
2950	0.163613	0.152192	0.140501	0.147990	0.164852	0.166907	0.147612	0.167972	0.159391	0.141353	
2955	0.162111	0.150179	0.141570	0.145955	0.163110	0.165258	0.150085	0.170134	0.163342	0.139493	
2960	0.164859	0.149453	0.141074	0.148714	0.162539	0.164752	0.154019	0.173873	0.160831	0.138146	
2965	0.162759	0.149603	0.142908	0.148577	0.163280	0.165852	0.156805	0.173738	0.160544	0.141838	
2970	0.163479	0.147882	0.144613	0.149616	0.163431	0.162358	0.159324	0.168990	0.159690	0.148549	
2975	0.159820	0.156957	0.144528	0.152689	0.164963	0.158737	0.158471	0.167080	0.160370	0.146681	
2980	0.158983	0.155523	0.140852	0.145804	0.164339	0.154571	0.155787	0.161235	0.156817	0.142852	
2985	0.159185	0.159741	0.138627	0.145349	0.162684	0.151640	0.157358	0.159613	0.159285	0.143443	
2990	0.155681	0.161353	0.136404	0.145161	0.163287	0.152257	0.151103	0.159865	0.159671	0.141801	
2995	0.155791	0.159405	0.136029	0.143837	0.162427	0.150474	0.150813	0.166165	0.162620	0.139696	
3000	0.155057	0.164907	0.140259	0.150098	0.161125	0.155776	0.149162	0.162115	0.162454	0.140789	
