T	rep_1	rep_2	rep_3	rep_4	rep_5	rep_6	rep_7	rep_8	rep_9	rep_10
5	0.000000	0.000000	0.000000	0.000000	0.000000	0.000000	0.000000	0.000000	0.000000	0.000000	
10	0.000000	0.000000	0.000000	0.000000	0.000000	0.000000	0.000000	0.000000	0.000000	0.000000	
15	0.000000	0.000000	0.000000	0.000000	0.000000	0.000000	0.000000	0.000000	0.000000	0.000000	
20	0.000000	0.000000	0.000000	0.000000	0.000000	0.000000	0.000000	0.000000	0.000000	0.000000	
25	0.000000	0.000000	0.000000	0.000000	0.000000	0.000000	0.000000	0.000000	0.000000	0.000000	
30	0.000000	0.000000	0.000000	0.000000	0.000000	0.000000	0.000000	0.000000	0.000000	0.000000	
35	0.000000	0.000000	0.000000	0.000000	0.000000	0.000000	0.000000	0.000000	0.000000	0.000000	
40	0.000000	0.000000	0.000000	0.000000	0.000000	0.000000	0.000000	0.000000	0.000000	0.000000	
45	0.000000	0.000000	0.000000	0.000000	0.000000	0.000000	0.000000	0.000000	0.000000	0.000000	
50	0.000000	0.000000	0.000000	0.000000	0.000000	0.000000	0.000000	0.000000	0.000000	0.000000	
55	0.000000	0.000000	0.000000	0.000000	0.000000	0.000000	0.000000	0.000000	0.000000	0.000000	
60	0.000000	0.000000	0.000000	0.000000	0.000000	0.000000	0.000000	0.000000	0.000000	0.000000	
65	0.000000	0.000000	0.000000	0.000000	0.000000	0.000000	0.000000	0.000000	0.000000	0.000000	
70	0.000000	0.000000	0.000000	0.000000	0.000000	0.000000	0.000000	0.000000	0.000000	0.000000	
75	0.000000	0.000000	0.000000	0.000000	0.000000	0.000000	0.000000	0.000000	0.000000	0.000000	
80	0.000000	0.000000	0.000000	0.000000	0.000000	0.000000	0.000000	0.000000	0.000000	0.000000	
85	0.000000	0.000000	0.000000	0.000000	0.000000	0.000000	0.000000	0.000000	0.000000	0.000000	
90	0.000000	0.000000	0.000000	0.000000	0.000000	0.000000	0.000000	0.000000	0.000000	0.000000	
95	0.000000	0.000000	0.000000	0.000000	0.000000	0.000000	0.000000	0.000000	0.000000	0.000000	
100	0.000000	0.000000	0.000000	0.000000	0.000000	0.000000	0.000000	0.000000	0.000000	0.000000	
105	0.000000	0.000000	0.000000	0.000000	0.000000	0.000000	0.000000	0.000000	0.000000	0.000000	
110	0.000000	0.000000	0.000000	0.000000	0.000000	0.000000	0.000000	0.000000	0.000000	0.000000	
115	0.000000	0.000000	0.000000	0.000000	0.000000	0.000000	0.000000	0.000000	0.000000	0.000000	
120	0.000000	0.000000	0.000000	0.000000	0.000000	0.000000	0.000000	0.000000	0.000000	0.000000	
125	0.000000	0.000000	0.000000	0.000000	0.000000	0.000000	0.000000	0.000000	0.000000	0.000000	
130	0.000000	0.000000	0.000000	0.000000	0.000000	0.000000	0.000000	0.000000	0.000000	0.000000	
135	0.000000	0.000000	0.000000	0.000000	0.000000	0.000000	0.000000	0.000000	0.000000	0.000000	
140	0.000000	0.000000	0.000000	0.000000	0.000000	0.000000	0.000000	0.000000	0.000000	0.000000	
145	0.000000	0.000000	0.000000	0.000000	0.000000	0.000000	0.000000	0.000000	0.000000	0.000000	
150	0.000000	0.000000	0.000000	0.000000	0.000000	0.000000	0.000000	0.000000	0.000000	0.000000	
155	0.000000	0.000000	0.000000	0.000000	0.000000	0.000000	0.000000	0.000000	0.000000	0.000000	
160	0.000000	0.000000	0.000000	0.000000	0.000000	0.000000	0.000000	0.000000	0.000000	0.000000	
165	0.000000	0.000000	0.000000	0.000000	0.000000	0.000000	0.000000	0.000000	0.000000	0.000000	
170	0.000000	0.000000	0.000000	0.000000	0.000000	0.000000	0.000000	0.000000	0.000000	0.000000	
175	0.000000	0.000000	0.000000	0.000000	0.000000	0.000000	0.000000	0.000000	0.000000	0.000000	
180	0.000000	0.000000	0.000000	0.000000	0.000000	0.000000	0.000000	0.000000	0.000000	0.000000	
185	0.000000	0.000000	0.000000	0.000000	0.000000	0.000000	0.000000	0.000000	0.000000	0.000000	
190	0.000000	0.000000	0.000000	0.000000	0.000000	0.000000	0.000000	0.000000	0.000000	0.000000	
195	0.000000	0.000000	0.000000	0.000000	0.000000	0.000000	0.000000	0.000000	0.000000	0.000000	
200	0.000000	0.000000	0.000000	0.000000	0.000000	0.000000	0.000000	0.000000	0.000000	0.000000	
205	0.001370	0.001584	0.001041	0.001331	0.001852	0.001170	0.001061	0.001499	0.000955	0.001134	
210	0.002567	0.002053	0.002143	0.001823	0.002255	0.002319	0.002219	0.001962	0.002497	0.002008	
215	0.002890	0.002147	0.002330	0.002830	0.003313	0.002867	0.002917	0.002577	0.002445	0.003374	
220	0.003431	0.002948	0.003232	0.003057	0.003672	0.003538	0.003389	0.002901	0.003392	0.003249	
225	0.003863	0.002885	0.004285	0.003831	0.003849	0.003992	0.004041	0.003764	0.003956	0.003415	
230	0.003785	0.003619	0.004418	0.003984	0.004905	0.004625	0.004464	0.003475	0.003665	0.003494	
235	0.003795	0.004234	0.004314	0.004115	0.004101	0.004149	0.004630	0.004751	0.004450	0.003245	
240	0.003819	0.004762	0.005397	0.004875	0.004285	0.004197	0.005630	0.005153	0.004379	0.003369	
245	0.004561	0.004008	0.005553	0.004566	0.005030	0.005082	0.005382	0.004602	0.005182	0.004152	
250	0.003966	0.004054	0.005907	0.004704	0.004602	0.005191	0.005281	0.004974	0.005411	0.004145	
255	0.004790	0.004786	0.006034	0.005152	0.004349	0.006077	0.005998	0.005188	0.005472	0.003450	
260	0.005354	0.004389	0.006385	0.005226	0.005068	0.006468	0.005820	0.004663	0.005790	0.004122	
265	0.005758	0.004036	0.005321	0.004258	0.004287	0.005966	0.005634	0.005540	0.006605	0.003899	
270	0.005199	0.004562	0.005677	0.004893	0.005316	0.005517	0.005448	0.005482	0.006077	0.004794	
275	0.005460	0.004436	0.005250	0.005746	0.005420	0.005387	0.005767	0.005976	0.006104	0.004245	
280	0.005437	0.004180	0.004958	0.005177	0.005679	0.006387	0.005791	0.005668	0.005110	0.005350	
285	0.005276	0.004304	0.005488	0.006442	0.005676	0.005542	0.005836	0.006244	0.005678	0.005503	
290	0.005392	0.004101	0.005579	0.005792	0.006120	0.005035	0.006096	0.005349	0.004724	0.005302	
295	0.005600	0.004484	0.005441	0.005707	0.005573	0.004251	0.006244	0.004876	0.004692	0.005045	
300	0.005555	0.004718	0.005784	0.005738	0.005370	0.004316	0.005247	0.005505	0.004755	0.005699	
305	0.004959	0.005168	0.005034	0.005859	0.005591	0.005004	0.005745	0.005265	0.005159	0.006516	
310	0.004839	0.005108	0.004972	0.005930	0.005339	0.005055	0.005261	0.005778	0.006195	0.006313	
315	0.004899	0.004904	0.005104	0.005419	0.004936	0.006119	0.005404	0.004950	0.005921	0.006582	
320	0.004472	0.005738	0.004574	0.005556	0.005049	0.005821	0.004867	0.004124	0.006326	0.006359	
325	0.004760	0.004716	0.005162	0.005105	0.004828	0.005973	0.005370	0.004339	0.005767	0.005666	
330	0.004689	0.005489	0.004923	0.005532	0.005463	0.007117	0.005019	0.004907	0.005833	0.005742	
335	0.004439	0.005895	0.005166	0.005694	0.006433	0.007455	0.005416	0.005395	0.005876	0.005976	
340	0.004334	0.005904	0.006016	0.005457	0.006120	0.007549	0.005982	0.005464	0.004664	0.006675	
345	0.004987	0.006673	0.005586	0.005513	0.006022	0.006964	0.006370	0.005871	0.004658	0.006751	
350	0.004676	0.005457	0.005301	0.005759	0.005902	0.007270	0.006147	0.006374	0.004780	0.007733	
355	0.005556	0.006614	0.005361	0.006453	0.005914	0.007440	0.005249	0.006143	0.004894	0.006383	
360	0.006476	0.006198	0.005755	0.006257	0.005487	0.007615	0.004349	0.006706	0.005171	0.005535	
365	0.005823	0.005744	0.006430	0.005701	0.006598	0.007568	0.004532	0.006737	0.005935	0.005101	
370	0.005707	0.005607	0.007936	0.006220	0.005432	0.009193	0.004608	0.006661	0.005615	0.006242	
375	0.005607	0.006107	0.007224	0.005884	0.006005	0.008718	0.004710	0.007631	0.006719	0.006824	
380	0.005985	0.006437	0.006090	0.006670	0.006508	0.008111	0.004768	0.006684	0.006829	0.006635	
385	0.006389	0.006753	0.006109	0.007061	0.006247	0.008700	0.005716	0.005961	0.006904	0.005746	
390	0.006455	0.005745	0.006801	0.006980	0.006468	0.009714	0.005603	0.006358	0.006496	0.005877	
395	0.006432	0.005763	0.006838	0.006108	0.006190	0.009947	0.005903	0.006620	0.007104	0.006415	
400	0.005426	0.005210	0.007617	0.006530	0.005888	0.008679	0.006121	0.006985	0.007764	0.007286	
405	0.006239	0.005276	0.008349	0.005635	0.005526	0.009509	0.005876	0.006785	0.007108	0.006302	
410	0.005777	0.004727	0.007768	0.005537	0.005508	0.009277	0.006754	0.007058	0.006850	0.006496	
415	0.006610	0.005397	0.007025	0.006202	0.006008	0.010065	0.005879	0.007389	0.006308	0.007287	
420	0.006119	0.005488	0.007400	0.006595	0.005919	0.010043	0.005793	0.007980	0.006019	0.006280	
425	0.005072	0.005768	0.007831	0.006430	0.007083	0.009760	0.006806	0.007488	0.007831	0.005881	
430	0.004788	0.006879	0.007030	0.006533	0.006843	0.008802	0.006864	0.006692	0.007690	0.005854	
435	0.005916	0.006572	0.006473	0.006414	0.007240	0.008864	0.006717	0.007078	0.007552	0.005381	
440	0.005997	0.006027	0.007041	0.006740	0.006003	0.009287	0.006731	0.006968	0.007358	0.005732	
445	0.006177	0.006757	0.006315	0.007087	0.005021	0.008933	0.006207	0.006608	0.007275	0.006109	
450	0.006501	0.007520	0.005849	0.005794	0.005201	0.009047	0.005849	0.007263	0.007215	0.005925	
455	0.006009	0.006885	0.005828	0.005820	0.005465	0.009270	0.005312	0.007980	0.008362	0.006438	
460	0.006550	0.006816	0.006520	0.005898	0.005490	0.008669	0.005187	0.007872	0.009181	0.007311	
465	0.007026	0.006875	0.006580	0.006347	0.005598	0.009121	0.005317	0.007555	0.009183	0.007160	
470	0.007118	0.008374	0.007706	0.006807	0.005650	0.008258	0.005425	0.007992	0.010013	0.008342	
475	0.006878	0.007754	0.008230	0.006606	0.005740	0.007812	0.005047	0.007709	0.009253	0.007577	
480	0.007153	0.007117	0.007510	0.006792	0.006759	0.008546	0.004904	0.007257	0.010228	0.007222	
485	0.006712	0.006393	0.008194	0.006198	0.006358	0.008308	0.005266	0.008134	0.008928	0.007619	
490	0.006396	0.007159	0.009042	0.005949	0.006897	0.008437	0.005676	0.008832	0.008728	0.007242	
495	0.007453	0.006461	0.008768	0.006565	0.008284	0.009215	0.004831	0.008632	0.008560	0.006490	
500	0.006827	0.005789	0.009984	0.007790	0.007971	0.009250	0.004860	0.008300	0.008566	0.006306	
505	0.006547	0.006307	0.009510	0.007268	0.007006	0.009396	0.005898	0.007650	0.008499	0.006598	
510	0.006594	0.006631	0.009073	0.006105	0.007606	0.010493	0.007074	0.008751	0.007605	0.007242	
515	0.005792	0.006967	0.008611	0.004999	0.007420	0.011164	0.007228	0.008028	0.008353	0.006503	
520	0.006662	0.007630	0.008449	0.005225	0.008350	0.011115	0.006603	0.008472	0.008941	0.006179	
525	0.007241	0.008808	0.008023	0.005243	0.007884	0.009932	0.007343	0.008197	0.008887	0.006240	
530	0.006893	0.008175	0.008644	0.005831	0.007861	0.009892	0.007722	0.007516	0.009087	0.006458	
535	0.006829	0.008181	0.008756	0.006264	0.007392	0.010316	0.008421	0.007412	0.007656	0.006329	
540	0.007681	0.009221	0.008232	0.006885	0.007678	0.011232	0.008798	0.007608	0.007424	0.007592	
545	0.007302	0.008190	0.007621	0.007198	0.008315	0.011043	0.009571	0.007354	0.007060	0.007104	
550	0.006851	0.007928	0.009006	0.007568	0.008082	0.011006	0.008784	0.007920	0.008412	0.006517	
555	0.008336	0.008514	0.008405	0.006914	0.008346	0.011033	0.008572	0.007271	0.007892	0.006714	
560	0.008008	0.008765	0.008071	0.007148	0.007235	0.011247	0.008021	0.006394	0.008568	0.007796	
565	0.007168	0.007920	0.007642	0.007364	0.007167	0.011219	0.007404	0.007213	0.009571	0.008802	
570	0.006929	0.008261	0.007498	0.007687	0.007537	0.011031	0.006917	0.008196	0.009550	0.008955	
575	0.007091	0.008364	0.007629	0.008437	0.007301	0.010661	0.006468	0.008545	0.009103	0.007952	
580	0.008305	0.007947	0.008344	0.008001	0.008485	0.010894	0.007096	0.008821	0.009648	0.008057	
585	0.007625	0.008632	0.008803	0.008028	0.009361	0.009027	0.007104	0.008616	0.009406	0.008118	
590	0.007211	0.008471	0.008814	0.008373	0.009065	0.009725	0.005637	0.007771	0.009686	0.007867	
595	0.008202	0.009039	0.008258	0.008423	0.009434	0.009958	0.005563	0.008103	0.010085	0.007697	
600	0.008024	0.008831	0.008559	0.007605	0.008672	0.010494	0.005700	0.007610	0.010524	0.007385	
605	0.007764	0.008547	0.007833	0.008555	0.009067	0.009518	0.006934	0.008860	0.009716	0.008781	
610	0.008036	0.007120	0.007502	0.007779	0.008282	0.010343	0.007662	0.009025	0.009299	0.009438	
615	0.007731	0.007217	0.007720	0.008128	0.008347	0.010355	0.008020	0.008537	0.008109	0.009631	
620	0.007059	0.008154	0.008584	0.009525	0.006944	0.009284	0.007148	0.008371	0.008923	0.009870	
625	0.007147	0.008838	0.009212	0.008474	0.007723	0.009519	0.007102	0.007861	0.008909	0.009476	
630	0.006868	0.008958	0.009824	0.007985	0.007634	0.010552	0.007621	0.007609	0.008427	0.009732	
635	0.007308	0.008290	0.009341	0.008314	0.007501	0.011085	0.006601	0.007984	0.007533	0.009665	
640	0.007489	0.009059	0.009489	0.008604	0.007385	0.010804	0.006616	0.008991	0.008492	0.008529	
645	0.007468	0.009395	0.008884	0.009351	0.007673	0.010391	0.007681	0.008156	0.008066	0.007544	
650	0.007226	0.008855	0.009907	0.009001	0.006857	0.009150	0.007702	0.009555	0.008003	0.007701	
655	0.006701	0.009165	0.008610	0.007678	0.008557	0.009567	0.007671	0.009025	0.009092	0.006787	
660	0.007040	0.008909	0.008214	0.007262	0.009635	0.009084	0.008336	0.008405	0.008123	0.007316	
665	0.007005	0.009212	0.007577	0.007870	0.009712	0.008849	0.008721	0.007792	0.007731	0.007751	
670	0.006826	0.009182	0.007121	0.007479	0.009832	0.008500	0.008679	0.007146	0.007594	0.008255	
675	0.006508	0.007977	0.007430	0.009390	0.010240	0.009064	0.009211	0.006466	0.008396	0.008643	
680	0.006622	0.008444	0.007674	0.008401	0.009530	0.010082	0.009406	0.006691	0.008638	0.007827	
685	0.007088	0.009321	0.008610	0.008098	0.009095	0.009908	0.008822	0.006617	0.009347	0.008234	
690	0.006722	0.008802	0.007609	0.008915	0.009288	0.011516	0.009208	0.006811	0.008105	0.007268	
695	0.006652	0.008193	0.007635	0.009848	0.009239	0.011052	0.009171	0.007274	0.008677	0.007835	
700	0.006489	0.008911	0.007987	0.008829	0.009597	0.010821	0.009049	0.007497	0.007555	0.007229	
705	0.006680	0.008822	0.008237	0.007803	0.009095	0.010512	0.008787	0.008859	0.007683	0.006430	
710	0.006963	0.008454	0.009336	0.006832	0.009110	0.009861	0.009035	0.007658	0.008208	0.007165	
715	0.006510	0.008023	0.010549	0.006663	0.008250	0.010383	0.010581	0.007274	0.008154	0.006589	
720	0.007115	0.008007	0.009979	0.008009	0.009123	0.010217	0.010275	0.006609	0.007630	0.007914	
725	0.008643	0.007528	0.009939	0.007197	0.008639	0.009695	0.010135	0.007415	0.007420	0.007503	
730	0.009192	0.007869	0.008287	0.008975	0.008667	0.009908	0.010004	0.008841	0.008016	0.006963	
735	0.008939	0.008400	0.009594	0.008353	0.008242	0.010282	0.009604	0.008854	0.007604	0.007499	
740	0.008843	0.008883	0.009066	0.007745	0.007385	0.010407	0.007677	0.008125	0.008216	0.008533	
745	0.009611	0.009716	0.009511	0.008795	0.007863	0.010512	0.008427	0.008289	0.008656	0.009039	
750	0.008544	0.010297	0.008739	0.008656	0.007381	0.011119	0.007462	0.008005	0.009370	0.008213	
755	0.008389	0.009654	0.008325	0.008857	0.008344	0.009666	0.006880	0.007798	0.009072	0.008232	
760	0.008845	0.009954	0.009385	0.009434	0.009720	0.009766	0.007398	0.008859	0.008043	0.007765	
765	0.009419	0.009729	0.008042	0.008658	0.008947	0.008974	0.007019	0.008217	0.008679	0.007521	
770	0.009547	0.008780	0.007060	0.008702	0.009969	0.008911	0.007325	0.007483	0.007246	0.007974	
775	0.009096	0.007944	0.008121	0.008572	0.009081	0.009079	0.007486	0.008033	0.007706	0.007325	
780	0.009592	0.007708	0.008687	0.007896	0.008769	0.008684	0.006793	0.007675	0.007331	0.007146	
785	0.008992	0.007525	0.008401	0.008757	0.009028	0.009259	0.006914	0.008091	0.007522	0.008475	
790	0.009506	0.007860	0.008050	0.008665	0.007806	0.008002	0.006914	0.007250	0.007483	0.009148	
795	0.009908	0.007883	0.007674	0.008178	0.008315	0.007627	0.007390	0.007005	0.006605	0.008187	
800	0.009738	0.008259	0.007722	0.008855	0.008791	0.008084	0.007893	0.008315	0.006633	0.009248	
805	0.009242	0.009149	0.007310	0.008289	0.008686	0.007885	0.008041	0.008495	0.006310	0.009230	
810	0.009633	0.009259	0.007994	0.007794	0.008540	0.008717	0.008677	0.008496	0.007444	0.010351	
815	0.009129	0.010774	0.008660	0.008531	0.008088	0.009193	0.008592	0.009123	0.007192	0.011225	
820	0.009482	0.009979	0.008766	0.009248	0.008448	0.008917	0.009303	0.009737	0.008021	0.009573	
825	0.008835	0.009548	0.009400	0.008456	0.008469	0.008862	0.009936	0.009491	0.007509	0.009460	
830	0.009006	0.011202	0.009389	0.008509	0.008407	0.008647	0.010544	0.009121	0.008411	0.010022	
835	0.008956	0.011046	0.010736	0.008738	0.008363	0.009266	0.009809	0.008458	0.008301	0.011067	
840	0.008418	0.010304	0.010880	0.009383	0.009126	0.007850	0.009841	0.008473	0.008360	0.009943	
845	0.009271	0.011239	0.011822	0.010262	0.009812	0.006987	0.009558	0.008316	0.007279	0.009871	
850	0.008947	0.010378	0.013164	0.008865	0.010659	0.006924	0.009297	0.009023	0.007749	0.010337	
855	0.008348	0.009336	0.011405	0.007593	0.010050	0.007549	0.009431	0.009715	0.007514	0.008754	
860	0.008580	0.009062	0.010225	0.007639	0.009832	0.007317	0.009357	0.010509	0.007949	0.008592	
865	0.009184	0.009249	0.009422	0.007964	0.009522	0.008446	0.009070	0.010496	0.007977	0.009899	
870	0.009216	0.009642	0.009554	0.008233	0.009371	0.007818	0.008992	0.009135	0.007367	0.009150	
875	0.008153	0.009170	0.008828	0.007363	0.009631	0.007672	0.009186	0.009375	0.007839	0.008607	
880	0.007802	0.009648	0.008218	0.007574	0.009568	0.007233	0.009008	0.010562	0.008054	0.008867	
885	0.007356	0.009845	0.007864	0.008008	0.010009	0.006848	0.008166	0.010088	0.008353	0.008961	
890	0.007347	0.009367	0.008362	0.007720	0.009094	0.006941	0.007715	0.009358	0.008499	0.009797	
895	0.006888	0.010150	0.008487	0.008906	0.008963	0.007895	0.008257	0.009680	0.008878	0.009492	
900	0.007476	0.011026	0.008870	0.009295	0.008804	0.008039	0.007857	0.008647	0.008973	0.009715	
905	0.007345	0.010809	0.011030	0.008394	0.009534	0.009147	0.006758	0.007218	0.008981	0.009383	
910	0.007371	0.009956	0.011044	0.008990	0.009892	0.009332	0.007411	0.007463	0.009077	0.008879	
915	0.007896	0.010205	0.009563	0.009165	0.009526	0.008661	0.007226	0.008276	0.008926	0.009888	
920	0.008416	0.011083	0.008393	0.009818	0.010159	0.008307	0.007328	0.008626	0.009881	0.009122	
925	0.007647	0.010433	0.008721	0.009225	0.010078	0.008325	0.007913	0.008951	0.008654	0.008827	
930	0.007720	0.011408	0.009166	0.008476	0.010322	0.009035	0.008076	0.010277	0.008080	0.008979	
935	0.008531	0.010322	0.008511	0.008120	0.009572	0.008859	0.007485	0.009152	0.009046	0.008832	
940	0.008566	0.010482	0.008890	0.008355	0.009320	0.009384	0.007261	0.008954	0.009276	0.008350	
945	0.008631	0.011088	0.009440	0.007806	0.009639	0.009162	0.007147	0.009645	0.010220	0.009078	
950	0.009298	0.010519	0.008392	0.008371	0.010238	0.009216	0.007650	0.009137	0.010556	0.010051	
955	0.009450	0.010833	0.008737	0.008038	0.009637	0.009135	0.007808	0.009291	0.010677	0.009198	
960	0.009132	0.010414	0.009089	0.008542	0.009948	0.009494	0.007118	0.010330	0.011126	0.008966	
965	0.009034	0.011322	0.009487	0.009019	0.009996	0.009854	0.008150	0.010896	0.009717	0.008810	
970	0.008775	0.010346	0.009075	0.008868	0.009756	0.010238	0.007367	0.010545	0.009853	0.008571	
975	0.008474	0.010808	0.009184	0.008536	0.009890	0.008606	0.007745	0.010314	0.010474	0.008356	
980	0.008709	0.009888	0.008652	0.007550	0.010839	0.008550	0.007949	0.009391	0.008638	0.008632	
985	0.009077	0.009316	0.007840	0.008375	0.010576	0.008891	0.008161	0.009386	0.009541	0.008821	
990	0.008763	0.009325	0.007900	0.009382	0.009041	0.008481	0.008946	0.009252	0.009599	0.008178	
995	0.008170	0.010369	0.007922	0.009008	0.009154	0.009183	0.009102	0.008915	0.009441	0.008140	
1000	0.008533	0.010508	0.008200	0.009065	0.008818	0.009506	0.008773	0.008912	0.010334	0.008963	
1005	0.009053	0.010074	0.009037	0.008484	0.008839	0.008480	0.009954	0.009432	0.009949	0.010027	
1010	0.009489	0.010456	0.008521	0.009749	0.008011	0.009438	0.009616	0.008447	0.010289	0.009784	
1015	0.010117	0.009607	0.007901	0.011017	0.009399	0.009129	0.009745	0.008785	0.010010	0.009401	
1020	0.009368	0.010031	0.008423	0.010452	0.008323	0.008760	0.010001	0.008226	0.011137	0.009013	
1025	0.009454	0.009718	0.008490	0.009785	0.008673	0.008654	0.010826	0.008595	0.008474	0.010008	
1030	0.010241	0.010107	0.007558	0.009536	0.009052	0.009024	0.010875	0.008866	0.008995	0.009531	
1035	0.010387	0.009436	0.007767	0.008940	0.009759	0.009083	0.010082	0.009906	0.008763	0.008865	
1040	0.010364	0.009849	0.007943	0.007979	0.009411	0.009198	0.010605	0.009661	0.008306	0.008456	
1045	0.010309	0.009805	0.007173	0.009201	0.010003	0.009205	0.009988	0.010962	0.007588	0.008976	
1050	0.009221	0.009471	0.007971	0.009507	0.009105	0.008466	0.009261	0.011199	0.008407	0.009175	
1055	0.009506	0.009633	0.008123	0.010342	0.010425	0.008318	0.010120	0.011171	0.008048	0.008568	
1060	0.008651	0.010179	0.008042	0.009860	0.008886	0.009048	0.010001	0.011362	0.008243	0.007589	
1065	0.009065	0.010779	0.010353	0.010329	0.008938	0.009229	0.008856	0.010776	0.008245	0.007961	
1070	0.009929	0.009634	0.011564	0.010758	0.009463	0.009430	0.008887	0.009549	0.007932	0.007306	
1075	0.009217	0.009479	0.011301	0.010025	0.009601	0.009376	0.009573	0.008113	0.007404	0.007364	
1080	0.009734	0.008038	0.010825	0.010863	0.009475	0.008637	0.009704	0.008166	0.007930	0.007455	
1085	0.009510	0.009016	0.010204	0.010174	0.010639	0.008231	0.011113	0.007154	0.009178	0.006992	
1090	0.009892	0.008629	0.010087	0.010217	0.009958	0.008904	0.011862	0.007852	0.010817	0.008878	
1095	0.010717	0.008331	0.009836	0.009961	0.010405	0.009858	0.010905	0.008237	0.010060	0.009728	
1100	0.010723	0.008673	0.009605	0.009815	0.010998	0.008819	0.011200	0.008220	0.010489	0.009405	
1105	0.011351	0.009698	0.010100	0.009682	0.010216	0.008782	0.010726	0.007439	0.009225	0.009493	
1110	0.011141	0.010455	0.009877	0.008683	0.009528	0.009956	0.011413	0.008033	0.009109	0.010862	
1115	0.011389	0.010250	0.008976	0.009486	0.009278	0.009082	0.010810	0.008798	0.008947	0.011171	
1120	0.009360	0.010226	0.008776	0.009107	0.009617	0.008869	0.011316	0.008442	0.008296	0.009600	
1125	0.008983	0.010794	0.008941	0.010408	0.009182	0.008231	0.012117	0.007567	0.008822	0.009081	
1130	0.008823	0.010418	0.008462	0.010425	0.008645	0.008548	0.011495	0.007858	0.009409	0.009626	
1135	0.008799	0.010111	0.009974	0.010133	0.008705	0.008388	0.010976	0.009628	0.008779	0.009806	
1140	0.008121	0.010864	0.010033	0.009200	0.009221	0.009251	0.010315	0.009029	0.008319	0.009623	
1145	0.008177	0.010855	0.010083	0.009927	0.010512	0.009655	0.009906	0.008765	0.008204	0.010321	
1150	0.007439	0.012022	0.009717	0.010276	0.010312	0.010190	0.009771	0.008865	0.007585	0.009742	
1155	0.009172	0.011651	0.008708	0.009917	0.009165	0.009912	0.009345	0.009517	0.008784	0.009664	
1160	0.008967	0.011373	0.010035	0.010656	0.008796	0.009278	0.009665	0.008799	0.008154	0.010178	
1165	0.009021	0.011595	0.008351	0.010305	0.008425	0.009614	0.009477	0.008546	0.009027	0.009687	
1170	0.009170	0.010342	0.008757	0.010099	0.008126	0.009916	0.009275	0.008640	0.008561	0.009422	
1175	0.008412	0.009998	0.008888	0.009948	0.009275	0.009641	0.010655	0.008303	0.009371	0.009979	
1180	0.008261	0.011308	0.008310	0.009007	0.008837	0.009462	0.009948	0.007980	0.008553	0.010156	
1185	0.007850	0.011583	0.008015	0.008755	0.008963	0.009313	0.010233	0.008658	0.007045	0.010582	
1190	0.007638	0.012232	0.009056	0.008465	0.009880	0.009823	0.009644	0.008621	0.006409	0.011535	
1195	0.009602	0.013343	0.008991	0.009548	0.009131	0.009383	0.009656	0.008527	0.006461	0.011345	
1200	0.008830	0.012039	0.009421	0.010092	0.008778	0.008861	0.009943	0.008636	0.007199	0.011383	
1205	0.008720	0.012644	0.009316	0.010240	0.008834	0.008666	0.011225	0.008618	0.006903	0.012161	
1210	0.009062	0.012356	0.009187	0.010134	0.009508	0.009411	0.010816	0.007859	0.008161	0.011651	
1215	0.008836	0.012649	0.008187	0.010417	0.009840	0.008882	0.010181	0.006699	0.007971	0.010418	
1220	0.009187	0.012785	0.008083	0.009762	0.009344	0.009094	0.009375	0.007753	0.008014	0.010658	
1225	0.008147	0.012261	0.008866	0.008780	0.009825	0.008761	0.009990	0.008165	0.007453	0.010745	
1230	0.008717	0.010936	0.009612	0.008407	0.010258	0.008841	0.009602	0.008129	0.007326	0.011076	
1235	0.009397	0.011296	0.009595	0.007780	0.011220	0.009811	0.007987	0.007833	0.008655	0.011026	
1240	0.010562	0.012760	0.009433	0.008627	0.010885	0.009217	0.006883	0.007595	0.010444	0.010286	
1245	0.010602	0.012784	0.009767	0.008015	0.010440	0.009521	0.007613	0.007474	0.009962	0.010214	
1250	0.009698	0.012384	0.009402	0.008621	0.009558	0.008426	0.008455	0.007497	0.009036	0.011060	
1255	0.010053	0.011397	0.009500	0.008119	0.010919	0.008652	0.009237	0.007396	0.009063	0.010520	
1260	0.010190	0.011266	0.008612	0.009533	0.011608	0.009160	0.009455	0.007789	0.007699	0.011597	
1265	0.009172	0.010865	0.009573	0.008904	0.011515	0.009723	0.008697	0.008971	0.008526	0.010935	
1270	0.010271	0.011042	0.010528	0.009162	0.010312	0.009365	0.008489	0.009398	0.009207	0.011210	
1275	0.009600	0.009495	0.009581	0.008866	0.010871	0.009573	0.007576	0.009090	0.008178	0.012288	
1280	0.009313	0.009223	0.010210	0.009162	0.010788	0.008021	0.008930	0.009180	0.007039	0.010842	
1285	0.009336	0.009975	0.010426	0.009841	0.010737	0.008024	0.008106	0.009714	0.007889	0.010208	
1290	0.009594	0.009641	0.010792	0.010162	0.010697	0.008778	0.009093	0.009410	0.007948	0.010140	
1295	0.010296	0.010556	0.010933	0.009805	0.010754	0.007685	0.008868	0.008781	0.008903	0.011124	
1300	0.010716	0.011223	0.011123	0.009072	0.010697	0.007708	0.008223	0.010381	0.008638	0.010912	
1305	0.010940	0.011926	0.009462	0.009744	0.009953	0.007852	0.007929	0.011181	0.009214	0.011809	
1310	0.011463	0.012730	0.009110	0.008817	0.008637	0.007246	0.008192	0.010709	0.009094	0.011016	
1315	0.010949	0.012357	0.007524	0.010059	0.009771	0.008295	0.008713	0.010159	0.008444	0.012732	
1320	0.010335	0.011620	0.007025	0.010905	0.009103	0.008316	0.008617	0.009827	0.008765	0.011575	
1325	0.009694	0.011552	0.007473	0.009723	0.009843	0.008306	0.009698	0.008796	0.007518	0.009931	
1330	0.008970	0.011172	0.008373	0.009292	0.010153	0.007027	0.008883	0.008923	0.008390	0.009583	
1335	0.009451	0.011061	0.008195	0.008950	0.010169	0.006703	0.008755	0.008993	0.008517	0.009563	
1340	0.008401	0.011846	0.008301	0.008871	0.010879	0.007085	0.009201	0.010644	0.009028	0.009790	
1345	0.007930	0.010834	0.010053	0.008539	0.011068	0.007624	0.008649	0.012342	0.008776	0.010175	
1350	0.008130	0.010663	0.010254	0.008826	0.010506	0.007948	0.008758	0.011700	0.008253	0.010175	
1355	0.007955	0.010750	0.009232	0.009735	0.009567	0.008056	0.008464	0.011719	0.008384	0.009351	
1360	0.008269	0.009421	0.008879	0.008598	0.009729	0.009060	0.009041	0.012861	0.008346	0.009107	
1365	0.008568	0.010005	0.009304	0.008724	0.010971	0.009421	0.010460	0.013528	0.008837	0.008916	
1370	0.008798	0.009841	0.008695	0.007888	0.011524	0.009199	0.008209	0.012937	0.008432	0.008111	
1375	0.008431	0.009029	0.007802	0.008779	0.011341	0.008298	0.007324	0.012957	0.008551	0.008546	
1380	0.008724	0.008600	0.007733	0.007377	0.011173	0.008608	0.007326	0.011669	0.008679	0.009329	
1385	0.007654	0.008205	0.008034	0.007193	0.009527	0.008852	0.008404	0.012218	0.008237	0.008852	
1390	0.008307	0.008131	0.008116	0.007327	0.009942	0.008625	0.007714	0.013328	0.006404	0.008584	
1395	0.008911	0.009701	0.007806	0.008594	0.009136	0.007852	0.007606	0.012032	0.006954	0.010015	
1400	0.008292	0.008971	0.009463	0.009374	0.009760	0.009138	0.007895	0.012089	0.007117	0.010576	
1405	0.008610	0.008918	0.008313	0.010126	0.010434	0.009271	0.007760	0.011789	0.008251	0.009727	
1410	0.008658	0.008407	0.007969	0.009752	0.010100	0.007589	0.008789	0.012034	0.007986	0.010319	
1415	0.007577	0.009089	0.008770	0.009485	0.009372	0.008023	0.008420	0.013430	0.007239	0.011440	
1420	0.007993	0.009405	0.009320	0.009454	0.009060	0.008332	0.008350	0.012296	0.008683	0.010551	
1425	0.009098	0.011025	0.008736	0.009764	0.009994	0.008775	0.007418	0.013207	0.008863	0.010361	
1430	0.009690	0.012040	0.010423	0.010105	0.010401	0.008870	0.007667	0.013119	0.008964	0.011173	
1435	0.008162	0.012088	0.010267	0.009382	0.009561	0.008529	0.009207	0.013028	0.008515	0.010390	
1440	0.007877	0.010703	0.009889	0.008102	0.010284	0.009629	0.009651	0.012979	0.008779	0.010693	
1445	0.008452	0.011014	0.012151	0.009004	0.010612	0.011010	0.009131	0.014112	0.008009	0.010570	
1450	0.008699	0.011207	0.011205	0.009251	0.010855	0.010815	0.009858	0.013262	0.008695	0.011216	
1455	0.008367	0.010447	0.010779	0.009152	0.009791	0.009675	0.009051	0.013961	0.010430	0.010422	
1460	0.008659	0.009868	0.010761	0.009663	0.011249	0.009220	0.008702	0.013721	0.009409	0.010922	
1465	0.008596	0.011457	0.012140	0.008587	0.011990	0.008780	0.008783	0.013662	0.010519	0.010651	
1470	0.008731	0.010933	0.011055	0.008563	0.011002	0.009123	0.007742	0.013489	0.009920	0.010119	
1475	0.009764	0.010835	0.010652	0.009256	0.009959	0.008853	0.007716	0.011561	0.010222	0.009573	
1480	0.010255	0.011141	0.011489	0.010286	0.009149	0.009245	0.007426	0.010521	0.011237	0.010244	
1485	0.009043	0.010914	0.009532	0.010804	0.008956	0.009201	0.007740	0.010372	0.011068	0.010032	
1490	0.009029	0.011395	0.009757	0.011023	0.008738	0.009311	0.007839	0.011472	0.011137	0.010784	
1495	0.010133	0.010507	0.009291	0.011364	0.009094	0.009826	0.008306	0.010265	0.011246	0.009852	
1500	0.009961	0.009545	0.009686	0.011207	0.008901	0.009515	0.009613	0.010579	0.010437	0.009273	
1505	0.009379	0.009677	0.008789	0.010952	0.008534	0.008691	0.009756	0.010454	0.010513	0.008848	
1510	0.009535	0.010123	0.008146	0.010488	0.008515	0.009699	0.009024	0.009743	0.011273	0.009268	
1515	0.010876	0.009718	0.009200	0.010115	0.008668	0.009706	0.010001	0.009741	0.011837	0.009289	
1520	0.010219	0.010069	0.009655	0.010579	0.008447	0.009812	0.008696	0.008526	0.011867	0.009006	
1525	0.011132	0.010178	0.009637	0.010096	0.009876	0.009517	0.007880	0.008601	0.011935	0.009432	
1530	0.011933	0.010899	0.010104	0.011218	0.009497	0.009939	0.008117	0.009059	0.013107	0.009915	
1535	0.011266	0.011588	0.009024	0.008947	0.008948	0.010474	0.009349	0.010355	0.013536	0.008993	
1540	0.010868	0.011046	0.009230	0.009447	0.008621	0.009580	0.009595	0.008939	0.011364	0.007754	
1545	0.010692	0.011871	0.009821	0.009769	0.008547	0.009729	0.009148	0.008290	0.012398	0.007488	
1550	0.011693	0.010453	0.008981	0.009562	0.009282	0.011272	0.007759	0.008441	0.011707	0.007766	
1555	0.010834	0.010531	0.008904	0.008888	0.009762	0.012197	0.008066	0.007664	0.010732	0.008347	
1560	0.009963	0.011409	0.008746	0.009012	0.009466	0.011867	0.008789	0.008115	0.011414	0.009041	
1565	0.009186	0.012254	0.008539	0.008623	0.010036	0.011185	0.008835	0.008909	0.011404	0.009203	
1570	0.008704	0.011149	0.008283	0.009630	0.009195	0.010553	0.008923	0.008853	0.010279	0.010096	
1575	0.008368	0.010380	0.008941	0.008584	0.008831	0.010692	0.009162	0.009167	0.010256	0.010331	
1580	0.008772	0.011561	0.009290	0.008586	0.010070	0.009704	0.009447	0.008246	0.010306	0.009983	
1585	0.009623	0.010972	0.008762	0.009045	0.010015	0.009477	0.009530	0.008718	0.010706	0.010594	
1590	0.010040	0.010651	0.009334	0.009634	0.011372	0.009737	0.010559	0.009073	0.011348	0.010516	
1595	0.009920	0.010200	0.007931	0.009163	0.011382	0.009241	0.010422	0.009602	0.011250	0.009691	
1600	0.009458	0.010950	0.008768	0.008665	0.010455	0.008520	0.009735	0.009722	0.011617	0.009238	
1605	0.009786	0.009978	0.008046	0.008814	0.010938	0.009071	0.010250	0.008144	0.011214	0.008554	
1610	0.009172	0.010462	0.008734	0.008335	0.010329	0.008774	0.010170	0.007455	0.010514	0.008963	
1615	0.009760	0.010681	0.009743	0.008462	0.010640	0.010201	0.008763	0.008950	0.010962	0.008996	
1620	0.010133	0.012394	0.009401	0.008736	0.009590	0.009788	0.009064	0.008834	0.011457	0.008597	
1625	0.010604	0.012134	0.009907	0.008086	0.010337	0.009134	0.009849	0.008491	0.011483	0.009437	
1630	0.010981	0.013249	0.010163	0.009733	0.009325	0.008697	0.009989	0.009291	0.010485	0.008365	
1635	0.010818	0.012032	0.011123	0.009659	0.009382	0.009234	0.010022	0.009133	0.011475	0.008604	
1640	0.010462	0.011065	0.010628	0.008639	0.008950	0.008663	0.008996	0.009906	0.010874	0.008871	
1645	0.010830	0.011174	0.010456	0.008606	0.009000	0.008453	0.008736	0.010291	0.011357	0.008876	
1650	0.010675	0.011908	0.010549	0.009250	0.008908	0.009652	0.009507	0.010306	0.011729	0.009089	
1655	0.009290	0.011644	0.011521	0.009886	0.009066	0.009599	0.009494	0.009569	0.011905	0.008740	
1660	0.008661	0.012160	0.010880	0.009854	0.007722	0.009257	0.009301	0.009558	0.012587	0.010448	
1665	0.008790	0.011532	0.010954	0.010074	0.007972	0.009550	0.009726	0.009387	0.013108	0.009372	
1670	0.008831	0.010434	0.010691	0.009257	0.008794	0.010590	0.009724	0.010538	0.011247	0.011243	
1675	0.008844	0.010346	0.010057	0.008527	0.009788	0.011231	0.008710	0.009363	0.011587	0.010816	
1680	0.009013	0.008891	0.009774	0.008486	0.009321	0.011517	0.008623	0.008613	0.011614	0.010377	
1685	0.009665	0.009576	0.009951	0.008773	0.010587	0.011436	0.008032	0.008238	0.011169	0.010248	
1690	0.009563	0.008550	0.009539	0.009002	0.010617	0.011864	0.008815	0.007628	0.010942	0.009790	
1695	0.009911	0.009003	0.008923	0.010003	0.010380	0.010257	0.007976	0.007211	0.009773	0.010226	
1700	0.009201	0.008791	0.009968	0.010189	0.010431	0.009314	0.008396	0.007278	0.009220	0.011267	
1705	0.009987	0.008622	0.009218	0.008754	0.008682	0.010748	0.008812	0.007202	0.009735	0.011155	
1710	0.009429	0.009528	0.008997	0.008896	0.007529	0.011324	0.007971	0.008890	0.009444	0.010743	
1715	0.009578	0.009356	0.009563	0.009035	0.008167	0.010600	0.008691	0.008783	0.009494	0.009798	
1720	0.009287	0.007896	0.011300	0.009861	0.007899	0.010672	0.009183	0.009565	0.007713	0.010185	
1725	0.009342	0.009104	0.009930	0.009926	0.008145	0.010802	0.010097	0.009171	0.007038	0.010446	
1730	0.009003	0.008610	0.009593	0.008989	0.007972	0.010368	0.010245	0.009516	0.006762	0.010815	
1735	0.009666	0.009594	0.009906	0.008164	0.008005	0.011041	0.009496	0.010010	0.007917	0.009894	
1740	0.008818	0.009042	0.010159	0.008689	0.008725	0.009834	0.008902	0.009721	0.008638	0.011660	
1745	0.008804	0.009220	0.010973	0.008978	0.009086	0.009588	0.008903	0.008601	0.008736	0.011808	
1750	0.008470	0.009796	0.010981	0.008338	0.008888	0.010027	0.009645	0.007190	0.009255	0.010465	
1755	0.008697	0.010495	0.011870	0.008455	0.009657	0.010404	0.009539	0.007120	0.008798	0.011051	
1760	0.009477	0.010719	0.011606	0.008880	0.009709	0.010138	0.009692	0.007030	0.008700	0.010672	
1765	0.009141	0.009764	0.010888	0.008743	0.010581	0.010699	0.010309	0.007287	0.008562	0.010165	
1770	0.010106	0.008628	0.010595	0.009206	0.009997	0.010335	0.009719	0.008408	0.008609	0.009391	
1775	0.010840	0.009478	0.009090	0.009487	0.009839	0.009787	0.010111	0.009325	0.008737	0.009155	
1780	0.010849	0.009184	0.009364	0.009842	0.009781	0.010126	0.009893	0.009508	0.009826	0.009085	
1785	0.010372	0.009116	0.009615	0.010025	0.009182	0.008834	0.009559	0.009288	0.009122	0.010351	
1790	0.011183	0.008233	0.009731	0.009192	0.009903	0.008736	0.009374	0.008888	0.009271	0.010083	
1795	0.009132	0.007516	0.009821	0.009732	0.009421	0.008667	0.008756	0.009618	0.008841	0.010382	
1800	0.009928	0.007874	0.009359	0.009665	0.009560	0.009500	0.009582	0.009338	0.009809	0.009804	
1805	0.009469	0.007585	0.009015	0.009566	0.008988	0.010528	0.010538	0.010216	0.010072	0.008555	
1810	0.008683	0.007749	0.008810	0.009966	0.008988	0.010526	0.010242	0.010048	0.010047	0.008790	
1815	0.008228	0.008435	0.009240	0.010517	0.010264	0.010882	0.009529	0.010564	0.010327	0.009755	
1820	0.008704	0.009478	0.008772	0.008534	0.009877	0.010262	0.009543	0.010163	0.008655	0.010820	
1825	0.008226	0.009162	0.008569	0.008303	0.010064	0.009950	0.007776	0.009721	0.009651	0.010283	
1830	0.009424	0.009163	0.009657	0.007774	0.009491	0.009474	0.008110	0.010173	0.008151	0.009135	
1835	0.009145	0.009604	0.009441	0.007664	0.008640	0.009311	0.007131	0.009642	0.008523	0.009672	
1840	0.008616	0.009869	0.009172	0.006979	0.008842	0.009220	0.007354	0.008583	0.009641	0.009582	
1845	0.008248	0.009623	0.009060	0.006837	0.007648	0.010215	0.007553	0.008307	0.008467	0.010062	
1850	0.007852	0.009094	0.008327	0.006951	0.007889	0.010160	0.007485	0.007081	0.008014	0.010472	
1855	0.007984	0.007901	0.008906	0.007479	0.008002	0.010274	0.007520	0.008075	0.007125	0.009935	
1860	0.008319	0.008359	0.008543	0.007297	0.009081	0.009779	0.008093	0.008624	0.007361	0.009383	
1865	0.008726	0.008368	0.009184	0.007032	0.008759	0.010185	0.008224	0.009370	0.007863	0.009625	
1870	0.008424	0.009598	0.009262	0.007474	0.009055	0.010052	0.008828	0.008910	0.008386	0.008707	
1875	0.007727	0.009641	0.010523	0.007285	0.008736	0.009934	0.008748	0.009918	0.008405	0.009455	
1880	0.007526	0.007949	0.009939	0.006969	0.008821	0.010115	0.009659	0.010293	0.008967	0.009128	
1885	0.008504	0.008194	0.009638	0.007100	0.009351	0.011042	0.010553	0.009483	0.007333	0.010568	
1890	0.007993	0.009004	0.009694	0.007806	0.009834	0.011209	0.010754	0.008724	0.007090	0.011100	
1895	0.007595	0.009061	0.009408	0.008321	0.010024	0.012171	0.010053	0.008921	0.007204	0.010276	
1900	0.008135	0.008977	0.009412	0.008814	0.009929	0.011732	0.009097	0.010239	0.007520	0.009678	
1905	0.008681	0.008900	0.009348	0.007693	0.010485	0.011420	0.008883	0.011210	0.008909	0.009334	
1910	0.008831	0.009035	0.010010	0.006993	0.010058	0.010310	0.008542	0.010783	0.009294	0.009837	
1915	0.010015	0.009572	0.009856	0.007202	0.008924	0.010323	0.008532	0.010066	0.009113	0.010689	
1920	0.009351	0.008434	0.010635	0.009225	0.009635	0.010272	0.007949	0.009474	0.009066	0.010371	
1925	0.009124	0.008114	0.009794	0.009889	0.009505	0.010897	0.008206	0.009734	0.008393	0.010140	
1930	0.009155	0.008972	0.011056	0.010355	0.009140	0.011084	0.007889	0.010666	0.009657	0.010237	
1935	0.009035	0.009781	0.010850	0.009953	0.009060	0.009796	0.007952	0.008766	0.009161	0.010561	
1940	0.007885	0.008653	0.011334	0.010579	0.008833	0.009170	0.008823	0.008472	0.009049	0.010032	
1945	0.009408	0.008387	0.011758	0.009513	0.009262	0.009218	0.008599	0.009824	0.009574	0.010434	
1950	0.009037	0.008861	0.010274	0.009258	0.009582	0.009406	0.009390	0.010164	0.008254	0.009699	
1955	0.009351	0.009498	0.009707	0.010345	0.009906	0.009202	0.010407	0.008829	0.008957	0.009956	
1960	0.009349	0.009372	0.009777	0.009512	0.009623	0.009618	0.010452	0.007878	0.008546	0.009536	
1965	0.008546	0.009163	0.008295	0.009499	0.009576	0.009870	0.009943	0.008276	0.008990	0.010636	
1970	0.008864	0.008264	0.008151	0.009868	0.009894	0.009643	0.009927	0.008530	0.009177	0.009523	
1975	0.008573	0.009854	0.008308	0.009973	0.010349	0.010375	0.010109	0.008297	0.008708	0.010390	
1980	0.008601	0.009817	0.007747	0.009468	0.010532	0.010583	0.009513	0.007179	0.009773	0.010699	
1985	0.009062	0.009574	0.007844	0.009616	0.011067	0.009059	0.010036	0.008171	0.010357	0.011487	
1990	0.009006	0.009776	0.008163	0.010238	0.012295	0.009320	0.010292	0.007233	0.008403	0.010563	
1995	0.009883	0.010059	0.007668	0.010434	0.012722	0.009155	0.010406	0.007802	0.007858	0.009942	
2000	0.010914	0.008818	0.007887	0.010742	0.012290	0.008824	0.009612	0.008364	0.008321	0.009962	
2005	0.010827	0.010695	0.008460	0.009383	0.012261	0.010044	0.010032	0.008500	0.008318	0.010703	
2010	0.010256	0.011319	0.009106	0.008943	0.012240	0.008973	0.009842	0.008036	0.008650	0.010011	
2015	0.010502	0.010868	0.008957	0.009377	0.011172	0.008947	0.009797	0.007704	0.008122	0.010867	
2020	0.011695	0.011252	0.008903	0.010218	0.010484	0.007629	0.010481	0.006974	0.007225	0.010813	
2025	0.012731	0.011317	0.007821	0.009970	0.010068	0.007533	0.009609	0.008261	0.007414	0.010377	
2030	0.011402	0.010822	0.007740	0.009031	0.009792	0.007677	0.010257	0.008733	0.008449	0.009828	
2035	0.012647	0.011049	0.008300	0.008898	0.010371	0.007748	0.010067	0.008858	0.008675	0.009378	
2040	0.012384	0.011354	0.007945	0.008262	0.009510	0.007080	0.010089	0.009064	0.007837	0.010088	
2045	0.011843	0.012124	0.008557	0.008176	0.008803	0.007696	0.009629	0.009807	0.008822	0.009884	
2050	0.012175	0.010693	0.007754	0.007786	0.008159	0.007145	0.009847	0.009804	0.008910	0.009510	
2055	0.011047	0.010076	0.008276	0.008205	0.007811	0.008244	0.009476	0.009781	0.009112	0.009566	
2060	0.010958	0.009738	0.008656	0.008402	0.008750	0.008679	0.009303	0.009656	0.008578	0.009186	
2065	0.010100	0.008955	0.009787	0.008092	0.008997	0.007485	0.010227	0.009726	0.009622	0.010622	
2070	0.010159	0.008856	0.009886	0.008644	0.008688	0.008151	0.010678	0.008715	0.008610	0.011721	
2075	0.010013	0.008994	0.010141	0.008163	0.009085	0.008671	0.010704	0.007575	0.007207	0.011725	
2080	0.010892	0.010034	0.010300	0.008160	0.009115	0.008006	0.009316	0.008511	0.007715	0.011795	
2085	0.011013	0.010271	0.010860	0.008711	0.009306	0.009370	0.008789	0.008553	0.008834	0.012030	
2090	0.010466	0.010358	0.010446	0.009126	0.010902	0.009851	0.009669	0.009162	0.007881	0.011832	
2095	0.009817	0.010059	0.010833	0.008496	0.010781	0.009986	0.009800	0.008803	0.006476	0.011423	
2100	0.010298	0.011370	0.010762	0.007647	0.009991	0.009330	0.010009	0.009556	0.006003	0.010175	
2105	0.010430	0.010311	0.010851	0.008029	0.010873	0.008291	0.010247	0.010542	0.006332	0.010947	
2110	0.009422	0.010692	0.010987	0.007997	0.011184	0.008861	0.010213	0.010873	0.006609	0.011247	
2115	0.010352	0.011841	0.011134	0.007662	0.010527	0.008969	0.009532	0.010041	0.006311	0.011263	
2120	0.010510	0.012215	0.011701	0.008129	0.010660	0.009313	0.010119	0.009316	0.006604	0.011708	
2125	0.009098	0.012465	0.010976	0.008873	0.011080	0.009141	0.010418	0.009435	0.006879	0.010027	
2130	0.009894	0.013052	0.012314	0.009479	0.011166	0.009301	0.009570	0.009353	0.007488	0.008969	
2135	0.012550	0.011233	0.011978	0.008876	0.010245	0.009290	0.009297	0.009147	0.007729	0.009082	
2140	0.011702	0.011728	0.011831	0.009696	0.009490	0.008992	0.008956	0.008459	0.007162	0.010202	
2145	0.011261	0.010838	0.011088	0.009691	0.008842	0.009457	0.009050	0.007318	0.007802	0.010192	
2150	0.010002	0.009265	0.010831	0.009145	0.008919	0.008783	0.009463	0.007250	0.008387	0.010669	
2155	0.009968	0.009520	0.009831	0.008842	0.007720	0.008090	0.008383	0.006946	0.009162	0.009950	
2160	0.010714	0.008706	0.010644	0.008927	0.007768	0.009205	0.008657	0.007766	0.009574	0.009548	
2165	0.010659	0.008906	0.010704	0.008785	0.007770	0.008561	0.008481	0.007805	0.010590	0.009490	
2170	0.010340	0.009129	0.010595	0.008641	0.008954	0.007573	0.007544	0.007625	0.009446	0.009351	
2175	0.010077	0.009627	0.011131	0.010156	0.008503	0.007317	0.007538	0.007769	0.010074	0.010073	
2180	0.009411	0.009735	0.011054	0.009060	0.008439	0.007265	0.006627	0.007687	0.008620	0.009808	
2185	0.010315	0.011513	0.011229	0.009227	0.009067	0.007467	0.006747	0.008746	0.009205	0.009256	
2190	0.009929	0.010064	0.011868	0.010061	0.010020	0.008312	0.007111	0.009503	0.009449	0.009189	
2195	0.010267	0.010329	0.011247	0.009841	0.010310	0.009062	0.007538	0.009630	0.008947	0.010238	
2200	0.010502	0.009807	0.011665	0.009391	0.009005	0.010871	0.007616	0.009804	0.008281	0.010441	
2205	0.010976	0.009450	0.010669	0.009414	0.009053	0.009327	0.008757	0.009676	0.008300	0.010267	
2210	0.010813	0.008439	0.011167	0.010622	0.010022	0.010121	0.008107	0.010502	0.009350	0.010413	
2215	0.009951	0.008302	0.011186	0.010777	0.008947	0.010537	0.008615	0.010516	0.009037	0.009970	
2220	0.010102	0.007889	0.011936	0.010585	0.009305	0.010874	0.009323	0.009729	0.008317	0.010052	
2225	0.010429	0.008499	0.011839	0.010491	0.008663	0.010981	0.008990	0.009167	0.008085	0.009715	
2230	0.009131	0.009998	0.011101	0.010119	0.008548	0.009874	0.007821	0.011140	0.007503	0.009473	
2235	0.008653	0.009472	0.010313	0.010032	0.009407	0.009631	0.008194	0.010437	0.008058	0.009234	
2240	0.009845	0.009777	0.010120	0.010182	0.007430	0.009782	0.007780	0.011595	0.007431	0.009032	
2245	0.009170	0.009912	0.009168	0.009768	0.007845	0.008553	0.008378	0.010735	0.006391	0.008367	
2250	0.009163	0.009926	0.008683	0.009431	0.008071	0.007860	0.008754	0.011169	0.007322	0.007707	
2255	0.010042	0.011197	0.008572	0.008909	0.007501	0.007837	0.008245	0.010891	0.006939	0.007504	
2260	0.009010	0.011158	0.009219	0.009188	0.007122	0.008591	0.008459	0.010638	0.007984	0.007995	
2265	0.009773	0.010822	0.010050	0.008549	0.009567	0.009527	0.007446	0.012047	0.008263	0.008301	
2270	0.009346	0.012106	0.009653	0.009007	0.009444	0.007555	0.006609	0.012281	0.007416	0.007497	
2275	0.008972	0.012492	0.009710	0.009325	0.009945	0.007565	0.007329	0.010758	0.008146	0.008153	
2280	0.008709	0.012610	0.009776	0.008955	0.009072	0.008608	0.007353	0.010655	0.007551	0.007763	
2285	0.008368	0.011897	0.010266	0.009042	0.008558	0.009015	0.008658	0.010530	0.007087	0.007691	
2290	0.009257	0.011166	0.011224	0.009505	0.008785	0.009763	0.008301	0.011356	0.007971	0.008093	
2295	0.009470	0.011037	0.009824	0.008498	0.007587	0.009629	0.008330	0.011772	0.008568	0.009053	
2300	0.008688	0.010320	0.009300	0.009263	0.007744	0.008308	0.007897	0.012377	0.009739	0.008514	
2305	0.008222	0.010283	0.008167	0.008219	0.007686	0.010286	0.008626	0.011054	0.010649	0.007085	
2310	0.008488	0.009733	0.008229	0.009614	0.007624	0.010184	0.008626	0.010853	0.010274	0.007795	
2315	0.009526	0.011129	0.008248	0.007459	0.008291	0.009409	0.008841	0.010054	0.009594	0.007813	
2320	0.008524	0.010469	0.007955	0.008067	0.010714	0.009797	0.010451	0.010686	0.009648	0.007901	
2325	0.008426	0.010622	0.008070	0.007752	0.009203	0.010777	0.008712	0.010753	0.010497	0.008432	
2330	0.009135	0.009873	0.008109	0.007788	0.009981	0.011274	0.008600	0.010000	0.008973	0.008742	
2335	0.007915	0.010291	0.008145	0.007505	0.009551	0.010809	0.009109	0.010116	0.008682	0.008128	
2340	0.007465	0.010530	0.007884	0.007967	0.009248	0.010701	0.009843	0.009868	0.008092	0.007909	
2345	0.007943	0.010562	0.007819	0.008397	0.008640	0.010895	0.008944	0.010679	0.009548	0.009036	
2350	0.008439	0.009629	0.007926	0.007887	0.008731	0.010238	0.009133	0.010116	0.009459	0.008435	
2355	0.008584	0.010789	0.008741	0.007938	0.010232	0.010683	0.009420	0.009486	0.008878	0.009085	
2360	0.009348	0.011124	0.009952	0.008759	0.011611	0.009950	0.008564	0.009337	0.009333	0.009808	
2365	0.009258	0.010238	0.009209	0.009175	0.010629	0.009592	0.009039	0.009080	0.008071	0.009656	
2370	0.008071	0.011001	0.009103	0.008804	0.010493	0.008886	0.009120	0.009252	0.009136	0.009323	
2375	0.007694	0.011055	0.009297	0.008992	0.010345	0.010310	0.009107	0.009340	0.009227	0.010063	
2380	0.007648	0.010950	0.008640	0.008923	0.011604	0.011629	0.008381	0.009790	0.009260	0.009935	
2385	0.007182	0.011020	0.009711	0.008814	0.011795	0.011186	0.007216	0.011322	0.009918	0.010101	
2390	0.007503	0.011365	0.008943	0.010972	0.011719	0.011465	0.008119	0.010255	0.009547	0.009311	
2395	0.007829	0.010527	0.008529	0.011199	0.012185	0.010255	0.008467	0.011213	0.009509	0.009268	
2400	0.008212	0.009962	0.008587	0.010124	0.010445	0.010890	0.009795	0.010175	0.009113	0.008430	
2405	0.007631	0.011737	0.009947	0.008635	0.009917	0.010639	0.009346	0.010569	0.008852	0.008350	
2410	0.008622	0.012239	0.010253	0.007707	0.009884	0.010334	0.008954	0.010247	0.010484	0.009064	
2415	0.008668	0.011356	0.010007	0.007822	0.009559	0.011037	0.008781	0.009465	0.012672	0.009918	
2420	0.009147	0.011561	0.010636	0.008564	0.009539	0.011300	0.007254	0.008465	0.012498	0.008796	
2425	0.009797	0.011319	0.010903	0.009768	0.011282	0.010862	0.007575	0.010217	0.010740	0.009101	
2430	0.008520	0.011661	0.010742	0.009225	0.011913	0.009246	0.007990	0.009312	0.009630	0.008635	
2435	0.008225	0.011350	0.010410	0.009239	0.011388	0.010026	0.007635	0.008905	0.010484	0.008626	
2440	0.008480	0.011345	0.009607	0.008427	0.011765	0.009381	0.008112	0.008766	0.009574	0.009797	
2445	0.008978	0.010503	0.009650	0.009147	0.011212	0.010810	0.008973	0.008771	0.009979	0.008414	
2450	0.009000	0.009399	0.010451	0.009815	0.011265	0.011390	0.007823	0.009398	0.009874	0.008982	
2455	0.008495	0.010178	0.009881	0.009948	0.011988	0.010456	0.007861	0.009636	0.010260	0.008995	
2460	0.008842	0.011189	0.010487	0.011233	0.012393	0.010519	0.007533	0.009258	0.012017	0.008930	
2465	0.009409	0.010592	0.011127	0.010884	0.010783	0.009708	0.007049	0.008451	0.012008	0.008448	
2470	0.009434	0.009651	0.009360	0.010997	0.010953	0.009442	0.007449	0.009102	0.011253	0.008981	
2475	0.010493	0.008213	0.009737	0.012065	0.010972	0.009350	0.007460	0.008041	0.011102	0.008021	
2480	0.010516	0.008548	0.008605	0.013733	0.010932	0.009014	0.008056	0.009573	0.010808	0.008611	
2485	0.010159	0.009376	0.008429	0.013660	0.010764	0.008343	0.009945	0.010177	0.009305	0.008907	
2490	0.010787	0.008905	0.008855	0.013769	0.010110	0.008395	0.009022	0.009676	0.009107	0.009549	
2495	0.009935	0.009027	0.008980	0.012621	0.010393	0.008052	0.009377	0.010545	0.009668	0.007972	
2500	0.009196	0.010347	0.009020	0.012253	0.011035	0.008133	0.008757	0.010888	0.010097	0.007787	
2505	0.009653	0.009039	0.008774	0.012376	0.010563	0.007560	0.009376	0.010440	0.010109	0.008554	
2510	0.009490	0.008597	0.008184	0.011267	0.011679	0.008056	0.008745	0.009677	0.010371	0.008651	
2515	0.008859	0.009376	0.008183	0.010365	0.012367	0.008164	0.008679	0.010120	0.010637	0.008436	
2520	0.009431	0.010944	0.010096	0.009031	0.012216	0.007870	0.009139	0.009570	0.010026	0.007990	
2525	0.009649	0.011693	0.009699	0.009231	0.012637	0.008015	0.008382	0.009469	0.008992	0.007600	
2530	0.010626	0.012711	0.009315	0.010029	0.011971	0.007249	0.008130	0.009785	0.008586	0.007130	
2535	0.011646	0.011658	0.009962	0.009792	0.011408	0.007086	0.008269	0.009825	0.008947	0.007456	
2540	0.011759	0.012050	0.010411	0.011246	0.011360	0.007151	0.008047	0.008584	0.008306	0.007221	
2545	0.011682	0.011788	0.011556	0.011518	0.011110	0.007024	0.008321	0.008429	0.009499	0.006868	
2550	0.012224	0.011483	0.011064	0.010941	0.011497	0.006916	0.007408	0.009194	0.009445	0.007416	
2555	0.012943	0.012360	0.009733	0.011116	0.010896	0.006468	0.009060	0.009417	0.009328	0.008189	
2560	0.012255	0.012687	0.009966	0.010482	0.010582	0.007014	0.008850	0.008878	0.009563	0.008690	
2565	0.010970	0.013046	0.009817	0.011161	0.010084	0.007357	0.008527	0.009522	0.009801	0.009053	
2570	0.009866	0.011296	0.011262	0.010349	0.009957	0.007552	0.008117	0.009228	0.010381	0.010501	
2575	0.009364	0.010482	0.011409	0.010166	0.009676	0.007599	0.007939	0.010162	0.010670	0.011704	
2580	0.009130	0.011415	0.010736	0.009240	0.009740	0.007700	0.008636	0.009848	0.011550	0.011437	
2585	0.010825	0.010825	0.010468	0.007651	0.008603	0.008540	0.009208	0.009102	0.010731	0.011403	
2590	0.009562	0.009806	0.011004	0.007428	0.008097	0.009156	0.008215	0.009807	0.011232	0.013415	
2595	0.007616	0.009904	0.009538	0.007459	0.008003	0.007970	0.007964	0.010575	0.011617	0.012364	
2600	0.006829	0.009335	0.009326	0.007654	0.007654	0.008578	0.008030	0.011194	0.013140	0.012090	
2605	0.007629	0.009723	0.009503	0.007285	0.007431	0.007792	0.009419	0.011086	0.012215	0.012142	
2610	0.007539	0.010028	0.008972	0.007606	0.007048	0.008492	0.009530	0.011734	0.012997	0.011954	
2615	0.008265	0.009053	0.008498	0.007434	0.006482	0.009137	0.009703	0.012275	0.013287	0.012394	
2620	0.009647	0.010003	0.008414	0.007540	0.006860	0.008954	0.010309	0.012259	0.012758	0.012054	
2625	0.010194	0.009934	0.008270	0.008649	0.007369	0.008644	0.009334	0.011163	0.012535	0.012480	
2630	0.009767	0.010426	0.008475	0.009363	0.007744	0.007636	0.009199	0.012296	0.013063	0.014677	
2635	0.010129	0.010316	0.008878	0.008325	0.008176	0.008549	0.009963	0.012243	0.014526	0.012352	
2640	0.009810	0.009837	0.008825	0.009013	0.008897	0.008224	0.009986	0.010238	0.014641	0.012686	
2645	0.009219	0.010076	0.008984	0.009283	0.008732	0.007983	0.009880	0.011067	0.014314	0.012321	
2650	0.010010	0.009272	0.008587	0.007699	0.007941	0.007871	0.009118	0.011346	0.014712	0.011668	
2655	0.009465	0.009305	0.008477	0.008239	0.008109	0.008314	0.008095	0.010128	0.014824	0.010142	
2660	0.009308	0.009245	0.009218	0.008076	0.008911	0.007890	0.007922	0.010228	0.014100	0.010807	
2665	0.008906	0.008806	0.010152	0.007650	0.007819	0.007511	0.007789	0.010756	0.015624	0.009835	
2670	0.009465	0.008002	0.010609	0.008323	0.009653	0.007381	0.008186	0.010230	0.016014	0.008964	
2675	0.009056	0.007798	0.009044	0.009650	0.008163	0.007453	0.008837	0.009862	0.016186	0.009035	
2680	0.008934	0.007522	0.008733	0.009367	0.008121	0.007596	0.008012	0.009763	0.015475	0.009124	
2685	0.009119	0.007084	0.008844	0.010009	0.008452	0.007517	0.009808	0.010191	0.015411	0.009507	
2690	0.009875	0.007548	0.008415	0.010059	0.008822	0.006949	0.011484	0.010954	0.014809	0.009753	
2695	0.010399	0.007553	0.009765	0.009615	0.009166	0.008002	0.010822	0.011111	0.016494	0.009465	
2700	0.008990	0.007912	0.010423	0.009154	0.009333	0.009160	0.011514	0.010923	0.015246	0.010360	
2705	0.010383	0.008493	0.009589	0.009374	0.009584	0.008637	0.011068	0.011921	0.014834	0.010504	
2710	0.009653	0.007931	0.011108	0.008831	0.009218	0.008350	0.010827	0.012253	0.014870	0.008960	
2715	0.009251	0.009161	0.010490	0.008058	0.008512	0.008035	0.010016	0.012778	0.014507	0.009415	
2720	0.010259	0.008725	0.010788	0.008903	0.008789	0.009073	0.009437	0.011920	0.013191	0.009420	
2725	0.009703	0.009014	0.010128	0.008679	0.008606	0.008353	0.010515	0.012565	0.012866	0.010223	
2730	0.009412	0.008910	0.010912	0.010456	0.008428	0.007706	0.009524	0.012483	0.013992	0.010565	
2735	0.008556	0.007860	0.010781	0.011194	0.008364	0.007755	0.010435	0.011860	0.012661	0.010394	
2740	0.008106	0.008144	0.010367	0.011297	0.009003	0.007833	0.010166	0.011093	0.011134	0.010393	
2745	0.007421	0.008252	0.010784	0.011653	0.008873	0.006692	0.008973	0.011243	0.011468	0.011046	
2750	0.007759	0.008116	0.010614	0.011796	0.009307	0.007328	0.009075	0.010420	0.010949	0.009788	
2755	0.008700	0.007249	0.010015	0.010446	0.008534	0.006029	0.009038	0.010807	0.011996	0.010306	
2760	0.009951	0.006625	0.010725	0.011735	0.008997	0.007481	0.008921	0.011059	0.011703	0.011273	
2765	0.009835	0.006768	0.010488	0.011641	0.008773	0.008203	0.008339	0.010741	0.011604	0.010748	
2770	0.009377	0.007131	0.010756	0.010089	0.008870	0.008182	0.008292	0.010776	0.010459	0.010364	
2775	0.010532	0.007694	0.009605	0.009003	0.009593	0.007803	0.008778	0.011167	0.010799	0.011084	
2780	0.010993	0.007997	0.010654	0.009438	0.009946	0.008047	0.007567	0.010999	0.011182	0.012601	
2785	0.011791	0.009576	0.010945	0.009099	0.008699	0.008153	0.007369	0.010548	0.010493	0.012238	
2790	0.010642	0.008873	0.010734	0.009468	0.009712	0.008307	0.007216	0.011509	0.011422	0.012389	
2795	0.011147	0.008513	0.010308	0.010175	0.010106	0.008715	0.006853	0.009331	0.010951	0.011850	
2800	0.010752	0.007580	0.009754	0.011032	0.010549	0.008862	0.007068	0.009045	0.010139	0.011352	
2805	0.010989	0.007753	0.009143	0.010181	0.010826	0.009392	0.006470	0.010164	0.010068	0.010337	
2810	0.010968	0.008388	0.008491	0.010400	0.010709	0.008337	0.006423	0.009642	0.009523	0.010447	
2815	0.010604	0.008031	0.007088	0.010523	0.009925	0.008148	0.007276	0.010414	0.008689	0.009883	
2820	0.010952	0.008745	0.007631	0.009975	0.009802	0.008627	0.006942	0.011320	0.009280	0.009929	
2825	0.011231	0.009000	0.007844	0.009330	0.010377	0.008784	0.006706	0.012129	0.010369	0.009320	
2830	0.010690	0.009240	0.008799	0.009528	0.010881	0.008204	0.007040	0.011484	0.010459	0.009504	
2835	0.011378	0.009038	0.008363	0.010334	0.009283	0.007337	0.006980	0.011699	0.009902	0.010621	
2840	0.010446	0.007851	0.007773	0.010399	0.010475	0.007037	0.007141	0.011939	0.010086	0.009959	
2845	0.010133	0.008071	0.008573	0.009986	0.009841	0.007465	0.007026	0.011312	0.009877	0.009995	
2850	0.009331	0.008038	0.008551	0.011028	0.009827	0.007824	0.007336	0.011691	0.009881	0.009602	
2855	0.008990	0.008981	0.009093	0.010903	0.009688	0.007525	0.007321	0.012142	0.010073	0.009233	
2860	0.008948	0.008486	0.008828	0.012107	0.010446	0.007920	0.006823	0.011169	0.010166	0.010538	
2865	0.010015	0.008886	0.008924	0.011502	0.008811	0.008906	0.006819	0.010927	0.010280	0.011430	
2870	0.009726	0.008429	0.008390	0.012697	0.008682	0.008871	0.007265	0.010156	0.009851	0.010871	
2875	0.009883	0.008167	0.008851	0.012248	0.008678	0.008574	0.007457	0.009548	0.010349	0.011440	
2880	0.009792	0.009321	0.008761	0.010479	0.009944	0.009700	0.006493	0.009767	0.009288	0.012219	
2885	0.009529	0.010007	0.008198	0.010561	0.009962	0.008798	0.005740	0.009125	0.008583	0.011758	
2890	0.009928	0.009512	0.008980	0.010500	0.010921	0.008784	0.006265	0.009535	0.009472	0.011126	
2895	0.009363	0.008771	0.007577	0.010287	0.011327	0.010197	0.007563	0.010657	0.009450	0.010356	
2900	0.010909	0.007724	0.006831	0.009351	0.010229	0.009689	0.007018	0.010732	0.010369	0.010881	
2905	0.009430	0.009203	0.007133	0.009083	0.009356	0.009227	0.006728	0.010798	0.009180	0.010180	
2910	0.009897	0.009731	0.008040	0.008146	0.009299	0.008865	0.007241	0.009958	0.008918	0.009146	
2915	0.009613	0.010466	0.009227	0.008695	0.008504	0.009525	0.007357	0.010048	0.008894	0.009721	
2920	0.009428	0.011558	0.008927	0.008416	0.009492	0.010334	0.007609	0.009941	0.008636	0.009249	
2925	0.009036	0.011884	0.009426	0.009254	0.009700	0.010785	0.008218	0.010048	0.009120	0.009962	
2930	0.008816	0.011382	0.008041	0.009912	0.010084	0.009913	0.008501	0.011434	0.008988	0.009154	
2935	0.008311	0.009749	0.008174	0.009125	0.009531	0.009184	0.008476	0.013201	0.008494	0.010104	
2940	0.008504	0.009835	0.008535	0.009237	0.009632	0.008796	0.008310	0.013448	0.009410	0.009733	
2945	0.009328	0.009820	0.008369	0.008105	0.010166	0.008372	0.007325	0.013850	0.009601	0.009876	
2950	0.009921	0.010873	0.007791	0.008366	0.010072	0.008500	0.008356	0.012687	0.009204	0.011119	
2955	0.009636	0.010104	0.008913	0.007501	0.009330	0.008428	0.008322	0.012249	0.009431	0.010898	
2960	0.010631	0.010331	0.008692	0.007180	0.008911	0.009212	0.008340	0.012216	0.010652	0.009972	
2965	0.011118	0.009505	0.008189	0.008240	0.008666	0.010016	0.007853	0.011385	0.009661	0.009961	
2970	0.010627	0.009903	0.007909	0.008610	0.009485	0.009479	0.007059	0.012889	0.009266	0.008984	
2975	0.010128	0.010888	0.008208	0.008374	0.009564	0.010082	0.006940	0.012919	0.008955	0.010088	
2980	0.010594	0.010712	0.007632	0.007615	0.009944	0.009680	0.007728	0.012825	0.008083	0.010667	
2985	0.011070	0.009786	0.006993	0.006491	0.010618	0.008892	0.008303	0.012029	0.007702	0.011117	
2990	0.012030	0.010703	0.007304	0.006601	0.010679	0.008540	0.009060	0.011962	0.007343	0.010345	
2995	0.010471	0.010048	0.007458	0.007538	0.010103	0.009603	0.008676	0.012140	0.007843	0.010218	
3000	0.009116	0.008399	0.008826	0.007996	0.011020	0.011146	0.008562	0.012645	0.007305	0.010492	
