T	rep_1	rep_2	rep_3	rep_4	rep_5	rep_6	rep_7	rep_8	rep_9	rep_10
5	0.000000	0.000000	0.000000	0.000000	0.000000	0.000000	0.000000	0.000000	0.000000	0.000000	
10	0.000000	0.000000	0.000000	0.000000	0.000000	0.000000	0.000000	0.000000	0.000000	0.000000	
15	0.000000	0.000000	0.000000	0.000000	0.000000	0.000000	0.000000	0.000000	0.000000	0.000000	
20	0.000000	0.000000	0.000000	0.000000	0.000000	0.000000	0.000000	0.000000	0.000000	0.000000	
25	0.000000	0.000000	0.000000	0.000000	0.000000	0.000000	0.000000	0.000000	0.000000	0.000000	
30	0.000000	0.000000	0.000000	0.000000	0.000000	0.000000	0.000000	0.000000	0.000000	0.000000	
35	0.000000	0.000000	0.000000	0.000000	0.000000	0.000000	0.000000	0.000000	0.000000	0.000000	
40	0.000000	0.000000	0.000000	0.000000	0.000000	0.000000	0.000000	0.000000	0.000000	0.000000	
45	0.000000	0.000000	0.000000	0.000000	0.000000	0.000000	0.000000	0.000000	0.000000	0.000000	
50	0.000000	0.000000	0.000000	0.000000	0.000000	0.000000	0.000000	0.000000	0.000000	0.000000	
55	0.000000	0.000000	0.000000	0.000000	0.000000	0.000000	0.000000	0.000000	0.000000	0.000000	
60	0.000000	0.000000	0.000000	0.000000	0.000000	0.000000	0.000000	0.000000	0.000000	0.000000	
65	0.000000	0.000000	0.000000	0.000000	0.000000	0.000000	0.000000	0.000000	0.000000	0.000000	
70	0.000000	0.000000	0.000000	0.000000	0.000000	0.000000	0.000000	0.000000	0.000000	0.000000	
75	0.000000	0.000000	0.000000	0.000000	0.000000	0.000000	0.000000	0.000000	0.000000	0.000000	
80	0.000000	0.000000	0.000000	0.000000	0.000000	0.000000	0.000000	0.000000	0.000000	0.000000	
85	0.000000	0.000000	0.000000	0.000000	0.000000	0.000000	0.000000	0.000000	0.000000	0.000000	
90	0.000000	0.000000	0.000000	0.000000	0.000000	0.000000	0.000000	0.000000	0.000000	0.000000	
95	0.000000	0.000000	0.000000	0.000000	0.000000	0.000000	0.000000	0.000000	0.000000	0.000000	
100	0.000000	0.000000	0.000000	0.000000	0.000000	0.000000	0.000000	0.000000	0.000000	0.000000	
105	0.001281	0.001451	0.001833	0.001428	0.001425	0.002390	0.000940	0.001942	0.001350	0.001746	
110	0.003932	0.002975	0.004906	0.004144	0.003001	0.004666	0.003677	0.004734	0.003601	0.003288	
115	0.005564	0.004860	0.006304	0.006482	0.005291	0.005986	0.005461	0.007138	0.005010	0.005890	
120	0.007056	0.006954	0.008354	0.008972	0.008519	0.008851	0.007308	0.010855	0.006817	0.007529	
125	0.008586	0.009655	0.010351	0.010926	0.008803	0.011350	0.010197	0.013724	0.009420	0.008858	
130	0.011585	0.012984	0.014674	0.012671	0.011235	0.012298	0.011638	0.016267	0.011499	0.012668	
135	0.013483	0.015355	0.017464	0.013216	0.015243	0.014485	0.013322	0.016188	0.013640	0.015846	
140	0.016507	0.015593	0.018811	0.015366	0.019397	0.016728	0.015115	0.020698	0.016265	0.017683	
145	0.018067	0.018610	0.023165	0.017008	0.022171	0.019190	0.016210	0.025159	0.018937	0.020967	
150	0.021519	0.019540	0.024655	0.019077	0.024842	0.024153	0.016828	0.030553	0.021905	0.021780	
155	0.023344	0.023846	0.028329	0.020290	0.028415	0.026969	0.021267	0.034219	0.024880	0.026882	
160	0.027269	0.027671	0.031329	0.024138	0.030752	0.034282	0.023052	0.034348	0.029305	0.032470	
165	0.031907	0.032389	0.033781	0.025919	0.033912	0.039209	0.024895	0.040182	0.032237	0.038310	
170	0.034686	0.036679	0.038119	0.029964	0.039529	0.045452	0.025589	0.044442	0.037980	0.045300	
175	0.038945	0.040612	0.041409	0.034095	0.047320	0.053831	0.029278	0.047781	0.043867	0.047527	
180	0.043248	0.043809	0.045285	0.037674	0.055807	0.065448	0.030946	0.054937	0.048153	0.049665	
185	0.044462	0.046307	0.047330	0.039174	0.059846	0.077343	0.034188	0.064723	0.051525	0.054340	
190	0.049178	0.047665	0.050795	0.043097	0.066664	0.088611	0.038611	0.069437	0.056499	0.060439	
195	0.054824	0.048770	0.052411	0.046391	0.070827	0.098214	0.042232	0.077017	0.059866	0.065249	
200	0.055012	0.050971	0.055279	0.047563	0.076698	0.111842	0.047862	0.079163	0.063525	0.070256	
205	0.057488	0.055895	0.060614	0.050422	0.085384	0.119279	0.053230	0.081260	0.068120	0.074992	
210	0.062820	0.059608	0.064399	0.052972	0.088740	0.127324	0.059880	0.086516	0.069321	0.076424	
215	0.065658	0.064277	0.070142	0.058237	0.090941	0.135926	0.067995	0.092197	0.071980	0.082682	
220	0.068761	0.067934	0.077596	0.061300	0.098822	0.141147	0.073897	0.096063	0.072961	0.086282	
225	0.074157	0.068971	0.080964	0.064033	0.106205	0.146575	0.075858	0.100381	0.076988	0.090300	
230	0.079923	0.073662	0.081407	0.066301	0.113482	0.149196	0.078224	0.100003	0.078113	0.093968	
235	0.081526	0.075836	0.085819	0.069328	0.116213	0.157280	0.083376	0.105408	0.077698	0.098869	
240	0.081432	0.078441	0.089325	0.075052	0.119372	0.160466	0.088747	0.108407	0.079796	0.101366	
245	0.088694	0.081128	0.096679	0.077871	0.123372	0.158906	0.093493	0.108771	0.080768	0.105615	
250	0.094505	0.082173	0.099608	0.080594	0.122395	0.162174	0.096090	0.116514	0.085405	0.105700	
255	0.093910	0.082221	0.104593	0.089084	0.128282	0.162424	0.099240	0.123534	0.088444	0.109228	
260	0.100318	0.082947	0.112910	0.097320	0.133438	0.167189	0.103497	0.124811	0.091830	0.111642	
265	0.101367	0.087039	0.121346	0.101083	0.139438	0.171008	0.105791	0.128388	0.096052	0.113810	
270	0.101464	0.090331	0.124525	0.104877	0.143896	0.173243	0.112328	0.130782	0.098875	0.118693	
275	0.103650	0.092234	0.125945	0.113089	0.146904	0.174126	0.115683	0.133506	0.102557	0.121212	
280	0.106869	0.094556	0.130604	0.114306	0.151149	0.175672	0.116334	0.137568	0.105338	0.124114	
285	0.112206	0.098888	0.130066	0.117921	0.151673	0.177685	0.118660	0.144471	0.109952	0.127714	
290	0.117799	0.101638	0.134671	0.122043	0.155521	0.179083	0.118325	0.145980	0.112713	0.128491	
295	0.120071	0.103825	0.138470	0.124797	0.159118	0.181073	0.119928	0.149984	0.113676	0.131054	
300	0.123231	0.106261	0.142465	0.129468	0.159710	0.181280	0.124511	0.155963	0.115147	0.133700	
305	0.125427	0.107805	0.142691	0.131504	0.164653	0.182260	0.122134	0.160153	0.119249	0.139143	
310	0.130111	0.108215	0.143828	0.134602	0.167915	0.183372	0.122287	0.157444	0.122699	0.140016	
315	0.129506	0.109667	0.146069	0.139613	0.171598	0.185024	0.127087	0.158406	0.124877	0.139998	
320	0.134756	0.111909	0.151133	0.143625	0.171583	0.186182	0.130103	0.160509	0.126727	0.143560	
325	0.138441	0.115403	0.154226	0.145222	0.172797	0.187340	0.134141	0.162824	0.126456	0.143692	
330	0.138939	0.119546	0.156811	0.149199	0.174429	0.186942	0.136084	0.166835	0.127331	0.143283	
335	0.142183	0.119853	0.159622	0.153171	0.177260	0.186829	0.137936	0.166649	0.129582	0.145178	
340	0.144079	0.124717	0.164069	0.153729	0.177050	0.185603	0.140038	0.168157	0.129821	0.146275	
345	0.145549	0.130486	0.164430	0.155747	0.181661	0.185509	0.143434	0.167879	0.132442	0.146962	
350	0.145496	0.132558	0.165530	0.157624	0.180915	0.186377	0.141852	0.169758	0.135237	0.145571	
355	0.148613	0.137166	0.167106	0.157708	0.181034	0.187777	0.142035	0.170595	0.135626	0.146873	
360	0.152239	0.139492	0.166931	0.164280	0.180204	0.188311	0.144055	0.171351	0.136124	0.150927	
365	0.151144	0.140424	0.167958	0.165718	0.180848	0.190977	0.145348	0.170621	0.138695	0.150088	
370	0.153865	0.145300	0.167219	0.168724	0.180627	0.192320	0.147204	0.172824	0.142202	0.154797	
375	0.155951	0.148291	0.171627	0.172985	0.181138	0.194057	0.149014	0.174519	0.140678	0.157741	
380	0.156264	0.151841	0.173118	0.173648	0.183143	0.199937	0.150977	0.173869	0.139205	0.160429	
385	0.156274	0.153330	0.174700	0.174646	0.187589	0.199190	0.153433	0.177517	0.142071	0.162311	
390	0.160060	0.154174	0.176685	0.173896	0.187973	0.200555	0.157501	0.181931	0.145343	0.162097	
395	0.163150	0.154955	0.178814	0.175364	0.192127	0.202819	0.159111	0.180330	0.147328	0.163105	
400	0.162231	0.155741	0.181687	0.176824	0.193992	0.205075	0.161565	0.181787	0.149554	0.164168	
405	0.163263	0.157938	0.180826	0.179988	0.192441	0.207749	0.162920	0.179315	0.147873	0.165929	
410	0.164372	0.157768	0.183336	0.180974	0.194500	0.206687	0.161080	0.178767	0.151595	0.168404	
415	0.164553	0.159144	0.186323	0.182721	0.195536	0.208837	0.161103	0.181218	0.153618	0.172119	
420	0.165630	0.164355	0.187242	0.183828	0.195506	0.209760	0.164744	0.184869	0.155140	0.173173	
425	0.167641	0.164770	0.184623	0.180393	0.195515	0.208369	0.166590	0.186140	0.161508	0.176216	
430	0.170018	0.165242	0.188299	0.183506	0.193427	0.208912	0.172110	0.186514	0.159532	0.179186	
435	0.171443	0.164248	0.190812	0.183810	0.196259	0.212616	0.171470	0.187225	0.163061	0.183732	
440	0.172628	0.161532	0.194354	0.186438	0.197505	0.214032	0.172889	0.188709	0.163338	0.185974	
445	0.172051	0.163343	0.197285	0.185848	0.200852	0.213997	0.176483	0.190612	0.165568	0.186776	
450	0.172201	0.165365	0.197278	0.187188	0.202943	0.212416	0.177199	0.187800	0.168393	0.187937	
455	0.175721	0.167804	0.197308	0.188140	0.205483	0.213594	0.182418	0.184993	0.169666	0.189113	
460	0.176607	0.169092	0.198699	0.190307	0.205353	0.217148	0.184439	0.184812	0.170429	0.191813	
465	0.177233	0.171639	0.197630	0.189882	0.213562	0.213852	0.187905	0.186996	0.169425	0.192466	
470	0.176285	0.174808	0.196695	0.191353	0.216173	0.209267	0.188098	0.186094	0.172388	0.193984	
475	0.177747	0.174412	0.193927	0.191936	0.219897	0.209489	0.192153	0.185230	0.174684	0.195496	
480	0.180630	0.174307	0.195761	0.191448	0.222232	0.210564	0.192097	0.188594	0.175145	0.194056	
485	0.182311	0.175065	0.198276	0.192171	0.217877	0.211826	0.191432	0.186768	0.176344	0.196140	
490	0.181343	0.175617	0.196496	0.193617	0.218691	0.212050	0.190570	0.188571	0.176547	0.194882	
495	0.182914	0.179229	0.195840	0.195353	0.223263	0.214841	0.196429	0.193049	0.175815	0.196791	
500	0.183071	0.180326	0.195507	0.201426	0.223941	0.215998	0.197321	0.195213	0.178107	0.198507	
505	0.187628	0.181519	0.192832	0.201019	0.220843	0.217213	0.198168	0.196959	0.180759	0.197526	
510	0.187885	0.183818	0.193293	0.201546	0.224139	0.214853	0.198534	0.196187	0.178685	0.197240	
515	0.189222	0.184265	0.193969	0.205577	0.226581	0.215086	0.197904	0.199649	0.177998	0.201119	
520	0.191909	0.181199	0.193876	0.211263	0.226102	0.214027	0.198109	0.204550	0.178835	0.206733	
525	0.191876	0.184486	0.193423	0.212140	0.225166	0.212560	0.195623	0.204707	0.178394	0.207479	
530	0.192678	0.185390	0.194812	0.214127	0.226592	0.209563	0.195780	0.211109	0.173952	0.210470	
535	0.193188	0.188473	0.195463	0.217720	0.225418	0.210239	0.198727	0.213752	0.175083	0.214067	
540	0.191591	0.188172	0.197301	0.216801	0.229455	0.214260	0.200314	0.215415	0.181518	0.211888	
545	0.192216	0.189525	0.198719	0.219108	0.234850	0.214766	0.201770	0.216270	0.183099	0.213426	
550	0.193158	0.195605	0.198481	0.219926	0.235488	0.215982	0.203714	0.220699	0.186424	0.213135	
555	0.194518	0.196520	0.198687	0.222872	0.236949	0.216891	0.201296	0.221622	0.188489	0.216427	
560	0.194931	0.198285	0.202442	0.221680	0.238917	0.219857	0.200878	0.220546	0.189775	0.210801	
565	0.195969	0.200663	0.202377	0.225810	0.237759	0.219682	0.201841	0.224723	0.191900	0.212775	
570	0.198886	0.204366	0.203047	0.228528	0.239462	0.221762	0.202715	0.223876	0.194287	0.210853	
575	0.198921	0.210100	0.202367	0.229921	0.241254	0.224249	0.204132	0.228097	0.196859	0.210749	
580	0.198155	0.212806	0.199545	0.230821	0.243474	0.223300	0.209322	0.229248	0.197062	0.214834	
585	0.197601	0.215153	0.201841	0.233974	0.243330	0.227784	0.210882	0.226892	0.197594	0.214837	
590	0.198880	0.213720	0.201255	0.233199	0.241107	0.227911	0.211352	0.225922	0.200867	0.214828	
595	0.199062	0.215588	0.200287	0.234695	0.243303	0.228070	0.212560	0.226641	0.200388	0.216145	
600	0.194962	0.218879	0.201355	0.238521	0.241948	0.230638	0.214515	0.228033	0.201612	0.217943	
605	0.196228	0.219131	0.202692	0.235633	0.243353	0.230692	0.216261	0.231238	0.204894	0.212729	
610	0.196693	0.217421	0.203524	0.237328	0.242652	0.234806	0.214901	0.233168	0.203164	0.213207	
615	0.197466	0.218833	0.203640	0.239818	0.244779	0.234426	0.221449	0.230865	0.207613	0.210830	
620	0.197174	0.218291	0.202965	0.240213	0.247135	0.232586	0.221916	0.228791	0.206214	0.212329	
625	0.194391	0.223428	0.204027	0.238241	0.247435	0.227869	0.224014	0.230854	0.207648	0.210832	
630	0.196115	0.226018	0.202860	0.236595	0.246132	0.230074	0.222619	0.232540	0.205691	0.209877	
635	0.198647	0.229801	0.203857	0.237114	0.248079	0.231749	0.219830	0.231615	0.208620	0.213149	
640	0.197321	0.232214	0.204238	0.233234	0.251681	0.236238	0.220291	0.230606	0.211374	0.212702	
645	0.201819	0.235288	0.201562	0.235277	0.248599	0.237226	0.219687	0.229905	0.213395	0.213441	
650	0.199885	0.236480	0.201508	0.237448	0.248890	0.235128	0.221172	0.228075	0.217860	0.215803	
655	0.202138	0.233887	0.200731	0.240956	0.246444	0.236577	0.221006	0.230248	0.218765	0.217679	
660	0.206856	0.234775	0.201915	0.235788	0.249294	0.238889	0.220176	0.231963	0.220749	0.214685	
665	0.212015	0.234671	0.204210	0.234549	0.250036	0.237550	0.222607	0.233311	0.218878	0.214461	
670	0.213127	0.235013	0.205130	0.233184	0.249361	0.240258	0.224696	0.235744	0.217426	0.211849	
675	0.214859	0.237968	0.205878	0.238507	0.251713	0.240657	0.226919	0.235313	0.221385	0.210271	
680	0.213270	0.239640	0.207193	0.239022	0.254077	0.238251	0.225543	0.234585	0.220918	0.210738	
685	0.215504	0.240564	0.207709	0.237851	0.254687	0.237440	0.221175	0.230461	0.223077	0.214677	
690	0.215192	0.242883	0.210299	0.236394	0.252878	0.237163	0.223267	0.226751	0.217759	0.215455	
695	0.218049	0.243454	0.211989	0.238490	0.251638	0.235809	0.221046	0.226239	0.217307	0.218340	
700	0.220580	0.246554	0.215636	0.236737	0.253234	0.231098	0.221787	0.228604	0.218411	0.220820	
705	0.222740	0.250865	0.216662	0.239629	0.251510	0.233667	0.224020	0.226085	0.216696	0.220620	
710	0.225165	0.250010	0.216812	0.239702	0.251671	0.233846	0.218690	0.226234	0.220038	0.218030	
715	0.224582	0.248953	0.217760	0.242638	0.254628	0.234980	0.221538	0.228756	0.221810	0.219903	
720	0.226069	0.247372	0.221750	0.240691	0.255632	0.233459	0.220613	0.225753	0.225059	0.219152	
725	0.226707	0.244263	0.218884	0.240297	0.256840	0.233513	0.218268	0.222260	0.227605	0.221875	
730	0.228382	0.245318	0.219899	0.240097	0.258616	0.233695	0.219354	0.223113	0.225051	0.219358	
735	0.227091	0.245443	0.221073	0.238496	0.253201	0.236055	0.215454	0.224710	0.222414	0.220540	
740	0.226614	0.243009	0.222846	0.238825	0.254724	0.234629	0.216822	0.224430	0.221778	0.219926	
745	0.229357	0.245946	0.225264	0.239498	0.252912	0.235907	0.214555	0.228095	0.219442	0.220364	
750	0.226794	0.245529	0.224979	0.238614	0.253414	0.233760	0.215831	0.229196	0.217444	0.221344	
755	0.228211	0.248774	0.227941	0.239834	0.255153	0.235575	0.220985	0.226220	0.219278	0.219239	
760	0.223221	0.250646	0.226693	0.241077	0.258862	0.234874	0.221144	0.223592	0.221339	0.217586	
765	0.222700	0.249840	0.224829	0.241970	0.257972	0.235430	0.224003	0.221886	0.221519	0.219092	
770	0.219437	0.249517	0.224809	0.243634	0.256129	0.235825	0.225490	0.223812	0.221885	0.221648	
775	0.219876	0.249092	0.228853	0.242165	0.257758	0.237449	0.224655	0.224298	0.226604	0.221243	
780	0.220524	0.248848	0.229138	0.245739	0.259634	0.237120	0.222164	0.226739	0.227640	0.223967	
785	0.222429	0.250139	0.230903	0.245403	0.263067	0.240519	0.223726	0.227065	0.225889	0.222082	
790	0.224168	0.253871	0.234340	0.244115	0.263432	0.239166	0.223568	0.228420	0.225027	0.225172	
795	0.227014	0.253188	0.235411	0.240942	0.262985	0.244404	0.227636	0.229337	0.226151	0.225879	
800	0.228599	0.251295	0.231964	0.241618	0.261123	0.247453	0.230093	0.227550	0.227306	0.224991	
805	0.228505	0.253390	0.230560	0.244529	0.262712	0.248673	0.225865	0.224569	0.229351	0.225323	
810	0.227684	0.253933	0.233023	0.245882	0.261809	0.248350	0.226150	0.223369	0.227261	0.223707	
815	0.227303	0.255133	0.231329	0.244659	0.259353	0.246677	0.228106	0.222457	0.225697	0.224516	
820	0.229308	0.253754	0.234632	0.245586	0.257836	0.250075	0.229398	0.225093	0.229448	0.224296	
825	0.228257	0.252941	0.235939	0.247128	0.257178	0.251836	0.227668	0.225327	0.229378	0.228267	
830	0.229210	0.250285	0.238650	0.245930	0.259087	0.254654	0.229671	0.230381	0.233330	0.226728	
835	0.230782	0.250493	0.240067	0.244884	0.258428	0.254384	0.231534	0.234497	0.237999	0.228465	
840	0.230660	0.251733	0.240315	0.240808	0.259163	0.252020	0.231929	0.235709	0.238049	0.227791	
845	0.230411	0.253537	0.240507	0.244121	0.259891	0.255054	0.233650	0.233527	0.233744	0.230043	
850	0.232629	0.255456	0.240965	0.245167	0.259178	0.258050	0.234805	0.234060	0.233358	0.228667	
855	0.228457	0.252828	0.242053	0.243198	0.258564	0.260581	0.238098	0.231811	0.236898	0.228053	
860	0.226529	0.254135	0.242922	0.246561	0.262681	0.261450	0.235791	0.235635	0.234598	0.230470	
865	0.228225	0.257300	0.241878	0.247196	0.262976	0.266092	0.234304	0.235556	0.234274	0.229003	
870	0.229895	0.257540	0.246270	0.249314	0.263836	0.265882	0.235033	0.234986	0.235353	0.230225	
875	0.228553	0.257746	0.251509	0.249103	0.263570	0.261556	0.235616	0.235764	0.233380	0.229006	
880	0.226280	0.257971	0.250722	0.248397	0.259720	0.263171	0.235688	0.236316	0.236358	0.229866	
885	0.229520	0.259971	0.248506	0.248480	0.261576	0.263295	0.238642	0.233400	0.236274	0.232182	
890	0.233179	0.257182	0.247523	0.249783	0.264815	0.264547	0.244589	0.233583	0.236233	0.229175	
895	0.235441	0.260350	0.249422	0.249335	0.266079	0.265836	0.246053	0.235027	0.235332	0.228154	
900	0.235648	0.257282	0.247818	0.252932	0.266476	0.265712	0.247808	0.237409	0.232142	0.230068	
905	0.236905	0.257006	0.252290	0.250650	0.266459	0.261956	0.246595	0.236840	0.233283	0.229895	
910	0.236384	0.259903	0.250932	0.250589	0.270142	0.263492	0.251763	0.240871	0.235603	0.226273	
915	0.236028	0.260273	0.250894	0.251196	0.268269	0.262490	0.252493	0.241484	0.236196	0.230376	
920	0.235677	0.262064	0.253679	0.248451	0.270745	0.262673	0.251958	0.241024	0.241582	0.229518	
925	0.239363	0.261485	0.251252	0.247938	0.268859	0.259033	0.256430	0.239921	0.238087	0.230705	
930	0.237199	0.263029	0.250537	0.251831	0.264081	0.255599	0.257775	0.242976	0.234496	0.231167	
935	0.234051	0.267026	0.248797	0.254999	0.267486	0.256148	0.252836	0.243610	0.236252	0.230533	
940	0.234811	0.269755	0.245934	0.257055	0.272044	0.262187	0.250431	0.246092	0.234258	0.230652	
945	0.232313	0.271549	0.242706	0.255512	0.275171	0.263361	0.251272	0.249363	0.232806	0.235196	
950	0.234286	0.269703	0.244390	0.257244	0.271940	0.266288	0.253877	0.252589	0.229223	0.236689	
955	0.234917	0.271998	0.244962	0.257576	0.269583	0.267504	0.254892	0.251614	0.225078	0.235410	
960	0.235571	0.267653	0.250511	0.257261	0.271620	0.266199	0.257388	0.251183	0.225998	0.236443	
965	0.235427	0.271878	0.252785	0.255159	0.272117	0.263621	0.254424	0.254499	0.225626	0.236347	
970	0.233331	0.270595	0.250213	0.255384	0.269739	0.259535	0.252805	0.256297	0.221053	0.237667	
975	0.232619	0.274296	0.253556	0.252561	0.268021	0.265451	0.254069	0.252142	0.224415	0.239662	
980	0.236099	0.273482	0.255080	0.252496	0.269125	0.267480	0.252190	0.250703	0.225363	0.239394	
985	0.236137	0.269856	0.254931	0.250706	0.271707	0.266232	0.252665	0.255672	0.226283	0.237364	
990	0.237387	0.266093	0.254101	0.248316	0.276065	0.267024	0.250154	0.259694	0.226802	0.236771	
995	0.233750	0.266527	0.255129	0.247764	0.275275	0.267834	0.252304	0.252537	0.224719	0.238292	
1000	0.232038	0.264263	0.252319	0.247525	0.273744	0.263390	0.251649	0.251313	0.224555	0.238347	
1005	0.227339	0.267335	0.249914	0.248178	0.270292	0.262171	0.250233	0.250464	0.224277	0.238486	
1010	0.226669	0.267339	0.251271	0.251863	0.266965	0.261060	0.247080	0.248949	0.224269	0.239718	
1015	0.226610	0.267952	0.253798	0.252327	0.268089	0.262231	0.245325	0.250375	0.222528	0.240109	
1020	0.226716	0.271249	0.250391	0.250929	0.267931	0.260356	0.248633	0.251817	0.223970	0.240990	
1025	0.224388	0.271505	0.256290	0.252182	0.266003	0.264214	0.246571	0.256835	0.226678	0.242656	
1030	0.222724	0.270141	0.256116	0.251427	0.270478	0.266838	0.248836	0.256943	0.232315	0.240274	
1035	0.222389	0.271886	0.255244	0.248674	0.268244	0.268741	0.250729	0.255575	0.234870	0.239879	
1040	0.220779	0.273554	0.254834	0.248226	0.267249	0.263738	0.249796	0.254137	0.236221	0.241176	
1045	0.219422	0.272638	0.254094	0.248531	0.266250	0.259512	0.252043	0.254159	0.237100	0.244764	
1050	0.220918	0.271378	0.255205	0.248700	0.266733	0.261376	0.250310	0.253764	0.239854	0.244955	
1055	0.224852	0.266802	0.254391	0.250495	0.266210	0.259770	0.247759	0.253131	0.238475	0.243763	
1060	0.221706	0.267009	0.254875	0.254677	0.265801	0.259658	0.246692	0.252150	0.238643	0.241450	
1065	0.222846	0.259606	0.254668	0.256491	0.265781	0.260596	0.242725	0.250932	0.238233	0.240419	
1070	0.224213	0.257677	0.255957	0.258970	0.266146	0.258883	0.244995	0.253406	0.237275	0.238968	
1075	0.225841	0.261079	0.253589	0.261285	0.262560	0.262141	0.243226	0.254504	0.243644	0.236948	
1080	0.227193	0.269281	0.252057	0.257952	0.265734	0.262605	0.245290	0.251960	0.244671	0.239248	
1085	0.230175	0.269516	0.248361	0.257724	0.263387	0.262133	0.243599	0.257695	0.244797	0.236995	
1090	0.230150	0.265541	0.246465	0.257933	0.265666	0.261060	0.243498	0.258357	0.245672	0.238950	
1095	0.231607	0.265530	0.246635	0.261138	0.260915	0.258444	0.245740	0.259646	0.247147	0.238465	
1100	0.231532	0.266676	0.244679	0.262936	0.260569	0.254150	0.244400	0.262739	0.248079	0.236434	
1105	0.232375	0.265221	0.245119	0.264862	0.262159	0.254118	0.242863	0.258091	0.249068	0.234185	
1110	0.231334	0.260754	0.245172	0.262284	0.262186	0.257135	0.241203	0.254351	0.249730	0.230823	
1115	0.228769	0.259503	0.243590	0.262117	0.263779	0.256796	0.242600	0.256646	0.251034	0.232122	
1120	0.231068	0.261924	0.244306	0.264695	0.265798	0.256061	0.243964	0.257479	0.253442	0.232053	
1125	0.234562	0.259342	0.243620	0.269626	0.265137	0.254644	0.245288	0.258622	0.252537	0.230395	
1130	0.237118	0.260185	0.242343	0.271807	0.266346	0.257217	0.247915	0.254331	0.253999	0.230521	
1135	0.236095	0.261250	0.242747	0.270716	0.266087	0.252445	0.251338	0.254186	0.257175	0.228670	
1140	0.234468	0.261515	0.246011	0.270849	0.266994	0.255161	0.252832	0.255040	0.256077	0.231817	
1145	0.237684	0.264759	0.246434	0.270483	0.269700	0.253099	0.254400	0.258230	0.258062	0.233044	
1150	0.236807	0.267133	0.247117	0.272211	0.271295	0.255808	0.257153	0.255942	0.257100	0.233233	
1155	0.233692	0.267309	0.248599	0.272197	0.272230	0.258464	0.259385	0.252976	0.251909	0.231355	
1160	0.235992	0.266083	0.247327	0.265092	0.269409	0.250851	0.255792	0.251083	0.250950	0.235134	
1165	0.237628	0.269816	0.247282	0.268006	0.268146	0.250254	0.258029	0.249702	0.248939	0.237650	
1170	0.240776	0.267981	0.245725	0.267201	0.271524	0.249962	0.257545	0.248420	0.249152	0.239288	
1175	0.245000	0.267318	0.244660	0.265735	0.268821	0.250377	0.257369	0.247550	0.250704	0.237662	
1180	0.246011	0.267888	0.244415	0.267814	0.266378	0.251256	0.254862	0.248804	0.243671	0.237448	
1185	0.246122	0.265175	0.242701	0.269430	0.261928	0.248494	0.255736	0.250847	0.245121	0.238817	
1190	0.248068	0.270034	0.244980	0.270265	0.256922	0.252025	0.256247	0.250192	0.245952	0.238246	
1195	0.249436	0.268666	0.249819	0.269211	0.255958	0.248080	0.255443	0.247663	0.243307	0.240109	
1200	0.248093	0.266289	0.248920	0.272993	0.252188	0.249804	0.255954	0.250288	0.245492	0.237926	
1205	0.245493	0.263015	0.245361	0.272576	0.249454	0.252245	0.255979	0.255008	0.242041	0.237571	
1210	0.247858	0.263224	0.246251	0.271668	0.251282	0.257451	0.258440	0.258238	0.241718	0.243221	
1215	0.248201	0.264808	0.246120	0.275427	0.248069	0.264046	0.255048	0.258534	0.242872	0.244024	
1220	0.245170	0.265445	0.242830	0.275979	0.245665	0.264324	0.259601	0.257920	0.242120	0.241023	
1225	0.244182	0.262808	0.242612	0.273913	0.244262	0.264952	0.261808	0.260883	0.246935	0.238209	
1230	0.242935	0.260518	0.242370	0.274777	0.243647	0.264575	0.261206	0.259725	0.244748	0.238923	
1235	0.242314	0.262226	0.243906	0.275272	0.244838	0.262419	0.257588	0.257554	0.244793	0.237950	
1240	0.245736	0.258224	0.245063	0.277236	0.245625	0.264870	0.257184	0.255040	0.244453	0.239011	
1245	0.245051	0.258526	0.248710	0.283304	0.245760	0.264105	0.257348	0.254944	0.244190	0.237037	
1250	0.245401	0.258781	0.246760	0.283187	0.246042	0.266300	0.258398	0.255052	0.241870	0.239052	
1255	0.245423	0.263229	0.242772	0.278738	0.246024	0.263900	0.255507	0.253607	0.239983	0.239347	
1260	0.246810	0.264266	0.244222	0.276737	0.243903	0.266759	0.251330	0.251887	0.238846	0.242804	
1265	0.248992	0.267718	0.242034	0.275906	0.241316	0.269166	0.251701	0.253160	0.243861	0.242141	
1270	0.248371	0.263821	0.242350	0.276444	0.242778	0.270523	0.250211	0.252311	0.240569	0.243292	
1275	0.245849	0.266009	0.238172	0.274818	0.242784	0.267540	0.253573	0.252941	0.243070	0.241717	
1280	0.246998	0.265989	0.236647	0.271979	0.246055	0.268550	0.256404	0.251747	0.250016	0.242621	
1285	0.242520	0.265397	0.238566	0.270937	0.248492	0.270901	0.257557	0.249271	0.251225	0.241573	
1290	0.243903	0.263162	0.238550	0.269791	0.247582	0.267702	0.261487	0.251368	0.248164	0.243616	
1295	0.242061	0.262321	0.241527	0.272320	0.247963	0.267030	0.261467	0.252504	0.248085	0.244431	
1300	0.241441	0.265793	0.243362	0.274232	0.249519	0.269098	0.259915	0.253603	0.247270	0.239438	
1305	0.243386	0.265969	0.238982	0.275659	0.250239	0.267055	0.259159	0.251716	0.247205	0.242687	
1310	0.242766	0.265030	0.240620	0.275948	0.250032	0.267226	0.263273	0.250296	0.245499	0.245779	
1315	0.243622	0.261065	0.243836	0.272455	0.253466	0.268436	0.264065	0.249850	0.244410	0.245335	
1320	0.245985	0.264048	0.245108	0.268040	0.253526	0.267221	0.266567	0.249523	0.247628	0.235708	
1325	0.245492	0.263714	0.247517	0.269992	0.254512	0.266548	0.265529	0.252341	0.247574	0.238392	
1330	0.248829	0.265992	0.248021	0.270251	0.255148	0.265663	0.267084	0.243067	0.246267	0.236799	
1335	0.248027	0.268266	0.251660	0.269900	0.252928	0.264556	0.263791	0.242557	0.243231	0.234879	
1340	0.244549	0.271631	0.254385	0.270244	0.251283	0.266206	0.265425	0.240126	0.243913	0.235253	
1345	0.246510	0.273138	0.253156	0.272464	0.247684	0.265561	0.264950	0.241591	0.240771	0.236896	
1350	0.245792	0.277294	0.254525	0.272873	0.247678	0.263973	0.267529	0.244030	0.243370	0.238318	
1355	0.246900	0.278840	0.255244	0.271913	0.250236	0.260942	0.271485	0.244529	0.243874	0.237967	
1360	0.249081	0.280331	0.257239	0.272041	0.253153	0.259543	0.274989	0.248730	0.245260	0.239766	
1365	0.245391	0.279239	0.254361	0.268465	0.253404	0.262474	0.274991	0.246125	0.244049	0.238003	
1370	0.248498	0.271752	0.252333	0.265893	0.254297	0.262454	0.276098	0.244790	0.243928	0.239660	
1375	0.248328	0.272492	0.252502	0.265247	0.253167	0.265533	0.277965	0.245054	0.240953	0.240098	
1380	0.248612	0.269850	0.252378	0.261581	0.257372	0.263532	0.280725	0.244493	0.241197	0.243155	
1385	0.248508	0.266726	0.252433	0.261354	0.256955	0.263757	0.278486	0.245189	0.243478	0.249080	
1390	0.248221	0.263497	0.252492	0.260141	0.255210	0.261994	0.277589	0.241303	0.242953	0.249550	
1395	0.250282	0.264044	0.248133	0.260691	0.256414	0.264072	0.274373	0.242128	0.244236	0.248684	
1400	0.250631	0.262728	0.248528	0.259373	0.255510	0.264711	0.274194	0.241850	0.242929	0.253124	
1405	0.249971	0.262063	0.246693	0.261775	0.255541	0.260317	0.274077	0.242578	0.239791	0.255029	
1410	0.252591	0.263668	0.246005	0.263869	0.254753	0.257758	0.274420	0.242808	0.239802	0.252397	
1415	0.253490	0.262896	0.245569	0.262662	0.253978	0.256578	0.275572	0.242575	0.241179	0.251938	
1420	0.252602	0.263676	0.244186	0.258084	0.253154	0.256157	0.271651	0.243170	0.243651	0.257028	
1425	0.249679	0.264353	0.245051	0.260814	0.251247	0.253648	0.273437	0.243527	0.245746	0.260009	
1430	0.246838	0.264435	0.243593	0.261860	0.250880	0.258325	0.273864	0.243368	0.245329	0.263508	
1435	0.247685	0.265382	0.244895	0.259651	0.247526	0.255990	0.276911	0.242018	0.243659	0.265924	
1440	0.242979	0.267543	0.244206	0.258248	0.245855	0.250348	0.276176	0.240500	0.243130	0.261748	
1445	0.243602	0.269371	0.246087	0.258903	0.244712	0.250232	0.274100	0.242012	0.244807	0.265038	
1450	0.245243	0.268121	0.244738	0.255193	0.244287	0.255541	0.272551	0.240842	0.247053	0.269390	
1455	0.244749	0.268822	0.244853	0.251079	0.246391	0.255803	0.272194	0.239281	0.247394	0.271814	
1460	0.243656	0.266991	0.246138	0.251791	0.249323	0.257170	0.271839	0.240145	0.247788	0.271018	
1465	0.240916	0.266127	0.248928	0.254016	0.247699	0.259861	0.269709	0.239283	0.248547	0.271947	
1470	0.237382	0.270809	0.248709	0.253674	0.246877	0.263243	0.269571	0.242171	0.246408	0.265687	
1475	0.235585	0.271914	0.247268	0.248531	0.250630	0.262909	0.268493	0.241096	0.244732	0.262185	
1480	0.234649	0.272376	0.251778	0.248340	0.251314	0.264304	0.264780	0.246167	0.247205	0.261284	
1485	0.237311	0.271541	0.253154	0.246895	0.250818	0.257442	0.262537	0.248810	0.248992	0.260334	
1490	0.236145	0.271186	0.253050	0.242176	0.250071	0.256507	0.261894	0.250566	0.248163	0.259582	
1495	0.234340	0.271562	0.249849	0.241739	0.249649	0.260390	0.264254	0.250269	0.246406	0.258208	
1500	0.235808	0.273830	0.247187	0.240146	0.246907	0.264486	0.261849	0.250275	0.249712	0.258171	
1505	0.232914	0.272579	0.246646	0.241644	0.243182	0.260892	0.263556	0.251115	0.250359	0.259906	
1510	0.235892	0.273973	0.245509	0.240996	0.242172	0.262565	0.266631	0.252481	0.249062	0.255889	
1515	0.238530	0.276542	0.246727	0.242539	0.240107	0.264942	0.264688	0.253582	0.244525	0.251223	
1520	0.236115	0.276080	0.248829	0.239426	0.241469	0.264659	0.263965	0.251648	0.242438	0.251774	
1525	0.238966	0.277386	0.247028	0.239662	0.243570	0.266161	0.262097	0.250589	0.244838	0.255876	
1530	0.241016	0.276682	0.244916	0.239592	0.243997	0.264769	0.263401	0.248526	0.247091	0.260096	
1535	0.242766	0.278548	0.244895	0.241117	0.248076	0.264565	0.266005	0.249237	0.245992	0.264659	
1540	0.246233	0.279768	0.245312	0.238670	0.249358	0.262933	0.266912	0.252797	0.246992	0.267025	
1545	0.243436	0.277791	0.244443	0.234509	0.250051	0.260042	0.268469	0.251795	0.246404	0.267104	
1550	0.243586	0.274566	0.244794	0.234360	0.248144	0.259160	0.269435	0.251431	0.243314	0.266758	
1555	0.245717	0.274576	0.247164	0.238086	0.245628	0.259737	0.269212	0.251752	0.241442	0.266416	
1560	0.246044	0.271725	0.247030	0.237410	0.246691	0.259246	0.266784	0.252926	0.241131	0.266196	
1565	0.245635	0.272280	0.246878	0.236973	0.249676	0.262747	0.266672	0.252410	0.243998	0.268239	
1570	0.245276	0.271413	0.248099	0.239831	0.257993	0.265203	0.268731	0.256537	0.244005	0.267738	
1575	0.251332	0.266237	0.244046	0.239493	0.256871	0.264884	0.270732	0.259641	0.244822	0.267475	
1580	0.251937	0.264587	0.241537	0.235663	0.259336	0.268416	0.270781	0.260238	0.246047	0.265125	
1585	0.253189	0.266631	0.240508	0.234272	0.262315	0.269097	0.271362	0.258991	0.245083	0.268855	
1590	0.252165	0.263991	0.240960	0.233205	0.260315	0.269618	0.267670	0.258728	0.246011	0.270608	
1595	0.250797	0.260925	0.238500	0.232261	0.261488	0.272017	0.265378	0.261306	0.243944	0.269986	
1600	0.248524	0.260988	0.234480	0.231660	0.261399	0.270516	0.264547	0.261345	0.243787	0.277301	
1605	0.251503	0.257794	0.235339	0.232495	0.263596	0.271198	0.262218	0.260121	0.237012	0.279613	
1610	0.246798	0.258680	0.233020	0.232963	0.264957	0.271586	0.264933	0.261939	0.235643	0.275745	
1615	0.246033	0.258975	0.232370	0.232290	0.265402	0.270426	0.261688	0.260167	0.233916	0.277212	
1620	0.246459	0.256760	0.233675	0.232172	0.266518	0.268982	0.261298	0.260112	0.235743	0.283254	
1625	0.247653	0.256394	0.237205	0.234526	0.269941	0.271588	0.261675	0.258674	0.235084	0.278992	
1630	0.245428	0.261006	0.240423	0.235602	0.268555	0.269601	0.257664	0.263898	0.236556	0.277705	
1635	0.245401	0.258786	0.238748	0.238275	0.270673	0.269122	0.255330	0.261313	0.242275	0.283839	
1640	0.242926	0.260635	0.241032	0.238355	0.269252	0.267469	0.256374	0.259715	0.243660	0.285268	
1645	0.243363	0.263782	0.239315	0.237863	0.268981	0.269223	0.255062	0.258283	0.242745	0.286678	
1650	0.247786	0.263144	0.238396	0.234815	0.266132	0.268836	0.256391	0.256358	0.247342	0.284361	
1655	0.243420	0.260992	0.242383	0.236368	0.267774	0.268298	0.255454	0.255195	0.246141	0.286933	
1660	0.242957	0.264144	0.243826	0.235510	0.267879	0.267284	0.254538	0.257657	0.245245	0.288336	
1665	0.243948	0.264224	0.244523	0.233043	0.268227	0.267224	0.255711	0.257869	0.245921	0.286353	
1670	0.244206	0.258850	0.244784	0.234535	0.268452	0.268537	0.256141	0.257956	0.244005	0.287025	
1675	0.240622	0.261373	0.244937	0.235151	0.268242	0.267677	0.253778	0.253258	0.243214	0.289306	
1680	0.239016	0.262029	0.242885	0.234555	0.267220	0.266932	0.255267	0.255130	0.241583	0.292448	
1685	0.238814	0.261308	0.241320	0.231221	0.265909	0.265037	0.252097	0.256306	0.240157	0.289075	
1690	0.241389	0.260877	0.241028	0.231900	0.263588	0.260515	0.249978	0.258312	0.243103	0.288451	
1695	0.244024	0.259622	0.239695	0.232689	0.259395	0.262124	0.252164	0.258017	0.242949	0.288884	
1700	0.244036	0.264389	0.238901	0.233467	0.256641	0.259332	0.251727	0.260388	0.243051	0.289273	
1705	0.246802	0.258525	0.239257	0.235154	0.259788	0.263392	0.253531	0.261118	0.242736	0.287909	
1710	0.246268	0.259811	0.239123	0.232657	0.256693	0.259593	0.255331	0.261872	0.239178	0.287758	
1715	0.246003	0.258209	0.236337	0.229919	0.253799	0.256991	0.253473	0.263521	0.242851	0.286506	
1720	0.246446	0.258004	0.236983	0.229423	0.255771	0.256605	0.252260	0.263215	0.241521	0.285348	
1725	0.243761	0.259457	0.236922	0.230881	0.252802	0.257559	0.251049	0.264105	0.241125	0.285720	
1730	0.246461	0.260184	0.240159	0.229392	0.250385	0.259468	0.252800	0.266784	0.238515	0.288246	
1735	0.249488	0.257499	0.242149	0.230954	0.250776	0.257241	0.255183	0.269815	0.236268	0.289653	
1740	0.249092	0.255796	0.244563	0.233552	0.249222	0.256666	0.255849	0.274243	0.237557	0.288949	
1745	0.248723	0.258032	0.244317	0.232535	0.246730	0.259145	0.256404	0.278232	0.238587	0.288911	
1750	0.248744	0.255498	0.241246	0.231363	0.249185	0.253537	0.255388	0.279236	0.238815	0.288823	
1755	0.248634	0.256903	0.240596	0.231763	0.249176	0.254086	0.252587	0.283585	0.240292	0.290453	
1760	0.250142	0.258994	0.238427	0.234562	0.250352	0.252737	0.253901	0.284554	0.242719	0.290836	
1765	0.251380	0.259950	0.240071	0.238910	0.251650	0.251067	0.255031	0.283373	0.242398	0.289114	
1770	0.250579	0.264625	0.238421	0.238310	0.251974	0.252191	0.257007	0.280396	0.244079	0.285546	
1775	0.256375	0.266889	0.238366	0.236609	0.252815	0.253626	0.254887	0.279769	0.244150	0.283769	
1780	0.258612	0.266474	0.241754	0.236641	0.254045	0.254185	0.255935	0.279308	0.241277	0.283504	
1785	0.261251	0.264183	0.242635	0.235018	0.255997	0.255128	0.256677	0.278207	0.242370	0.283971	
1790	0.260323	0.263651	0.242977	0.232803	0.251607	0.251126	0.253470	0.281029	0.243849	0.284107	
1795	0.262386	0.264262	0.243070	0.236502	0.250501	0.250985	0.255851	0.283131	0.245202	0.281350	
1800	0.262226	0.263138	0.246488	0.230012	0.250497	0.250469	0.254867	0.277630	0.248578	0.282423	
1805	0.267007	0.265664	0.247062	0.233366	0.247983	0.250248	0.252586	0.273790	0.245788	0.282303	
1810	0.266706	0.264699	0.245646	0.232498	0.250041	0.251029	0.255494	0.270981	0.245817	0.280583	
1815	0.273609	0.260666	0.243985	0.232087	0.250758	0.249844	0.253759	0.266729	0.247159	0.278961	
1820	0.272007	0.262802	0.243561	0.235903	0.251538	0.246155	0.254571	0.264892	0.250958	0.280511	
1825	0.271790	0.261168	0.245787	0.236688	0.251342	0.249748	0.254946	0.265715	0.248441	0.286358	
1830	0.271295	0.262910	0.243914	0.238864	0.252747	0.251921	0.256091	0.266318	0.246627	0.285287	
1835	0.272270	0.264234	0.242481	0.239933	0.247794	0.252682	0.257312	0.264440	0.247712	0.288189	
1840	0.272712	0.264049	0.239525	0.241944	0.246675	0.247764	0.258407	0.265339	0.244968	0.284890	
1845	0.274727	0.264963	0.236553	0.243377	0.249038	0.245578	0.261764	0.267871	0.247244	0.282095	
1850	0.274793	0.264401	0.239876	0.246234	0.248220	0.242998	0.262436	0.272070	0.250583	0.277697	
1855	0.273700	0.262227	0.241825	0.247274	0.250596	0.243759	0.261970	0.270632	0.254020	0.276171	
1860	0.272134	0.262034	0.241915	0.242086	0.252244	0.244107	0.261203	0.269296	0.253155	0.275488	
1865	0.273879	0.260442	0.240532	0.244034	0.252553	0.245878	0.260251	0.269643	0.255644	0.276274	
1870	0.271840	0.259803	0.236708	0.243104	0.251687	0.245330	0.260042	0.271928	0.255445	0.277423	
1875	0.271156	0.258649	0.238567	0.248575	0.248116	0.242246	0.256639	0.271196	0.257137	0.276874	
1880	0.271973	0.259721	0.241402	0.251590	0.252974	0.239248	0.264384	0.270328	0.251867	0.278045	
1885	0.273833	0.260232	0.245710	0.248096	0.251875	0.242512	0.261307	0.271512	0.253759	0.277531	
1890	0.271412	0.261112	0.244577	0.244170	0.251679	0.243883	0.261966	0.273817	0.256723	0.277064	
1895	0.273556	0.261595	0.243830	0.245799	0.255151	0.244137	0.264947	0.276665	0.254846	0.278419	
1900	0.275009	0.261701	0.247644	0.248874	0.253329	0.244993	0.269832	0.275651	0.256310	0.277869	
1905	0.276593	0.261070	0.246884	0.249580	0.254133	0.243701	0.273086	0.273088	0.258380	0.277000	
1910	0.276069	0.260259	0.248752	0.250218	0.253727	0.245062	0.274119	0.272122	0.257879	0.273469	
1915	0.272702	0.259715	0.249711	0.246791	0.255178	0.245463	0.273873	0.274601	0.257051	0.273072	
1920	0.264471	0.260876	0.247125	0.246299	0.253393	0.245566	0.273211	0.272852	0.258360	0.273556	
1925	0.262955	0.260677	0.249700	0.247244	0.256274	0.248857	0.274633	0.272775	0.262708	0.270567	
1930	0.265358	0.257248	0.248442	0.242750	0.258378	0.251918	0.275850	0.270550	0.263187	0.269708	
1935	0.265880	0.261024	0.246734	0.240646	0.258667	0.253913	0.275606	0.272878	0.262215	0.270007	
1940	0.262808	0.258141	0.249449	0.245528	0.255702	0.252324	0.274250	0.274741	0.260973	0.274895	
1945	0.264755	0.258016	0.246077	0.245410	0.252984	0.252277	0.269680	0.274373	0.261656	0.279394	
1950	0.266626	0.255276	0.249789	0.245788	0.255736	0.251778	0.268098	0.276494	0.262132	0.282413	
1955	0.265619	0.254556	0.248349	0.246974	0.254175	0.250946	0.268691	0.276670	0.262548	0.286751	
1960	0.266328	0.251866	0.250405	0.245216	0.255551	0.255170	0.266713	0.279746	0.261151	0.287119	
1965	0.259161	0.251909	0.252011	0.245085	0.253552	0.253635	0.264830	0.278093	0.262986	0.284509	
1970	0.261099	0.251836	0.253778	0.244130	0.253845	0.254044	0.270871	0.278065	0.263023	0.284891	
1975	0.264886	0.250056	0.251089	0.242591	0.254612	0.253288	0.273678	0.277369	0.260912	0.286111	
1980	0.268661	0.246247	0.251911	0.241200	0.255378	0.253111	0.272321	0.276938	0.259199	0.281549	
1985	0.269592	0.242799	0.253876	0.239774	0.256203	0.253312	0.275023	0.273229	0.255712	0.277358	
1990	0.267899	0.245841	0.255045	0.239213	0.253613	0.250224	0.271527	0.275628	0.257366	0.275233	
1995	0.266391	0.246990	0.253489	0.235362	0.247215	0.252870	0.270118	0.278450	0.256969	0.275849	
2000	0.263158	0.244929	0.259093	0.234118	0.246666	0.250167	0.271036	0.280609	0.258603	0.278149	
2005	0.257315	0.244411	0.261137	0.236982	0.244589	0.253740	0.270820	0.279455	0.256668	0.276022	
2010	0.253583	0.243276	0.256933	0.234857	0.244713	0.253843	0.266967	0.279685	0.257673	0.274279	
2015	0.251061	0.241316	0.254919	0.239430	0.248265	0.254905	0.271029	0.276898	0.258732	0.270784	
2020	0.246912	0.242253	0.252824	0.241521	0.248032	0.254142	0.269123	0.278592	0.260941	0.268440	
2025	0.246634	0.243951	0.248712	0.243441	0.249721	0.256413	0.267276	0.278306	0.258881	0.267989	
2030	0.245702	0.245137	0.245011	0.242431	0.253587	0.254881	0.268752	0.276825	0.256907	0.272547	
2035	0.242966	0.242491	0.244232	0.248536	0.249568	0.256825	0.270426	0.273805	0.253570	0.273364	
2040	0.242913	0.240078	0.241038	0.246686	0.246782	0.258026	0.268722	0.273217	0.254793	0.275245	
2045	0.239774	0.244068	0.238600	0.248938	0.246691	0.256431	0.263472	0.271479	0.247924	0.272472	
2050	0.241108	0.247906	0.241335	0.250180	0.246669	0.256414	0.264084	0.269496	0.244794	0.273221	
2055	0.241676	0.249837	0.241906	0.252262	0.246168	0.257033	0.265399	0.269331	0.246035	0.270631	
2060	0.240873	0.248726	0.243239	0.254201	0.246199	0.257078	0.269155	0.269020	0.245939	0.271605	
2065	0.241009	0.252396	0.246318	0.255993	0.245459	0.255564	0.266467	0.266288	0.247252	0.271029	
2070	0.242338	0.256603	0.243806	0.256535	0.245277	0.252973	0.264520	0.268126	0.249021	0.268522	
2075	0.243658	0.263212	0.241234	0.253636	0.246250	0.252944	0.264415	0.266675	0.248107	0.269673	
2080	0.246857	0.266194	0.240998	0.253403	0.247165	0.248124	0.263299	0.264949	0.248320	0.267898	
2085	0.255999	0.268228	0.240372	0.254624	0.247550	0.248111	0.264078	0.263388	0.249689	0.265119	
2090	0.252931	0.264585	0.241895	0.255436	0.249921	0.243959	0.262691	0.260894	0.251413	0.258053	
2095	0.251378	0.263750	0.241965	0.255858	0.249608	0.244756	0.265992	0.260872	0.250719	0.264050	
2100	0.250347	0.263108	0.246650	0.255660	0.250292	0.247922	0.264369	0.262574	0.253635	0.264375	
2105	0.250904	0.261145	0.248619	0.256755	0.249255	0.246917	0.263316	0.261897	0.260180	0.264765	
2110	0.248906	0.258230	0.246190	0.260584	0.247262	0.244649	0.263416	0.259548	0.258222	0.265840	
2115	0.248883	0.263421	0.245897	0.258832	0.247121	0.246100	0.263053	0.260534	0.260160	0.260556	
2120	0.250792	0.264873	0.246832	0.259023	0.246925	0.246952	0.260508	0.260631	0.262892	0.262363	
2125	0.249316	0.265909	0.249383	0.260971	0.243290	0.244233	0.264215	0.260767	0.265528	0.265997	
2130	0.247995	0.264472	0.249066	0.260195	0.240955	0.242965	0.263806	0.262831	0.265198	0.265803	
2135	0.247882	0.267775	0.249475	0.258622	0.244481	0.241217	0.264056	0.265043	0.267491	0.261033	
2140	0.245257	0.267561	0.250327	0.258934	0.241840	0.243293	0.262281	0.265852	0.266196	0.262655	
2145	0.248236	0.268780	0.251468	0.260641	0.243431	0.243931	0.263875	0.268890	0.267875	0.261528	
2150	0.249221	0.269446	0.251285	0.259442	0.245307	0.248872	0.262376	0.268628	0.265299	0.256852	
2155	0.248687	0.269089	0.247934	0.258487	0.247655	0.251426	0.259573	0.271608	0.266538	0.254767	
2160	0.248173	0.268462	0.244902	0.258637	0.243469	0.251611	0.258058	0.272816	0.268259	0.251748	
2165	0.250199	0.269361	0.245418	0.258253	0.240255	0.252240	0.259821	0.274218	0.264958	0.254276	
2170	0.248443	0.269323	0.245487	0.260043	0.246068	0.249141	0.262718	0.273170	0.265678	0.252284	
2175	0.253384	0.268392	0.247929	0.259153	0.245380	0.249124	0.261352	0.275543	0.264941	0.249331	
2180	0.254321	0.269834	0.250654	0.259950	0.246729	0.252676	0.259766	0.278809	0.265878	0.242694	
2185	0.253069	0.268523	0.253694	0.260008	0.246389	0.252803	0.258825	0.276240	0.263920	0.243314	
2190	0.252599	0.266949	0.250951	0.261904	0.247023	0.252744	0.260653	0.272554	0.263673	0.242829	
2195	0.246271	0.264341	0.248783	0.261750	0.245793	0.249864	0.262260	0.271491	0.263655	0.242955	
2200	0.245311	0.261831	0.246300	0.266509	0.246127	0.245424	0.263050	0.270309	0.264993	0.246588	
2205	0.243009	0.263719	0.248407	0.263093	0.245621	0.241929	0.261787	0.268763	0.263171	0.247687	
2210	0.242709	0.263822	0.245097	0.265119	0.249544	0.242642	0.258666	0.269375	0.266679	0.245165	
2215	0.242031	0.263289	0.248558	0.269334	0.253475	0.245889	0.259894	0.272126	0.262182	0.245211	
2220	0.240016	0.266288	0.251138	0.270159	0.255809	0.244819	0.259113	0.269456	0.261628	0.242246	
2225	0.238971	0.270453	0.246881	0.273713	0.252929	0.246288	0.256362	0.265840	0.264346	0.244614	
2230	0.238403	0.272523	0.248219	0.273401	0.254331	0.247586	0.257591	0.269466	0.266493	0.245325	
2235	0.238110	0.270847	0.250424	0.273824	0.256565	0.246374	0.254841	0.272056	0.265757	0.247117	
2240	0.239707	0.269709	0.250307	0.273833	0.255014	0.250853	0.254478	0.273948	0.266601	0.249835	
2245	0.237722	0.265698	0.253917	0.275433	0.256318	0.250670	0.253671	0.269043	0.263152	0.249881	
2250	0.234464	0.261057	0.253813	0.276429	0.257758	0.250385	0.256386	0.266543	0.265171	0.253173	
2255	0.235863	0.260537	0.253975	0.280113	0.257430	0.247131	0.257328	0.268780	0.263126	0.253572	
2260	0.237656	0.262947	0.248247	0.282696	0.261835	0.245936	0.255970	0.268232	0.259538	0.253085	
2265	0.240282	0.262781	0.247765	0.279851	0.261387	0.244635	0.253342	0.268678	0.254872	0.252308	
2270	0.241488	0.261011	0.243426	0.282662	0.259933	0.246271	0.253134	0.267370	0.258110	0.254793	
2275	0.240541	0.258621	0.237415	0.274772	0.261730	0.244643	0.250699	0.271479	0.261179	0.256922	
2280	0.239311	0.261734	0.239401	0.272761	0.261238	0.244846	0.251014	0.271064	0.263533	0.254618	
2285	0.238682	0.260139	0.237678	0.271932	0.261952	0.243540	0.248887	0.267853	0.266077	0.254321	
2290	0.240940	0.261314	0.238581	0.268121	0.259176	0.245097	0.249704	0.271446	0.263350	0.257037	
2295	0.239265	0.258944	0.238108	0.266887	0.258552	0.241884	0.251420	0.270256	0.262804	0.255817	
2300	0.240273	0.255616	0.237344	0.267001	0.260168	0.242548	0.251407	0.268190	0.261791	0.254173	
2305	0.239574	0.250983	0.244142	0.270957	0.259951	0.243110	0.247998	0.270305	0.265451	0.253551	
2310	0.235464	0.253994	0.245800	0.271838	0.260090	0.244225	0.246499	0.271957	0.266878	0.252667	
2315	0.236125	0.252937	0.249439	0.271809	0.259303	0.244215	0.245903	0.268749	0.267020	0.251874	
2320	0.237342	0.250201	0.246171	0.271973	0.254992	0.245381	0.249284	0.263438	0.263077	0.254170	
2325	0.237431	0.250534	0.247572	0.270606	0.256392	0.246532	0.247432	0.268146	0.264261	0.252462	
2330	0.234686	0.249486	0.248007	0.268140	0.255967	0.247308	0.248747	0.271760	0.265800	0.255749	
2335	0.234496	0.244738	0.246915	0.268845	0.256739	0.246000	0.247025	0.272168	0.268253	0.259032	
2340	0.236681	0.243378	0.247863	0.272966	0.255292	0.248741	0.246601	0.272632	0.267080	0.260730	
2345	0.238724	0.243053	0.248598	0.273586	0.257911	0.247219	0.250489	0.271785	0.263729	0.261170	
2350	0.240445	0.243712	0.243398	0.268651	0.255657	0.247257	0.251622	0.273813	0.267414	0.260901	
2355	0.240274	0.244321	0.240834	0.265800	0.258482	0.251097	0.247877	0.274222	0.268197	0.257629	
2360	0.239356	0.243489	0.244627	0.265695	0.257841	0.250737	0.250678	0.276964	0.267351	0.254046	
2365	0.238742	0.244827	0.242376	0.261713	0.257631	0.251802	0.252525	0.272817	0.266488	0.256309	
2370	0.237029	0.244782	0.243101	0.259644	0.254651	0.251136	0.254953	0.270084	0.264103	0.255941	
2375	0.237628	0.245476	0.242739	0.260704	0.251930	0.249462	0.254693	0.270670	0.266484	0.255374	
2380	0.236860	0.250354	0.240089	0.260548	0.251054	0.247808	0.253126	0.271347	0.264559	0.256809	
2385	0.232630	0.250433	0.239871	0.259990	0.252886	0.247107	0.250667	0.275359	0.260714	0.255531	
2390	0.231944	0.249617	0.242118	0.262129	0.253097	0.248384	0.249564	0.273693	0.259806	0.253196	
2395	0.230643	0.248364	0.241031	0.261966	0.255874	0.249978	0.250244	0.271401	0.259597	0.250803	
2400	0.232011	0.246468	0.238383	0.263022	0.256632	0.254153	0.253169	0.273054	0.257149	0.249679	
2405	0.233514	0.243061	0.237858	0.263370	0.257488	0.254488	0.258448	0.268213	0.257167	0.247422	
2410	0.234207	0.246998	0.239573	0.263297	0.256030	0.258175	0.257138	0.266914	0.259798	0.246862	
2415	0.232583	0.248601	0.239068	0.263831	0.256995	0.256524	0.257652	0.270595	0.258024	0.247272	
2420	0.234055	0.247687	0.242617	0.259491	0.256849	0.257627	0.255226	0.268098	0.255149	0.243457	
2425	0.233070	0.249604	0.242758	0.260258	0.259209	0.255456	0.256737	0.267625	0.254442	0.242993	
2430	0.232747	0.247725	0.240551	0.260049	0.257494	0.258715	0.255857	0.266527	0.252339	0.243302	
2435	0.231674	0.250645	0.240153	0.262136	0.256771	0.260498	0.254067	0.267128	0.253917	0.242384	
2440	0.232996	0.250613	0.239466	0.262647	0.257498	0.259237	0.251765	0.269619	0.253475	0.245049	
2445	0.233996	0.251126	0.240828	0.263866	0.251842	0.257035	0.255902	0.271168	0.252307	0.246278	
2450	0.236212	0.247431	0.243639	0.262863	0.250415	0.260375	0.257282	0.268172	0.254570	0.246730	
2455	0.232781	0.245214	0.239303	0.262162	0.249373	0.261525	0.256963	0.272842	0.254241	0.246547	
2460	0.231306	0.244199	0.238832	0.259951	0.248749	0.257140	0.252908	0.275035	0.252261	0.241076	
2465	0.233953	0.245667	0.242660	0.261153	0.254220	0.258943	0.252726	0.275587	0.252172	0.240646	
2470	0.236972	0.242170	0.245526	0.256692	0.252068	0.257667	0.253558	0.277234	0.249171	0.237543	
2475	0.237155	0.241785	0.249117	0.258145	0.246768	0.255807	0.253147	0.278328	0.247034	0.239670	
2480	0.238527	0.243754	0.250355	0.255890	0.250386	0.256702	0.252266	0.277141	0.250649	0.240768	
2485	0.238895	0.243109	0.250237	0.256426	0.251220	0.255412	0.255318	0.277605	0.249152	0.237257	
2490	0.242322	0.247722	0.254950	0.259805	0.255600	0.254308	0.257794	0.275762	0.246649	0.238389	
2495	0.241769	0.242851	0.256166	0.263783	0.260120	0.252757	0.256415	0.272237	0.248765	0.237265	
2500	0.242693	0.242681	0.253694	0.262291	0.258544	0.253112	0.255405	0.274087	0.248681	0.235959	
2505	0.245601	0.241341	0.253979	0.262650	0.256997	0.250175	0.256238	0.278867	0.251430	0.238635	
2510	0.243024	0.242265	0.252412	0.262360	0.261589	0.254704	0.251850	0.280286	0.254066	0.238569	
2515	0.246227	0.243330	0.254825	0.265724	0.261327	0.253645	0.253595	0.276119	0.253179	0.240163	
2520	0.246676	0.241030	0.253014	0.272256	0.259995	0.252235	0.255807	0.271710	0.256797	0.242819	
2525	0.250546	0.241538	0.252144	0.270389	0.260001	0.255085	0.253695	0.273482	0.262481	0.245415	
2530	0.250971	0.240659	0.250165	0.269263	0.257915	0.255361	0.252773	0.273258	0.263261	0.248098	
2535	0.246919	0.240797	0.251440	0.267183	0.260844	0.259175	0.250917	0.271665	0.261550	0.248834	
2540	0.251349	0.241249	0.253169	0.269759	0.260944	0.257800	0.250999	0.272004	0.259562	0.248890	
2545	0.254734	0.240589	0.255084	0.267987	0.260011	0.253765	0.247755	0.270848	0.259984	0.244505	
2550	0.253615	0.244488	0.256948	0.268201	0.261074	0.253903	0.244992	0.272329	0.260916	0.243011	
2555	0.256360	0.248443	0.254714	0.269059	0.265049	0.252834	0.249268	0.271896	0.266347	0.244406	
2560	0.252565	0.248714	0.254316	0.269127	0.262845	0.251716	0.248615	0.269516	0.269123	0.242668	
2565	0.253524	0.245404	0.255485	0.267397	0.265342	0.252649	0.242921	0.266280	0.264865	0.240925	
2570	0.258117	0.245683	0.256566	0.269850	0.266442	0.252058	0.246018	0.263045	0.264594	0.240470	
2575	0.259916	0.247452	0.252007	0.271200	0.270637	0.249646	0.244647	0.264750	0.259228	0.242890	
2580	0.264012	0.248430	0.249292	0.270767	0.268618	0.249022	0.241521	0.267858	0.260522	0.242594	
2585	0.266758	0.246605	0.251453	0.274743	0.268751	0.252737	0.245166	0.267602	0.259073	0.242275	
2590	0.264613	0.247831	0.251777	0.275623	0.271497	0.255002	0.249865	0.268095	0.256694	0.241236	
2595	0.259325	0.254904	0.257066	0.273559	0.270641	0.257708	0.252690	0.266082	0.254993	0.243181	
2600	0.261055	0.256508	0.258856	0.271093	0.274717	0.261255	0.252494	0.266014	0.256123	0.243579	
2605	0.255965	0.254041	0.254756	0.273625	0.274246	0.261170	0.252218	0.261742	0.253297	0.242757	
2610	0.253252	0.252556	0.257612	0.273432	0.274465	0.261122	0.252000	0.259014	0.254026	0.244724	
2615	0.255116	0.248934	0.254876	0.272017	0.272869	0.265475	0.254611	0.257856	0.255548	0.247449	
2620	0.253706	0.246702	0.251076	0.269003	0.270190	0.268261	0.255398	0.260121	0.255277	0.248614	
2625	0.254578	0.247158	0.250024	0.268008	0.271058	0.268114	0.254780	0.262270	0.253594	0.250646	
2630	0.254146	0.249409	0.249575	0.267116	0.272066	0.272063	0.257545	0.259969	0.252185	0.248658	
2635	0.254575	0.248970	0.249050	0.271829	0.273342	0.273086	0.257334	0.260105	0.255673	0.244564	
2640	0.256749	0.247708	0.251334	0.273145	0.273568	0.274896	0.257368	0.260179	0.257448	0.246055	
2645	0.259826	0.242857	0.253505	0.272156	0.274015	0.275873	0.256449	0.256462	0.254754	0.243367	
2650	0.258481	0.244940	0.254234	0.272853	0.270536	0.278156	0.256917	0.255580	0.255177	0.244639	
2655	0.259321	0.241855	0.251865	0.271414	0.267306	0.276010	0.261410	0.255561	0.258882	0.245387	
2660	0.259128	0.244649	0.250547	0.277838	0.267102	0.275191	0.261358	0.258912	0.261428	0.245693	
2665	0.258229	0.244748	0.254130	0.277266	0.264990	0.271000	0.261050	0.258692	0.257621	0.244863	
2670	0.262142	0.246648	0.253225	0.276921	0.267929	0.270165	0.258698	0.254778	0.255740	0.247065	
2675	0.260956	0.243665	0.255308	0.275861	0.263425	0.268776	0.259043	0.256895	0.256944	0.242373	
2680	0.259918	0.244324	0.252839	0.276839	0.261434	0.267607	0.257860	0.258414	0.261725	0.241393	
2685	0.259782	0.243705	0.253979	0.271568	0.260261	0.269548	0.253382	0.254203	0.262786	0.238560	
2690	0.263950	0.239948	0.250558	0.271333	0.259484	0.271086	0.257718	0.251432	0.262980	0.236811	
2695	0.264135	0.241541	0.248151	0.270588	0.262051	0.270633	0.254484	0.252963	0.261272	0.239867	
2700	0.259859	0.241006	0.246918	0.270425	0.260513	0.270807	0.252750	0.254285	0.261835	0.239986	
2705	0.258293	0.237457	0.248343	0.269896	0.262351	0.268366	0.253144	0.254018	0.261572	0.237777	
2710	0.254970	0.239878	0.244788	0.271107	0.263142	0.272221	0.250618	0.254316	0.261822	0.240170	
2715	0.254718	0.243804	0.241499	0.271751	0.265152	0.267557	0.249258	0.254174	0.257410	0.238210	
2720	0.258717	0.245502	0.243578	0.267911	0.266188	0.267548	0.252409	0.253632	0.256673	0.235361	
2725	0.259437	0.245600	0.243532	0.264477	0.265178	0.268292	0.250618	0.254273	0.256960	0.235447	
2730	0.257656	0.250985	0.241346	0.260356	0.265239	0.268364	0.251779	0.251708	0.258912	0.239651	
2735	0.257983	0.250546	0.242366	0.261168	0.265716	0.268112	0.246918	0.255361	0.257519	0.240681	
2740	0.257906	0.248123	0.242136	0.260463	0.268025	0.265696	0.245001	0.258253	0.257767	0.244002	
2745	0.261113	0.247785	0.245611	0.264328	0.268396	0.266001	0.244619	0.254406	0.259571	0.250987	
2750	0.264080	0.251255	0.245791	0.264355	0.267275	0.265942	0.244332	0.256070	0.258982	0.253121	
2755	0.269128	0.254645	0.243460	0.266226	0.272360	0.265581	0.244185	0.258450	0.259899	0.254944	
2760	0.267732	0.252224	0.246485	0.262957	0.269240	0.263606	0.243770	0.261167	0.256026	0.254578	
2765	0.266706	0.251904	0.246827	0.263838	0.264613	0.261560	0.243525	0.262106	0.258025	0.251677	
2770	0.263956	0.255123	0.244705	0.261865	0.260255	0.257180	0.247807	0.259858	0.257928	0.252117	
2775	0.267736	0.253459	0.248339	0.264146	0.255698	0.259432	0.251373	0.259901	0.256007	0.248944	
2780	0.267996	0.251552	0.251170	0.265423	0.254931	0.257734	0.250376	0.253661	0.257532	0.251159	
2785	0.266096	0.253607	0.254735	0.268815	0.258181	0.254131	0.248723	0.253742	0.258248	0.250736	
2790	0.265270	0.251190	0.256244	0.270264	0.259605	0.256333	0.246280	0.252221	0.257796	0.252910	
2795	0.265273	0.247883	0.257091	0.270818	0.259377	0.256827	0.245517	0.254626	0.257015	0.256333	
2800	0.265337	0.246265	0.257993	0.269643	0.259026	0.252913	0.247775	0.254722	0.258021	0.259390	
2805	0.267519	0.253197	0.260625	0.270762	0.258673	0.251204	0.244389	0.253130	0.258481	0.263549	
2810	0.266681	0.255101	0.260099	0.269480	0.258336	0.249215	0.246852	0.254255	0.261065	0.265063	
2815	0.264093	0.259197	0.262717	0.270146	0.260512	0.248919	0.249431	0.251941	0.263865	0.265564	
2820	0.263008	0.258238	0.264290	0.271741	0.258266	0.252091	0.248914	0.246958	0.264537	0.265062	
2825	0.264986	0.258088	0.263968	0.271108	0.256154	0.252523	0.247896	0.247702	0.261155	0.267278	
2830	0.265980	0.256852	0.263687	0.271197	0.259798	0.253170	0.246410	0.253811	0.262494	0.273677	
2835	0.268671	0.252327	0.262970	0.268163	0.265614	0.250538	0.251588	0.251230	0.261329	0.270969	
2840	0.269414	0.253610	0.261687	0.268786	0.266759	0.248084	0.250514	0.251051	0.263853	0.271195	
2845	0.271171	0.253117	0.259902	0.268564	0.264531	0.248840	0.248337	0.248825	0.265993	0.275527	
2850	0.266889	0.257491	0.257913	0.270211	0.265120	0.249149	0.251176	0.246328	0.263202	0.277104	
2855	0.268560	0.262038	0.253417	0.268868	0.266684	0.250334	0.251005	0.242955	0.265955	0.273614	
2860	0.267195	0.261315	0.254115	0.267853	0.269010	0.250293	0.253081	0.240362	0.266854	0.267422	
2865	0.267158	0.265916	0.253675	0.266771	0.269337	0.249813	0.255412	0.244999	0.263025	0.266903	
2870	0.264298	0.262113	0.251489	0.263842	0.265676	0.251689	0.257642	0.245134	0.262883	0.267882	
2875	0.266701	0.261156	0.249833	0.259790	0.264074	0.252619	0.255463	0.245710	0.262475	0.263076	
2880	0.271624	0.262505	0.249900	0.259735	0.260846	0.256256	0.253953	0.245142	0.260313	0.261092	
2885	0.270189	0.266934	0.249417	0.258761	0.258691	0.251987	0.255765	0.248776	0.258230	0.261329	
2890	0.269330	0.269534	0.250043	0.255896	0.257967	0.252029	0.256508	0.251087	0.260158	0.259108	
2895	0.267523	0.271106	0.252289	0.259632	0.257199	0.248440	0.255767	0.252409	0.262617	0.259485	
2900	0.268721	0.272651	0.252681	0.261517	0.256401	0.251246	0.256257	0.251710	0.263049	0.261445	
2905	0.267208	0.274785	0.249970	0.260261	0.256275	0.251551	0.258263	0.256264	0.258334	0.261432	
2910	0.266525	0.276826	0.248443	0.257119	0.259046	0.250035	0.259532	0.260097	0.258636	0.261081	
2915	0.269492	0.275912	0.249324	0.256498	0.262285	0.249200	0.260121	0.262538	0.257566	0.262535	
2920	0.270596	0.275533	0.249485	0.254708	0.262706	0.249950	0.257672	0.261479	0.254854	0.260988	
2925	0.268769	0.275901	0.250273	0.251906	0.264993	0.252867	0.259948	0.259133	0.254569	0.262860	
2930	0.269556	0.274722	0.250066	0.254494	0.266915	0.254952	0.260979	0.262127	0.255764	0.262710	
2935	0.274684	0.273220	0.248007	0.252788	0.265441	0.255637	0.261630	0.260439	0.253296	0.263382	
2940	0.275966	0.271471	0.246915	0.254429	0.266096	0.259000	0.257970	0.261291	0.252100	0.264887	
2945	0.276972	0.272268	0.247281	0.250594	0.265813	0.260390	0.256439	0.264172	0.250373	0.266907	
2950	0.275407	0.269948	0.253060	0.247370	0.265558	0.260754	0.255468	0.262743	0.249597	0.265923	
2955	0.272838	0.270926	0.254135	0.248444	0.266029	0.258010	0.255900	0.263317	0.249805	0.269250	
2960	0.272857	0.268801	0.255239	0.249594	0.264131	0.263001	0.257385	0.264703	0.253607	0.266159	
2965	0.272729	0.269778	0.255268	0.249888	0.265421	0.265652	0.255109	0.263406	0.253788	0.265603	
2970	0.275694	0.271629	0.254301	0.248527	0.266690	0.265679	0.254133	0.264755	0.253060	0.263517	
2975	0.274645	0.268000	0.251529	0.252086	0.265354	0.262777	0.252776	0.265222	0.258934	0.265073	
2980	0.276868	0.266991	0.250354	0.251442	0.264271	0.261558	0.251873	0.263987	0.258630	0.267130	
2985	0.278397	0.265695	0.252375	0.255488	0.263101	0.260001	0.250243	0.263450	0.261293	0.263381	
2990	0.280487	0.266562	0.258472	0.256567	0.262175	0.262143	0.251493	0.264500	0.259879	0.263160	
2995	0.278374	0.262603	0.260820	0.255846	0.261377	0.265004	0.252361	0.264405	0.256527	0.263706	
3000	0.281040	0.264239	0.260003	0.253243	0.263392	0.265637	0.252099	0.265628	0.258629	0.264395	
