T	rep_1	rep_2	rep_3	rep_4	rep_5	rep_6	rep_7	rep_8	rep_9	rep_10
5	0.000000	0.000000	0.000000	0.000000	0.000000	0.000000	0.000000	0.000000	0.000000	0.000000	
10	0.000000	0.000000	0.000000	0.000000	0.000000	0.000000	0.000000	0.000000	0.000000	0.000000	
15	0.000000	0.000000	0.000000	0.000000	0.000000	0.000000	0.000000	0.000000	0.000000	0.000000	
20	0.000000	0.000000	0.000000	0.000000	0.000000	0.000000	0.000000	0.000000	0.000000	0.000000	
25	0.000000	0.000000	0.000000	0.000000	0.000000	0.000000	0.000000	0.000000	0.000000	0.000000	
30	0.000000	0.000000	0.000000	0.000000	0.000000	0.000000	0.000000	0.000000	0.000000	0.000000	
35	0.000000	0.000000	0.000000	0.000000	0.000000	0.000000	0.000000	0.000000	0.000000	0.000000	
40	0.000000	0.000000	0.000000	0.000000	0.000000	0.000000	0.000000	0.000000	0.000000	0.000000	
45	0.000000	0.000000	0.000000	0.000000	0.000000	0.000000	0.000000	0.000000	0.000000	0.000000	
50	0.000000	0.000000	0.000000	0.000000	0.000000	0.000000	0.000000	0.000000	0.000000	0.000000	
55	0.000000	0.000000	0.000000	0.000000	0.000000	0.000000	0.000000	0.000000	0.000000	0.000000	
60	0.000000	0.000000	0.000000	0.000000	0.000000	0.000000	0.000000	0.000000	0.000000	0.000000	
65	0.000000	0.000000	0.000000	0.000000	0.000000	0.000000	0.000000	0.000000	0.000000	0.000000	
70	0.000000	0.000000	0.000000	0.000000	0.000000	0.000000	0.000000	0.000000	0.000000	0.000000	
75	0.000000	0.000000	0.000000	0.000000	0.000000	0.000000	0.000000	0.000000	0.000000	0.000000	
80	0.000000	0.000000	0.000000	0.000000	0.000000	0.000000	0.000000	0.000000	0.000000	0.000000	
85	0.000000	0.000000	0.000000	0.000000	0.000000	0.000000	0.000000	0.000000	0.000000	0.000000	
90	0.000000	0.000000	0.000000	0.000000	0.000000	0.000000	0.000000	0.000000	0.000000	0.000000	
95	0.000000	0.000000	0.000000	0.000000	0.000000	0.000000	0.000000	0.000000	0.000000	0.000000	
100	0.000000	0.000000	0.000000	0.000000	0.000000	0.000000	0.000000	0.000000	0.000000	0.000000	
105	0.000000	0.000000	0.000000	0.000000	0.000000	0.000000	0.000000	0.000000	0.000000	0.000000	
110	0.000000	0.000000	0.000000	0.000000	0.000000	0.000000	0.000000	0.000000	0.000000	0.000000	
115	0.000000	0.000000	0.000000	0.000000	0.000000	0.000000	0.000000	0.000000	0.000000	0.000000	
120	0.000000	0.000000	0.000000	0.000000	0.000000	0.000000	0.000000	0.000000	0.000000	0.000000	
125	0.000000	0.000000	0.000000	0.000000	0.000000	0.000000	0.000000	0.000000	0.000000	0.000000	
130	0.000000	0.000000	0.000000	0.000000	0.000000	0.000000	0.000000	0.000000	0.000000	0.000000	
135	0.000000	0.000000	0.000000	0.000000	0.000000	0.000000	0.000000	0.000000	0.000000	0.000000	
140	0.000000	0.000000	0.000000	0.000000	0.000000	0.000000	0.000000	0.000000	0.000000	0.000000	
145	0.000000	0.000000	0.000000	0.000000	0.000000	0.000000	0.000000	0.000000	0.000000	0.000000	
150	0.000000	0.000000	0.000000	0.000000	0.000000	0.000000	0.000000	0.000000	0.000000	0.000000	
155	0.000000	0.000000	0.000000	0.000000	0.000000	0.000000	0.000000	0.000000	0.000000	0.000000	
160	0.000000	0.000000	0.000000	0.000000	0.000000	0.000000	0.000000	0.000000	0.000000	0.000000	
165	0.000000	0.000000	0.000000	0.000000	0.000000	0.000000	0.000000	0.000000	0.000000	0.000000	
170	0.000000	0.000000	0.000000	0.000000	0.000000	0.000000	0.000000	0.000000	0.000000	0.000000	
175	0.000000	0.000000	0.000000	0.000000	0.000000	0.000000	0.000000	0.000000	0.000000	0.000000	
180	0.000000	0.000000	0.000000	0.000000	0.000000	0.000000	0.000000	0.000000	0.000000	0.000000	
185	0.000000	0.000000	0.000000	0.000000	0.000000	0.000000	0.000000	0.000000	0.000000	0.000000	
190	0.000000	0.000000	0.000000	0.000000	0.000000	0.000000	0.000000	0.000000	0.000000	0.000000	
195	0.000000	0.000000	0.000000	0.000000	0.000000	0.000000	0.000000	0.000000	0.000000	0.000000	
200	0.000000	0.000000	0.000000	0.000000	0.000000	0.000000	0.000000	0.000000	0.000000	0.000000	
205	0.002066	0.001814	0.002057	0.001993	0.002292	0.002683	0.001985	0.002377	0.002475	0.002128	
210	0.009384	0.008317	0.009833	0.007243	0.010134	0.011374	0.008770	0.009131	0.008007	0.008787	
215	0.042156	0.041691	0.029955	0.020781	0.047374	0.030504	0.017829	0.023659	0.022509	0.026668	
220	0.138700	0.110353	0.057657	0.056248	0.101438	0.076906	0.033498	0.052405	0.092210	0.076206	
225	0.185748	0.162900	0.082838	0.121755	0.120346	0.089787	0.054601	0.094363	0.174938	0.100941	
230	0.196650	0.171738	0.095264	0.139749	0.134072	0.087053	0.075474	0.112318	0.185238	0.110489	
235	0.191404	0.179554	0.100604	0.147537	0.137429	0.093110	0.090287	0.133587	0.183452	0.110790	
240	0.178665	0.186204	0.105217	0.145422	0.130589	0.098356	0.094959	0.154366	0.171196	0.113347	
245	0.168833	0.209773	0.108037	0.145287	0.124750	0.103205	0.091140	0.168812	0.164478	0.112191	
250	0.158388	0.229590	0.109904	0.144970	0.112388	0.107955	0.088297	0.181444	0.156585	0.118000	
255	0.154709	0.239378	0.111955	0.145709	0.105831	0.109664	0.085563	0.188493	0.146727	0.124126	
260	0.149551	0.241729	0.112655	0.152331	0.100422	0.110162	0.080687	0.188175	0.138321	0.127708	
265	0.145031	0.237393	0.111630	0.159666	0.096955	0.111142	0.079450	0.189063	0.130768	0.134975	
270	0.142117	0.230538	0.111445	0.165442	0.095155	0.110865	0.076585	0.188307	0.126880	0.137550	
275	0.139466	0.216435	0.110381	0.165433	0.095554	0.111519	0.075515	0.187861	0.123795	0.138703	
280	0.139644	0.203295	0.109603	0.167818	0.093670	0.111719	0.077135	0.186746	0.119621	0.139752	
285	0.140182	0.185439	0.109847	0.164619	0.094156	0.111076	0.075814	0.184177	0.116860	0.141780	
290	0.139500	0.167565	0.109665	0.161978	0.093795	0.108917	0.074039	0.182799	0.113697	0.145932	
295	0.137283	0.151071	0.110318	0.154394	0.092144	0.105841	0.074933	0.180895	0.111692	0.151862	
300	0.134697	0.136896	0.109792	0.145393	0.093662	0.104238	0.075797	0.177495	0.110784	0.153453	
305	0.135477	0.128086	0.108944	0.140022	0.096439	0.102711	0.076194	0.174896	0.111285	0.154553	
310	0.134495	0.119113	0.109600	0.131291	0.094933	0.101877	0.077685	0.170340	0.108843	0.155958	
315	0.133031	0.113609	0.108721	0.122354	0.095478	0.099239	0.077377	0.166369	0.108219	0.155338	
320	0.128306	0.106519	0.108690	0.114504	0.096194	0.099093	0.078474	0.160421	0.108111	0.153103	
325	0.128684	0.105376	0.108335	0.109996	0.095455	0.099465	0.077973	0.155268	0.105520	0.149939	
330	0.126856	0.102068	0.107138	0.108691	0.095646	0.100608	0.076943	0.148201	0.103200	0.147957	
335	0.128483	0.101178	0.105877	0.106060	0.093616	0.100626	0.077453	0.140155	0.101332	0.145929	
340	0.126427	0.098603	0.106488	0.102329	0.093227	0.100663	0.078425	0.131729	0.100745	0.141449	
345	0.127478	0.097815	0.104338	0.100276	0.091973	0.101241	0.077820	0.124208	0.099893	0.137417	
350	0.125899	0.097549	0.104466	0.100153	0.091678	0.102263	0.079741	0.118222	0.098185	0.136583	
355	0.127408	0.096714	0.103282	0.095784	0.090963	0.101557	0.080039	0.110495	0.098598	0.132961	
360	0.126308	0.096202	0.104769	0.090880	0.089014	0.101380	0.080733	0.106069	0.098941	0.125940	
365	0.125813	0.094854	0.103910	0.089949	0.087141	0.100883	0.079251	0.103594	0.099017	0.120830	
370	0.123203	0.093764	0.103930	0.089603	0.087046	0.101954	0.079805	0.099938	0.097717	0.119113	
375	0.123146	0.093867	0.101803	0.091029	0.086043	0.101548	0.078942	0.094435	0.096461	0.115374	
380	0.122020	0.092579	0.100758	0.089525	0.086177	0.101132	0.081434	0.093649	0.096041	0.114007	
385	0.120102	0.091829	0.101912	0.089163	0.086378	0.100535	0.080420	0.091098	0.096430	0.112547	
390	0.118592	0.091028	0.099978	0.091563	0.087092	0.099473	0.081129	0.090623	0.095096	0.109009	
395	0.116961	0.090484	0.099867	0.089041	0.086613	0.099479	0.081950	0.090447	0.096179	0.107812	
400	0.115518	0.091356	0.099659	0.088192	0.085667	0.099255	0.081466	0.088716	0.096386	0.105194	
405	0.115848	0.089860	0.097875	0.087754	0.087894	0.098257	0.081387	0.085398	0.094575	0.106218	
410	0.113321	0.089992	0.096794	0.086017	0.086508	0.098357	0.082433	0.084567	0.093899	0.103723	
415	0.109377	0.089313	0.096388	0.084573	0.087437	0.097692	0.082470	0.083718	0.093512	0.101924	
420	0.106913	0.089130	0.095515	0.083657	0.086658	0.096285	0.083464	0.084496	0.094734	0.100950	
425	0.106203	0.088144	0.094044	0.083240	0.087649	0.096703	0.083963	0.083333	0.094233	0.099425	
430	0.105406	0.088085	0.093759	0.084150	0.086041	0.095496	0.082146	0.082508	0.092303	0.098123	
435	0.104128	0.086242	0.094406	0.084901	0.085563	0.096620	0.083733	0.081094	0.091548	0.095445	
440	0.104136	0.085620	0.093588	0.084401	0.082008	0.097038	0.084199	0.079399	0.089403	0.093648	
445	0.103733	0.085816	0.092511	0.084114	0.082622	0.097654	0.083155	0.078597	0.088286	0.092872	
450	0.102013	0.084041	0.090744	0.084569	0.081889	0.098397	0.081504	0.080231	0.088267	0.092234	
455	0.099477	0.084823	0.091715	0.085041	0.082512	0.097620	0.080178	0.081666	0.089639	0.093596	
460	0.099161	0.084105	0.092286	0.085853	0.081785	0.096214	0.081246	0.082245	0.090688	0.091066	
465	0.100391	0.083284	0.092059	0.086164	0.082570	0.095791	0.079871	0.081264	0.092343	0.089824	
470	0.099791	0.083563	0.090980	0.086328	0.084220	0.094673	0.079479	0.081091	0.091323	0.089366	
475	0.094933	0.083453	0.090186	0.085883	0.082092	0.094965	0.080811	0.080977	0.089643	0.087249	
480	0.092699	0.081600	0.091499	0.084432	0.081382	0.093635	0.081538	0.080524	0.089080	0.084199	
485	0.092126	0.083024	0.092826	0.084866	0.081744	0.094550	0.080552	0.079977	0.088593	0.083999	
490	0.091079	0.083978	0.090375	0.085424	0.081949	0.095488	0.080655	0.080501	0.088801	0.085294	
495	0.089927	0.082010	0.089624	0.084521	0.083967	0.095868	0.081399	0.080910	0.088718	0.083968	
500	0.090659	0.081096	0.091338	0.084007	0.082214	0.094103	0.080519	0.081744	0.087238	0.083786	
505	0.090875	0.080403	0.090221	0.084121	0.081488	0.094173	0.079738	0.081802	0.085949	0.084506	
510	0.088918	0.078001	0.088649	0.084242	0.081226	0.094037	0.081724	0.081697	0.086488	0.082762	
515	0.088277	0.078022	0.088183	0.084269	0.080881	0.094628	0.080493	0.081558	0.084492	0.081939	
520	0.087295	0.077001	0.087853	0.083817	0.080600	0.094436	0.080456	0.081004	0.084152	0.082168	
525	0.086351	0.078248	0.088912	0.083532	0.080850	0.093864	0.080863	0.079630	0.083733	0.080883	
530	0.085204	0.078094	0.088478	0.083073	0.082699	0.093252	0.079120	0.079041	0.084663	0.081185	
535	0.083006	0.079094	0.087071	0.083801	0.082702	0.092994	0.078858	0.079519	0.084006	0.079894	
540	0.083155	0.078854	0.086929	0.084108	0.080737	0.088950	0.079917	0.079622	0.085345	0.080276	
545	0.080795	0.080491	0.086137	0.082326	0.081382	0.089090	0.080383	0.079073	0.083820	0.080853	
550	0.082348	0.079731	0.087748	0.081596	0.081111	0.090384	0.081496	0.079709	0.084007	0.082901	
555	0.080607	0.079460	0.088153	0.081031	0.080617	0.090969	0.079999	0.079394	0.084477	0.081484	
560	0.081835	0.077887	0.089877	0.080304	0.081336	0.088231	0.080408	0.078829	0.083913	0.082300	
565	0.082994	0.079684	0.088943	0.079768	0.080936	0.086498	0.080819	0.077755	0.085541	0.081576	
570	0.081830	0.080303	0.088467	0.080898	0.083209	0.088258	0.079634	0.078085	0.085653	0.081532	
575	0.080073	0.081196	0.088522	0.080378	0.083953	0.086097	0.078689	0.078375	0.086505	0.079624	
580	0.079931	0.080267	0.090916	0.080044	0.081794	0.086892	0.078922	0.076810	0.083933	0.078536	
585	0.080616	0.081115	0.089249	0.080754	0.082801	0.087662	0.076309	0.077393	0.086671	0.076065	
590	0.081785	0.080260	0.086929	0.080077	0.082556	0.086925	0.077358	0.077221	0.087285	0.075397	
595	0.081003	0.081168	0.086572	0.080672	0.082489	0.085367	0.075033	0.075415	0.087680	0.077837	
600	0.082147	0.081640	0.085737	0.081717	0.083721	0.086126	0.075510	0.075350	0.087136	0.078299	
605	0.081074	0.081206	0.085029	0.080432	0.084033	0.088117	0.075635	0.075319	0.085900	0.077659	
610	0.079978	0.082132	0.082816	0.079562	0.084084	0.086376	0.075165	0.075708	0.084631	0.078189	
615	0.078718	0.081286	0.083744	0.078926	0.083369	0.086398	0.077297	0.077154	0.085228	0.077809	
620	0.080992	0.081917	0.082853	0.079990	0.083137	0.086756	0.076996	0.077950	0.083169	0.078166	
625	0.080199	0.081993	0.081179	0.080257	0.082657	0.083933	0.076546	0.077393	0.084046	0.077557	
630	0.081528	0.081385	0.083999	0.080020	0.084044	0.084037	0.076108	0.077591	0.084469	0.076688	
635	0.081243	0.081253	0.082717	0.081223	0.082992	0.082739	0.074706	0.079767	0.083258	0.077538	
640	0.080995	0.082153	0.083545	0.080173	0.083513	0.083750	0.074565	0.079484	0.083589	0.076001	
645	0.081262	0.082045	0.081735	0.081320	0.081579	0.083529	0.074567	0.079566	0.084037	0.075590	
650	0.082374	0.082821	0.082668	0.080860	0.079256	0.083654	0.074088	0.078167	0.084236	0.075103	
655	0.082759	0.083493	0.082408	0.082159	0.080638	0.083354	0.074167	0.079266	0.083823	0.074238	
660	0.084210	0.081180	0.085850	0.083055	0.080870	0.083078	0.073608	0.079955	0.082742	0.074799	
665	0.083130	0.079887	0.085436	0.082005	0.081666	0.083423	0.073549	0.081739	0.080799	0.076305	
670	0.083627	0.079103	0.085516	0.080226	0.079439	0.083990	0.073508	0.082406	0.081223	0.077664	
675	0.083788	0.079244	0.087422	0.078809	0.079729	0.082972	0.073303	0.080700	0.080908	0.075392	
680	0.085563	0.078089	0.087094	0.079864	0.079345	0.084164	0.072727	0.080911	0.079145	0.075945	
685	0.084666	0.078865	0.086623	0.080221	0.079392	0.085561	0.072476	0.081112	0.080301	0.077278	
690	0.085569	0.078561	0.085998	0.079916	0.079151	0.086318	0.071976	0.080616	0.081038	0.077985	
695	0.086353	0.079589	0.087995	0.081526	0.079684	0.085604	0.073051	0.080438	0.081369	0.078187	
700	0.085413	0.079255	0.088476	0.080637	0.077995	0.085920	0.071510	0.080706	0.080172	0.078387	
705	0.085194	0.078721	0.087184	0.080024	0.078514	0.086768	0.072417	0.079733	0.080132	0.079576	
710	0.084448	0.076811	0.085512	0.080484	0.078981	0.088982	0.072478	0.079827	0.081357	0.081159	
715	0.084286	0.078905	0.087319	0.080691	0.078697	0.087777	0.073300	0.078775	0.082115	0.080946	
720	0.084097	0.078637	0.086610	0.080471	0.078554	0.087767	0.072774	0.079761	0.080634	0.081110	
725	0.084198	0.077561	0.086746	0.080655	0.078400	0.087638	0.074587	0.081142	0.081489	0.079712	
730	0.083930	0.078616	0.085648	0.080014	0.079845	0.085639	0.073698	0.079786	0.081184	0.080532	
735	0.083381	0.078974	0.084898	0.081149	0.082295	0.086441	0.073240	0.079411	0.082361	0.080241	
740	0.083412	0.079812	0.085362	0.081377	0.082463	0.084819	0.073507	0.080341	0.081749	0.081033	
745	0.083297	0.079187	0.084643	0.081132	0.082717	0.084256	0.072823	0.081125	0.082522	0.079704	
750	0.081442	0.079473	0.084329	0.079640	0.082295	0.083358	0.072061	0.081572	0.082445	0.079498	
755	0.081545	0.081126	0.084607	0.078496	0.082161	0.080971	0.073556	0.082031	0.081654	0.079033	
760	0.080827	0.082147	0.083222	0.078043	0.083057	0.081989	0.072700	0.081434	0.081180	0.080321	
765	0.082529	0.081266	0.083185	0.078823	0.082764	0.081966	0.072629	0.083710	0.081847	0.079099	
770	0.081995	0.082399	0.083864	0.078085	0.082106	0.080827	0.072623	0.083798	0.080931	0.078715	
775	0.081921	0.082151	0.084111	0.078566	0.080998	0.081693	0.073508	0.081776	0.081248	0.079182	
780	0.082130	0.083173	0.085160	0.077302	0.080025	0.082270	0.073644	0.080827	0.080690	0.077412	
785	0.081916	0.084035	0.084416	0.076778	0.079753	0.084230	0.074557	0.081225	0.080399	0.078614	
790	0.082026	0.083798	0.083800	0.078295	0.079774	0.083422	0.076342	0.079501	0.080127	0.076337	
795	0.081324	0.084444	0.084220	0.077177	0.080250	0.081433	0.075484	0.079567	0.081081	0.077797	
800	0.080882	0.084264	0.083091	0.076075	0.080777	0.080113	0.075281	0.078021	0.081026	0.077825	
805	0.084180	0.084146	0.084545	0.077040	0.081850	0.080497	0.076810	0.077019	0.082357	0.077948	
810	0.085607	0.084929	0.084975	0.078221	0.080945	0.080231	0.077278	0.076059	0.083409	0.078948	
815	0.085487	0.084334	0.086439	0.077570	0.081402	0.081775	0.077064	0.074052	0.081014	0.079674	
820	0.085119	0.082972	0.085988	0.077880	0.081222	0.080902	0.076770	0.074611	0.081018	0.078753	
825	0.084478	0.083389	0.084945	0.077188	0.081218	0.080984	0.077405	0.075815	0.081210	0.079423	
830	0.086139	0.084863	0.085239	0.076959	0.080633	0.080564	0.077408	0.076835	0.080708	0.079256	
835	0.085092	0.084181	0.083317	0.077613	0.081443	0.078803	0.079506	0.079501	0.081465	0.078305	
840	0.086534	0.085558	0.083115	0.076968	0.081622	0.078129	0.081103	0.077433	0.079890	0.079149	
845	0.087611	0.085836	0.084079	0.077646	0.079701	0.078781	0.079687	0.076995	0.080079	0.079683	
850	0.086398	0.085236	0.083874	0.075537	0.079583	0.077599	0.079639	0.076714	0.079049	0.079229	
855	0.084377	0.086108	0.082281	0.075566	0.078782	0.078242	0.079734	0.076870	0.080147	0.078502	
860	0.084386	0.086192	0.082148	0.073774	0.079361	0.079189	0.079440	0.077835	0.081275	0.079304	
865	0.086995	0.086315	0.084163	0.073373	0.080238	0.077731	0.080475	0.079071	0.081358	0.079260	
870	0.086078	0.084866	0.086205	0.075006	0.078632	0.078110	0.079889	0.079484	0.081108	0.080225	
875	0.084730	0.085440	0.083140	0.075790	0.077370	0.079570	0.078746	0.078417	0.081026	0.080726	
880	0.084387	0.084984	0.083639	0.075854	0.078189	0.081796	0.080083	0.077453	0.080050	0.079740	
885	0.083760	0.083108	0.083626	0.077581	0.077325	0.082114	0.080752	0.076197	0.079701	0.081367	
890	0.081488	0.084356	0.082892	0.077493	0.078038	0.083255	0.080766	0.075955	0.080474	0.082612	
895	0.079845	0.082646	0.081986	0.075469	0.076150	0.081634	0.080270	0.077550	0.080359	0.083045	
900	0.080112	0.083651	0.081654	0.075642	0.074831	0.080772	0.081737	0.077407	0.079729	0.083168	
905	0.079717	0.084819	0.082199	0.076211	0.074778	0.080663	0.081377	0.076313	0.078401	0.081268	
910	0.078894	0.084339	0.082146	0.078365	0.074819	0.080821	0.082546	0.076276	0.078300	0.081885	
915	0.079316	0.085889	0.082087	0.076904	0.073504	0.080119	0.083230	0.076197	0.078052	0.080379	
920	0.079875	0.085775	0.080207	0.078051	0.073149	0.079673	0.081439	0.076585	0.079393	0.079026	
925	0.079031	0.085356	0.078725	0.078444	0.075061	0.079192	0.081730	0.075642	0.079605	0.078242	
930	0.079513	0.082862	0.078760	0.078466	0.075054	0.077974	0.081968	0.076694	0.079588	0.078524	
935	0.079333	0.081928	0.078102	0.079035	0.073788	0.077603	0.081808	0.077281	0.081055	0.078475	
940	0.079026	0.081900	0.079909	0.079527	0.073333	0.076233	0.080867	0.077957	0.080818	0.078488	
945	0.078280	0.079244	0.079579	0.080537	0.072293	0.075462	0.081817	0.078923	0.082538	0.078809	
950	0.078124	0.080405	0.080770	0.080235	0.074135	0.075018	0.082838	0.078624	0.083300	0.078823	
955	0.076752	0.078178	0.080399	0.080427	0.074844	0.075196	0.081077	0.079567	0.082832	0.080289	
960	0.078315	0.078936	0.079644	0.079252	0.075264	0.076426	0.082908	0.081692	0.083686	0.079282	
965	0.078587	0.077257	0.079830	0.080239	0.075811	0.078386	0.083849	0.080393	0.083531	0.080359	
970	0.077273	0.077565	0.081289	0.080203	0.075154	0.076825	0.082791	0.078679	0.084017	0.078510	
975	0.078121	0.076883	0.081537	0.079622	0.075172	0.076639	0.082187	0.079691	0.082690	0.077844	
980	0.079431	0.078297	0.081369	0.079096	0.075183	0.076793	0.081635	0.080809	0.082342	0.079087	
985	0.080006	0.079000	0.080131	0.079261	0.075798	0.078216	0.082817	0.079424	0.083121	0.077722	
990	0.078093	0.079327	0.079889	0.079817	0.076267	0.077667	0.082733	0.077992	0.081146	0.077274	
995	0.080321	0.080376	0.079309	0.081425	0.076191	0.077811	0.083086	0.079684	0.082368	0.074436	
1000	0.081791	0.080102	0.078962	0.081788	0.078024	0.076506	0.083968	0.077409	0.081340	0.074799	
1005	0.081645	0.079706	0.077801	0.081894	0.079952	0.077177	0.083868	0.078720	0.082361	0.073583	
1010	0.081268	0.080269	0.077529	0.081572	0.080678	0.078974	0.085348	0.078148	0.081164	0.073313	
1015	0.080060	0.079923	0.078824	0.081990	0.080871	0.078982	0.085008	0.077620	0.080907	0.074805	
1020	0.079753	0.079751	0.078693	0.083645	0.081776	0.079407	0.085809	0.078486	0.080013	0.073811	
1025	0.079694	0.078775	0.079942	0.083742	0.079975	0.077606	0.087573	0.077597	0.078644	0.074455	
1030	0.080651	0.078982	0.080726	0.084100	0.080339	0.076494	0.085975	0.077722	0.080126	0.074836	
1035	0.080834	0.079500	0.082592	0.082978	0.080660	0.076879	0.085525	0.077777	0.080599	0.074188	
1040	0.080887	0.076670	0.083537	0.083406	0.081123	0.075323	0.085408	0.079348	0.079603	0.072475	
1045	0.080731	0.077218	0.081943	0.085070	0.080964	0.073803	0.085151	0.078829	0.079589	0.074475	
1050	0.083946	0.078160	0.081165	0.083336	0.078981	0.071145	0.086542	0.082154	0.079341	0.074104	
1055	0.083206	0.077919	0.081502	0.083285	0.078646	0.071476	0.086226	0.080556	0.078189	0.075408	
1060	0.083453	0.078139	0.080321	0.082887	0.079458	0.071994	0.084825	0.079914	0.077981	0.074088	
1065	0.083014	0.077507	0.083810	0.080857	0.079774	0.073335	0.084921	0.079754	0.077397	0.072936	
1070	0.082201	0.076724	0.084113	0.081156	0.078762	0.075575	0.084412	0.079513	0.076763	0.072562	
1075	0.083975	0.076854	0.084691	0.081195	0.078047	0.073518	0.082569	0.079557	0.075544	0.072472	
1080	0.081450	0.075246	0.084588	0.078193	0.077470	0.072895	0.083082	0.080864	0.074955	0.071711	
1085	0.079457	0.076075	0.083062	0.078634	0.077515	0.072329	0.082799	0.082692	0.074035	0.072233	
1090	0.080440	0.076238	0.081429	0.079792	0.079143	0.071203	0.083741	0.081082	0.073824	0.073196	
1095	0.079559	0.075210	0.082026	0.080746	0.077998	0.073392	0.083779	0.081540	0.076084	0.073958	
1100	0.079104	0.076179	0.082540	0.081700	0.078233	0.070290	0.082397	0.081182	0.077359	0.073548	
1105	0.079102	0.075054	0.083058	0.080693	0.077615	0.072023	0.082826	0.078744	0.076954	0.074687	
1110	0.078079	0.074458	0.081683	0.080573	0.076946	0.073102	0.083602	0.079363	0.078152	0.074981	
1115	0.077215	0.074385	0.080205	0.082377	0.077228	0.072217	0.083495	0.080024	0.078789	0.075790	
1120	0.077092	0.075294	0.081699	0.082565	0.079647	0.073330	0.085296	0.079301	0.078163	0.076064	
1125	0.078929	0.075075	0.081900	0.081519	0.078470	0.074159	0.085251	0.078613	0.077451	0.074705	
1130	0.078615	0.074623	0.079907	0.081867	0.079373	0.075010	0.083994	0.078259	0.077532	0.076311	
1135	0.078524	0.076189	0.078177	0.081425	0.078942	0.075953	0.084054	0.078935	0.075857	0.076287	
1140	0.077240	0.075747	0.078671	0.080296	0.079165	0.076433	0.084223	0.080652	0.076629	0.077245	
1145	0.077769	0.076484	0.079318	0.079011	0.079031	0.077341	0.081989	0.081353	0.075109	0.076296	
1150	0.078194	0.075768	0.080812	0.079709	0.080754	0.075640	0.080843	0.080723	0.073315	0.075490	
1155	0.079491	0.076809	0.080441	0.080530	0.079923	0.075385	0.080809	0.080478	0.074743	0.076225	
1160	0.078853	0.076857	0.082253	0.080618	0.079568	0.075259	0.080581	0.081650	0.073928	0.076670	
1165	0.079370	0.076509	0.081635	0.081930	0.080697	0.075024	0.081280	0.081081	0.074413	0.074929	
1170	0.077484	0.077476	0.084112	0.083459	0.081377	0.074862	0.080621	0.082489	0.072194	0.075985	
1175	0.078353	0.078246	0.084313	0.084580	0.080660	0.074762	0.080510	0.082304	0.072901	0.076534	
1180	0.079527	0.078646	0.084574	0.082851	0.080662	0.076259	0.081224	0.081507	0.072512	0.075852	
1185	0.079056	0.078176	0.085650	0.082856	0.079697	0.077136	0.083014	0.083181	0.073180	0.076627	
1190	0.080951	0.076618	0.087352	0.082147	0.080245	0.078125	0.082874	0.082396	0.074541	0.075826	
1195	0.079457	0.076151	0.084834	0.080444	0.081844	0.077046	0.083960	0.083363	0.074915	0.075099	
1200	0.079387	0.076804	0.084562	0.083643	0.081846	0.076682	0.082967	0.082605	0.073293	0.074921	
1205	0.079680	0.075529	0.085987	0.081504	0.081818	0.079125	0.081296	0.082156	0.073155	0.074463	
1210	0.078987	0.075377	0.084950	0.081420	0.080903	0.079344	0.081774	0.082777	0.073821	0.075885	
1215	0.078552	0.075900	0.084513	0.082257	0.082204	0.079463	0.079860	0.083056	0.073313	0.075889	
1220	0.078186	0.075712	0.085718	0.083532	0.085145	0.078789	0.079659	0.081061	0.072016	0.076518	
1225	0.077404	0.076382	0.084212	0.083270	0.084660	0.079732	0.079710	0.080324	0.071585	0.075411	
1230	0.077722	0.076200	0.084577	0.083443	0.082877	0.079883	0.078189	0.080745	0.070457	0.077455	
1235	0.077555	0.075246	0.085082	0.083335	0.081904	0.081762	0.077798	0.078847	0.068687	0.078693	
1240	0.077115	0.076587	0.085048	0.083809	0.081238	0.080720	0.078349	0.080141	0.068920	0.078589	
1245	0.076640	0.076994	0.085863	0.082989	0.079810	0.079427	0.079596	0.079843	0.068999	0.078765	
1250	0.076774	0.077925	0.084540	0.082979	0.080838	0.080561	0.078175	0.078579	0.069647	0.078693	
1255	0.076862	0.080182	0.082694	0.084093	0.080224	0.080957	0.079155	0.079025	0.071125	0.079552	
1260	0.077543	0.080588	0.082066	0.086155	0.079701	0.081016	0.079311	0.079499	0.071162	0.078691	
1265	0.076819	0.079749	0.082941	0.086357	0.080955	0.081706	0.078188	0.078896	0.070349	0.079338	
1270	0.077302	0.080109	0.083249	0.084694	0.083487	0.082642	0.078730	0.078541	0.071381	0.079818	
1275	0.077732	0.080221	0.083831	0.081394	0.083727	0.083626	0.077041	0.079356	0.071170	0.078881	
1280	0.079049	0.080324	0.083549	0.081105	0.082968	0.084032	0.076110	0.079015	0.072498	0.079312	
1285	0.079817	0.079649	0.085577	0.081604	0.082239	0.085817	0.076180	0.078667	0.072780	0.079691	
1290	0.079941	0.079990	0.085196	0.079117	0.082880	0.086882	0.077308	0.079373	0.072192	0.080930	
1295	0.079495	0.078380	0.086115	0.078948	0.082117	0.083067	0.078688	0.079167	0.070710	0.081577	
1300	0.079631	0.080220	0.085331	0.079235	0.081841	0.081062	0.078348	0.081188	0.070762	0.081199	
1305	0.080692	0.079859	0.085632	0.080100	0.083283	0.081352	0.079894	0.082573	0.070980	0.080846	
1310	0.082736	0.080573	0.084744	0.080607	0.082899	0.080517	0.080015	0.083541	0.069357	0.082348	
1315	0.081542	0.080130	0.084986	0.081096	0.083308	0.080546	0.079327	0.084169	0.069556	0.081444	
1320	0.082181	0.079982	0.085071	0.080897	0.082732	0.080409	0.077933	0.084022	0.069110	0.080316	
1325	0.083131	0.080119	0.083573	0.080148	0.083227	0.081478	0.078210	0.082823	0.070075	0.079817	
1330	0.081792	0.081257	0.084897	0.083420	0.082607	0.081692	0.077542	0.083216	0.069073	0.079464	
1335	0.083006	0.080952	0.083951	0.082715	0.083038	0.083110	0.078005	0.084811	0.070962	0.079567	
1340	0.084771	0.081524	0.082498	0.083256	0.084566	0.083412	0.076524	0.084686	0.069746	0.080534	
1345	0.083120	0.079527	0.082517	0.083044	0.082228	0.083156	0.078156	0.085818	0.070724	0.078692	
1350	0.082904	0.078172	0.082723	0.082944	0.080476	0.083005	0.077726	0.082330	0.069250	0.078919	
1355	0.084318	0.077858	0.082610	0.082916	0.081965	0.084322	0.076406	0.081217	0.069508	0.079099	
1360	0.083544	0.078769	0.083993	0.083327	0.079927	0.081722	0.076538	0.081972	0.070969	0.080493	
1365	0.081655	0.078616	0.083972	0.085190	0.080178	0.080080	0.076158	0.081901	0.070659	0.081331	
1370	0.083473	0.078716	0.082911	0.084977	0.079071	0.081628	0.076495	0.082528	0.072790	0.081815	
1375	0.084928	0.077814	0.083109	0.086140	0.078109	0.081346	0.076075	0.082178	0.072062	0.082839	
1380	0.086335	0.078238	0.083987	0.085667	0.077274	0.080398	0.075491	0.084096	0.070291	0.080915	
1385	0.086318	0.079117	0.082826	0.086806	0.077662	0.079863	0.075078	0.084500	0.069648	0.079429	
1390	0.084294	0.079723	0.084221	0.086179	0.078250	0.081268	0.075542	0.083807	0.069809	0.078608	
1395	0.085419	0.077965	0.084788	0.087334	0.076731	0.079672	0.076824	0.082794	0.069976	0.078542	
1400	0.086104	0.077409	0.085375	0.086763	0.076405	0.079597	0.077758	0.082928	0.070014	0.078269	
1405	0.086437	0.076646	0.085852	0.086354	0.077365	0.078930	0.076274	0.083117	0.071317	0.078464	
1410	0.087477	0.078226	0.084242	0.087118	0.078458	0.080076	0.075412	0.083166	0.071163	0.078998	
1415	0.087189	0.077631	0.084078	0.084388	0.078392	0.078793	0.076792	0.081584	0.071126	0.078408	
1420	0.086688	0.076928	0.084374	0.084928	0.077966	0.080098	0.077107	0.084378	0.069516	0.077863	
1425	0.087152	0.076589	0.083461	0.084951	0.078283	0.080705	0.076121	0.083527	0.068726	0.078741	
1430	0.087236	0.076610	0.082655	0.085573	0.079693	0.080977	0.076291	0.082141	0.069489	0.078451	
1435	0.086607	0.074918	0.083169	0.085514	0.079790	0.080389	0.075840	0.080631	0.070495	0.076456	
1440	0.086066	0.075511	0.081431	0.085012	0.080457	0.078864	0.075749	0.081021	0.070381	0.074644	
1445	0.085064	0.076152	0.083396	0.085791	0.081185	0.078025	0.075408	0.081232	0.070262	0.075196	
1450	0.083638	0.076855	0.083769	0.084796	0.080324	0.078078	0.076143	0.080231	0.070479	0.076852	
1455	0.081583	0.077421	0.085095	0.083345	0.081827	0.077697	0.077975	0.081087	0.072891	0.076702	
1460	0.081947	0.078456	0.085659	0.083145	0.083280	0.078124	0.075934	0.079772	0.071782	0.075617	
1465	0.081412	0.078721	0.087014	0.084225	0.082215	0.077349	0.075441	0.082672	0.070832	0.075616	
1470	0.080823	0.078708	0.086382	0.084335	0.081617	0.077776	0.076696	0.082236	0.069867	0.075262	
1475	0.079409	0.078196	0.085507	0.085904	0.080101	0.078140	0.078093	0.079736	0.070837	0.073847	
1480	0.079953	0.078249	0.087078	0.083238	0.080120	0.078954	0.078520	0.078123	0.071185	0.073842	
1485	0.078531	0.077727	0.085654	0.081868	0.080934	0.077277	0.078401	0.077701	0.071430	0.074425	
1490	0.079332	0.077477	0.083029	0.082526	0.081346	0.076558	0.077687	0.079360	0.071607	0.075120	
1495	0.079540	0.077534	0.083494	0.082583	0.081400	0.075841	0.079117	0.079042	0.072857	0.074398	
1500	0.080396	0.077561	0.085415	0.083830	0.080152	0.074885	0.078401	0.078812	0.071181	0.075192	
1505	0.080588	0.077283	0.086871	0.084598	0.081109	0.076533	0.079144	0.077682	0.074478	0.074495	
1510	0.080500	0.079252	0.086030	0.085301	0.080041	0.076508	0.077332	0.077240	0.076403	0.076175	
1515	0.078875	0.077219	0.085643	0.085620	0.080449	0.076508	0.078745	0.077010	0.077199	0.075558	
1520	0.077793	0.076154	0.087263	0.083927	0.080455	0.075852	0.079170	0.075713	0.076882	0.077804	
1525	0.076416	0.077389	0.087735	0.085097	0.081665	0.076694	0.079776	0.074478	0.078588	0.078752	
1530	0.075210	0.078719	0.085368	0.086506	0.080209	0.077254	0.079282	0.076685	0.080635	0.079043	
1535	0.075450	0.078132	0.086131	0.086697	0.080238	0.077938	0.079418	0.079090	0.080484	0.078492	
1540	0.074420	0.079434	0.086168	0.085778	0.079590	0.076012	0.079953	0.077784	0.080918	0.077413	
1545	0.074202	0.079942	0.087132	0.085771	0.079534	0.075331	0.080222	0.079227	0.081108	0.076555	
1550	0.075357	0.079016	0.086829	0.086207	0.079665	0.075470	0.082427	0.079112	0.081781	0.076005	
1555	0.075327	0.077281	0.086346	0.087634	0.078343	0.076966	0.082957	0.078578	0.082444	0.077319	
1560	0.074089	0.076485	0.084929	0.087766	0.078281	0.077287	0.082691	0.078339	0.081000	0.077773	
1565	0.074811	0.075559	0.085391	0.086589	0.079303	0.076870	0.081012	0.079150	0.079991	0.076730	
1570	0.072973	0.074880	0.085194	0.085785	0.079419	0.074502	0.081502	0.079262	0.079619	0.076839	
1575	0.071442	0.074852	0.085120	0.084669	0.079876	0.076887	0.080576	0.078723	0.080346	0.078659	
1580	0.070367	0.075802	0.084724	0.086773	0.080341	0.076184	0.081331	0.077327	0.079175	0.079248	
1585	0.071481	0.075453	0.082493	0.086264	0.077909	0.074951	0.082542	0.077050	0.078914	0.079270	
1590	0.072888	0.075668	0.081650	0.085125	0.077882	0.074886	0.083102	0.074712	0.078360	0.080908	
1595	0.072739	0.076506	0.081061	0.084482	0.077635	0.074728	0.082067	0.074721	0.080074	0.081918	
1600	0.071388	0.075703	0.081074	0.084242	0.078428	0.075492	0.082607	0.075430	0.080285	0.081484	
1605	0.072816	0.074716	0.080855	0.083278	0.076775	0.076253	0.083370	0.076428	0.082199	0.080805	
1610	0.072989	0.076069	0.081819	0.083664	0.075930	0.077309	0.083635	0.075012	0.081868	0.080026	
1615	0.073603	0.076274	0.082055	0.084048	0.077318	0.078613	0.083424	0.077016	0.082027	0.080197	
1620	0.074053	0.077559	0.083032	0.085406	0.077106	0.078658	0.084307	0.075773	0.082228	0.079242	
1625	0.073816	0.078931	0.082353	0.084563	0.075859	0.078862	0.084974	0.074700	0.080080	0.078951	
1630	0.073371	0.079563	0.080425	0.083247	0.075423	0.078702	0.082197	0.075004	0.080737	0.078586	
1635	0.075081	0.078716	0.081174	0.082333	0.075511	0.078967	0.083529	0.073685	0.079971	0.080762	
1640	0.075297	0.080355	0.080353	0.083277	0.075623	0.079680	0.083538	0.073138	0.082306	0.080516	
1645	0.073094	0.082686	0.078829	0.082679	0.074958	0.079334	0.084176	0.073317	0.081617	0.081389	
1650	0.073693	0.083045	0.080090	0.081790	0.075474	0.079891	0.080663	0.072526	0.081396	0.080617	
1655	0.076042	0.082761	0.080692	0.082541	0.077793	0.079572	0.080289	0.074494	0.081039	0.080734	
1660	0.077367	0.083117	0.081558	0.082688	0.077118	0.079524	0.079899	0.073561	0.080941	0.083527	
1665	0.077381	0.082169	0.081398	0.082875	0.079063	0.080132	0.080578	0.074228	0.080902	0.082582	
1670	0.077049	0.082078	0.081737	0.085032	0.077260	0.079364	0.083151	0.073094	0.080792	0.083205	
1675	0.078790	0.081238	0.080068	0.084617	0.077101	0.079875	0.083155	0.073472	0.082275	0.084154	
1680	0.080150	0.080271	0.080933	0.084120	0.077508	0.080246	0.081813	0.073805	0.082621	0.083310	
1685	0.081435	0.080980	0.082664	0.083488	0.076797	0.081402	0.079351	0.074583	0.081435	0.081309	
1690	0.081744	0.083080	0.082429	0.081114	0.076570	0.080658	0.078358	0.076484	0.080256	0.082832	
1695	0.082490	0.082240	0.082935	0.081233	0.076699	0.079081	0.076260	0.076420	0.081658	0.084127	
1700	0.082849	0.079104	0.082987	0.082336	0.077139	0.078419	0.076960	0.075566	0.081580	0.082929	
1705	0.082130	0.078020	0.083679	0.083740	0.078059	0.079467	0.078889	0.076307	0.080598	0.080536	
1710	0.082645	0.077099	0.084547	0.083431	0.079324	0.080455	0.080846	0.075645	0.081445	0.079755	
1715	0.080632	0.076412	0.084134	0.083261	0.078651	0.081228	0.080476	0.077013	0.081835	0.078978	
1720	0.079376	0.077153	0.085275	0.082743	0.079194	0.081983	0.080962	0.078273	0.081292	0.078564	
1725	0.081258	0.076412	0.085077	0.081987	0.079881	0.079955	0.080922	0.077382	0.082197	0.078181	
1730	0.079435	0.075995	0.083914	0.082136	0.080477	0.079657	0.080942	0.079098	0.081457	0.078329	
1735	0.080072	0.075359	0.083723	0.081220	0.080191	0.080935	0.077209	0.082176	0.079741	0.077416	
1740	0.079565	0.074345	0.082678	0.082981	0.078837	0.081684	0.078322	0.080602	0.080760	0.077929	
1745	0.079824	0.075289	0.081508	0.083795	0.078192	0.080661	0.078044	0.081881	0.080947	0.077723	
1750	0.080215	0.076928	0.082461	0.084782	0.077717	0.080754	0.078157	0.082485	0.082497	0.078264	
1755	0.079137	0.075624	0.083795	0.083367	0.078518	0.081637	0.078514	0.080663	0.082827	0.077690	
1760	0.078934	0.074882	0.083704	0.083350	0.078625	0.081736	0.077574	0.080213	0.082036	0.079857	
1765	0.079866	0.074709	0.083927	0.083653	0.078781	0.082357	0.076778	0.078919	0.081415	0.081491	
1770	0.079918	0.074295	0.084608	0.082966	0.077527	0.081760	0.075990	0.079298	0.081319	0.080610	
1775	0.078506	0.072819	0.084303	0.082376	0.077671	0.082619	0.075779	0.079201	0.080131	0.079787	
1780	0.078998	0.075603	0.085896	0.082474	0.078653	0.081251	0.075500	0.079715	0.080720	0.079579	
1785	0.079607	0.074539	0.084042	0.082828	0.079140	0.080952	0.075777	0.081046	0.082492	0.079982	
1790	0.082107	0.073691	0.081193	0.081756	0.080635	0.081689	0.074969	0.079447	0.083097	0.080384	
1795	0.080436	0.074640	0.081361	0.081677	0.080354	0.079035	0.075652	0.080710	0.083602	0.080440	
1800	0.081091	0.075355	0.082119	0.081755	0.080757	0.078064	0.073460	0.080647	0.083651	0.081244	
1805	0.080697	0.076436	0.080539	0.081497	0.080764	0.077720	0.076527	0.081143	0.083933	0.079486	
1810	0.080317	0.075316	0.081079	0.080714	0.080683	0.077711	0.076762	0.080795	0.083728	0.080213	
1815	0.079401	0.073841	0.081150	0.080956	0.080918	0.077410	0.077229	0.082967	0.082603	0.081985	
1820	0.078068	0.075393	0.080728	0.082136	0.080376	0.077733	0.077734	0.085710	0.083081	0.081182	
1825	0.077398	0.075753	0.081634	0.082067	0.078337	0.077952	0.078584	0.084515	0.082910	0.081527	
1830	0.076537	0.077416	0.081655	0.082596	0.077307	0.075998	0.076747	0.084157	0.081163	0.081544	
1835	0.077504	0.077505	0.080924	0.081866	0.077815	0.075122	0.077212	0.082629	0.079830	0.081442	
1840	0.076441	0.075761	0.080835	0.081144	0.078043	0.074854	0.077737	0.083470	0.080162	0.079751	
1845	0.076882	0.077153	0.082538	0.082030	0.078104	0.075458	0.079322	0.084144	0.080639	0.079448	
1850	0.076430	0.075552	0.081203	0.081481	0.078583	0.076572	0.077581	0.083218	0.081270	0.078721	
1855	0.077842	0.075034	0.080739	0.081044	0.079398	0.077701	0.078148	0.082854	0.081263	0.079186	
1860	0.077781	0.074346	0.079420	0.082319	0.082380	0.076596	0.078876	0.083074	0.082539	0.080553	
1865	0.076339	0.074269	0.080148	0.082249	0.080831	0.076733	0.079408	0.083148	0.082250	0.079329	
1870	0.075207	0.073458	0.079692	0.083558	0.080815	0.077467	0.079682	0.084483	0.083187	0.078643	
1875	0.075704	0.072390	0.080775	0.084988	0.081236	0.076912	0.079690	0.083650	0.082281	0.078260	
1880	0.075602	0.073048	0.081254	0.085947	0.082053	0.078626	0.079890	0.080597	0.083422	0.077239	
1885	0.074568	0.073069	0.081274	0.085342	0.080716	0.078523	0.079515	0.082607	0.082894	0.076534	
1890	0.074809	0.072804	0.081082	0.085065	0.079584	0.078085	0.079814	0.081850	0.082775	0.074490	
1895	0.074001	0.073191	0.082296	0.087095	0.079632	0.077167	0.078396	0.081890	0.082739	0.075155	
1900	0.072483	0.074025	0.082947	0.084726	0.078770	0.077588	0.078418	0.080583	0.080943	0.074685	
1905	0.072637	0.074419	0.083090	0.083153	0.080140	0.077098	0.078096	0.079528	0.080655	0.075304	
1910	0.074451	0.077384	0.082516	0.082470	0.080222	0.078060	0.077605	0.079238	0.082118	0.074793	
1915	0.073723	0.076458	0.081133	0.082015	0.081076	0.078481	0.077984	0.078942	0.080414	0.076762	
1920	0.074962	0.077881	0.080425	0.083612	0.079132	0.077029	0.077085	0.078741	0.080533	0.076350	
1925	0.073870	0.075609	0.080769	0.083381	0.079067	0.076898	0.076303	0.078445	0.080674	0.076749	
1930	0.074368	0.074823	0.080995	0.081520	0.077016	0.078710	0.076945	0.077622	0.079033	0.077400	
1935	0.074236	0.074683	0.079501	0.084356	0.077002	0.078142	0.075958	0.077894	0.080039	0.078199	
1940	0.075493	0.075941	0.078379	0.083119	0.079073	0.076881	0.076314	0.078498	0.081171	0.078662	
1945	0.075593	0.076594	0.079087	0.082609	0.080675	0.079180	0.075929	0.078349	0.081173	0.079855	
1950	0.077022	0.077159	0.078304	0.082748	0.081453	0.079678	0.077626	0.080205	0.082119	0.079385	
1955	0.077405	0.075629	0.076817	0.082446	0.081266	0.078866	0.078514	0.079426	0.083162	0.080003	
1960	0.075342	0.076753	0.077469	0.082355	0.080276	0.078320	0.077569	0.079134	0.084419	0.080688	
1965	0.074917	0.077211	0.076563	0.083130	0.080461	0.078350	0.077826	0.080249	0.082531	0.079193	
1970	0.074218	0.076025	0.078075	0.082438	0.079249	0.080330	0.078127	0.081776	0.082797	0.079997	
1975	0.076388	0.076716	0.079061	0.082098	0.081471	0.080328	0.078004	0.082054	0.082728	0.079461	
1980	0.077195	0.077052	0.078059	0.081470	0.082873	0.079258	0.078046	0.080651	0.083280	0.078719	
1985	0.077939	0.077807	0.079445	0.082345	0.082442	0.079179	0.078535	0.081897	0.083096	0.079950	
1990	0.077609	0.079126	0.080055	0.080655	0.084611	0.079705	0.077575	0.080774	0.083488	0.078109	
1995	0.078492	0.076655	0.080189	0.081917	0.084361	0.078905	0.079521	0.079895	0.084834	0.078790	
2000	0.078306	0.077153	0.080200	0.081608	0.084304	0.078672	0.078811	0.080466	0.085884	0.078576	
2005	0.077549	0.075008	0.078195	0.081330	0.083387	0.078957	0.077448	0.080106	0.085928	0.080152	
2010	0.076684	0.074057	0.077840	0.080293	0.084016	0.080210	0.078803	0.080285	0.087642	0.080051	
2015	0.079175	0.073442	0.078101	0.080864	0.083519	0.078050	0.079803	0.078868	0.088685	0.079856	
2020	0.081507	0.071789	0.078424	0.083451	0.082527	0.078441	0.078418	0.081009	0.086932	0.079050	
2025	0.081411	0.071640	0.078032	0.083533	0.082302	0.079385	0.077675	0.082219	0.086957	0.080076	
2030	0.082203	0.071660	0.080262	0.083348	0.082245	0.078403	0.079495	0.082842	0.084798	0.081260	
2035	0.082223	0.072054	0.081217	0.081704	0.081992	0.076647	0.079305	0.084508	0.087547	0.084168	
2040	0.083024	0.072558	0.081346	0.081290	0.081484	0.077204	0.080452	0.083969	0.088241	0.082605	
2045	0.083041	0.071473	0.081679	0.083022	0.080520	0.077698	0.079884	0.083367	0.086961	0.082434	
2050	0.084125	0.071047	0.081928	0.084200	0.082494	0.077319	0.081007	0.081873	0.087093	0.082319	
2055	0.083787	0.072871	0.080253	0.085320	0.081453	0.079141	0.080053	0.081385	0.088714	0.081389	
2060	0.084585	0.072924	0.080010	0.085567	0.081749	0.079223	0.078701	0.079476	0.089507	0.081744	
2065	0.084278	0.072482	0.080179	0.086228	0.081559	0.080621	0.079354	0.079480	0.086896	0.082064	
2070	0.085643	0.071692	0.079656	0.086564	0.083078	0.081697	0.079667	0.078180	0.084774	0.081597	
2075	0.086529	0.072105	0.078967	0.086088	0.083916	0.081103	0.079080	0.079143	0.083094	0.081171	
2080	0.085006	0.073002	0.077878	0.085704	0.084385	0.081656	0.078564	0.079536	0.084235	0.081951	
2085	0.085540	0.074038	0.077356	0.086427	0.083962	0.082774	0.080098	0.080389	0.083746	0.079583	
2090	0.087228	0.074253	0.077651	0.086811	0.084235	0.082854	0.077889	0.080231	0.083244	0.078754	
2095	0.088375	0.075140	0.078816	0.085077	0.084871	0.083632	0.078254	0.079853	0.083797	0.078916	
2100	0.086800	0.074108	0.079097	0.085733	0.085196	0.083531	0.079285	0.080602	0.084219	0.077874	
2105	0.085928	0.074588	0.078317	0.085226	0.084054	0.084875	0.077360	0.078995	0.082889	0.078610	
2110	0.083919	0.076465	0.078451	0.084883	0.083883	0.085299	0.075550	0.076321	0.082993	0.079458	
2115	0.083295	0.075778	0.078451	0.084933	0.083021	0.087739	0.076105	0.076305	0.082065	0.079694	
2120	0.082008	0.075460	0.080569	0.084434	0.083497	0.088140	0.076421	0.074823	0.081960	0.079312	
2125	0.081486	0.076136	0.081332	0.082991	0.083168	0.087820	0.075687	0.074529	0.082281	0.081275	
2130	0.081532	0.075438	0.080860	0.081582	0.082667	0.086606	0.076248	0.074869	0.081832	0.081944	
2135	0.080988	0.075702	0.080682	0.082451	0.081516	0.083946	0.075300	0.075676	0.080717	0.080781	
2140	0.081713	0.076518	0.082256	0.081946	0.082289	0.083301	0.074759	0.076349	0.079549	0.078806	
2145	0.082804	0.076538	0.080517	0.081910	0.081731	0.084292	0.073235	0.075668	0.079585	0.079000	
2150	0.083326	0.077662	0.081064	0.080448	0.082550	0.083554	0.072421	0.075938	0.080805	0.080305	
2155	0.082919	0.076198	0.080701	0.078854	0.083811	0.084246	0.072060	0.076103	0.079589	0.079108	
2160	0.082248	0.075896	0.080253	0.079114	0.083343	0.082822	0.075022	0.075781	0.078774	0.079594	
2165	0.081744	0.076306	0.080751	0.078474	0.083374	0.084253	0.075334	0.077330	0.078640	0.078725	
2170	0.082814	0.076562	0.078957	0.079503	0.082855	0.084343	0.075817	0.079353	0.077521	0.080221	
2175	0.080798	0.076657	0.078301	0.078031	0.082794	0.084170	0.076331	0.079680	0.077726	0.079307	
2180	0.078888	0.077428	0.078065	0.078309	0.084685	0.084581	0.076457	0.078048	0.078585	0.079389	
2185	0.078300	0.077601	0.081090	0.077604	0.084894	0.083567	0.077175	0.076893	0.078363	0.077431	
2190	0.078326	0.078082	0.081838	0.077994	0.085412	0.084191	0.077286	0.077192	0.077738	0.077729	
2195	0.081708	0.076268	0.082684	0.077941	0.085515	0.083772	0.076823	0.076771	0.077718	0.079216	
2200	0.081886	0.077153	0.082941	0.077211	0.085593	0.083174	0.076309	0.075625	0.078151	0.078973	
2205	0.081966	0.075487	0.082466	0.077093	0.084627	0.082587	0.078047	0.076617	0.078522	0.079811	
2210	0.081937	0.075053	0.081808	0.078261	0.085652	0.082946	0.076821	0.075688	0.077866	0.081756	
2215	0.083095	0.073976	0.082596	0.076692	0.086746	0.082785	0.077265	0.075749	0.076767	0.082717	
2220	0.081836	0.075394	0.081803	0.077684	0.085139	0.081472	0.077834	0.075230	0.075507	0.082567	
2225	0.081375	0.074579	0.082506	0.079464	0.083884	0.080501	0.077900	0.075536	0.074711	0.083927	
2230	0.079979	0.073997	0.080397	0.077113	0.081354	0.081380	0.078369	0.074992	0.076675	0.083760	
2235	0.078765	0.072386	0.079598	0.076754	0.080977	0.081238	0.077748	0.074571	0.077585	0.083902	
2240	0.081627	0.071857	0.079827	0.074016	0.080178	0.082308	0.079703	0.074231	0.078662	0.085068	
2245	0.082319	0.070727	0.079239	0.073954	0.081269	0.082625	0.080333	0.073409	0.078994	0.086107	
2250	0.081874	0.070091	0.078375	0.073750	0.080173	0.082568	0.079370	0.074415	0.079075	0.085291	
2255	0.079571	0.070243	0.077386	0.074665	0.078883	0.082019	0.078801	0.075630	0.077668	0.083433	
2260	0.079422	0.069233	0.077125	0.074432	0.079143	0.081794	0.079737	0.075331	0.077659	0.083321	
2265	0.080577	0.070216	0.079432	0.074359	0.079992	0.082870	0.080834	0.075317	0.076271	0.083080	
2270	0.080738	0.070587	0.078851	0.075540	0.080160	0.083124	0.080790	0.074099	0.078357	0.081584	
2275	0.079405	0.071040	0.078410	0.078797	0.081402	0.082699	0.081862	0.075013	0.077955	0.080918	
2280	0.078587	0.070730	0.078815	0.079128	0.080810	0.083303	0.082305	0.075084	0.078011	0.080967	
2285	0.077756	0.072087	0.078435	0.078556	0.080588	0.082082	0.081067	0.075892	0.079663	0.080715	
2290	0.078683	0.072156	0.079418	0.078145	0.080400	0.081230	0.082932	0.074888	0.079646	0.081690	
2295	0.078057	0.071045	0.077873	0.077276	0.080831	0.080383	0.083580	0.075916	0.079730	0.083883	
2300	0.079027	0.073354	0.078363	0.078019	0.080402	0.081669	0.082418	0.076379	0.080755	0.082490	
2305	0.080595	0.073849	0.077733	0.077321	0.079906	0.082054	0.082869	0.075707	0.080068	0.082290	
2310	0.083569	0.073963	0.076698	0.076726	0.079559	0.081725	0.082242	0.076467	0.080045	0.082133	
2315	0.083006	0.075800	0.077393	0.079011	0.079407	0.081244	0.083504	0.077781	0.077974	0.081061	
2320	0.082554	0.075458	0.079623	0.079661	0.081662	0.081717	0.083477	0.075710	0.077190	0.080755	
2325	0.083516	0.075501	0.078657	0.079095	0.081118	0.082992	0.082120	0.077410	0.077227	0.081856	
2330	0.081489	0.077751	0.078227	0.080146	0.080168	0.081966	0.082198	0.077022	0.077012	0.079193	
2335	0.080793	0.078346	0.078088	0.077437	0.082507	0.081509	0.084482	0.076828	0.077170	0.079340	
2340	0.081382	0.076285	0.079272	0.077796	0.081676	0.082330	0.083945	0.075934	0.075898	0.080255	
2345	0.081446	0.077470	0.078477	0.077002	0.081304	0.080925	0.083940	0.077112	0.077495	0.081402	
2350	0.080831	0.079058	0.077722	0.077234	0.080056	0.080597	0.083129	0.076944	0.078498	0.082729	
2355	0.082008	0.080781	0.077793	0.077850	0.079588	0.081058	0.083012	0.076443	0.078337	0.080801	
2360	0.082424	0.080723	0.079460	0.075737	0.078735	0.080579	0.080835	0.076913	0.077392	0.080657	
2365	0.082804	0.081831	0.080108	0.076587	0.078656	0.081044	0.081191	0.077436	0.076724	0.080228	
2370	0.080978	0.082615	0.080115	0.076350	0.078985	0.079515	0.080441	0.076551	0.076035	0.080158	
2375	0.081621	0.083262	0.079950	0.074244	0.079415	0.078991	0.081114	0.075865	0.076282	0.080697	
2380	0.082744	0.082933	0.078546	0.075452	0.077919	0.078743	0.078362	0.075670	0.078729	0.080444	
2385	0.083544	0.081521	0.077904	0.074788	0.078060	0.077497	0.076531	0.076353	0.078554	0.080422	
2390	0.082303	0.083643	0.079371	0.076229	0.079281	0.079243	0.078060	0.077343	0.080327	0.081103	
2395	0.083298	0.081352	0.079248	0.076855	0.077060	0.080491	0.080612	0.079014	0.079935	0.081031	
2400	0.084932	0.081043	0.080408	0.077002	0.078071	0.080561	0.081256	0.079666	0.077407	0.080898	
2405	0.083210	0.080449	0.080244	0.078314	0.078143	0.080944	0.080135	0.079919	0.076926	0.079864	
2410	0.079977	0.080274	0.079576	0.076674	0.077869	0.081076	0.080464	0.080952	0.077101	0.079673	
2415	0.080989	0.079427	0.078435	0.075977	0.077604	0.080192	0.080850	0.082806	0.078497	0.080162	
2420	0.081351	0.079241	0.078691	0.075221	0.077900	0.080105	0.079151	0.083054	0.077323	0.079401	
2425	0.081125	0.079531	0.079026	0.074444	0.077980	0.080173	0.078922	0.081570	0.079304	0.080855	
2430	0.080790	0.080767	0.077919	0.073954	0.077347	0.079175	0.077852	0.082189	0.079207	0.080351	
2435	0.082556	0.080448	0.078568	0.074842	0.076262	0.080382	0.078113	0.081037	0.078713	0.079053	
2440	0.081836	0.079807	0.078510	0.075106	0.078430	0.080935	0.078717	0.082780	0.078749	0.078452	
2445	0.083286	0.081449	0.078412	0.076153	0.078082	0.081358	0.077559	0.081727	0.078079	0.078852	
2450	0.082287	0.080849	0.077252	0.076293	0.078173	0.081054	0.077153	0.082349	0.077995	0.079061	
2455	0.083688	0.082615	0.077394	0.076918	0.077534	0.080264	0.076357	0.082284	0.077995	0.077755	
2460	0.083752	0.081092	0.077585	0.077215	0.078576	0.077962	0.075578	0.082574	0.079541	0.078360	
2465	0.083434	0.080721	0.076422	0.078837	0.079384	0.078265	0.075788	0.082724	0.079995	0.077957	
2470	0.082969	0.081267	0.077694	0.076561	0.078790	0.078167	0.075746	0.081836	0.078938	0.077668	
2475	0.083836	0.080848	0.079339	0.078064	0.078951	0.079833	0.075652	0.080902	0.079261	0.077022	
2480	0.083939	0.081390	0.080280	0.077175	0.080833	0.080025	0.076114	0.079740	0.080349	0.077234	
2485	0.085187	0.080429	0.081880	0.078112	0.078986	0.078797	0.079159	0.080407	0.081530	0.078428	
2490	0.084870	0.081395	0.081006	0.076771	0.080138	0.078813	0.079981	0.080074	0.081293	0.079062	
2495	0.086809	0.080727	0.082454	0.077722	0.079119	0.076880	0.078442	0.079569	0.082661	0.079962	
2500	0.086596	0.081800	0.083267	0.076997	0.078961	0.077573	0.078165	0.079897	0.082728	0.078347	
2505	0.084831	0.082289	0.085066	0.076110	0.079364	0.076463	0.080595	0.080633	0.083770	0.077779	
2510	0.086420	0.083940	0.084042	0.075191	0.078834	0.075043	0.080922	0.081237	0.085618	0.078285	
2515	0.087691	0.082034	0.083881	0.074374	0.078876	0.074951	0.078974	0.081703	0.084357	0.078868	
2520	0.085670	0.083347	0.086634	0.073526	0.078194	0.073530	0.078364	0.081563	0.084162	0.076844	
2525	0.086984	0.084529	0.086537	0.072563	0.080032	0.072787	0.077964	0.080229	0.083634	0.075535	
2530	0.088433	0.084983	0.085286	0.072761	0.079463	0.073778	0.078260	0.080424	0.082687	0.074880	
2535	0.087490	0.085020	0.086255	0.072592	0.078909	0.074100	0.078486	0.079382	0.081238	0.075591	
2540	0.088292	0.082828	0.085681	0.072504	0.078897	0.073923	0.078735	0.078734	0.079182	0.074207	
2545	0.088817	0.082939	0.084587	0.073433	0.077655	0.073171	0.079036	0.078631	0.079871	0.074636	
2550	0.089356	0.080639	0.083353	0.075250	0.075887	0.071832	0.078120	0.078344	0.082361	0.074464	
2555	0.087645	0.079305	0.082738	0.075438	0.075460	0.072516	0.077600	0.079738	0.081123	0.074575	
2560	0.086350	0.077892	0.084045	0.075531	0.076698	0.072212	0.076846	0.078434	0.080960	0.074292	
2565	0.086224	0.078454	0.085373	0.075880	0.076716	0.074742	0.078418	0.076997	0.080374	0.074365	
2570	0.086492	0.077945	0.084084	0.076465	0.075870	0.074560	0.079645	0.076223	0.081696	0.074319	
2575	0.086681	0.077860	0.086106	0.075271	0.076655	0.074100	0.080023	0.076047	0.079717	0.075849	
2580	0.086105	0.079140	0.087126	0.073474	0.075769	0.075458	0.079382	0.075003	0.082059	0.077117	
2585	0.085575	0.077698	0.086285	0.074047	0.076250	0.074629	0.079281	0.076054	0.081304	0.077285	
2590	0.085006	0.077947	0.086340	0.072477	0.076582	0.075313	0.077972	0.076479	0.080509	0.076027	
2595	0.084591	0.076453	0.086470	0.074039	0.077232	0.076529	0.078770	0.077282	0.081427	0.076428	
2600	0.084650	0.076208	0.084777	0.075175	0.077863	0.076563	0.078599	0.077601	0.083166	0.077006	
2605	0.083073	0.076629	0.085556	0.073867	0.077913	0.077891	0.079513	0.078002	0.082264	0.077838	
2610	0.083619	0.078157	0.085965	0.073953	0.079133	0.078902	0.077281	0.076786	0.081678	0.076980	
2615	0.085269	0.077311	0.086820	0.073665	0.080109	0.078778	0.079565	0.077104	0.082601	0.076507	
2620	0.084031	0.075505	0.086037	0.073201	0.079844	0.079601	0.078797	0.077817	0.083362	0.078569	
2625	0.081710	0.074902	0.088678	0.073603	0.080513	0.079786	0.080192	0.078785	0.082708	0.077977	
2630	0.080666	0.074822	0.088907	0.073701	0.080877	0.081074	0.078810	0.080407	0.081664	0.077538	
2635	0.081084	0.074079	0.088354	0.073833	0.082467	0.081366	0.080713	0.080855	0.081945	0.078173	
2640	0.082188	0.075735	0.086763	0.073483	0.082506	0.079876	0.081297	0.078983	0.083082	0.078432	
2645	0.082125	0.075347	0.087499	0.073352	0.082746	0.079068	0.081017	0.077128	0.083074	0.081252	
2650	0.082951	0.074755	0.086033	0.072615	0.084019	0.080517	0.079164	0.076017	0.083714	0.082064	
2655	0.081014	0.076273	0.085417	0.073992	0.082236	0.081370	0.078824	0.074874	0.082094	0.083803	
2660	0.080498	0.076443	0.084719	0.073308	0.081936	0.082786	0.078670	0.075163	0.081806	0.082971	
2665	0.081223	0.078778	0.085035	0.074172	0.081427	0.083334	0.078009	0.074527	0.082726	0.081317	
2670	0.080925	0.077759	0.084523	0.075553	0.081263	0.082811	0.075176	0.074048	0.082894	0.080151	
2675	0.079743	0.078527	0.083312	0.074492	0.080641	0.082149	0.075332	0.073842	0.083748	0.079395	
2680	0.082386	0.076106	0.082717	0.074068	0.079915	0.083502	0.077767	0.073243	0.084063	0.079277	
2685	0.082855	0.076475	0.083186	0.074111	0.079067	0.083600	0.079462	0.073234	0.084446	0.078349	
2690	0.083364	0.075425	0.083055	0.075098	0.078896	0.084441	0.079387	0.072835	0.082908	0.080430	
2695	0.083679	0.074324	0.081402	0.076742	0.078204	0.083387	0.079131	0.071098	0.082140	0.082386	
2700	0.082662	0.073120	0.083108	0.078179	0.078048	0.082092	0.077807	0.071877	0.082016	0.083156	
2705	0.083976	0.072527	0.081806	0.077915	0.078918	0.081113	0.076796	0.071272	0.082409	0.084509	
2710	0.082823	0.075104	0.080803	0.077213	0.079600	0.082980	0.075453	0.070427	0.083122	0.083645	
2715	0.083611	0.074647	0.079062	0.077145	0.079456	0.082335	0.076735	0.069583	0.083657	0.082878	
2720	0.082490	0.074540	0.079594	0.076112	0.078352	0.081031	0.076760	0.068812	0.081373	0.082896	
2725	0.082131	0.074586	0.081023	0.076110	0.078224	0.079828	0.076678	0.068418	0.081941	0.083604	
2730	0.083694	0.073769	0.078464	0.076221	0.078991	0.079487	0.076452	0.067321	0.081022	0.081981	
2735	0.082945	0.074128	0.078864	0.076967	0.078938	0.079566	0.078568	0.067767	0.079273	0.081058	
2740	0.081632	0.072455	0.077749	0.076510	0.079085	0.077347	0.078740	0.068090	0.077589	0.081485	
2745	0.082045	0.073751	0.076355	0.077069	0.080290	0.077170	0.079114	0.068201	0.076986	0.079990	
2750	0.082488	0.072422	0.077058	0.076236	0.080070	0.077552	0.077174	0.068017	0.077737	0.078907	
2755	0.081950	0.072771	0.076172	0.076426	0.077370	0.076381	0.075537	0.068485	0.078213	0.078335	
2760	0.083568	0.072382	0.075971	0.077003	0.079053	0.076259	0.076634	0.068939	0.078447	0.078047	
2765	0.083299	0.071408	0.076587	0.077684	0.078319	0.075682	0.075926	0.069164	0.079107	0.077659	
2770	0.083510	0.071909	0.079068	0.076447	0.078132	0.076954	0.076366	0.069008	0.078911	0.077973	
2775	0.084635	0.072415	0.080617	0.077184	0.078662	0.077500	0.075722	0.070084	0.079041	0.078991	
2780	0.085274	0.071428	0.082003	0.076696	0.078404	0.078498	0.076358	0.070840	0.077790	0.079942	
2785	0.086017	0.072817	0.080935	0.075847	0.079031	0.078156	0.076018	0.071022	0.079051	0.081577	
2790	0.085534	0.074378	0.080883	0.075749	0.079123	0.078611	0.075018	0.071525	0.077968	0.080598	
2795	0.085009	0.073892	0.081879	0.074934	0.079085	0.077518	0.075729	0.071061	0.080024	0.080218	
2800	0.084186	0.074563	0.081801	0.077069	0.079347	0.078907	0.074332	0.070598	0.080102	0.078174	
2805	0.084913	0.074934	0.083534	0.077956	0.077928	0.076107	0.075498	0.070788	0.078931	0.078107	
2810	0.085045	0.074434	0.084342	0.077443	0.077854	0.075604	0.073929	0.071726	0.077935	0.077332	
2815	0.083187	0.075643	0.083901	0.075484	0.077208	0.073199	0.074553	0.073037	0.077996	0.080508	
2820	0.082240	0.077322	0.084668	0.075839	0.078115	0.075044	0.076476	0.073009	0.079157	0.080302	
2825	0.082149	0.078054	0.084198	0.075756	0.079238	0.073999	0.076015	0.074081	0.078965	0.080924	
2830	0.081705	0.076831	0.083160	0.076783	0.078918	0.074891	0.077360	0.073410	0.079244	0.081448	
2835	0.082214	0.076875	0.083154	0.076860	0.077520	0.075430	0.077751	0.073582	0.079564	0.080372	
2840	0.081578	0.075819	0.082901	0.075973	0.078417	0.074671	0.076660	0.073835	0.077286	0.080845	
2845	0.081177	0.074828	0.083034	0.076524	0.078885	0.075309	0.075144	0.074265	0.076819	0.081003	
2850	0.081734	0.074176	0.083634	0.075761	0.077417	0.076613	0.076044	0.074530	0.075708	0.080999	
2855	0.080765	0.074956	0.082900	0.075891	0.076578	0.076234	0.077093	0.074321	0.075701	0.081635	
2860	0.080603	0.073431	0.081967	0.075997	0.079239	0.076979	0.076233	0.075802	0.075881	0.080241	
2865	0.081220	0.074139	0.081665	0.077226	0.078023	0.077077	0.077185	0.076057	0.077575	0.080964	
2870	0.081255	0.076212	0.083175	0.078936	0.078212	0.075672	0.075886	0.075935	0.077511	0.079105	
2875	0.081339	0.075126	0.081412	0.076845	0.079696	0.076324	0.073217	0.075642	0.076890	0.080923	
2880	0.082116	0.075494	0.080743	0.076224	0.081019	0.076838	0.073919	0.073147	0.076023	0.083251	
2885	0.081382	0.074217	0.081646	0.076869	0.080634	0.077081	0.072597	0.070713	0.077739	0.083526	
2890	0.082220	0.075105	0.081795	0.077114	0.080171	0.078026	0.073865	0.071531	0.076991	0.082620	
2895	0.082688	0.075755	0.082733	0.077318	0.081261	0.078821	0.074240	0.073660	0.076283	0.081070	
2900	0.081767	0.075624	0.082793	0.080322	0.081902	0.079264	0.071835	0.073693	0.075374	0.080684	
2905	0.082039	0.076195	0.081878	0.079166	0.082426	0.079704	0.070483	0.074064	0.074426	0.080554	
2910	0.083386	0.076095	0.082651	0.078586	0.081844	0.079374	0.072212	0.074300	0.077336	0.080533	
2915	0.083686	0.074942	0.084414	0.077329	0.081278	0.078900	0.070598	0.074762	0.077087	0.080733	
2920	0.084017	0.075677	0.086377	0.076564	0.081684	0.078457	0.072094	0.075726	0.076269	0.080872	
2925	0.082853	0.077947	0.086897	0.076545	0.081545	0.080023	0.073840	0.075839	0.075288	0.081861	
2930	0.083103	0.079156	0.087887	0.078707	0.081368	0.079650	0.073437	0.076443	0.074416	0.081765	
2935	0.081371	0.078547	0.088862	0.078407	0.081810	0.078971	0.073527	0.076349	0.073254	0.081159	
2940	0.081242	0.078166	0.087547	0.077327	0.083050	0.079415	0.072776	0.076623	0.073931	0.079525	
2945	0.081004	0.077159	0.087152	0.077909	0.082923	0.078126	0.072166	0.075995	0.074916	0.080222	
2950	0.082005	0.077141	0.087154	0.077029	0.081354	0.077378	0.073069	0.075976	0.074512	0.080386	
2955	0.083220	0.078943	0.087436	0.079574	0.081005	0.076683	0.074567	0.076065	0.074075	0.080803	
2960	0.081699	0.076802	0.088299	0.079873	0.082486	0.077674	0.072620	0.076621	0.075223	0.081121	
2965	0.082113	0.075739	0.088590	0.080405	0.084462	0.077274	0.072735	0.077546	0.075153	0.080691	
2970	0.082159	0.076154	0.088640	0.078885	0.083594	0.077656	0.072586	0.078127	0.074278	0.081157	
2975	0.083401	0.074844	0.087102	0.078961	0.085583	0.079635	0.073930	0.079710	0.073623	0.078773	
2980	0.083861	0.072448	0.087515	0.078062	0.086007	0.080041	0.073635	0.079927	0.072351	0.077807	
2985	0.084189	0.072586	0.087261	0.079553	0.084018	0.078628	0.073375	0.079427	0.073736	0.078781	
2990	0.082205	0.070310	0.085748	0.080064	0.086773	0.078216	0.072653	0.080165	0.074692	0.079288	
2995	0.083841	0.068953	0.084707	0.080343	0.086578	0.078138	0.072170	0.078764	0.072922	0.079684	
3000	0.081890	0.069130	0.085905	0.079729	0.086171	0.078196	0.072039	0.077969	0.073844	0.080041	
