T	rep_1	rep_2	rep_3	rep_4	rep_5	rep_6	rep_7	rep_8	rep_9	rep_10
5	0.000000	0.000000	0.000000	0.000000	0.000000	0.000000	0.000000	0.000000	0.000000	0.000000	
10	0.000000	0.000000	0.000000	0.000000	0.000000	0.000000	0.000000	0.000000	0.000000	0.000000	
15	0.000000	0.000000	0.000000	0.000000	0.000000	0.000000	0.000000	0.000000	0.000000	0.000000	
20	0.000000	0.000000	0.000000	0.000000	0.000000	0.000000	0.000000	0.000000	0.000000	0.000000	
25	0.000000	0.000000	0.000000	0.000000	0.000000	0.000000	0.000000	0.000000	0.000000	0.000000	
30	0.000000	0.000000	0.000000	0.000000	0.000000	0.000000	0.000000	0.000000	0.000000	0.000000	
35	0.000000	0.000000	0.000000	0.000000	0.000000	0.000000	0.000000	0.000000	0.000000	0.000000	
40	0.000000	0.000000	0.000000	0.000000	0.000000	0.000000	0.000000	0.000000	0.000000	0.000000	
45	0.000000	0.000000	0.000000	0.000000	0.000000	0.000000	0.000000	0.000000	0.000000	0.000000	
50	0.000000	0.000000	0.000000	0.000000	0.000000	0.000000	0.000000	0.000000	0.000000	0.000000	
55	0.000000	0.000000	0.000000	0.000000	0.000000	0.000000	0.000000	0.000000	0.000000	0.000000	
60	0.000000	0.000000	0.000000	0.000000	0.000000	0.000000	0.000000	0.000000	0.000000	0.000000	
65	0.000000	0.000000	0.000000	0.000000	0.000000	0.000000	0.000000	0.000000	0.000000	0.000000	
70	0.000000	0.000000	0.000000	0.000000	0.000000	0.000000	0.000000	0.000000	0.000000	0.000000	
75	0.000000	0.000000	0.000000	0.000000	0.000000	0.000000	0.000000	0.000000	0.000000	0.000000	
80	0.000000	0.000000	0.000000	0.000000	0.000000	0.000000	0.000000	0.000000	0.000000	0.000000	
85	0.000000	0.000000	0.000000	0.000000	0.000000	0.000000	0.000000	0.000000	0.000000	0.000000	
90	0.000000	0.000000	0.000000	0.000000	0.000000	0.000000	0.000000	0.000000	0.000000	0.000000	
95	0.000000	0.000000	0.000000	0.000000	0.000000	0.000000	0.000000	0.000000	0.000000	0.000000	
100	0.000000	0.000000	0.000000	0.000000	0.000000	0.000000	0.000000	0.000000	0.000000	0.000000	
105	0.001822	0.001676	0.001755	0.001895	0.002855	0.001509	0.001676	0.000794	0.001659	0.001152	
110	0.006682	0.006610	0.004538	0.005459	0.005322	0.002686	0.003437	0.002287	0.005624	0.002458	
115	0.008806	0.010042	0.003756	0.013661	0.009553	0.005540	0.006193	0.006233	0.008124	0.005122	
120	0.014895	0.015048	0.007543	0.020033	0.014512	0.007184	0.008466	0.004803	0.010106	0.007903	
125	0.020690	0.019443	0.010879	0.023558	0.019078	0.009448	0.017120	0.008322	0.015070	0.011834	
130	0.021930	0.029731	0.014162	0.029708	0.027153	0.012400	0.021884	0.017575	0.020437	0.018791	
135	0.028229	0.038316	0.015701	0.040206	0.032588	0.018565	0.025991	0.024325	0.035782	0.025163	
140	0.032565	0.049479	0.024514	0.044230	0.029617	0.020629	0.029345	0.029842	0.048595	0.026631	
145	0.035030	0.055678	0.024626	0.049990	0.039510	0.025540	0.032994	0.036981	0.052405	0.034554	
150	0.041795	0.059597	0.022144	0.056531	0.043109	0.030999	0.035630	0.044190	0.055274	0.036726	
155	0.052255	0.061888	0.024102	0.058859	0.048969	0.032295	0.051053	0.050820	0.063972	0.047310	
160	0.056789	0.068652	0.028559	0.063166	0.054650	0.037132	0.053469	0.058794	0.064756	0.046194	
165	0.059771	0.070568	0.031967	0.072109	0.058661	0.046990	0.055009	0.061694	0.065664	0.050542	
170	0.056301	0.076879	0.035869	0.078624	0.061031	0.053038	0.058345	0.065332	0.070791	0.053039	
175	0.056468	0.077154	0.031757	0.081865	0.059302	0.057880	0.065356	0.063824	0.077082	0.059448	
180	0.056149	0.078105	0.032060	0.081224	0.065767	0.061170	0.067502	0.063846	0.081327	0.064483	
185	0.068113	0.084989	0.036939	0.078779	0.067454	0.061247	0.067717	0.066275	0.084554	0.064449	
190	0.063716	0.084852	0.040284	0.080286	0.070208	0.065810	0.071712	0.062038	0.088539	0.066434	
195	0.063754	0.086345	0.048806	0.079354	0.072511	0.072625	0.077142	0.065670	0.088711	0.066794	
200	0.058090	0.086056	0.046707	0.072074	0.070666	0.076551	0.072261	0.063800	0.098155	0.073327	
205	0.058673	0.084292	0.051855	0.076237	0.075603	0.081412	0.074911	0.061795	0.096457	0.074697	
210	0.058810	0.082153	0.055815	0.081143	0.075179	0.077994	0.074361	0.061966	0.094521	0.071529	
215	0.061940	0.080514	0.056361	0.080295	0.073124	0.079945	0.076878	0.060045	0.093625	0.070871	
220	0.067694	0.077274	0.058615	0.079471	0.071533	0.073345	0.084296	0.058856	0.091034	0.072715	
225	0.064585	0.076099	0.057340	0.080432	0.069477	0.068301	0.084529	0.061218	0.089011	0.069693	
230	0.068181	0.079006	0.056078	0.083575	0.064198	0.067217	0.085989	0.063746	0.091659	0.073053	
235	0.065375	0.081566	0.057870	0.082883	0.063261	0.068021	0.089365	0.060762	0.092333	0.076224	
240	0.063785	0.081010	0.060938	0.081433	0.062508	0.066139	0.089916	0.067078	0.086376	0.070964	
245	0.066879	0.079132	0.061712	0.081318	0.059708	0.064595	0.084624	0.071122	0.082173	0.072714	
250	0.067259	0.075907	0.059445	0.077373	0.061438	0.073363	0.082956	0.072355	0.084833	0.071994	
255	0.069279	0.072527	0.059996	0.079023	0.063509	0.072900	0.087488	0.069867	0.084369	0.070984	
260	0.068708	0.073782	0.061354	0.077412	0.066970	0.072491	0.088116	0.071083	0.078101	0.067491	
265	0.074882	0.074885	0.062419	0.078901	0.067882	0.076406	0.088362	0.075967	0.082409	0.071389	
270	0.070566	0.076172	0.064640	0.078245	0.068554	0.076030	0.082879	0.075631	0.084429	0.071025	
275	0.072872	0.077309	0.066711	0.080105	0.069883	0.082453	0.083765	0.074305	0.083296	0.068336	
280	0.070360	0.079966	0.066336	0.078154	0.067655	0.083553	0.084735	0.072735	0.088123	0.065904	
285	0.073492	0.082285	0.069654	0.076489	0.062433	0.083784	0.084295	0.070377	0.086552	0.070111	
290	0.076566	0.080058	0.067230	0.074782	0.060428	0.079365	0.089362	0.073135	0.085167	0.067027	
295	0.074102	0.076914	0.059065	0.072460	0.060661	0.077947	0.089962	0.074353	0.089504	0.068899	
300	0.079214	0.076725	0.059604	0.076133	0.063872	0.071808	0.093492	0.074567	0.091038	0.067718	
305	0.078243	0.074266	0.060058	0.073216	0.065134	0.068330	0.092997	0.076886	0.085149	0.068655	
310	0.078414	0.075499	0.061293	0.074728	0.064688	0.068796	0.090918	0.077675	0.085616	0.067628	
315	0.076789	0.079798	0.062411	0.079873	0.065282	0.069451	0.096003	0.076384	0.083230	0.067859	
320	0.075120	0.077659	0.064600	0.074368	0.069705	0.067336	0.098197	0.075008	0.077714	0.065834	
325	0.081798	0.074207	0.067706	0.073067	0.065316	0.068940	0.095647	0.075380	0.077950	0.066032	
330	0.080409	0.074725	0.067976	0.074783	0.066261	0.068883	0.094147	0.075826	0.079543	0.065598	
335	0.080870	0.075994	0.068174	0.076485	0.066290	0.068765	0.095433	0.077025	0.075369	0.067836	
340	0.082627	0.084239	0.068695	0.077022	0.065148	0.070278	0.097399	0.069778	0.077912	0.067601	
345	0.084641	0.083571	0.069704	0.071835	0.067749	0.072953	0.092583	0.068386	0.077255	0.067800	
350	0.084373	0.083853	0.067746	0.071734	0.074001	0.074980	0.089899	0.068533	0.078354	0.067501	
355	0.081659	0.084374	0.070424	0.069940	0.069352	0.072372	0.083694	0.067813	0.084117	0.069300	
360	0.082807	0.079781	0.069981	0.068715	0.074026	0.072173	0.084416	0.066920	0.081997	0.063469	
365	0.082190	0.082003	0.067095	0.071989	0.076358	0.072911	0.084906	0.070209	0.087145	0.062837	
370	0.079211	0.083637	0.069064	0.075154	0.076068	0.075099	0.083203	0.077721	0.090585	0.064853	
375	0.080029	0.088465	0.072110	0.078932	0.070199	0.071368	0.081543	0.073500	0.090987	0.068000	
380	0.080114	0.085922	0.071118	0.075528	0.071849	0.067890	0.080965	0.073824	0.088114	0.069973	
385	0.078532	0.089341	0.071549	0.074072	0.072455	0.064134	0.079207	0.076642	0.087736	0.068577	
390	0.079132	0.087189	0.072755	0.077861	0.073926	0.062913	0.076738	0.072243	0.084645	0.068674	
395	0.078462	0.087417	0.075929	0.074626	0.076098	0.065530	0.080033	0.071235	0.081664	0.071381	
400	0.077922	0.083791	0.078060	0.076109	0.076355	0.066266	0.081205	0.073034	0.079117	0.070403	
405	0.076409	0.088329	0.079497	0.070438	0.079761	0.064006	0.084371	0.073898	0.077349	0.068807	
410	0.080919	0.088957	0.077818	0.071208	0.085222	0.064712	0.084763	0.071723	0.074483	0.065084	
415	0.079496	0.090623	0.076592	0.069714	0.081462	0.062438	0.081433	0.068400	0.077469	0.065359	
420	0.078401	0.090924	0.077025	0.068709	0.082193	0.062452	0.082869	0.070075	0.075878	0.064102	
425	0.070829	0.092034	0.077426	0.066225	0.080867	0.068954	0.078745	0.072009	0.073798	0.068094	
430	0.077970	0.091220	0.076269	0.064833	0.081818	0.069238	0.082354	0.065345	0.073696	0.068219	
435	0.078361	0.091363	0.076433	0.063056	0.081811	0.067877	0.080686	0.063495	0.077903	0.070611	
440	0.080678	0.093402	0.073990	0.063761	0.080265	0.065741	0.077211	0.064650	0.081109	0.070432	
445	0.090193	0.091354	0.076433	0.071122	0.075016	0.068749	0.077076	0.068786	0.080971	0.073732	
450	0.092669	0.097456	0.075197	0.073500	0.074528	0.069974	0.074165	0.062136	0.086788	0.071326	
455	0.087153	0.096046	0.076234	0.071022	0.077720	0.070398	0.076403	0.064595	0.082930	0.072504	
460	0.079667	0.094920	0.078598	0.069824	0.076787	0.065950	0.075995	0.068663	0.084002	0.073027	
465	0.077795	0.099939	0.077695	0.063189	0.079043	0.062092	0.078375	0.062662	0.076901	0.070654	
470	0.070639	0.099510	0.077291	0.063068	0.081410	0.064521	0.079565	0.064359	0.070428	0.073694	
475	0.071085	0.097612	0.077667	0.065942	0.084359	0.058673	0.079729	0.065596	0.070200	0.072686	
480	0.070719	0.097546	0.079871	0.065432	0.079742	0.055458	0.081273	0.069572	0.068335	0.069289	
485	0.071626	0.093786	0.082023	0.063529	0.073060	0.059106	0.081604	0.066291	0.066449	0.066307	
490	0.069672	0.099410	0.077461	0.062130	0.072605	0.065556	0.084973	0.064589	0.067425	0.069457	
495	0.071853	0.102467	0.075704	0.056177	0.073481	0.057550	0.080640	0.061834	0.062938	0.072092	
500	0.070408	0.100817	0.072447	0.064493	0.072246	0.056310	0.079559	0.062265	0.065632	0.072831	
505	0.066800	0.093325	0.074047	0.060025	0.072975	0.054002	0.078298	0.059544	0.064648	0.067383	
510	0.071034	0.089131	0.070468	0.059691	0.074188	0.056446	0.082235	0.059885	0.060196	0.069108	
515	0.073522	0.090086	0.073856	0.059225	0.074185	0.059480	0.081396	0.062476	0.057698	0.068055	
520	0.072640	0.092683	0.077449	0.053537	0.077877	0.056337	0.082599	0.063166	0.056501	0.070334	
525	0.067693	0.096645	0.077879	0.051847	0.077628	0.056751	0.078413	0.058534	0.056952	0.071137	
530	0.070183	0.094280	0.080760	0.047340	0.082246	0.059719	0.081475	0.058983	0.061584	0.071617	
535	0.070960	0.092533	0.078280	0.049195	0.080328	0.059388	0.081460	0.060033	0.064536	0.073441	
540	0.068715	0.088943	0.074596	0.050680	0.081328	0.058612	0.084277	0.063315	0.063027	0.069764	
545	0.067737	0.084352	0.076787	0.047449	0.084852	0.059124	0.084105	0.061898	0.062176	0.069365	
550	0.066283	0.079578	0.081071	0.049548	0.085082	0.058254	0.074828	0.062373	0.062214	0.068318	
555	0.067614	0.077978	0.083133	0.048434	0.081554	0.059099	0.077417	0.064944	0.063761	0.065952	
560	0.071482	0.075319	0.084638	0.047748	0.085303	0.060546	0.079789	0.063986	0.063919	0.067574	
565	0.067205	0.073486	0.085403	0.048129	0.080262	0.060145	0.074021	0.062362	0.059539	0.065657	
570	0.069445	0.069701	0.091759	0.046345	0.081938	0.066003	0.074778	0.058385	0.061406	0.065523	
575	0.066823	0.072922	0.093393	0.048709	0.081142	0.062724	0.077366	0.058799	0.063366	0.063425	
580	0.068955	0.074537	0.086377	0.049416	0.082662	0.063993	0.077970	0.059996	0.063080	0.069442	
585	0.067368	0.075176	0.089481	0.047362	0.086768	0.068492	0.075108	0.057944	0.062374	0.070889	
590	0.066679	0.083153	0.087698	0.043808	0.083011	0.072744	0.071168	0.056638	0.063946	0.067967	
595	0.069292	0.086655	0.082248	0.045943	0.078519	0.069086	0.070252	0.059812	0.065088	0.068156	
600	0.069443	0.087463	0.081333	0.048139	0.076556	0.065440	0.071337	0.059667	0.064144	0.070572	
605	0.068684	0.091331	0.083188	0.050900	0.076853	0.062939	0.069243	0.061745	0.069284	0.071695	
610	0.071325	0.091826	0.082717	0.050415	0.075114	0.063548	0.071488	0.063467	0.069809	0.068422	
615	0.071013	0.087930	0.083422	0.054496	0.070352	0.058542	0.074312	0.065968	0.070761	0.064202	
620	0.070151	0.086454	0.086740	0.049390	0.069553	0.060077	0.071228	0.073018	0.072965	0.066149	
625	0.069629	0.088173	0.088879	0.050953	0.071528	0.061729	0.074465	0.072437	0.065948	0.065070	
630	0.067972	0.087823	0.089242	0.051970	0.071172	0.059896	0.071097	0.070112	0.062324	0.063717	
635	0.070986	0.082237	0.085485	0.055843	0.068101	0.061375	0.075042	0.068611	0.064456	0.064280	
640	0.074481	0.079583	0.083313	0.055126	0.065137	0.063907	0.073268	0.063393	0.061632	0.063774	
645	0.072747	0.077033	0.083266	0.058211	0.068898	0.062091	0.072446	0.061383	0.060317	0.061063	
650	0.071465	0.076572	0.086359	0.052799	0.070307	0.055792	0.078312	0.065657	0.065672	0.061830	
655	0.070099	0.077402	0.089677	0.051105	0.074779	0.056144	0.081434	0.062301	0.066439	0.063634	
660	0.072104	0.074560	0.088991	0.054961	0.076185	0.052702	0.085330	0.063288	0.068980	0.066224	
665	0.073782	0.076665	0.089516	0.060284	0.072886	0.057946	0.086769	0.065202	0.067709	0.071198	
670	0.072081	0.079201	0.086274	0.060311	0.072520	0.060597	0.084459	0.065912	0.067268	0.075270	
675	0.069991	0.081984	0.087422	0.059659	0.071036	0.059400	0.085259	0.064284	0.066071	0.081161	
680	0.069351	0.078420	0.085649	0.056218	0.076064	0.063095	0.082697	0.066212	0.068238	0.083651	
685	0.074832	0.079223	0.085283	0.054591	0.075269	0.058950	0.087554	0.067188	0.067359	0.086380	
690	0.080037	0.079003	0.081888	0.054813	0.077107	0.053954	0.087777	0.065590	0.072067	0.081791	
695	0.076416	0.077925	0.085473	0.051063	0.075886	0.057684	0.084136	0.068546	0.073443	0.081118	
700	0.079166	0.077017	0.083585	0.054404	0.074257	0.065882	0.078823	0.073421	0.074380	0.078502	
705	0.078507	0.080427	0.083074	0.058743	0.071042	0.063997	0.078130	0.072390	0.080345	0.073927	
710	0.080484	0.075813	0.078676	0.059200	0.073318	0.066362	0.078640	0.066950	0.081634	0.073616	
715	0.080661	0.081799	0.080669	0.056808	0.070924	0.067396	0.078112	0.069371	0.083379	0.072584	
720	0.086460	0.081636	0.080617	0.055040	0.067832	0.066665	0.084319	0.071133	0.085628	0.077889	
725	0.082341	0.083944	0.082100	0.056093	0.071521	0.066691	0.081598	0.067776	0.086366	0.074155	
730	0.079229	0.082288	0.078861	0.060144	0.068443	0.071214	0.083121	0.066745	0.086504	0.071325	
735	0.077210	0.078180	0.078396	0.058620	0.070066	0.077121	0.084784	0.065321	0.087480	0.073035	
740	0.077415	0.081532	0.080908	0.058212	0.070098	0.074084	0.089335	0.064426	0.088133	0.071956	
745	0.072065	0.079250	0.079445	0.059654	0.067554	0.072160	0.087930	0.065382	0.089823	0.070305	
750	0.076122	0.075859	0.079764	0.059910	0.064465	0.071939	0.084629	0.066009	0.085399	0.069580	
755	0.075821	0.077869	0.076631	0.061490	0.064725	0.070057	0.081751	0.062956	0.083983	0.070032	
760	0.073341	0.074168	0.074034	0.058349	0.066632	0.071970	0.085710	0.060166	0.084158	0.063766	
765	0.073677	0.074631	0.075938	0.059993	0.067553	0.069369	0.088507	0.057645	0.082264	0.065490	
770	0.071847	0.069294	0.074541	0.060951	0.068210	0.075683	0.092280	0.061165	0.080356	0.069529	
775	0.075291	0.073188	0.075094	0.065747	0.067149	0.074656	0.092871	0.062762	0.079316	0.067563	
780	0.080818	0.070199	0.079839	0.065797	0.069080	0.074613	0.093691	0.061246	0.084378	0.065086	
785	0.091276	0.069260	0.081278	0.065042	0.065391	0.071761	0.094041	0.062943	0.084494	0.064902	
790	0.086487	0.069053	0.083645	0.061926	0.066631	0.074295	0.092357	0.066546	0.082515	0.062854	
795	0.085759	0.068781	0.080021	0.063670	0.062615	0.071449	0.085984	0.069107	0.081334	0.065096	
800	0.086246	0.075433	0.079932	0.058578	0.065983	0.069856	0.085664	0.068940	0.083642	0.063060	
805	0.090427	0.075990	0.082141	0.061261	0.067275	0.068359	0.088265	0.066825	0.090142	0.068732	
810	0.087212	0.077942	0.080963	0.065078	0.067460	0.068889	0.082415	0.065608	0.085400	0.065509	
815	0.082869	0.077957	0.076845	0.063319	0.065347	0.074211	0.084453	0.063796	0.081002	0.065310	
820	0.084076	0.079479	0.081913	0.065934	0.063081	0.073685	0.080600	0.063212	0.085376	0.063450	
825	0.080147	0.076058	0.079837	0.067841	0.059857	0.072008	0.081439	0.063529	0.087104	0.057007	
830	0.078071	0.076733	0.076868	0.066787	0.057979	0.075298	0.083903	0.068263	0.083746	0.058513	
835	0.076976	0.076711	0.074323	0.068015	0.057234	0.076131	0.083953	0.071019	0.080303	0.057413	
840	0.074443	0.077136	0.078479	0.067180	0.057757	0.072488	0.084638	0.070168	0.077008	0.056521	
845	0.070212	0.070142	0.085668	0.067652	0.055984	0.072867	0.082108	0.065760	0.077270	0.060774	
850	0.073348	0.069416	0.082334	0.065964	0.056738	0.071332	0.078850	0.068638	0.072940	0.054332	
855	0.074243	0.073977	0.082348	0.070015	0.054299	0.069303	0.078064	0.071842	0.071861	0.057945	
860	0.073532	0.072148	0.086186	0.071247	0.056438	0.070847	0.083862	0.069998	0.074036	0.055903	
865	0.076987	0.073174	0.091743	0.072541	0.056871	0.068239	0.090940	0.072187	0.074391	0.055109	
870	0.079621	0.072972	0.096259	0.077991	0.057415	0.070578	0.086480	0.071813	0.075765	0.058434	
875	0.078276	0.075733	0.096824	0.082125	0.056253	0.066885	0.085475	0.070034	0.071636	0.059400	
880	0.076610	0.077268	0.100076	0.079508	0.054464	0.065371	0.086241	0.072158	0.073074	0.061988	
885	0.070063	0.073933	0.094100	0.080026	0.056731	0.066949	0.092346	0.073936	0.074335	0.061956	
890	0.064582	0.077495	0.093990	0.079403	0.059602	0.068474	0.094512	0.074375	0.073869	0.059549	
895	0.067106	0.078257	0.092334	0.075502	0.059154	0.065512	0.093877	0.071354	0.077103	0.058714	
900	0.067264	0.083512	0.085915	0.072666	0.062378	0.063844	0.096914	0.066813	0.079259	0.060869	
905	0.075652	0.083082	0.082278	0.072255	0.065065	0.064255	0.096265	0.066288	0.081276	0.058107	
910	0.073138	0.084535	0.078759	0.072676	0.065503	0.063168	0.098217	0.066902	0.077588	0.055274	
915	0.077613	0.083801	0.078524	0.069724	0.064208	0.063506	0.101393	0.063981	0.075298	0.058017	
920	0.076605	0.083869	0.082515	0.069217	0.065179	0.065116	0.095846	0.063458	0.076019	0.051692	
925	0.074742	0.083044	0.080714	0.068548	0.064869	0.068589	0.097122	0.064484	0.077112	0.052674	
930	0.074889	0.087495	0.078856	0.064215	0.067996	0.067046	0.098416	0.058923	0.072294	0.054320	
935	0.073776	0.081791	0.079967	0.065868	0.071248	0.064102	0.097686	0.056286	0.071376	0.052323	
940	0.073742	0.083278	0.083766	0.063296	0.077650	0.063174	0.093121	0.054248	0.067328	0.052545	
945	0.069491	0.081457	0.081753	0.066601	0.081587	0.066044	0.090779	0.056843	0.066904	0.050128	
950	0.064061	0.083550	0.080536	0.069620	0.084373	0.066674	0.091398	0.054427	0.069610	0.053505	
955	0.065695	0.084483	0.075793	0.067095	0.084769	0.065456	0.089080	0.057808	0.067907	0.055017	
960	0.064946	0.086291	0.076330	0.070143	0.081755	0.067192	0.086884	0.058153	0.067018	0.054916	
965	0.061763	0.078248	0.076362	0.069256	0.080590	0.065621	0.085314	0.057535	0.066713	0.054509	
970	0.060661	0.077414	0.076537	0.069540	0.077374	0.065374	0.088193	0.057287	0.066101	0.052175	
975	0.059851	0.073799	0.077995	0.068788	0.073662	0.060078	0.090465	0.058308	0.070380	0.052727	
980	0.065830	0.072749	0.079298	0.072258	0.068413	0.063604	0.092156	0.066974	0.069499	0.056517	
985	0.067948	0.071161	0.075555	0.076161	0.067856	0.065247	0.090744	0.065285	0.070342	0.058803	
990	0.068058	0.065435	0.074071	0.079264	0.065480	0.067517	0.089552	0.065561	0.069326	0.057649	
995	0.072525	0.066366	0.071056	0.077810	0.066811	0.069968	0.085738	0.064712	0.073632	0.059808	
1000	0.072475	0.067303	0.071415	0.078419	0.067474	0.070387	0.086583	0.066981	0.076308	0.057521	
1005	0.068068	0.068889	0.071457	0.076309	0.068532	0.067379	0.090521	0.070214	0.077567	0.056278	
1010	0.066761	0.070178	0.072119	0.077665	0.066323	0.067464	0.090284	0.077427	0.077400	0.059549	
1015	0.064804	0.068986	0.073167	0.072533	0.064394	0.066676	0.081983	0.074279	0.074385	0.058022	
1020	0.062721	0.070593	0.083169	0.071588	0.062477	0.068059	0.081592	0.069634	0.077163	0.056171	
1025	0.062844	0.069014	0.077954	0.072734	0.069087	0.063831	0.076148	0.063927	0.077312	0.056161	
1030	0.064580	0.066739	0.077372	0.071247	0.069867	0.066904	0.075843	0.069576	0.081348	0.056690	
1035	0.061461	0.070980	0.076323	0.066640	0.070572	0.065483	0.077991	0.069086	0.085567	0.062117	
1040	0.065180	0.076452	0.074985	0.067383	0.071193	0.067347	0.077678	0.068197	0.088381	0.066844	
1045	0.063164	0.076645	0.079810	0.071714	0.069181	0.069980	0.076704	0.075676	0.085261	0.070927	
1050	0.064973	0.078054	0.078719	0.073127	0.071086	0.074345	0.075677	0.077064	0.088311	0.076644	
1055	0.063755	0.081104	0.075391	0.077476	0.072010	0.079369	0.072494	0.078772	0.083948	0.072293	
1060	0.061952	0.079409	0.072022	0.082993	0.074545	0.077452	0.073556	0.076477	0.086462	0.073448	
1065	0.061391	0.077488	0.073064	0.080042	0.071852	0.076918	0.074869	0.083004	0.082319	0.071358	
1070	0.060377	0.075015	0.072798	0.071969	0.073928	0.073019	0.069546	0.084988	0.082833	0.068401	
1075	0.056391	0.071841	0.075967	0.070277	0.068854	0.075786	0.068290	0.084060	0.083625	0.068856	
1080	0.056203	0.068987	0.077464	0.069658	0.070871	0.070523	0.068279	0.079793	0.086105	0.069248	
1085	0.057694	0.070281	0.077711	0.067113	0.068554	0.074060	0.066076	0.078073	0.083246	0.069786	
1090	0.059770	0.072186	0.076099	0.066095	0.067920	0.075261	0.065501	0.075284	0.091839	0.068691	
1095	0.061691	0.074214	0.082462	0.066278	0.069162	0.077153	0.064034	0.078227	0.089660	0.064842	
1100	0.060603	0.076740	0.086080	0.066875	0.071073	0.083570	0.065350	0.072650	0.086444	0.068475	
1105	0.063172	0.070132	0.084535	0.065488	0.070194	0.081389	0.066308	0.073659	0.080265	0.074468	
1110	0.063962	0.074727	0.088555	0.065929	0.068024	0.084826	0.068133	0.073485	0.078286	0.074277	
1115	0.061451	0.074309	0.092738	0.068541	0.067957	0.081601	0.069799	0.078140	0.081478	0.072609	
1120	0.062818	0.072644	0.094821	0.066424	0.070359	0.081627	0.068247	0.080193	0.082267	0.067552	
1125	0.063863	0.074304	0.094778	0.064891	0.070549	0.083177	0.074031	0.083760	0.086583	0.063614	
1130	0.064036	0.068132	0.092783	0.062316	0.070570	0.079918	0.075324	0.084755	0.085431	0.062087	
1135	0.058860	0.069577	0.091841	0.063385	0.069922	0.079002	0.071232	0.084999	0.091095	0.061394	
1140	0.070321	0.070506	0.090770	0.060265	0.065472	0.079159	0.071027	0.086034	0.089369	0.060361	
1145	0.068269	0.074820	0.091285	0.065193	0.067243	0.080834	0.068609	0.079224	0.088593	0.053470	
1150	0.067769	0.074190	0.090702	0.066588	0.066552	0.083431	0.065306	0.086062	0.085130	0.053435	
1155	0.062892	0.074333	0.090553	0.069951	0.067742	0.083029	0.069239	0.083687	0.084910	0.055840	
1160	0.061051	0.079724	0.096414	0.068966	0.069405	0.079668	0.068133	0.082219	0.081381	0.055525	
1165	0.062997	0.075671	0.088687	0.068525	0.065877	0.073104	0.069566	0.081913	0.082755	0.055485	
1170	0.061786	0.073140	0.086125	0.072153	0.072125	0.072793	0.073324	0.075492	0.084951	0.056181	
1175	0.064573	0.077108	0.089647	0.069898	0.073554	0.072091	0.075117	0.066317	0.087971	0.059353	
1180	0.064032	0.077806	0.088733	0.068312	0.078182	0.070360	0.071092	0.064626	0.091176	0.058348	
1185	0.065808	0.074315	0.089549	0.077090	0.076294	0.070045	0.072419	0.063049	0.095996	0.061500	
1190	0.064907	0.072772	0.085239	0.078290	0.071873	0.073228	0.073696	0.062850	0.094014	0.057600	
1195	0.064766	0.075636	0.086383	0.076677	0.070137	0.070587	0.070280	0.064920	0.092540	0.055028	
1200	0.066260	0.078387	0.083719	0.074844	0.070403	0.063313	0.071240	0.065398	0.090210	0.055765	
1205	0.063873	0.079570	0.081788	0.071240	0.073758	0.065937	0.074839	0.066840	0.089077	0.055457	
1210	0.067288	0.077935	0.083742	0.076411	0.072232	0.068551	0.075108	0.065191	0.095059	0.057087	
1215	0.068633	0.078843	0.081940	0.074618	0.069424	0.067315	0.072358	0.071648	0.092142	0.057934	
1220	0.066749	0.077832	0.079394	0.075757	0.072448	0.061065	0.071071	0.071599	0.090223	0.059519	
1225	0.068789	0.076461	0.079337	0.073350	0.077595	0.063417	0.072543	0.072056	0.089738	0.062960	
1230	0.067854	0.074738	0.083477	0.075248	0.074053	0.063431	0.072272	0.070286	0.086630	0.061751	
1235	0.069537	0.074971	0.077817	0.076758	0.071680	0.062116	0.074338	0.070166	0.083932	0.063762	
1240	0.066500	0.080921	0.074225	0.073761	0.072763	0.061351	0.075774	0.068337	0.080319	0.066310	
1245	0.067429	0.084492	0.077350	0.077270	0.073189	0.062703	0.076448	0.067972	0.085113	0.067875	
1250	0.062599	0.081888	0.077823	0.076749	0.074389	0.065343	0.075498	0.066374	0.082868	0.070732	
1255	0.071379	0.079654	0.084099	0.079643	0.071925	0.069511	0.072966	0.061672	0.080168	0.069843	
1260	0.068043	0.080867	0.083022	0.079447	0.068820	0.071577	0.073374	0.063512	0.081982	0.072950	
1265	0.068789	0.082022	0.081839	0.077564	0.069693	0.074568	0.073224	0.060315	0.082364	0.074537	
1270	0.065795	0.089263	0.087965	0.077539	0.067369	0.078289	0.068150	0.060434	0.078173	0.072128	
1275	0.064495	0.083947	0.088225	0.083456	0.068124	0.074928	0.067421	0.059747	0.074068	0.075695	
1280	0.064794	0.080886	0.087335	0.082538	0.068914	0.073601	0.068898	0.062826	0.074949	0.075623	
1285	0.070446	0.075934	0.089225	0.083184	0.068620	0.076270	0.069733	0.065222	0.075978	0.075227	
1290	0.070843	0.079155	0.088608	0.082997	0.070400	0.074856	0.073271	0.064769	0.078586	0.078133	
1295	0.067231	0.074813	0.090562	0.079574	0.069268	0.076977	0.073398	0.064903	0.077546	0.077231	
1300	0.064698	0.074839	0.088654	0.079628	0.065403	0.076921	0.072943	0.064730	0.080556	0.080381	
1305	0.063822	0.080244	0.083398	0.080847	0.065330	0.076605	0.074828	0.067842	0.080152	0.078216	
1310	0.064045	0.078003	0.082235	0.082666	0.066900	0.078811	0.073938	0.068894	0.083061	0.080445	
1315	0.069472	0.079655	0.080775	0.079739	0.064046	0.072728	0.077403	0.071445	0.078920	0.079528	
1320	0.076037	0.073209	0.079709	0.077001	0.064531	0.072389	0.076641	0.069658	0.075660	0.078346	
1325	0.081310	0.073375	0.079019	0.080149	0.067018	0.074045	0.078663	0.072557	0.077024	0.077753	
1330	0.082347	0.071873	0.084699	0.078122	0.071578	0.074123	0.078983	0.076134	0.073151	0.083314	
1335	0.079913	0.072740	0.087773	0.072775	0.074084	0.073859	0.078500	0.080417	0.076049	0.080398	
1340	0.079402	0.077613	0.092161	0.070694	0.073120	0.071108	0.073873	0.074189	0.081055	0.079362	
1345	0.076808	0.076807	0.096670	0.070392	0.074726	0.071885	0.077411	0.071149	0.082097	0.072390	
1350	0.078652	0.077958	0.098434	0.069321	0.074458	0.071869	0.072818	0.070789	0.079347	0.073927	
1355	0.074621	0.079715	0.096991	0.070293	0.072921	0.071315	0.069234	0.067054	0.072396	0.075102	
1360	0.075525	0.077892	0.093807	0.068875	0.070853	0.070662	0.072197	0.078876	0.074074	0.071797	
1365	0.074698	0.078159	0.092682	0.072366	0.070319	0.069438	0.073658	0.074204	0.069114	0.069326	
1370	0.072002	0.074626	0.090887	0.073438	0.068484	0.069584	0.074755	0.077003	0.069763	0.071779	
1375	0.073262	0.074652	0.088485	0.071460	0.067580	0.066208	0.074741	0.076342	0.069592	0.073438	
1380	0.072335	0.076595	0.088174	0.077402	0.069754	0.069535	0.074491	0.070849	0.068155	0.073630	
1385	0.071712	0.076177	0.088301	0.075778	0.067743	0.069922	0.079857	0.068274	0.068014	0.071678	
1390	0.070390	0.075902	0.091915	0.077153	0.065708	0.067272	0.078734	0.071555	0.068840	0.071051	
1395	0.073060	0.075782	0.091993	0.077456	0.062643	0.061725	0.074256	0.070833	0.070077	0.074389	
1400	0.072580	0.075584	0.091769	0.077268	0.064340	0.061000	0.078325	0.074358	0.073171	0.074059	
1405	0.077937	0.076238	0.090817	0.078505	0.061007	0.066399	0.070188	0.073931	0.074263	0.074526	
1410	0.075472	0.075263	0.093606	0.083214	0.056892	0.061351	0.069370	0.075051	0.076737	0.075803	
1415	0.080309	0.075527	0.091044	0.083607	0.058679	0.060017	0.073811	0.075306	0.080940	0.076896	
1420	0.078766	0.077377	0.088675	0.088657	0.063591	0.061990	0.074591	0.076163	0.080102	0.072198	
1425	0.078946	0.076205	0.089874	0.086218	0.062541	0.063848	0.073374	0.074644	0.078210	0.071317	
1430	0.078205	0.080716	0.092308	0.083889	0.068702	0.061978	0.078497	0.068890	0.079434	0.074421	
1435	0.081555	0.080404	0.089639	0.085942	0.069271	0.060532	0.080385	0.067334	0.082493	0.076188	
1440	0.082610	0.077527	0.089715	0.083716	0.069702	0.061083	0.079223	0.067512	0.081768	0.073184	
1445	0.080194	0.079833	0.087306	0.078160	0.071444	0.059018	0.075574	0.071106	0.078584	0.075706	
1450	0.082303	0.079763	0.087220	0.076923	0.069939	0.062931	0.079469	0.075061	0.078685	0.080034	
1455	0.080539	0.082533	0.092643	0.079416	0.072449	0.063131	0.078820	0.075039	0.082282	0.081541	
1460	0.082199	0.085244	0.091426	0.075144	0.074451	0.059916	0.079047	0.071743	0.085044	0.082956	
1465	0.081229	0.084274	0.092797	0.079552	0.072539	0.058356	0.079589	0.075036	0.087259	0.082617	
1470	0.079114	0.083810	0.088307	0.080073	0.075913	0.058933	0.081795	0.074095	0.089460	0.085528	
1475	0.075557	0.081178	0.092489	0.078033	0.074191	0.054013	0.078550	0.076499	0.091822	0.081037	
1480	0.077986	0.083715	0.090323	0.083202	0.075535	0.055685	0.078091	0.076182	0.087548	0.083381	
1485	0.075110	0.081670	0.087009	0.081127	0.075070	0.058176	0.078603	0.072442	0.087027	0.086143	
1490	0.076794	0.085102	0.087308	0.083564	0.079112	0.062644	0.077284	0.070895	0.088963	0.084334	
1495	0.077484	0.084357	0.087714	0.081625	0.077483	0.065741	0.076776	0.068583	0.088947	0.086129	
1500	0.073496	0.079766	0.085996	0.079174	0.075584	0.065153	0.077660	0.067052	0.089636	0.082161	
1505	0.072827	0.078731	0.084232	0.080224	0.084378	0.073922	0.076684	0.065719	0.082341	0.083132	
1510	0.070213	0.081705	0.087333	0.081823	0.082660	0.075699	0.078161	0.064777	0.082659	0.082255	
1515	0.074054	0.077268	0.087099	0.082801	0.078876	0.079030	0.081182	0.067299	0.081350	0.082269	
1520	0.070621	0.076024	0.082804	0.084940	0.075526	0.081992	0.078769	0.066103	0.077476	0.085899	
1525	0.071277	0.068744	0.082073	0.087259	0.072884	0.083181	0.078816	0.068935	0.081533	0.084032	
1530	0.069537	0.070260	0.086140	0.083847	0.075679	0.082620	0.075227	0.078289	0.083041	0.083272	
1535	0.070641	0.068973	0.083986	0.081709	0.072840	0.083562	0.077667	0.074436	0.079812	0.080908	
1540	0.069978	0.069751	0.082562	0.088663	0.073010	0.082835	0.081304	0.077448	0.084692	0.080501	
1545	0.070504	0.072490	0.085129	0.086351	0.069454	0.081425	0.079942	0.078274	0.082581	0.072704	
1550	0.071571	0.070382	0.084061	0.081814	0.068905	0.085401	0.071322	0.078875	0.083507	0.072088	
1555	0.074863	0.070855	0.087636	0.083815	0.073354	0.080418	0.074200	0.086107	0.088086	0.069939	
1560	0.076906	0.069893	0.087175	0.083941	0.073701	0.079898	0.072990	0.090237	0.080615	0.070360	
1565	0.084842	0.071168	0.089351	0.084314	0.074371	0.075156	0.071403	0.088677	0.081699	0.071246	
1570	0.082941	0.070781	0.087295	0.087015	0.078161	0.070204	0.066667	0.085952	0.088462	0.067709	
1575	0.079742	0.071744	0.089939	0.088894	0.073843	0.069919	0.063749	0.082338	0.091275	0.065315	
1580	0.083446	0.069248	0.088033	0.089044	0.071420	0.073267	0.062793	0.084049	0.094028	0.068419	
1585	0.080765	0.067394	0.086947	0.095407	0.071240	0.074520	0.063020	0.081255	0.093924	0.070493	
1590	0.080148	0.068388	0.084915	0.093056	0.070660	0.079714	0.060129	0.080585	0.095122	0.069493	
1595	0.080554	0.075401	0.082047	0.091769	0.069027	0.077007	0.062365	0.077182	0.095729	0.064662	
1600	0.082568	0.073857	0.081762	0.094889	0.064729	0.074367	0.063969	0.076635	0.097619	0.064734	
1605	0.082467	0.071565	0.079474	0.090571	0.064932	0.071861	0.061904	0.078656	0.101111	0.066066	
1610	0.084808	0.072103	0.081026	0.086568	0.063606	0.075671	0.064963	0.081073	0.098770	0.067432	
1615	0.085574	0.074681	0.075534	0.087698	0.065461	0.075859	0.064226	0.082850	0.097208	0.069360	
1620	0.083585	0.072203	0.078628	0.084704	0.061940	0.083338	0.070850	0.079034	0.092860	0.068283	
1625	0.086183	0.074872	0.082979	0.084849	0.068452	0.079203	0.068882	0.078876	0.092588	0.066754	
1630	0.084786	0.072784	0.084881	0.081508	0.068128	0.072688	0.070731	0.076029	0.098518	0.075055	
1635	0.083116	0.074837	0.087285	0.080277	0.069816	0.071275	0.066655	0.072999	0.092870	0.075246	
1640	0.084629	0.071921	0.084784	0.080210	0.070375	0.072899	0.069130	0.072875	0.092220	0.076658	
1645	0.079059	0.074694	0.086884	0.074660	0.066220	0.072874	0.069921	0.071729	0.086283	0.081096	
1650	0.079424	0.075647	0.087252	0.078449	0.063730	0.067661	0.069508	0.072224	0.082531	0.073663	
1655	0.081734	0.072658	0.089070	0.081367	0.065865	0.065448	0.062771	0.079599	0.084279	0.070396	
1660	0.077649	0.070822	0.087081	0.082328	0.065939	0.072174	0.063125	0.084184	0.084739	0.073420	
1665	0.074334	0.076821	0.086498	0.080286	0.062647	0.063923	0.065686	0.083663	0.087308	0.077749	
1670	0.071226	0.076237	0.080392	0.079157	0.062677	0.063465	0.064226	0.084213	0.088292	0.073540	
1675	0.077150	0.072009	0.082813	0.080193	0.066057	0.060420	0.065812	0.083586	0.086850	0.072439	
1680	0.073426	0.075475	0.083556	0.083911	0.074593	0.064122	0.069334	0.080570	0.085774	0.075040	
1685	0.073283	0.074935	0.084394	0.086198	0.075732	0.063956	0.070828	0.081107	0.087574	0.076552	
1690	0.069564	0.075537	0.082376	0.083715	0.078498	0.060388	0.070189	0.080454	0.088747	0.076185	
1695	0.070038	0.073666	0.081761	0.082897	0.072840	0.058487	0.071665	0.079767	0.083515	0.075872	
1700	0.065791	0.078965	0.081099	0.085611	0.073039	0.053992	0.073460	0.083271	0.084604	0.076172	
1705	0.063783	0.081262	0.077060	0.084479	0.074498	0.054075	0.067986	0.088529	0.081583	0.074180	
1710	0.061990	0.081300	0.074696	0.083761	0.072234	0.057744	0.065272	0.083746	0.078217	0.074374	
1715	0.065657	0.084729	0.074808	0.083738	0.071715	0.060717	0.063387	0.085324	0.074077	0.071821	
1720	0.067238	0.089399	0.071989	0.085600	0.072304	0.065354	0.061914	0.083135	0.074040	0.070010	
1725	0.067064	0.088720	0.070425	0.085188	0.074054	0.067299	0.061827	0.081372	0.074412	0.071295	
1730	0.064794	0.084562	0.070104	0.083776	0.075149	0.067677	0.064008	0.083673	0.072329	0.073747	
1735	0.062321	0.084652	0.070220	0.082061	0.078104	0.064703	0.061615	0.084154	0.068393	0.072596	
1740	0.063808	0.084186	0.070302	0.080311	0.074461	0.068639	0.061620	0.084851	0.067249	0.071740	
1745	0.064762	0.076103	0.074003	0.085699	0.075103	0.069680	0.066098	0.082918	0.071334	0.070979	
1750	0.065313	0.075096	0.074174	0.083476	0.076946	0.071669	0.065520	0.077909	0.072201	0.068419	
1755	0.064054	0.073498	0.074654	0.086675	0.074872	0.068885	0.066008	0.083346	0.073133	0.064812	
1760	0.064331	0.074704	0.072962	0.092125	0.079303	0.072751	0.069943	0.081950	0.073001	0.067545	
1765	0.066705	0.076125	0.074192	0.092376	0.078484	0.074732	0.075222	0.085076	0.069204	0.064212	
1770	0.069281	0.069616	0.073543	0.093188	0.078434	0.079519	0.073854	0.085275	0.072135	0.067440	
1775	0.067754	0.067883	0.074613	0.090557	0.071678	0.077010	0.072933	0.083638	0.071664	0.066495	
1780	0.068560	0.066190	0.069637	0.090828	0.069890	0.075859	0.070082	0.087152	0.070265	0.065015	
1785	0.065654	0.067319	0.069417	0.088179	0.074716	0.078501	0.069192	0.082125	0.070054	0.062274	
1790	0.068020	0.074382	0.069250	0.081411	0.080753	0.078095	0.071179	0.079470	0.061570	0.066839	
1795	0.067778	0.069531	0.066434	0.082511	0.080798	0.082162	0.072200	0.081072	0.061305	0.067355	
1800	0.063826	0.070122	0.064369	0.083295	0.079203	0.081243	0.074451	0.083906	0.061611	0.073223	
1805	0.062877	0.070652	0.063989	0.084932	0.075437	0.081400	0.075044	0.085009	0.064503	0.077204	
1810	0.060253	0.074868	0.063678	0.082773	0.075665	0.081108	0.080185	0.084560	0.067036	0.076997	
1815	0.062746	0.071911	0.063355	0.077457	0.078225	0.078472	0.076741	0.085687	0.070693	0.077227	
1820	0.063675	0.072418	0.066033	0.074708	0.082747	0.079820	0.080630	0.083862	0.071391	0.082262	
1825	0.063611	0.073625	0.067998	0.079521	0.084948	0.075849	0.080447	0.083431	0.073214	0.080349	
1830	0.063967	0.077140	0.071447	0.080736	0.084355	0.075949	0.080020	0.083299	0.071682	0.077005	
1835	0.062261	0.077127	0.069016	0.080951	0.080627	0.080110	0.078482	0.081659	0.063423	0.076224	
1840	0.062456	0.076300	0.068839	0.077678	0.077218	0.080878	0.080980	0.086618	0.062503	0.079451	
1845	0.060612	0.078313	0.070801	0.076543	0.077165	0.076957	0.083255	0.085634	0.061134	0.075229	
1850	0.057260	0.073770	0.072252	0.080463	0.073683	0.073502	0.076786	0.086979	0.063360	0.076129	
1855	0.054909	0.071694	0.070598	0.080683	0.076672	0.075968	0.078534	0.081327	0.068350	0.074993	
1860	0.054981	0.069499	0.070004	0.077338	0.077716	0.080467	0.079505	0.089098	0.071848	0.073520	
1865	0.052848	0.071297	0.069282	0.081262	0.078367	0.078004	0.083617	0.086649	0.070551	0.073673	
1870	0.053915	0.074129	0.075606	0.081532	0.078987	0.079627	0.082763	0.081272	0.075046	0.078205	
1875	0.055252	0.073937	0.072875	0.078931	0.078202	0.076522	0.079217	0.078951	0.074287	0.080338	
1880	0.056289	0.073347	0.072645	0.076706	0.078124	0.075510	0.084163	0.079502	0.074766	0.083265	
1885	0.057401	0.073601	0.074985	0.078618	0.076942	0.067689	0.075510	0.081437	0.076927	0.081579	
1890	0.060679	0.074401	0.074369	0.078193	0.070628	0.067435	0.072924	0.078122	0.081554	0.080466	
1895	0.059542	0.069201	0.072470	0.078203	0.072874	0.068857	0.072407	0.082763	0.078007	0.080102	
1900	0.060442	0.074841	0.074026	0.078324	0.072864	0.068432	0.072783	0.078042	0.072737	0.077891	
1905	0.061051	0.071969	0.073539	0.074495	0.072425	0.069870	0.072076	0.077481	0.069383	0.080140	
1910	0.062850	0.072300	0.075942	0.075080	0.076617	0.067350	0.073645	0.077035	0.067817	0.079951	
1915	0.062529	0.072099	0.072735	0.077752	0.080867	0.069401	0.077286	0.081777	0.067586	0.078004	
1920	0.065731	0.071174	0.071557	0.079852	0.077969	0.073552	0.078500	0.076539	0.068663	0.075879	
1925	0.067681	0.074209	0.070475	0.080447	0.076349	0.076415	0.076673	0.077149	0.069625	0.073519	
1930	0.062752	0.075577	0.071722	0.080700	0.077557	0.076690	0.078354	0.077219	0.075286	0.072726	
1935	0.063859	0.072746	0.074813	0.078288	0.077180	0.078399	0.078768	0.078304	0.072579	0.068570	
1940	0.064060	0.066610	0.073179	0.077162	0.075351	0.082377	0.077551	0.075894	0.068900	0.068576	
1945	0.064201	0.069696	0.074736	0.076829	0.071775	0.078617	0.076407	0.080159	0.071658	0.062226	
1950	0.062841	0.072341	0.080887	0.078933	0.072240	0.081929	0.074973	0.075234	0.073417	0.061180	
1955	0.066362	0.073915	0.081249	0.077032	0.074946	0.079905	0.073578	0.077254	0.072705	0.060304	
1960	0.073378	0.077052	0.083105	0.075974	0.081524	0.082367	0.073654	0.076085	0.073163	0.061402	
1965	0.074009	0.075030	0.086872	0.079918	0.076890	0.080409	0.071410	0.074921	0.071825	0.062834	
1970	0.075880	0.074423	0.084895	0.081811	0.081976	0.077885	0.075391	0.076289	0.070337	0.063299	
1975	0.073824	0.070572	0.087236	0.084870	0.077287	0.080613	0.074063	0.078106	0.071876	0.062720	
1980	0.069353	0.071030	0.085077	0.083936	0.078700	0.075681	0.072516	0.078412	0.075272	0.063799	
1985	0.064797	0.071240	0.080337	0.089827	0.079941	0.079471	0.069574	0.078742	0.075258	0.067271	
1990	0.070189	0.069994	0.082764	0.089194	0.084127	0.079219	0.065274	0.078881	0.069089	0.067807	
1995	0.070220	0.071721	0.084167	0.087908	0.081175	0.079273	0.066873	0.080104	0.063786	0.071451	
2000	0.072308	0.073998	0.082233	0.083897	0.081860	0.082223	0.060683	0.074664	0.059590	0.073816	
2005	0.068970	0.068809	0.082135	0.081924	0.079398	0.083714	0.060367	0.073014	0.057819	0.077104	
2010	0.070247	0.070826	0.080641	0.081763	0.075556	0.079942	0.063463	0.071425	0.056304	0.075547	
2015	0.071646	0.069701	0.082353	0.080955	0.077794	0.076500	0.060826	0.070963	0.060092	0.085707	
2020	0.072227	0.070326	0.085493	0.081617	0.081182	0.077122	0.062797	0.076148	0.063406	0.087370	
2025	0.072773	0.065247	0.082292	0.080310	0.081753	0.079561	0.061158	0.083919	0.066840	0.079908	
2030	0.070581	0.065757	0.083335	0.073841	0.083681	0.079657	0.062217	0.083047	0.067119	0.076800	
2035	0.074390	0.063956	0.081231	0.074227	0.081876	0.075492	0.065332	0.086652	0.066730	0.079884	
2040	0.073884	0.063703	0.075707	0.075326	0.081506	0.074175	0.068544	0.085321	0.064902	0.079194	
2045	0.075703	0.060012	0.074556	0.074039	0.079969	0.075815	0.070588	0.081531	0.064948	0.085094	
2050	0.070139	0.059032	0.073338	0.073436	0.078651	0.076459	0.069162	0.083566	0.068527	0.083653	
2055	0.074088	0.063332	0.074172	0.076400	0.078822	0.084376	0.065438	0.084438	0.070386	0.081189	
2060	0.074489	0.067690	0.076591	0.078951	0.078851	0.083868	0.064560	0.082805	0.072535	0.081240	
2065	0.072127	0.070425	0.074298	0.077444	0.080327	0.085859	0.065309	0.084993	0.071326	0.081431	
2070	0.074177	0.068317	0.072194	0.078089	0.080311	0.086012	0.064336	0.084958	0.072177	0.083700	
2075	0.070149	0.068812	0.072274	0.077996	0.086775	0.085683	0.064059	0.086279	0.073596	0.081310	
2080	0.064568	0.070926	0.074275	0.075949	0.083866	0.083078	0.063662	0.082697	0.071393	0.077095	
2085	0.061612	0.073967	0.077477	0.077992	0.090766	0.083491	0.066079	0.084993	0.069389	0.075585	
2090	0.059559	0.072053	0.076558	0.075518	0.086676	0.081310	0.066001	0.088344	0.069591	0.073630	
2095	0.060446	0.067288	0.076452	0.070348	0.089201	0.085223	0.064169	0.086352	0.064132	0.079452	
2100	0.064483	0.069931	0.075164	0.072029	0.088732	0.085696	0.063997	0.084843	0.063889	0.075502	
2105	0.070811	0.068989	0.071586	0.075436	0.088848	0.086724	0.064417	0.088289	0.067775	0.070746	
2110	0.069195	0.071894	0.069486	0.068318	0.084637	0.087525	0.059882	0.085807	0.069394	0.073674	
2115	0.073697	0.071769	0.067937	0.066049	0.089947	0.085977	0.057023	0.088013	0.065232	0.072326	
2120	0.072319	0.076298	0.072109	0.067917	0.090234	0.087156	0.062116	0.091020	0.068289	0.066430	
2125	0.065641	0.082700	0.078201	0.067911	0.091049	0.086037	0.065285	0.090093	0.071919	0.069414	
2130	0.066099	0.084025	0.078920	0.068820	0.084629	0.089559	0.063983	0.088191	0.070548	0.066788	
2135	0.071578	0.085109	0.067852	0.071445	0.086570	0.085817	0.065624	0.088830	0.070005	0.064948	
2140	0.070180	0.088437	0.073129	0.070234	0.087984	0.087917	0.062603	0.089496	0.069811	0.065405	
2145	0.066142	0.087770	0.075826	0.072400	0.094306	0.088446	0.059277	0.086809	0.067801	0.069441	
2150	0.065148	0.082235	0.069295	0.073733	0.095937	0.088988	0.062581	0.088571	0.061919	0.069673	
2155	0.059760	0.085155	0.067400	0.073967	0.098421	0.087427	0.066862	0.091878	0.064309	0.072679	
2160	0.060786	0.085350	0.066370	0.070126	0.096365	0.088008	0.071104	0.087374	0.065692	0.068685	
2165	0.061025	0.086354	0.071157	0.074949	0.088541	0.089376	0.069622	0.085061	0.067507	0.069739	
2170	0.064289	0.085270	0.074275	0.075238	0.092242	0.089759	0.067012	0.088019	0.067130	0.067300	
2175	0.068448	0.083660	0.075669	0.074560	0.094734	0.084697	0.069596	0.089258	0.070530	0.070979	
2180	0.067665	0.078031	0.078174	0.072049	0.101358	0.085821	0.069299	0.092629	0.074841	0.075853	
2185	0.063415	0.083187	0.080105	0.076528	0.103440	0.084317	0.068749	0.090964	0.071156	0.075873	
2190	0.063862	0.082678	0.077457	0.076711	0.100135	0.089243	0.069534	0.089645	0.067834	0.076811	
2195	0.062080	0.080368	0.074688	0.076214	0.099530	0.086420	0.073343	0.089286	0.072681	0.081892	
2200	0.061059	0.086972	0.076505	0.076161	0.100433	0.086936	0.077008	0.088946	0.076217	0.087555	
2205	0.061222	0.081013	0.076913	0.075206	0.098087	0.087556	0.077310	0.084220	0.073713	0.088945	
2210	0.059427	0.087762	0.072401	0.074117	0.096887	0.091824	0.075573	0.086777	0.074475	0.081945	
2215	0.061031	0.084035	0.069373	0.072671	0.094496	0.089242	0.077579	0.089660	0.074462	0.086835	
2220	0.060633	0.086802	0.069033	0.070626	0.090683	0.085496	0.073130	0.088509	0.072373	0.088609	
2225	0.061243	0.085607	0.069346	0.071395	0.095268	0.083699	0.071312	0.088344	0.074617	0.090831	
2230	0.063145	0.085142	0.069310	0.070803	0.094020	0.084971	0.073528	0.088148	0.074415	0.087116	
2235	0.063273	0.083716	0.071005	0.074090	0.097888	0.080941	0.068715	0.086101	0.073982	0.085903	
2240	0.066425	0.078983	0.072877	0.070392	0.097460	0.079436	0.065991	0.084037	0.072430	0.086547	
2245	0.063370	0.080664	0.071585	0.067129	0.094689	0.078567	0.067848	0.088153	0.072106	0.085621	
2250	0.064974	0.082635	0.067641	0.070026	0.090787	0.078655	0.074193	0.086135	0.070751	0.086121	
2255	0.069520	0.083314	0.066485	0.067711	0.091201	0.079740	0.077215	0.085031	0.073576	0.087558	
2260	0.071509	0.092016	0.064874	0.067869	0.089486	0.080881	0.075884	0.088923	0.074859	0.090188	
2265	0.071598	0.094124	0.064241	0.068312	0.089546	0.080411	0.072768	0.091869	0.075240	0.093406	
2270	0.063570	0.086716	0.067222	0.064373	0.089514	0.076215	0.070906	0.096502	0.075970	0.088157	
2275	0.061029	0.085240	0.064652	0.063911	0.094641	0.076157	0.075560	0.087504	0.075345	0.091391	
2280	0.056199	0.082292	0.060719	0.064520	0.097352	0.075675	0.079624	0.085022	0.078656	0.089592	
2285	0.054794	0.084414	0.059820	0.065047	0.100210	0.073795	0.082057	0.085707	0.078349	0.082492	
2290	0.054617	0.087701	0.060939	0.062356	0.102704	0.069255	0.081435	0.087832	0.075145	0.085188	
2295	0.054458	0.090196	0.064073	0.061452	0.095866	0.069401	0.087160	0.087997	0.074382	0.087586	
2300	0.055109	0.089199	0.064811	0.065821	0.095333	0.070552	0.088037	0.084862	0.075756	0.086688	
2305	0.054692	0.095159	0.061953	0.063674	0.093087	0.072620	0.085910	0.083945	0.068027	0.085872	
2310	0.054747	0.086949	0.060736	0.063029	0.091307	0.066467	0.083088	0.081270	0.067694	0.084033	
2315	0.056014	0.084697	0.061708	0.057662	0.089788	0.068660	0.085765	0.086597	0.071344	0.081142	
2320	0.057872	0.090179	0.061121	0.054580	0.089078	0.066921	0.087828	0.088229	0.070309	0.078424	
2325	0.060108	0.091279	0.060677	0.053509	0.084941	0.065197	0.086965	0.087268	0.071543	0.077362	
2330	0.064181	0.090808	0.061843	0.054803	0.082702	0.063068	0.087933	0.085296	0.077250	0.080023	
2335	0.065606	0.093149	0.065089	0.058616	0.076851	0.059257	0.085347	0.084815	0.074950	0.080720	
2340	0.066614	0.094110	0.065121	0.058505	0.074225	0.060497	0.083494	0.086416	0.076032	0.082085	
2345	0.073971	0.093095	0.063414	0.055955	0.078717	0.066015	0.081259	0.081569	0.070888	0.085452	
2350	0.074579	0.091401	0.061080	0.060566	0.081549	0.062301	0.081767	0.081212	0.065906	0.087998	
2355	0.071293	0.087594	0.059677	0.058128	0.079830	0.062602	0.078612	0.085202	0.063655	0.082478	
2360	0.068632	0.085578	0.064571	0.061062	0.081286	0.063568	0.077999	0.084759	0.064193	0.086836	
2365	0.069769	0.083871	0.071344	0.060713	0.084198	0.064594	0.078670	0.085468	0.060572	0.085725	
2370	0.071667	0.080191	0.068191	0.056509	0.084872	0.068646	0.073855	0.086670	0.060093	0.080482	
2375	0.072942	0.078278	0.062557	0.056539	0.086554	0.071990	0.074797	0.086116	0.061440	0.082999	
2380	0.074967	0.078359	0.067505	0.060001	0.082504	0.073212	0.084644	0.083574	0.061919	0.086455	
2385	0.073389	0.077397	0.065636	0.061223	0.085145	0.077640	0.086557	0.082001	0.059955	0.084725	
2390	0.077804	0.076731	0.070410	0.062024	0.086263	0.075486	0.087250	0.078641	0.058783	0.084541	
2395	0.080441	0.080175	0.071869	0.063724	0.086627	0.077292	0.086716	0.080477	0.058712	0.083734	
2400	0.082456	0.081548	0.071347	0.062411	0.092431	0.072567	0.090987	0.077827	0.059725	0.084215	
2405	0.088099	0.082115	0.075849	0.063461	0.091964	0.072861	0.093486	0.078077	0.062789	0.082533	
2410	0.086230	0.079973	0.076808	0.062895	0.090415	0.066981	0.090565	0.077812	0.070453	0.079437	
2415	0.085372	0.080423	0.077747	0.063373	0.086816	0.071812	0.089307	0.078727	0.074583	0.078793	
2420	0.083800	0.083707	0.074775	0.062484	0.088229	0.073403	0.089042	0.083328	0.075394	0.079375	
2425	0.084411	0.081595	0.074429	0.065074	0.086170	0.075199	0.087442	0.085347	0.072688	0.077282	
2430	0.081327	0.082363	0.074420	0.065740	0.086434	0.073096	0.088454	0.084422	0.066440	0.081061	
2435	0.080440	0.085067	0.076943	0.065302	0.083827	0.077019	0.089757	0.081919	0.064852	0.076266	
2440	0.077540	0.086688	0.074779	0.065853	0.079149	0.074819	0.084544	0.078014	0.067483	0.075679	
2445	0.074939	0.087148	0.072433	0.061867	0.078367	0.076990	0.084537	0.076403	0.060510	0.076354	
2450	0.071308	0.089333	0.071625	0.066067	0.079246	0.079870	0.080056	0.077118	0.061185	0.075069	
2455	0.070180	0.091865	0.071343	0.065843	0.079691	0.079936	0.079054	0.077898	0.063383	0.073514	
2460	0.074515	0.089367	0.072828	0.064277	0.078284	0.083739	0.080090	0.075499	0.065053	0.077839	
2465	0.075693	0.089550	0.074120	0.066843	0.080717	0.082717	0.082105	0.078891	0.064171	0.077438	
2470	0.075841	0.089168	0.073821	0.070108	0.075383	0.080620	0.081907	0.076898	0.067417	0.078666	
2475	0.076878	0.086679	0.067829	0.068356	0.076216	0.083785	0.081083	0.081670	0.061639	0.078580	
2480	0.070191	0.084098	0.069358	0.066214	0.075733	0.084590	0.083154	0.085345	0.062464	0.068766	
2485	0.075793	0.077481	0.069236	0.067908	0.073087	0.084812	0.079211	0.077748	0.064952	0.068855	
2490	0.079310	0.079527	0.064547	0.067381	0.069551	0.084000	0.077027	0.079458	0.068067	0.068199	
2495	0.070928	0.084167	0.065462	0.066581	0.070076	0.084176	0.076113	0.076067	0.069937	0.068179	
2500	0.073566	0.084743	0.061717	0.062444	0.072641	0.085248	0.071467	0.073510	0.072186	0.067036	
2505	0.075268	0.081618	0.065065	0.062762	0.072925	0.085450	0.069841	0.078305	0.069749	0.068375	
2510	0.075847	0.080062	0.067069	0.064405	0.071807	0.082805	0.071922	0.077418	0.071316	0.068072	
2515	0.076213	0.079370	0.066044	0.069277	0.074324	0.084439	0.070967	0.081727	0.071582	0.066398	
2520	0.075907	0.080699	0.065603	0.066734	0.070602	0.079765	0.076505	0.082184	0.073518	0.068790	
2525	0.075943	0.081900	0.062490	0.070440	0.071414	0.077504	0.073979	0.078907	0.073945	0.065748	
2530	0.077130	0.078753	0.062154	0.068549	0.067278	0.077181	0.066327	0.079424	0.078694	0.062296	
2535	0.078001	0.078894	0.068232	0.067730	0.066365	0.079015	0.066119	0.078356	0.077862	0.060970	
2540	0.077698	0.077413	0.066914	0.074048	0.069334	0.079371	0.072862	0.077118	0.074742	0.061758	
2545	0.078137	0.076780	0.070358	0.076630	0.071015	0.078161	0.073382	0.076858	0.075624	0.064988	
2550	0.083189	0.079551	0.072398	0.079352	0.071725	0.079814	0.075053	0.073705	0.076540	0.064221	
2555	0.081601	0.080548	0.070747	0.080148	0.074548	0.079271	0.071387	0.071502	0.076268	0.065251	
2560	0.083551	0.080699	0.070256	0.079164	0.068969	0.078344	0.070748	0.069186	0.075549	0.061768	
2565	0.086432	0.075636	0.070562	0.075293	0.069768	0.080438	0.069307	0.071389	0.076677	0.063480	
2570	0.083345	0.082128	0.074171	0.078224	0.070178	0.081220	0.069922	0.075923	0.077768	0.062795	
2575	0.083169	0.082693	0.080511	0.075315	0.070870	0.086699	0.068126	0.075828	0.079506	0.061892	
2580	0.082679	0.086471	0.079238	0.072884	0.069658	0.086748	0.062081	0.073290	0.080035	0.060512	
2585	0.083133	0.091316	0.079709	0.079022	0.068802	0.085573	0.059210	0.074379	0.083110	0.061983	
2590	0.085021	0.083713	0.079649	0.085374	0.072565	0.087143	0.061744	0.074333	0.085135	0.061248	
2595	0.084927	0.082133	0.080197	0.085398	0.072046	0.085970	0.065610	0.073895	0.084825	0.060251	
2600	0.082579	0.083874	0.078606	0.089096	0.070290	0.087188	0.063493	0.076665	0.086743	0.059899	
2605	0.079117	0.081038	0.074121	0.088464	0.072396	0.084211	0.063845	0.070555	0.089383	0.060868	
2610	0.077893	0.079343	0.072522	0.084561	0.075472	0.083651	0.063081	0.071864	0.083435	0.063821	
2615	0.081382	0.077852	0.070688	0.083814	0.075246	0.081188	0.061755	0.073530	0.084616	0.063440	
2620	0.081523	0.080035	0.071670	0.077226	0.079824	0.082671	0.064490	0.073063	0.083442	0.066234	
2625	0.082726	0.079755	0.065415	0.075301	0.081154	0.082563	0.063473	0.072614	0.085256	0.066807	
2630	0.079838	0.077908	0.064410	0.074639	0.078684	0.084993	0.067573	0.072269	0.084869	0.062878	
2635	0.076289	0.080661	0.069948	0.081662	0.072878	0.087364	0.072022	0.073716	0.087001	0.065216	
2640	0.070231	0.081018	0.070410	0.082480	0.071727	0.087461	0.068688	0.075242	0.085366	0.065677	
2645	0.074201	0.078413	0.068898	0.077022	0.075181	0.088067	0.069613	0.078856	0.084228	0.061469	
2650	0.080135	0.075809	0.071128	0.077885	0.078759	0.085313	0.071878	0.071678	0.082734	0.063029	
2655	0.080225	0.074964	0.073216	0.079302	0.072138	0.088835	0.071668	0.068060	0.081869	0.065315	
2660	0.079532	0.075928	0.073423	0.077489	0.071791	0.088237	0.069949	0.068465	0.079988	0.064977	
2665	0.074848	0.077545	0.071982	0.076390	0.070928	0.092352	0.074746	0.073175	0.081941	0.064971	
2670	0.074390	0.079310	0.069451	0.075100	0.074143	0.087672	0.075037	0.076624	0.083096	0.067819	
2675	0.073559	0.079980	0.069738	0.071758	0.075383	0.087532	0.069340	0.076451	0.082717	0.068400	
2680	0.073344	0.081251	0.068640	0.072638	0.082846	0.089122	0.069743	0.082834	0.084472	0.070458	
2685	0.078529	0.084962	0.067642	0.071530	0.083328	0.090609	0.069019	0.079320	0.085254	0.069429	
2690	0.076577	0.085156	0.069150	0.069181	0.079232	0.090063	0.068434	0.079155	0.089139	0.070547	
2695	0.081369	0.083210	0.069460	0.062530	0.083347	0.091195	0.067151	0.074651	0.089544	0.066836	
2700	0.076303	0.080930	0.074599	0.066017	0.083364	0.085863	0.068067	0.076056	0.088723	0.064859	
2705	0.078110	0.078360	0.080718	0.064390	0.085474	0.079176	0.070033	0.077750	0.086578	0.065493	
2710	0.072964	0.077729	0.080647	0.062607	0.083170	0.076141	0.074173	0.076865	0.084809	0.065290	
2715	0.071315	0.079504	0.079817	0.061900	0.089298	0.073775	0.068385	0.076891	0.083748	0.062798	
2720	0.073428	0.078941	0.079395	0.064845	0.087261	0.073305	0.074636	0.073661	0.081531	0.059793	
2725	0.071555	0.078153	0.083314	0.067087	0.088775	0.074703	0.071377	0.073217	0.083406	0.060191	
2730	0.065207	0.078244	0.080318	0.063632	0.083538	0.069351	0.068371	0.067835	0.083418	0.062869	
2735	0.066179	0.077556	0.078884	0.066114	0.082875	0.074178	0.065881	0.070595	0.082591	0.062589	
2740	0.068350	0.079233	0.076017	0.071072	0.084908	0.076091	0.063619	0.072178	0.081232	0.061740	
2745	0.068803	0.082028	0.076711	0.071528	0.087256	0.078171	0.068077	0.070615	0.081088	0.064361	
2750	0.063817	0.080815	0.074762	0.069177	0.084012	0.074348	0.072644	0.071599	0.084667	0.063384	
2755	0.063685	0.079500	0.077884	0.067112	0.079644	0.079662	0.069974	0.073029	0.084262	0.064027	
2760	0.059140	0.079865	0.084051	0.065565	0.076352	0.081394	0.067642	0.073842	0.083615	0.064541	
2765	0.060587	0.080172	0.081418	0.062944	0.072289	0.079704	0.066065	0.075725	0.089991	0.064902	
2770	0.060956	0.080410	0.076173	0.063971	0.076045	0.077716	0.068956	0.076870	0.092121	0.065215	
2775	0.058547	0.079595	0.079238	0.062946	0.072957	0.076382	0.066670	0.072939	0.089694	0.067675	
2780	0.059195	0.081176	0.080580	0.060392	0.073519	0.072664	0.064575	0.075123	0.091444	0.069564	
2785	0.058719	0.081348	0.087441	0.059236	0.074104	0.072105	0.065727	0.073361	0.081281	0.069861	
2790	0.059009	0.079022	0.087843	0.060716	0.073893	0.073059	0.069448	0.071363	0.076579	0.066313	
2795	0.058955	0.086423	0.082991	0.063264	0.076062	0.073208	0.068527	0.073762	0.078742	0.068229	
2800	0.061343	0.087790	0.090081	0.059443	0.074719	0.074812	0.069794	0.074039	0.081866	0.066770	
2805	0.060404	0.081833	0.090817	0.067900	0.069610	0.071020	0.066375	0.073281	0.084342	0.068147	
2810	0.060492	0.079262	0.090834	0.062115	0.070829	0.070181	0.067996	0.071724	0.088311	0.068570	
2815	0.059926	0.080863	0.094595	0.060070	0.071641	0.068488	0.071785	0.072441	0.083014	0.069423	
2820	0.054044	0.078720	0.095055	0.056985	0.070339	0.067963	0.070215	0.072694	0.085670	0.064574	
2825	0.054820	0.076591	0.093254	0.057804	0.068445	0.076085	0.072883	0.069899	0.082967	0.060989	
2830	0.062470	0.076290	0.093062	0.060188	0.066608	0.077899	0.076425	0.070907	0.080808	0.062238	
2835	0.061242	0.082929	0.091806	0.063003	0.064265	0.078147	0.073675	0.072064	0.083160	0.061742	
2840	0.060722	0.080593	0.091363	0.061185	0.068589	0.076959	0.073571	0.070190	0.082880	0.069340	
2845	0.062507	0.080942	0.086876	0.062156	0.065631	0.078390	0.069004	0.067860	0.083991	0.072686	
2850	0.064855	0.080213	0.087897	0.061188	0.068264	0.080068	0.072585	0.068448	0.077698	0.072171	
2855	0.063153	0.084081	0.084818	0.062010	0.069785	0.088830	0.072862	0.067841	0.081460	0.073149	
2860	0.062357	0.083856	0.087024	0.060247	0.071623	0.089248	0.075888	0.069848	0.082762	0.073737	
2865	0.065775	0.084556	0.087147	0.056126	0.074573	0.089169	0.070869	0.069640	0.080039	0.078690	
2870	0.066504	0.085145	0.083809	0.057548	0.068758	0.091269	0.067851	0.068565	0.080633	0.079880	
2875	0.072871	0.082896	0.076316	0.059204	0.065570	0.093683	0.072901	0.069818	0.088608	0.083898	
2880	0.070392	0.085857	0.074452	0.054544	0.065034	0.096475	0.072861	0.069200	0.092775	0.082904	
2885	0.069023	0.088776	0.073642	0.050858	0.069583	0.093275	0.077497	0.071997	0.097224	0.082457	
2890	0.071328	0.083557	0.073764	0.049283	0.071239	0.091409	0.073627	0.073869	0.098488	0.077192	
2895	0.069506	0.085336	0.071755	0.046020	0.075495	0.089925	0.074328	0.069446	0.101207	0.076106	
2900	0.069737	0.082125	0.068927	0.047028	0.073311	0.085604	0.076005	0.073610	0.101982	0.074363	
2905	0.067025	0.084937	0.069058	0.043176	0.071296	0.083728	0.067796	0.067894	0.098073	0.072906	
2910	0.065494	0.084675	0.071918	0.046150	0.070026	0.077942	0.065007	0.067328	0.096697	0.070339	
2915	0.067511	0.086346	0.072549	0.050423	0.070950	0.081072	0.064795	0.069957	0.100867	0.077730	
2920	0.064042	0.085127	0.072836	0.052336	0.071606	0.078331	0.071086	0.066580	0.097971	0.076747	
2925	0.060423	0.084319	0.072773	0.053139	0.071332	0.074665	0.076713	0.066343	0.095164	0.071366	
2930	0.066481	0.084449	0.074451	0.052392	0.072143	0.077399	0.079008	0.066321	0.101377	0.071496	
2935	0.065372	0.081322	0.076615	0.047693	0.076124	0.080989	0.077365	0.064731	0.099732	0.074801	
2940	0.067234	0.083489	0.071892	0.044492	0.076110	0.084579	0.077460	0.060643	0.098977	0.075489	
2945	0.072617	0.088422	0.074252	0.050526	0.071738	0.086467	0.074565	0.061735	0.100340	0.078436	
2950	0.073779	0.090660	0.071233	0.050692	0.066047	0.090214	0.073848	0.062843	0.104488	0.079637	
2955	0.075010	0.090835	0.072421	0.052814	0.068797	0.085665	0.073355	0.064068	0.101584	0.077872	
2960	0.073703	0.093948	0.076460	0.053871	0.067676	0.082663	0.074450	0.064514	0.101536	0.079125	
2965	0.076442	0.094231	0.077422	0.055718	0.060860	0.083872	0.072666	0.067667	0.101457	0.074897	
2970	0.077769	0.092066	0.072678	0.059876	0.061556	0.091103	0.073535	0.068386	0.102783	0.075994	
2975	0.083141	0.090993	0.069343	0.058848	0.065847	0.089018	0.076825	0.064235	0.097183	0.075444	
2980	0.078514	0.088376	0.072093	0.058559	0.069793	0.083984	0.077010	0.060202	0.096296	0.072851	
2985	0.075893	0.085993	0.068873	0.063164	0.067700	0.086173	0.080887	0.062650	0.096116	0.075921	
2990	0.077546	0.090378	0.064553	0.061476	0.069165	0.084521	0.079081	0.064156	0.093536	0.073907	
2995	0.079037	0.083624	0.065750	0.057313	0.069793	0.088641	0.076142	0.066065	0.094558	0.074191	
3000	0.084133	0.082459	0.068592	0.055835	0.066077	0.089232	0.075914	0.070510	0.092063	0.072533	
