T	rep_1	rep_2	rep_3	rep_4	rep_5	rep_6	rep_7	rep_8	rep_9	rep_10
5	0.012143	0.008565	0.011693	0.010832	0.017779	0.013131	0.013617	0.014712	0.009167	0.017698	
10	0.153519	0.122840	0.141609	0.124965	0.138490	0.146296	0.142926	0.147057	0.141661	0.163968	
15	0.233762	0.220311	0.182815	0.202569	0.238414	0.212237	0.203903	0.218803	0.215800	0.218661	
20	0.317918	0.272145	0.208065	0.255391	0.335400	0.245349	0.249220	0.275253	0.260604	0.282861	
25	0.352900	0.310454	0.245522	0.301544	0.388881	0.270774	0.318247	0.324437	0.301450	0.346452	
30	0.368950	0.344801	0.307908	0.343557	0.412007	0.309683	0.390399	0.382349	0.356816	0.399471	
35	0.393266	0.385676	0.368872	0.391788	0.423840	0.373497	0.445306	0.426770	0.441169	0.436032	
40	0.422840	0.417219	0.416011	0.432706	0.431386	0.438720	0.485099	0.462183	0.495491	0.461300	
45	0.464493	0.445444	0.453244	0.456700	0.445133	0.497237	0.502024	0.482239	0.527323	0.483365	
50	0.500332	0.472384	0.481231	0.476514	0.456652	0.534262	0.514340	0.505714	0.541619	0.506027	
55	0.534611	0.494303	0.503195	0.492018	0.471932	0.557239	0.528315	0.528521	0.554226	0.526804	
60	0.558516	0.517483	0.515238	0.509284	0.492221	0.573903	0.532457	0.547661	0.565475	0.545020	
65	0.575758	0.531004	0.524317	0.525083	0.511845	0.590852	0.546948	0.564736	0.575510	0.559135	
70	0.591673	0.546126	0.533583	0.537201	0.529542	0.599552	0.560230	0.574277	0.583426	0.572411	
75	0.609229	0.556263	0.546838	0.553710	0.545440	0.606276	0.565295	0.590947	0.588927	0.583664	
80	0.615445	0.572237	0.557391	0.567332	0.562162	0.608580	0.574127	0.593047	0.598119	0.594076	
85	0.623330	0.582973	0.565828	0.574288	0.575066	0.615770	0.582063	0.598010	0.610067	0.608186	
90	0.631301	0.589716	0.572024	0.586612	0.582682	0.616992	0.591241	0.604355	0.614367	0.615890	
95	0.640577	0.599284	0.575663	0.601357	0.588863	0.622764	0.601349	0.611693	0.620076	0.620006	
100	0.653290	0.606729	0.587626	0.605188	0.600672	0.631134	0.608277	0.617785	0.623809	0.622864	
105	0.657264	0.608797	0.597631	0.611767	0.610010	0.631933	0.618243	0.625974	0.622582	0.624389	
110	0.652566	0.611523	0.604094	0.620091	0.614319	0.631673	0.625536	0.632894	0.626776	0.627796	
115	0.650643	0.614675	0.607788	0.620186	0.612988	0.627772	0.630802	0.629312	0.629046	0.627107	
120	0.651096	0.619583	0.614631	0.617425	0.612472	0.627142	0.644986	0.627195	0.631226	0.633188	
125	0.643048	0.622441	0.611789	0.615276	0.612315	0.625924	0.639143	0.625738	0.630020	0.635195	
130	0.631080	0.624342	0.616257	0.617613	0.610108	0.621675	0.635639	0.620978	0.626845	0.631646	
135	0.626330	0.616416	0.607166	0.610466	0.605933	0.621813	0.626993	0.625097	0.620370	0.625550	
140	0.611764	0.615746	0.599761	0.607149	0.603074	0.609790	0.620497	0.621429	0.615992	0.623306	
145	0.595228	0.609406	0.594126	0.597600	0.593451	0.599250	0.604949	0.614623	0.611308	0.610744	
150	0.574990	0.601873	0.586348	0.592959	0.593649	0.595063	0.597529	0.603533	0.601154	0.600785	
155	0.559654	0.595304	0.576154	0.592222	0.593944	0.590587	0.588878	0.592299	0.600014	0.592933	
160	0.548760	0.595023	0.569919	0.588287	0.581809	0.586903	0.580223	0.583025	0.595857	0.588425	
165	0.530265	0.585662	0.561313	0.585464	0.574784	0.585141	0.572250	0.571850	0.587824	0.579517	
170	0.531398	0.582302	0.555537	0.582747	0.565125	0.576500	0.562699	0.564608	0.576776	0.567754	
175	0.523157	0.575975	0.554069	0.579658	0.558646	0.568100	0.555623	0.553503	0.568037	0.562408	
180	0.520646	0.564936	0.550569	0.574942	0.553505	0.558639	0.549992	0.549219	0.561746	0.559447	
185	0.518442	0.559844	0.548335	0.570663	0.542611	0.555497	0.544982	0.550255	0.559101	0.550040	
190	0.514494	0.548475	0.546817	0.566931	0.535068	0.548100	0.538890	0.554026	0.552453	0.547047	
195	0.513283	0.541923	0.544123	0.564365	0.532624	0.543443	0.542511	0.545464	0.549021	0.537116	
200	0.511986	0.542971	0.541041	0.561341	0.529536	0.545569	0.537459	0.543497	0.544812	0.527504	
205	0.510679	0.538835	0.545194	0.556964	0.524252	0.542555	0.539151	0.540168	0.542031	0.528024	
210	0.509225	0.534973	0.544097	0.553992	0.520821	0.540447	0.538394	0.531985	0.533952	0.528792	
215	0.509091	0.533078	0.536996	0.547503	0.519189	0.535199	0.532744	0.523273	0.532641	0.528275	
220	0.503289	0.531162	0.535325	0.546279	0.519254	0.530294	0.534025	0.518568	0.527893	0.521032	
225	0.500607	0.523701	0.536872	0.541409	0.513589	0.523070	0.532123	0.513266	0.524533	0.520897	
230	0.498259	0.522895	0.535870	0.537627	0.513144	0.516642	0.530006	0.517124	0.521165	0.522349	
235	0.496995	0.521784	0.529196	0.533814	0.516807	0.508954	0.528051	0.518606	0.515417	0.520790	
240	0.500974	0.521189	0.526491	0.532851	0.515081	0.499630	0.529733	0.513883	0.513302	0.520001	
245	0.499434	0.516146	0.522419	0.532608	0.511831	0.499125	0.525673	0.513976	0.508478	0.523805	
250	0.494056	0.518386	0.523548	0.527500	0.511445	0.495350	0.522928	0.509913	0.505152	0.514168	
255	0.491636	0.518129	0.520430	0.519274	0.514722	0.491243	0.521408	0.511416	0.497073	0.510734	
260	0.492894	0.509882	0.518619	0.516867	0.513510	0.498810	0.518462	0.512500	0.495254	0.513302	
265	0.494760	0.507659	0.513572	0.513781	0.508116	0.501912	0.511447	0.505092	0.494704	0.506312	
270	0.501354	0.507429	0.512387	0.510809	0.504989	0.498955	0.509939	0.507051	0.488450	0.504152	
275	0.500395	0.507505	0.513623	0.503548	0.507714	0.501072	0.501993	0.513297	0.489204	0.500649	
280	0.505052	0.503475	0.508926	0.499843	0.506413	0.497377	0.505069	0.514921	0.492366	0.501156	
285	0.502522	0.504895	0.506512	0.504192	0.499070	0.503254	0.506120	0.512571	0.495462	0.508955	
290	0.502893	0.504088	0.503363	0.502460	0.490317	0.506002	0.504040	0.510631	0.492825	0.507120	
295	0.496508	0.506279	0.505211	0.501861	0.486641	0.499948	0.503983	0.510044	0.495721	0.503995	
300	0.495921	0.507054	0.506516	0.501497	0.483137	0.501053	0.509284	0.506315	0.498589	0.506864	
305	0.494419	0.507454	0.499884	0.503972	0.484559	0.495882	0.508143	0.505405	0.497324	0.506671	
310	0.492211	0.502594	0.500128	0.498852	0.476879	0.493782	0.506999	0.500965	0.497227	0.501984	
315	0.489659	0.503499	0.501401	0.496573	0.476664	0.491813	0.508886	0.500070	0.494911	0.502007	
320	0.492784	0.503656	0.499066	0.497526	0.474153	0.495074	0.505020	0.500226	0.492781	0.506267	
325	0.493791	0.499742	0.497833	0.495820	0.474790	0.493457	0.505752	0.498230	0.486723	0.504009	
330	0.494832	0.494797	0.495538	0.492067	0.479724	0.492469	0.502153	0.499212	0.487383	0.501662	
335	0.493964	0.495184	0.498102	0.491191	0.483183	0.489825	0.496862	0.499033	0.487224	0.502490	
340	0.498798	0.496062	0.496366	0.488364	0.486899	0.486739	0.501586	0.493687	0.487977	0.501142	
345	0.499543	0.494037	0.500819	0.485253	0.487692	0.492841	0.502938	0.500113	0.485558	0.503160	
350	0.499611	0.490030	0.501117	0.484465	0.482259	0.496535	0.507096	0.501180	0.486538	0.500437	
355	0.499592	0.487541	0.499294	0.481375	0.479742	0.492159	0.506141	0.501497	0.485473	0.499389	
360	0.496776	0.481548	0.494179	0.483105	0.474006	0.495602	0.504224	0.500891	0.491447	0.501486	
365	0.497222	0.477940	0.494701	0.484886	0.470595	0.495946	0.503491	0.499756	0.492601	0.495437	
370	0.500861	0.480195	0.492520	0.486325	0.470710	0.498074	0.504176	0.498898	0.485399	0.492944	
375	0.502438	0.477427	0.492133	0.482889	0.471086	0.499070	0.505152	0.500663	0.483759	0.492450	
380	0.500248	0.481079	0.492903	0.477886	0.470913	0.498375	0.505623	0.499439	0.484809	0.495171	
385	0.501727	0.483281	0.496186	0.482959	0.470313	0.491637	0.503243	0.500158	0.486224	0.495058	
390	0.497645	0.482501	0.496977	0.483669	0.468312	0.490686	0.500690	0.500183	0.487479	0.497742	
395	0.500891	0.480545	0.499107	0.486763	0.464069	0.492884	0.501003	0.502134	0.484125	0.494700	
400	0.502261	0.478664	0.494963	0.484909	0.464544	0.492231	0.498368	0.506208	0.486506	0.493461	
405	0.503189	0.478682	0.496060	0.481103	0.466966	0.494604	0.503210	0.509113	0.487387	0.494883	
410	0.501393	0.477398	0.499555	0.475642	0.465508	0.498672	0.504719	0.508332	0.490891	0.489204	
415	0.499024	0.479627	0.501871	0.477116	0.467759	0.499370	0.502975	0.505656	0.492532	0.489344	
420	0.501207	0.487413	0.503971	0.475073	0.469942	0.497104	0.506038	0.505058	0.495800	0.492259	
425	0.502642	0.483115	0.504849	0.474936	0.472342	0.496471	0.507620	0.497980	0.493987	0.494392	
430	0.500584	0.484946	0.507315	0.476782	0.472297	0.498250	0.505059	0.497230	0.490477	0.488941	
435	0.502449	0.480538	0.506729	0.475061	0.469798	0.502639	0.500942	0.498881	0.486040	0.490531	
440	0.501903	0.479927	0.503020	0.477211	0.465540	0.505209	0.502845	0.501819	0.487886	0.491455	
445	0.502065	0.481320	0.503327	0.485961	0.467652	0.502916	0.504894	0.502214	0.491881	0.494756	
450	0.500977	0.481347	0.505235	0.486317	0.471610	0.499745	0.508115	0.501793	0.490344	0.495125	
455	0.502287	0.480362	0.501546	0.484627	0.472278	0.498849	0.503050	0.503613	0.493489	0.494988	
460	0.503244	0.482720	0.501897	0.484591	0.471163	0.495109	0.503478	0.505892	0.496858	0.494567	
465	0.499939	0.478568	0.502694	0.488927	0.474357	0.492965	0.502411	0.504363	0.498019	0.495168	
470	0.499630	0.480128	0.500340	0.491318	0.478655	0.491548	0.502285	0.506777	0.497825	0.494193	
475	0.493101	0.482022	0.505135	0.492584	0.476744	0.490303	0.507253	0.504943	0.503504	0.493537	
480	0.493215	0.481857	0.504190	0.491119	0.482462	0.491776	0.506325	0.501604	0.503711	0.492186	
485	0.496307	0.482800	0.502729	0.488385	0.481421	0.491985	0.503762	0.505224	0.509543	0.491531	
490	0.497939	0.481645	0.502705	0.489709	0.479108	0.489410	0.506013	0.507292	0.510944	0.491265	
495	0.500537	0.481843	0.502721	0.489740	0.484189	0.490109	0.503629	0.506399	0.505459	0.495110	
500	0.496106	0.481496	0.508729	0.491054	0.487291	0.489970	0.497251	0.504242	0.508432	0.497897	
505	0.493864	0.482550	0.507798	0.493273	0.487795	0.492125	0.498410	0.500542	0.512623	0.492331	
510	0.494992	0.481349	0.506284	0.491578	0.487358	0.489270	0.501576	0.502424	0.508125	0.493629	
515	0.495827	0.480444	0.504346	0.493831	0.486154	0.491124	0.504912	0.506892	0.511810	0.494702	
520	0.497671	0.478715	0.500195	0.494737	0.487113	0.491956	0.502526	0.512765	0.511531	0.496959	
525	0.498575	0.479170	0.501937	0.496199	0.487036	0.495818	0.498891	0.513499	0.509821	0.499308	
530	0.502232	0.487439	0.503897	0.497838	0.485933	0.500258	0.498749	0.515817	0.508834	0.495243	
535	0.505392	0.482390	0.503109	0.495982	0.484716	0.496711	0.502276	0.513595	0.508367	0.497653	
540	0.506630	0.482060	0.500679	0.494876	0.485348	0.497953	0.496565	0.510933	0.507828	0.496881	
545	0.506144	0.481872	0.502012	0.494188	0.486039	0.500377	0.494661	0.513534	0.504883	0.496910	
550	0.507094	0.484931	0.500881	0.489476	0.489211	0.506885	0.495910	0.513498	0.503367	0.497971	
555	0.508812	0.484324	0.503261	0.489147	0.488324	0.504224	0.495285	0.510748	0.502071	0.496020	
560	0.504412	0.484452	0.504717	0.487284	0.491747	0.502596	0.493586	0.512415	0.500774	0.498188	
565	0.507990	0.481742	0.504477	0.491709	0.495642	0.500937	0.491966	0.515043	0.502012	0.505809	
570	0.511080	0.487883	0.508357	0.492604	0.494627	0.499326	0.490482	0.520609	0.498884	0.504153	
575	0.509024	0.487216	0.505980	0.496646	0.492572	0.504696	0.486254	0.520975	0.502983	0.501197	
580	0.508772	0.488197	0.505065	0.500923	0.497149	0.503933	0.479876	0.519174	0.501743	0.500290	
585	0.508479	0.489854	0.510297	0.501183	0.497710	0.502415	0.479521	0.513499	0.505879	0.498095	
590	0.505966	0.492322	0.506964	0.501072	0.500415	0.502735	0.480690	0.512332	0.504494	0.498515	
595	0.509512	0.492205	0.505936	0.504303	0.496180	0.499278	0.480699	0.516495	0.503443	0.502825	
600	0.509193	0.495471	0.502994	0.500139	0.493425	0.496551	0.481645	0.516299	0.503470	0.502530	
605	0.508001	0.496402	0.500384	0.498927	0.496190	0.496727	0.480731	0.516837	0.500399	0.498966	
610	0.510503	0.495128	0.497100	0.499416	0.495738	0.494666	0.485418	0.518711	0.500366	0.499183	
615	0.508359	0.497222	0.493638	0.497592	0.493881	0.493811	0.488086	0.519527	0.503209	0.500576	
620	0.510341	0.496613	0.492997	0.497351	0.493781	0.492859	0.490060	0.519251	0.507686	0.500369	
625	0.513224	0.498149	0.491336	0.499622	0.497233	0.487914	0.490540	0.515378	0.507648	0.499919	
630	0.515123	0.496683	0.486606	0.495205	0.498134	0.487746	0.487868	0.511722	0.503728	0.500868	
635	0.520761	0.497240	0.491928	0.494166	0.504184	0.489711	0.483498	0.510952	0.504621	0.505924	
640	0.519905	0.491684	0.492080	0.492792	0.506559	0.493325	0.484215	0.509149	0.501753	0.508028	
645	0.514840	0.488997	0.492628	0.492435	0.504475	0.494357	0.478751	0.509099	0.498592	0.507622	
650	0.512472	0.491257	0.490175	0.494051	0.503068	0.493058	0.477154	0.509034	0.498831	0.509137	
655	0.508035	0.493392	0.492448	0.495824	0.505545	0.489850	0.479698	0.508564	0.504126	0.508517	
660	0.511769	0.497042	0.494852	0.503059	0.507411	0.489203	0.472095	0.509802	0.508145	0.511231	
665	0.510352	0.499372	0.495183	0.501535	0.507759	0.490198	0.473149	0.509828	0.508577	0.511022	
670	0.510573	0.499476	0.496414	0.501901	0.504969	0.490259	0.470771	0.508122	0.505459	0.504744	
675	0.513596	0.496352	0.498624	0.500392	0.501498	0.488214	0.472608	0.506193	0.506874	0.506784	
680	0.509999	0.491561	0.496665	0.501030	0.500879	0.493445	0.478787	0.506555	0.505438	0.503149	
685	0.510370	0.495578	0.496800	0.502802	0.497585	0.495646	0.473672	0.508438	0.507804	0.500614	
690	0.515986	0.492482	0.493948	0.501277	0.497883	0.492386	0.472707	0.505336	0.512541	0.496639	
695	0.517564	0.499327	0.495666	0.505467	0.503089	0.496423	0.472951	0.504333	0.519383	0.497973	
700	0.516319	0.495035	0.493530	0.503724	0.501802	0.491570	0.473707	0.503726	0.520356	0.496047	
705	0.515260	0.496540	0.495113	0.502381	0.504387	0.494927	0.478273	0.503578	0.519669	0.497090	
710	0.512837	0.499125	0.498107	0.499145	0.503054	0.495683	0.479188	0.504538	0.516941	0.497472	
715	0.508440	0.499411	0.500926	0.495787	0.504589	0.497065	0.478704	0.506474	0.518501	0.493315	
720	0.506417	0.495719	0.499391	0.496730	0.502292	0.496561	0.478879	0.509669	0.512494	0.496249	
725	0.504491	0.491662	0.501734	0.496386	0.499953	0.496777	0.480604	0.510109	0.511340	0.497814	
730	0.504164	0.492308	0.499693	0.495192	0.498462	0.495569	0.482958	0.512185	0.511485	0.492274	
735	0.511739	0.492866	0.495494	0.493695	0.499215	0.493967	0.485935	0.507834	0.511161	0.493400	
740	0.510919	0.493928	0.501191	0.492670	0.497596	0.488301	0.487528	0.504192	0.512524	0.495923	
745	0.514853	0.496269	0.502307	0.493671	0.495099	0.485615	0.488041	0.502862	0.512665	0.496333	
750	0.513669	0.494233	0.508150	0.498223	0.495039	0.489181	0.485736	0.502898	0.509894	0.500534	
755	0.512612	0.496356	0.505190	0.498700	0.495015	0.492563	0.486316	0.504440	0.506176	0.501960	
760	0.508096	0.496886	0.503719	0.496730	0.498287	0.495301	0.488912	0.500471	0.507900	0.499099	
765	0.507563	0.494583	0.502105	0.496895	0.496072	0.493581	0.487645	0.501513	0.509017	0.498993	
770	0.507464	0.497242	0.504888	0.498473	0.495437	0.492650	0.493338	0.500755	0.509891	0.496977	
775	0.510555	0.496794	0.500576	0.499887	0.500720	0.490949	0.493892	0.500959	0.510000	0.495417	
780	0.509692	0.496655	0.499733	0.500481	0.497303	0.491904	0.492876	0.498409	0.510935	0.497564	
785	0.506634	0.500853	0.500761	0.508583	0.497179	0.492600	0.494993	0.497134	0.508579	0.501834	
790	0.507810	0.502590	0.500625	0.506489	0.497530	0.494472	0.498506	0.495104	0.509651	0.500091	
795	0.503103	0.502063	0.499572	0.508139	0.499212	0.494738	0.495831	0.495292	0.511745	0.500614	
800	0.500126	0.501682	0.498032	0.502660	0.503127	0.495853	0.495394	0.492831	0.509477	0.497538	
805	0.505009	0.501766	0.497266	0.505612	0.503303	0.498188	0.495684	0.495056	0.512649	0.495468	
810	0.508395	0.499156	0.493402	0.506823	0.503983	0.494235	0.498458	0.496063	0.514339	0.486194	
815	0.510624	0.501517	0.493753	0.508598	0.502958	0.495085	0.496194	0.499684	0.520858	0.491225	
820	0.506204	0.501452	0.496322	0.507690	0.502667	0.497165	0.496494	0.500199	0.516165	0.490106	
825	0.507137	0.501643	0.495497	0.509742	0.502072	0.497846	0.494905	0.497622	0.512839	0.492214	
830	0.505549	0.502709	0.494017	0.507076	0.501842	0.496934	0.495455	0.493925	0.518894	0.490999	
835	0.501359	0.501969	0.494634	0.507040	0.503872	0.496962	0.496186	0.492656	0.519744	0.492050	
840	0.500175	0.500173	0.494202	0.506681	0.501550	0.502732	0.498528	0.490297	0.515331	0.491580	
845	0.502246	0.497777	0.497799	0.502526	0.509020	0.504639	0.498631	0.492748	0.513494	0.491811	
850	0.504515	0.498056	0.496980	0.501864	0.508602	0.505568	0.496907	0.494086	0.512495	0.493172	
855	0.503327	0.500980	0.497734	0.499217	0.512063	0.506991	0.500283	0.496206	0.509923	0.494032	
860	0.506000	0.501430	0.502298	0.494428	0.510643	0.501292	0.500518	0.497466	0.508439	0.496680	
865	0.507559	0.500141	0.499188	0.494627	0.507762	0.502865	0.502186	0.499777	0.507763	0.495180	
870	0.511044	0.500192	0.501118	0.495959	0.503911	0.500646	0.500556	0.504427	0.506657	0.497148	
875	0.508004	0.501498	0.504487	0.498705	0.507404	0.505202	0.499458	0.507829	0.501288	0.500052	
880	0.506091	0.501612	0.503234	0.501085	0.506980	0.507018	0.504118	0.511382	0.500932	0.496760	
885	0.508254	0.501832	0.501023	0.495143	0.508805	0.503136	0.501648	0.509525	0.504930	0.496814	
890	0.505628	0.503187	0.500286	0.495927	0.509197	0.502413	0.501112	0.507590	0.503509	0.496185	
895	0.505150	0.504050	0.503355	0.495337	0.503854	0.501675	0.497792	0.510465	0.504068	0.500045	
900	0.504980	0.506285	0.504914	0.491852	0.500788	0.501929	0.496425	0.517069	0.505761	0.500609	
905	0.502294	0.508794	0.504868	0.490009	0.499706	0.502964	0.494502	0.517089	0.507371	0.501106	
910	0.504598	0.503346	0.505784	0.492202	0.500309	0.505508	0.500066	0.515324	0.509038	0.503243	
915	0.506896	0.503439	0.503287	0.493291	0.504087	0.507685	0.498150	0.514187	0.503948	0.507922	
920	0.505233	0.504314	0.500081	0.490750	0.503172	0.509042	0.495615	0.515691	0.503229	0.503591	
925	0.504475	0.502709	0.499501	0.487973	0.509574	0.515526	0.492561	0.516807	0.500607	0.504179	
930	0.502746	0.502995	0.500555	0.486716	0.510561	0.517430	0.490323	0.518106	0.500476	0.504735	
935	0.500496	0.502772	0.494544	0.487761	0.508449	0.512859	0.491541	0.514069	0.498798	0.506716	
940	0.498604	0.500756	0.495636	0.488378	0.510050	0.511817	0.493253	0.512997	0.492004	0.505179	
945	0.499270	0.497258	0.492394	0.489894	0.509064	0.510350	0.495012	0.506863	0.490723	0.506865	
950	0.498036	0.496965	0.491451	0.492725	0.509884	0.511383	0.499118	0.507912	0.490633	0.506028	
955	0.492026	0.494758	0.494874	0.488791	0.504919	0.515041	0.501560	0.509392	0.489679	0.503588	
960	0.493011	0.496750	0.494063	0.488789	0.507881	0.510863	0.503248	0.508274	0.494943	0.505672	
965	0.494151	0.495443	0.496090	0.490744	0.510532	0.506173	0.504111	0.510593	0.492013	0.502507	
970	0.496692	0.499835	0.499796	0.490807	0.509357	0.504274	0.503004	0.508677	0.492063	0.496747	
975	0.497542	0.500086	0.495705	0.490501	0.511826	0.506729	0.501600	0.510382	0.498015	0.496452	
980	0.496352	0.498148	0.498928	0.489813	0.509965	0.507946	0.497564	0.506590	0.495290	0.496310	
985	0.496494	0.500340	0.497517	0.488572	0.503939	0.507099	0.497513	0.508909	0.489380	0.496560	
990	0.496949	0.502395	0.494293	0.489137	0.509561	0.510513	0.496156	0.507138	0.490809	0.496636	
995	0.497379	0.498174	0.496476	0.487196	0.508225	0.507817	0.494765	0.504764	0.493192	0.493972	
1000	0.496806	0.498015	0.493431	0.486785	0.512998	0.507581	0.492428	0.506124	0.493047	0.493506	
1005	0.500232	0.494681	0.494050	0.488677	0.512800	0.500632	0.489035	0.512689	0.494130	0.494123	
1010	0.498136	0.491542	0.495083	0.485032	0.513263	0.501838	0.490037	0.513730	0.495556	0.492835	
1015	0.494352	0.487515	0.496476	0.487545	0.513418	0.499303	0.490784	0.513875	0.494538	0.493554	
1020	0.497507	0.482254	0.496050	0.484636	0.516685	0.500425	0.491274	0.509035	0.490974	0.495475	
1025	0.498724	0.482460	0.492456	0.484977	0.516755	0.502269	0.488816	0.506081	0.491377	0.494110	
1030	0.498884	0.482720	0.493780	0.486459	0.521952	0.504093	0.489480	0.506567	0.487898	0.492140	
1035	0.500485	0.483069	0.494034	0.490269	0.518413	0.507722	0.487932	0.507051	0.486992	0.489500	
1040	0.500718	0.483327	0.496160	0.492681	0.521307	0.507389	0.490911	0.504821	0.488217	0.489741	
1045	0.502472	0.483947	0.495380	0.494037	0.516682	0.509812	0.492601	0.505509	0.486371	0.493758	
1050	0.505736	0.485669	0.499912	0.495670	0.519472	0.509615	0.490665	0.513469	0.487823	0.493213	
1055	0.507091	0.485637	0.500976	0.494954	0.517277	0.512495	0.491177	0.511164	0.486574	0.496701	
1060	0.504399	0.488207	0.501775	0.493895	0.517116	0.512562	0.489600	0.508492	0.487941	0.497681	
1065	0.508047	0.485557	0.501337	0.492545	0.515050	0.508620	0.491064	0.512539	0.489977	0.498672	
1070	0.506824	0.487062	0.501338	0.491918	0.513027	0.505637	0.495317	0.510705	0.493227	0.503715	
1075	0.509991	0.488767	0.504745	0.491735	0.512695	0.506288	0.487768	0.509094	0.497789	0.507656	
1080	0.505723	0.488831	0.508557	0.493160	0.511782	0.505359	0.487301	0.505775	0.496422	0.511043	
1085	0.505623	0.488687	0.512568	0.492711	0.510218	0.504559	0.486275	0.510648	0.498145	0.505804	
1090	0.503896	0.489050	0.514881	0.497758	0.511589	0.503299	0.482729	0.514494	0.493893	0.507513	
1095	0.503510	0.492256	0.516264	0.495606	0.509651	0.502372	0.481459	0.512920	0.492934	0.506380	
1100	0.504282	0.494191	0.515044	0.494752	0.513505	0.498024	0.485495	0.511940	0.496332	0.507671	
1105	0.506147	0.494412	0.517102	0.497043	0.507819	0.497124	0.489441	0.510395	0.496100	0.509150	
1110	0.509418	0.491114	0.517789	0.499969	0.504553	0.495560	0.489154	0.508337	0.493866	0.505590	
1115	0.507131	0.493045	0.516727	0.499375	0.503703	0.497893	0.493419	0.505985	0.496801	0.508031	
1120	0.509013	0.489802	0.518320	0.500643	0.506460	0.498682	0.496299	0.505511	0.496569	0.507523	
1125	0.512902	0.489007	0.519597	0.499657	0.506434	0.500295	0.498130	0.505348	0.495199	0.506004	
1130	0.512589	0.495557	0.518990	0.498854	0.509962	0.505666	0.505692	0.508449	0.502666	0.504575	
1135	0.507858	0.495330	0.513693	0.498090	0.512561	0.508761	0.510833	0.506157	0.502061	0.501785	
1140	0.508741	0.497369	0.510679	0.500346	0.510050	0.505473	0.507482	0.505006	0.504401	0.502038	
1145	0.507763	0.497722	0.508957	0.498798	0.505548	0.504432	0.509692	0.511096	0.501355	0.505749	
1150	0.508337	0.499517	0.510075	0.500713	0.503036	0.505848	0.512180	0.510033	0.501112	0.506853	
1155	0.505948	0.501009	0.509710	0.499845	0.504178	0.508332	0.510568	0.512735	0.500496	0.507705	
1160	0.505825	0.495945	0.507332	0.498369	0.506375	0.510396	0.513480	0.515907	0.501918	0.505058	
1165	0.506346	0.497425	0.512846	0.499737	0.513728	0.513273	0.508685	0.516965	0.503715	0.505621	
1170	0.502100	0.497782	0.508945	0.502766	0.511853	0.509053	0.506794	0.516197	0.506676	0.503797	
1175	0.503173	0.496476	0.505226	0.506543	0.514748	0.509303	0.507670	0.516453	0.504933	0.505070	
1180	0.501753	0.495025	0.499621	0.506615	0.521983	0.508847	0.513836	0.516508	0.501197	0.504294	
1185	0.504769	0.496671	0.499079	0.507902	0.520183	0.501826	0.512021	0.512353	0.506193	0.503048	
1190	0.502609	0.500298	0.500491	0.499868	0.519369	0.505117	0.512761	0.513809	0.509030	0.503089	
1195	0.504406	0.499321	0.501496	0.498770	0.516746	0.500611	0.510187	0.511333	0.512352	0.502999	
1200	0.505044	0.501274	0.499571	0.500145	0.510834	0.504939	0.509151	0.505884	0.513757	0.500956	
1205	0.506244	0.499603	0.498932	0.503915	0.506508	0.505883	0.508249	0.505391	0.513268	0.504205	
1210	0.508726	0.498768	0.499791	0.504453	0.504660	0.507615	0.510412	0.502880	0.514496	0.507455	
1215	0.508444	0.495551	0.501720	0.504983	0.506386	0.503679	0.505850	0.506775	0.511398	0.517404	
1220	0.508508	0.495125	0.500527	0.513097	0.503091	0.503482	0.502537	0.511284	0.508017	0.510550	
1225	0.510602	0.493356	0.499650	0.508677	0.503556	0.500687	0.499994	0.506419	0.504353	0.512208	
1230	0.509659	0.496758	0.497760	0.509848	0.502453	0.501038	0.494714	0.510086	0.504791	0.510509	
1235	0.512958	0.495021	0.502546	0.512660	0.501914	0.497322	0.498689	0.514333	0.497921	0.510000	
1240	0.511905	0.492411	0.503527	0.512455	0.505254	0.498980	0.498705	0.514952	0.497233	0.508602	
1245	0.515103	0.493797	0.504371	0.509703	0.506030	0.496092	0.501118	0.517483	0.498192	0.507399	
1250	0.514503	0.495856	0.501361	0.509271	0.505844	0.490640	0.504047	0.521496	0.496767	0.503665	
1255	0.515218	0.496201	0.504050	0.511011	0.504305	0.493250	0.505668	0.521474	0.495369	0.505785	
1260	0.513441	0.490625	0.504019	0.508847	0.506182	0.489442	0.505433	0.520681	0.497489	0.502218	
1265	0.510992	0.491631	0.500034	0.506656	0.507189	0.489813	0.507435	0.513670	0.497602	0.497316	
1270	0.507301	0.490913	0.496994	0.506910	0.506565	0.488136	0.507036	0.511898	0.500419	0.497259	
1275	0.505802	0.490811	0.490152	0.504825	0.507896	0.487965	0.508260	0.511496	0.502902	0.494672	
1280	0.506684	0.492660	0.493572	0.501808	0.515030	0.488527	0.504824	0.515216	0.501356	0.495974	
1285	0.509063	0.493255	0.492783	0.501430	0.512337	0.486015	0.506111	0.515655	0.501821	0.495115	
1290	0.502927	0.496229	0.490925	0.507513	0.514530	0.486234	0.505118	0.513437	0.505433	0.500412	
1295	0.501185	0.496004	0.494532	0.506908	0.512702	0.487957	0.505492	0.513403	0.498289	0.508074	
1300	0.500221	0.494777	0.493867	0.508147	0.508120	0.488863	0.505691	0.512561	0.500657	0.506168	
1305	0.502514	0.500630	0.495761	0.507755	0.505333	0.489417	0.507240	0.509794	0.497894	0.506128	
1310	0.507172	0.498915	0.494516	0.506260	0.504650	0.490124	0.505801	0.505947	0.498747	0.506399	
1315	0.504839	0.499123	0.494961	0.508530	0.507917	0.491136	0.506971	0.509086	0.495667	0.506282	
1320	0.507504	0.499847	0.494529	0.502908	0.512133	0.492078	0.510405	0.514544	0.491055	0.509032	
1325	0.509796	0.503206	0.496267	0.497495	0.513633	0.489674	0.507637	0.515258	0.487949	0.507656	
1330	0.510141	0.507711	0.498145	0.498633	0.512509	0.486472	0.505607	0.509168	0.487983	0.501372	
1335	0.511557	0.506187	0.501587	0.493676	0.514290	0.483603	0.504249	0.512021	0.491418	0.498945	
1340	0.508821	0.504716	0.504558	0.493876	0.510203	0.484646	0.508481	0.514488	0.495995	0.498074	
1345	0.506875	0.503993	0.501956	0.490244	0.511173	0.487215	0.511605	0.514353	0.498600	0.498250	
1350	0.503360	0.501650	0.503770	0.491898	0.506344	0.488287	0.511876	0.509086	0.498401	0.499571	
1355	0.501142	0.503647	0.499047	0.492670	0.509284	0.489608	0.506327	0.512412	0.508800	0.499824	
1360	0.501047	0.501555	0.502794	0.490702	0.512060	0.490032	0.506254	0.511866	0.506784	0.498154	
1365	0.507391	0.496769	0.504483	0.495175	0.506368	0.490418	0.505017	0.510866	0.503747	0.497051	
1370	0.512705	0.496069	0.503834	0.494868	0.503894	0.489440	0.505582	0.510846	0.498186	0.498295	
1375	0.512482	0.500050	0.503855	0.491464	0.500860	0.490116	0.503560	0.510226	0.501283	0.502538	
1380	0.515289	0.501587	0.502016	0.488666	0.501360	0.487239	0.499938	0.511200	0.502670	0.500743	
1385	0.516760	0.499570	0.509966	0.493262	0.494388	0.489433	0.502582	0.511829	0.503740	0.501208	
1390	0.517410	0.497980	0.508480	0.494139	0.495835	0.487556	0.508373	0.508263	0.501892	0.500458	
1395	0.512597	0.499344	0.505638	0.495561	0.496330	0.490015	0.501227	0.504156	0.502687	0.502392	
1400	0.511035	0.504375	0.504660	0.497359	0.499636	0.488239	0.504573	0.503962	0.502278	0.505720	
1405	0.512573	0.500362	0.506207	0.499897	0.502469	0.488565	0.500314	0.504025	0.501564	0.506172	
1410	0.513902	0.498516	0.507593	0.501438	0.501893	0.482006	0.504997	0.502416	0.500399	0.501800	
1415	0.520161	0.496159	0.506838	0.504870	0.501041	0.480971	0.502911	0.509008	0.500186	0.506166	
1420	0.521785	0.500424	0.506157	0.502373	0.504450	0.481843	0.497302	0.512427	0.501250	0.503530	
1425	0.522849	0.506185	0.503281	0.498808	0.504630	0.483361	0.494378	0.514400	0.499830	0.507187	
1430	0.520625	0.502680	0.503702	0.496869	0.500128	0.484736	0.493027	0.510271	0.500156	0.506500	
1435	0.518850	0.499379	0.502686	0.498201	0.500342	0.487990	0.496900	0.509674	0.504308	0.505912	
1440	0.512172	0.496319	0.504254	0.500619	0.503331	0.487879	0.497183	0.510191	0.506060	0.510321	
1445	0.513886	0.497727	0.501954	0.498757	0.503145	0.483343	0.496259	0.504801	0.503990	0.508936	
1450	0.512452	0.502806	0.504163	0.498764	0.504431	0.484875	0.493803	0.504265	0.500080	0.509334	
1455	0.512944	0.500047	0.503104	0.499401	0.500474	0.482332	0.496654	0.508191	0.500969	0.509733	
1460	0.515631	0.501691	0.503742	0.499637	0.500407	0.487633	0.496689	0.508032	0.499191	0.508049	
1465	0.516764	0.501443	0.504869	0.500178	0.501585	0.490393	0.497988	0.511101	0.498561	0.510542	
1470	0.514901	0.502828	0.501137	0.500812	0.502932	0.489396	0.500380	0.513425	0.500015	0.508085	
1475	0.507545	0.501155	0.502499	0.504238	0.496686	0.487889	0.502177	0.513395	0.500030	0.504034	
1480	0.504245	0.504714	0.500586	0.506496	0.495894	0.487864	0.500755	0.510400	0.496241	0.505761	
1485	0.508382	0.505996	0.498720	0.505370	0.492834	0.488475	0.501375	0.509356	0.497480	0.509924	
1490	0.508307	0.505205	0.497508	0.505313	0.491401	0.484591	0.504678	0.509450	0.501348	0.507810	
1495	0.509392	0.504105	0.501232	0.504910	0.494586	0.484443	0.503095	0.508806	0.499728	0.508728	
1500	0.509387	0.503147	0.501300	0.504001	0.489589	0.481743	0.501825	0.507916	0.498284	0.507956	
1505	0.503542	0.502924	0.502174	0.504322	0.486124	0.478879	0.503282	0.503716	0.496059	0.508227	
1510	0.507360	0.500860	0.504689	0.502871	0.487652	0.478909	0.501577	0.509974	0.500069	0.510820	
1515	0.507555	0.500672	0.506944	0.505119	0.487077	0.480823	0.502457	0.514930	0.499547	0.508887	
1520	0.502972	0.502405	0.505639	0.505160	0.491315	0.484592	0.504214	0.510302	0.502193	0.504916	
1525	0.506947	0.502273	0.502086	0.507921	0.489456	0.484179	0.506687	0.514041	0.503361	0.501256	
1530	0.505162	0.500713	0.499356	0.505239	0.487928	0.483700	0.509318	0.512578	0.498716	0.499132	
1535	0.502863	0.501332	0.498677	0.505498	0.490098	0.487455	0.508646	0.513133	0.500506	0.505642	
1540	0.506782	0.501226	0.505094	0.504815	0.493034	0.488432	0.511221	0.509680	0.499365	0.506535	
1545	0.504542	0.499555	0.511105	0.506366	0.492061	0.491787	0.506770	0.512404	0.499359	0.507915	
1550	0.500041	0.502524	0.507019	0.505798	0.491172	0.487500	0.508198	0.510730	0.500775	0.505476	
1555	0.507844	0.499787	0.508825	0.499637	0.496765	0.491839	0.509424	0.511201	0.505917	0.502942	
1560	0.506946	0.502077	0.505210	0.507880	0.492783	0.497962	0.507288	0.511573	0.509252	0.504425	
1565	0.504267	0.508912	0.505624	0.511788	0.490041	0.491256	0.507036	0.510906	0.513651	0.502496	
1570	0.504889	0.508491	0.506231	0.510037	0.488509	0.489984	0.513530	0.509925	0.515081	0.502361	
1575	0.502855	0.508584	0.502360	0.510497	0.494843	0.491531	0.506941	0.508509	0.512490	0.503829	
1580	0.497948	0.508911	0.502711	0.510661	0.495351	0.493203	0.504557	0.506351	0.508105	0.504993	
1585	0.497850	0.506864	0.501676	0.510562	0.494013	0.500482	0.505809	0.505593	0.506964	0.499288	
1590	0.495680	0.510576	0.498525	0.513329	0.493001	0.497248	0.504923	0.508861	0.505208	0.497771	
1595	0.493452	0.507000	0.498659	0.514146	0.493818	0.496797	0.502967	0.510168	0.506823	0.493750	
1600	0.493801	0.509961	0.501422	0.514313	0.495277	0.497074	0.501233	0.515136	0.506455	0.490532	
1605	0.494322	0.509696	0.502023	0.515958	0.501883	0.501035	0.503594	0.514686	0.508877	0.493952	
1610	0.495361	0.511638	0.497503	0.519029	0.501457	0.501364	0.501870	0.513060	0.506869	0.495771	
1615	0.497177	0.514028	0.498027	0.515307	0.495980	0.497041	0.501997	0.508913	0.506734	0.488741	
1620	0.499268	0.514551	0.500448	0.512029	0.497181	0.493590	0.498660	0.511492	0.508242	0.489280	
1625	0.498670	0.516924	0.493746	0.512381	0.492728	0.494865	0.499117	0.511522	0.508182	0.490613	
1630	0.499966	0.515375	0.493285	0.512643	0.494611	0.493689	0.502526	0.509649	0.508948	0.495327	
1635	0.499134	0.515736	0.492751	0.514583	0.494391	0.494621	0.497006	0.510507	0.507076	0.496642	
1640	0.497589	0.512927	0.490846	0.518013	0.495362	0.491381	0.498661	0.511647	0.509086	0.496684	
1645	0.502330	0.514132	0.489982	0.517447	0.497842	0.498785	0.502937	0.509776	0.506704	0.494815	
1650	0.503376	0.510136	0.490784	0.514574	0.502077	0.499173	0.501088	0.511385	0.507757	0.496417	
1655	0.502111	0.514447	0.488453	0.518018	0.507752	0.494007	0.498956	0.510002	0.511329	0.497920	
1660	0.504444	0.513053	0.489890	0.518413	0.508754	0.496935	0.498643	0.511153	0.513388	0.500486	
1665	0.501648	0.515739	0.491266	0.522176	0.507488	0.500648	0.505671	0.510883	0.510884	0.498287	
1670	0.502974	0.514992	0.491428	0.526644	0.506244	0.495880	0.506952	0.509404	0.508625	0.500781	
1675	0.499096	0.519175	0.491147	0.525292	0.503415	0.491258	0.504407	0.505470	0.508264	0.498879	
1680	0.502286	0.511882	0.496715	0.523609	0.501266	0.486298	0.503392	0.504687	0.510163	0.501437	
1685	0.498887	0.514372	0.496338	0.526691	0.501823	0.483812	0.498976	0.506988	0.510643	0.502818	
1690	0.498735	0.517141	0.494857	0.526249	0.506743	0.490518	0.503087	0.510383	0.508321	0.502880	
1695	0.500045	0.511937	0.498554	0.524721	0.504798	0.489920	0.502986	0.511057	0.512501	0.507416	
1700	0.498635	0.510295	0.496811	0.523716	0.503236	0.493481	0.499772	0.510104	0.514702	0.510844	
1705	0.495953	0.506959	0.493927	0.525439	0.510726	0.491299	0.500277	0.507532	0.508406	0.509586	
1710	0.492485	0.505777	0.493226	0.524114	0.509820	0.491072	0.499170	0.509896	0.509720	0.510065	
1715	0.493682	0.502492	0.491207	0.519701	0.505979	0.492771	0.503539	0.506548	0.508725	0.511334	
1720	0.498559	0.502145	0.488793	0.519935	0.501142	0.495328	0.504805	0.504690	0.510706	0.512218	
1725	0.501239	0.502620	0.489191	0.524203	0.507255	0.496833	0.501547	0.505863	0.513602	0.512365	
1730	0.501082	0.506201	0.491008	0.519468	0.507429	0.497774	0.506344	0.505830	0.513307	0.511372	
1735	0.496543	0.503981	0.493183	0.516225	0.504864	0.500064	0.504784	0.510680	0.513942	0.510681	
1740	0.498828	0.504041	0.496963	0.518424	0.506570	0.499952	0.498936	0.508996	0.515945	0.511295	
1745	0.501262	0.504026	0.498419	0.521567	0.508789	0.501118	0.495020	0.508848	0.516757	0.508735	
1750	0.505192	0.499606	0.501393	0.524213	0.503104	0.507076	0.491755	0.507372	0.519906	0.512327	
1755	0.506694	0.507928	0.501663	0.521371	0.500013	0.508332	0.491029	0.507502	0.515467	0.508124	
1760	0.511741	0.511505	0.502123	0.520672	0.503040	0.504822	0.490507	0.505079	0.515759	0.512663	
1765	0.513239	0.514791	0.504603	0.520356	0.509614	0.501478	0.489836	0.506012	0.509562	0.506366	
1770	0.513038	0.519628	0.505321	0.515866	0.505242	0.501079	0.495015	0.505906	0.508684	0.505259	
1775	0.507825	0.516982	0.506700	0.513362	0.504057	0.501174	0.494511	0.502340	0.507399	0.507333	
1780	0.511133	0.516674	0.507638	0.513146	0.506826	0.502349	0.491252	0.500589	0.512289	0.506514	
1785	0.514177	0.517329	0.507721	0.509323	0.507381	0.505718	0.496391	0.499796	0.510611	0.506251	
1790	0.515860	0.517646	0.507345	0.510865	0.503337	0.503267	0.493774	0.499596	0.513483	0.508462	
1795	0.515686	0.516586	0.500589	0.506959	0.502411	0.506922	0.493042	0.502937	0.508456	0.506367	
1800	0.513500	0.513796	0.500809	0.509903	0.502658	0.506072	0.490828	0.503199	0.508300	0.513158	
1805	0.513139	0.512571	0.500909	0.509185	0.505262	0.510700	0.490703	0.502844	0.507834	0.514483	
1810	0.508076	0.508478	0.501527	0.504000	0.508164	0.511073	0.490795	0.502581	0.505364	0.518650	
1815	0.512906	0.502645	0.498922	0.508137	0.508150	0.508553	0.489651	0.500399	0.506001	0.518979	
1820	0.513450	0.505407	0.501018	0.509054	0.507056	0.508909	0.493682	0.500882	0.506593	0.515306	
1825	0.511129	0.504646	0.501418	0.509820	0.502943	0.513155	0.493637	0.499558	0.504796	0.516864	
1830	0.507359	0.502739	0.504627	0.508601	0.505312	0.511824	0.489831	0.499320	0.506549	0.516825	
1835	0.507025	0.502706	0.506018	0.506671	0.503475	0.509426	0.484083	0.497388	0.506377	0.516652	
1840	0.499221	0.503006	0.502025	0.510529	0.501368	0.505929	0.485864	0.492322	0.506552	0.516505	
1845	0.495461	0.506192	0.501539	0.512539	0.495519	0.507121	0.483791	0.497317	0.506168	0.520845	
1850	0.490582	0.505819	0.497854	0.512308	0.495081	0.506145	0.487886	0.498527	0.508111	0.524728	
1855	0.485415	0.509193	0.499902	0.515140	0.497418	0.503280	0.493480	0.501423	0.509993	0.523019	
1860	0.485851	0.505361	0.494797	0.510866	0.498266	0.497300	0.494410	0.497733	0.512866	0.522227	
1865	0.491471	0.503431	0.499093	0.510663	0.497999	0.500702	0.498261	0.496244	0.509076	0.521715	
1870	0.488784	0.501490	0.504314	0.510725	0.495654	0.502646	0.497722	0.494959	0.511244	0.525517	
1875	0.490185	0.500162	0.503101	0.509006	0.497257	0.502308	0.504856	0.495072	0.503665	0.525554	
1880	0.486844	0.500991	0.502462	0.513088	0.495432	0.500239	0.502857	0.499066	0.501701	0.524095	
1885	0.491722	0.497506	0.502087	0.512375	0.496212	0.497806	0.504712	0.502330	0.504595	0.527003	
1890	0.490740	0.500836	0.499048	0.516629	0.500340	0.496214	0.507191	0.501265	0.505361	0.527035	
1895	0.491587	0.505504	0.502438	0.510783	0.496404	0.499563	0.508527	0.501993	0.499035	0.527767	
1900	0.493133	0.502483	0.502956	0.507447	0.494285	0.500016	0.505715	0.502144	0.499720	0.526972	
1905	0.493745	0.501123	0.505853	0.504657	0.497411	0.500348	0.505508	0.500712	0.497086	0.527192	
1910	0.494226	0.499484	0.509376	0.500508	0.497420	0.500767	0.503041	0.503987	0.494675	0.528425	
1915	0.496530	0.495333	0.507325	0.503250	0.497079	0.502887	0.498655	0.505202	0.495772	0.523993	
1920	0.495427	0.495885	0.506268	0.508761	0.496508	0.502209	0.496874	0.500207	0.495764	0.527239	
1925	0.495245	0.495476	0.503323	0.510252	0.495476	0.505379	0.493457	0.500183	0.499115	0.526713	
1930	0.496654	0.493444	0.508296	0.511373	0.495704	0.504454	0.493455	0.498497	0.499335	0.526820	
1935	0.496404	0.494685	0.508303	0.512224	0.492331	0.506787	0.494499	0.499592	0.498195	0.523505	
1940	0.502466	0.493525	0.508355	0.513256	0.491601	0.509616	0.494041	0.494346	0.494502	0.527112	
1945	0.502655	0.495223	0.510432	0.514344	0.493029	0.510679	0.490514	0.499648	0.501257	0.528815	
1950	0.504203	0.497994	0.513960	0.514430	0.492840	0.505941	0.494091	0.504779	0.502290	0.528218	
1955	0.507294	0.499089	0.512912	0.515263	0.490934	0.500605	0.494538	0.505874	0.499645	0.525997	
1960	0.508250	0.498643	0.515916	0.516163	0.492455	0.500162	0.491852	0.508077	0.497016	0.528257	
1965	0.508495	0.504168	0.514104	0.515000	0.499190	0.504267	0.497171	0.509540	0.498776	0.527227	
1970	0.506997	0.498509	0.512717	0.514767	0.493226	0.507255	0.495032	0.506162	0.502898	0.529470	
1975	0.506658	0.498227	0.507612	0.511986	0.492856	0.505571	0.497316	0.508872	0.502330	0.530320	
1980	0.507710	0.498963	0.509881	0.509392	0.492845	0.508506	0.500586	0.513247	0.501203	0.523650	
1985	0.509838	0.499262	0.511413	0.509682	0.496482	0.505572	0.502823	0.510708	0.501042	0.522282	
1990	0.513084	0.499099	0.508108	0.508132	0.491957	0.502932	0.505730	0.506789	0.499609	0.523301	
1995	0.508616	0.499174	0.508122	0.509906	0.492733	0.502861	0.508661	0.504063	0.501550	0.525689	
2000	0.509808	0.497609	0.503497	0.507627	0.501072	0.503039	0.509311	0.506865	0.496776	0.521567	
2005	0.509279	0.494312	0.509816	0.510238	0.499465	0.497233	0.507535	0.507724	0.496728	0.513846	
2010	0.505256	0.496900	0.507489	0.509123	0.502681	0.501976	0.504257	0.506982	0.498089	0.515516	
2015	0.505873	0.495741	0.505030	0.511591	0.507635	0.506729	0.503819	0.508483	0.496501	0.511020	
2020	0.506773	0.498366	0.504684	0.510211	0.507985	0.505235	0.500688	0.507776	0.496234	0.507381	
2025	0.506677	0.499885	0.503254	0.512879	0.507914	0.505501	0.497644	0.508933	0.493755	0.510960	
2030	0.508411	0.494718	0.505158	0.514960	0.509947	0.504250	0.499813	0.509499	0.494656	0.507871	
2035	0.508042	0.494290	0.507316	0.517864	0.504609	0.507478	0.500291	0.506606	0.490408	0.507344	
2040	0.506070	0.494558	0.507333	0.518098	0.503466	0.510735	0.499296	0.507888	0.486121	0.506233	
2045	0.504054	0.497067	0.508804	0.517810	0.507109	0.511363	0.501010	0.504704	0.485010	0.507431	
2050	0.501584	0.495414	0.514422	0.516623	0.505860	0.508847	0.501060	0.503528	0.485160	0.508770	
2055	0.503172	0.490614	0.513986	0.519552	0.506307	0.503364	0.501828	0.507907	0.484249	0.506316	
2060	0.501895	0.493763	0.515371	0.517727	0.504347	0.501083	0.499474	0.501749	0.486747	0.507440	
2065	0.499221	0.495313	0.510878	0.516750	0.504661	0.500910	0.507005	0.500035	0.485562	0.507709	
2070	0.498571	0.494444	0.509937	0.516231	0.506016	0.503485	0.503992	0.502008	0.485105	0.507210	
2075	0.500277	0.497051	0.509964	0.514599	0.504373	0.503182	0.502882	0.502942	0.479918	0.509316	
2080	0.502008	0.495752	0.507216	0.513354	0.501812	0.505577	0.503719	0.506016	0.484626	0.511117	
2085	0.499921	0.493805	0.505946	0.515527	0.500403	0.508050	0.499479	0.506345	0.487291	0.507618	
2090	0.498213	0.495516	0.499912	0.518476	0.503426	0.506527	0.497445	0.506734	0.488993	0.507504	
2095	0.498237	0.491926	0.499185	0.519384	0.503747	0.508642	0.496183	0.507122	0.485157	0.506637	
2100	0.500506	0.492790	0.500293	0.520805	0.502087	0.505757	0.498644	0.501515	0.486406	0.505575	
2105	0.502106	0.488696	0.495625	0.523365	0.500418	0.507998	0.502855	0.501147	0.486699	0.505246	
2110	0.505568	0.493701	0.495608	0.522297	0.497109	0.506244	0.505053	0.496860	0.488497	0.502796	
2115	0.504807	0.495208	0.501099	0.523887	0.499237	0.509773	0.505497	0.494610	0.490138	0.503579	
2120	0.509854	0.502421	0.501015	0.521461	0.495382	0.511931	0.503515	0.494565	0.490738	0.507329	
2125	0.506091	0.499467	0.505310	0.519952	0.494795	0.510032	0.514807	0.491143	0.495986	0.503016	
2130	0.508627	0.502292	0.504687	0.517926	0.492053	0.511176	0.507411	0.493250	0.493097	0.501731	
2135	0.505013	0.502041	0.502949	0.516787	0.495165	0.513277	0.509559	0.492522	0.491373	0.505940	
2140	0.504778	0.502603	0.509543	0.515298	0.498929	0.516508	0.508280	0.491733	0.491872	0.503524	
2145	0.501155	0.502894	0.508439	0.511944	0.502651	0.519114	0.502748	0.490880	0.496719	0.501718	
2150	0.500135	0.501744	0.510285	0.511730	0.504004	0.518492	0.498005	0.493790	0.490649	0.502631	
2155	0.502786	0.503017	0.508542	0.512462	0.499136	0.518746	0.498176	0.494700	0.491907	0.508321	
2160	0.502214	0.498345	0.511117	0.514382	0.504060	0.521361	0.506155	0.497180	0.493678	0.506224	
2165	0.503153	0.492088	0.511720	0.513472	0.506046	0.522798	0.504084	0.496927	0.492899	0.508006	
2170	0.505743	0.498949	0.511775	0.514072	0.507567	0.521565	0.505574	0.500979	0.496771	0.509907	
2175	0.503264	0.497415	0.510354	0.511939	0.503150	0.518804	0.506044	0.500803	0.494501	0.511350	
2180	0.505767	0.498093	0.508455	0.514395	0.508380	0.514064	0.505439	0.496844	0.493857	0.510024	
2185	0.506634	0.499023	0.504869	0.513904	0.509182	0.513117	0.505586	0.501092	0.497796	0.512254	
2190	0.504416	0.499760	0.506451	0.513451	0.507663	0.515406	0.500131	0.495488	0.496899	0.510278	
2195	0.507868	0.495225	0.505396	0.516374	0.505380	0.506080	0.499803	0.497037	0.499550	0.510945	
2200	0.515068	0.496990	0.501457	0.517257	0.507280	0.503872	0.498173	0.493650	0.501672	0.509501	
2205	0.512619	0.494495	0.499039	0.517508	0.507255	0.508934	0.500863	0.494138	0.503659	0.510331	
2210	0.511366	0.497814	0.495755	0.519855	0.505953	0.510931	0.501463	0.496087	0.502440	0.512143	
2215	0.511546	0.497511	0.500381	0.517749	0.501661	0.507024	0.500000	0.499713	0.502028	0.510243	
2220	0.510325	0.497220	0.501159	0.516476	0.496697	0.507722	0.497752	0.496293	0.503680	0.509186	
2225	0.510097	0.495764	0.499567	0.516742	0.495988	0.504432	0.498240	0.494455	0.505262	0.510564	
2230	0.514543	0.499416	0.499335	0.507509	0.497781	0.508520	0.497561	0.494234	0.507880	0.510590	
2235	0.513317	0.498377	0.496121	0.510577	0.494507	0.509185	0.500106	0.495851	0.507873	0.507775	
2240	0.513838	0.498922	0.502895	0.515391	0.493191	0.506857	0.501025	0.496404	0.502163	0.504519	
2245	0.514205	0.495950	0.497319	0.519033	0.499034	0.506416	0.501277	0.495200	0.496654	0.507607	
2250	0.514311	0.495361	0.496231	0.516973	0.503349	0.508959	0.498762	0.494730	0.500615	0.505151	
2255	0.512529	0.498271	0.501761	0.519507	0.506896	0.506671	0.500362	0.498193	0.499286	0.504178	
2260	0.516310	0.499082	0.503457	0.517312	0.509679	0.506808	0.500301	0.499839	0.497712	0.505292	
2265	0.517668	0.501830	0.494735	0.516854	0.511747	0.506999	0.505691	0.499156	0.497852	0.506018	
2270	0.513469	0.504703	0.498003	0.518554	0.508720	0.506138	0.504867	0.500608	0.494087	0.504307	
2275	0.511602	0.503834	0.500866	0.515859	0.508917	0.512528	0.505686	0.495792	0.495351	0.503075	
2280	0.511287	0.507863	0.500226	0.519465	0.507860	0.512137	0.505307	0.494733	0.496897	0.505055	
2285	0.515442	0.504770	0.502381	0.519083	0.509699	0.517690	0.505185	0.492036	0.496728	0.506209	
2290	0.513941	0.503813	0.500529	0.515656	0.512116	0.519338	0.505264	0.491860	0.495113	0.506314	
2295	0.518519	0.505786	0.499649	0.518271	0.515603	0.513928	0.506208	0.492622	0.499109	0.506734	
2300	0.520723	0.506684	0.503436	0.520266	0.512498	0.513970	0.509044	0.494614	0.498976	0.510162	
2305	0.519764	0.498042	0.502749	0.516420	0.516838	0.514881	0.505239	0.494747	0.497368	0.513358	
2310	0.516155	0.501388	0.506365	0.519551	0.514685	0.512373	0.502050	0.500828	0.493396	0.509852	
2315	0.512261	0.505360	0.504997	0.519891	0.515087	0.513922	0.502415	0.502427	0.493062	0.511469	
2320	0.509500	0.504471	0.501531	0.518463	0.515672	0.510399	0.504962	0.501878	0.489464	0.506743	
2325	0.512280	0.502788	0.498235	0.514413	0.517313	0.512150	0.505630	0.501544	0.487171	0.509253	
2330	0.516697	0.501607	0.500668	0.515051	0.513480	0.511840	0.503787	0.500589	0.484711	0.503024	
2335	0.514478	0.498761	0.507632	0.514578	0.512313	0.509405	0.500498	0.505534	0.487378	0.501762	
2340	0.514356	0.499155	0.510091	0.513787	0.510447	0.506761	0.501792	0.509533	0.492201	0.501886	
2345	0.515312	0.495588	0.516991	0.517136	0.513004	0.507988	0.503761	0.507822	0.494521	0.500003	
2350	0.510248	0.497970	0.513021	0.518555	0.509622	0.505951	0.502384	0.507728	0.491066	0.503284	
2355	0.511366	0.498910	0.514889	0.518899	0.516003	0.506771	0.499298	0.507237	0.491848	0.503174	
2360	0.513270	0.499316	0.516665	0.514906	0.516381	0.504071	0.499857	0.507267	0.489335	0.502895	
2365	0.514330	0.499575	0.513131	0.511849	0.515788	0.505491	0.500171	0.507392	0.491116	0.505772	
2370	0.514457	0.495683	0.515440	0.513604	0.513077	0.502767	0.502827	0.506552	0.492276	0.508431	
2375	0.507949	0.500501	0.516252	0.512021	0.513886	0.503252	0.504902	0.508485	0.496162	0.507746	
2380	0.507517	0.500452	0.515260	0.511813	0.516003	0.507103	0.508492	0.503942	0.493057	0.505458	
2385	0.507284	0.498076	0.517951	0.514063	0.516739	0.511866	0.512673	0.505317	0.492139	0.508691	
2390	0.509909	0.496553	0.520335	0.515557	0.514104	0.506286	0.518502	0.504618	0.492994	0.507981	
2395	0.512510	0.491711	0.522675	0.514585	0.513120	0.505760	0.514721	0.504935	0.491614	0.512471	
2400	0.515461	0.493204	0.524569	0.513677	0.510924	0.506191	0.510746	0.505064	0.488964	0.512416	
2405	0.510830	0.499749	0.528685	0.513699	0.513270	0.505330	0.507729	0.505111	0.491746	0.513319	
2410	0.511031	0.500590	0.525575	0.512340	0.514918	0.504575	0.506426	0.502751	0.489578	0.510883	
2415	0.510764	0.498365	0.524780	0.514018	0.512435	0.503708	0.513418	0.498083	0.495069	0.513729	
2420	0.510028	0.497176	0.523300	0.509807	0.511872	0.507225	0.514215	0.499385	0.499790	0.510361	
2425	0.505588	0.497617	0.520423	0.506924	0.507127	0.506975	0.508610	0.499581	0.503477	0.512843	
2430	0.509648	0.496265	0.518618	0.503303	0.506730	0.503721	0.511142	0.499294	0.501228	0.510564	
2435	0.515174	0.490464	0.511949	0.502771	0.505053	0.501795	0.508805	0.499315	0.497448	0.509787	
2440	0.517629	0.486143	0.510898	0.507738	0.506921	0.499803	0.506147	0.504369	0.501739	0.517013	
2445	0.525739	0.486901	0.517133	0.511963	0.510998	0.503597	0.510934	0.508248	0.500752	0.511830	
2450	0.526680	0.489588	0.512703	0.507524	0.510738	0.501532	0.513645	0.505286	0.498457	0.511128	
2455	0.527223	0.487915	0.516988	0.504329	0.508836	0.497710	0.512126	0.508815	0.497320	0.512117	
2460	0.529947	0.489681	0.513254	0.507277	0.510343	0.498611	0.509832	0.509105	0.493667	0.518314	
2465	0.527105	0.490315	0.510208	0.509508	0.506661	0.499699	0.509646	0.512090	0.497161	0.517853	
2470	0.528730	0.490863	0.509549	0.505392	0.507776	0.498229	0.508194	0.514922	0.493212	0.516507	
2475	0.529949	0.493402	0.512687	0.510111	0.514907	0.499218	0.505867	0.514438	0.496733	0.514575	
2480	0.529218	0.492416	0.514582	0.508448	0.520350	0.496605	0.506297	0.507256	0.497379	0.513899	
2485	0.528931	0.495221	0.514655	0.510032	0.518723	0.495188	0.507406	0.508294	0.496764	0.510036	
2490	0.527814	0.492868	0.517377	0.513064	0.523430	0.498042	0.516509	0.508813	0.499582	0.507128	
2495	0.526817	0.493847	0.513756	0.513382	0.525070	0.497046	0.516855	0.507359	0.498404	0.507351	
2500	0.523795	0.493559	0.513295	0.507745	0.522240	0.496801	0.517675	0.510572	0.501029	0.504461	
2505	0.526502	0.494200	0.513632	0.510650	0.520355	0.496805	0.514662	0.510310	0.503465	0.507553	
2510	0.526647	0.495838	0.516837	0.509795	0.518332	0.498155	0.511665	0.511905	0.503812	0.503538	
2515	0.525452	0.496795	0.517611	0.507265	0.515538	0.495112	0.512895	0.513897	0.503144	0.504866	
2520	0.526406	0.495390	0.521384	0.506516	0.517910	0.497427	0.517358	0.511320	0.505652	0.508067	
2525	0.524065	0.500170	0.519144	0.506965	0.517651	0.491475	0.519948	0.514853	0.503629	0.514643	
2530	0.526070	0.498051	0.524505	0.509443	0.512693	0.492124	0.521230	0.516759	0.503805	0.515226	
2535	0.526387	0.495020	0.524299	0.509949	0.507991	0.492300	0.521796	0.514505	0.508362	0.515017	
2540	0.526392	0.494850	0.516997	0.510495	0.504339	0.493646	0.520305	0.514499	0.510865	0.516872	
2545	0.521699	0.490526	0.510129	0.506792	0.506754	0.494644	0.520950	0.515622	0.505318	0.511094	
2550	0.521428	0.494111	0.508618	0.510029	0.510065	0.497928	0.520935	0.512264	0.506844	0.510904	
2555	0.522641	0.493162	0.511796	0.509782	0.512145	0.497289	0.515881	0.515147	0.503152	0.509294	
2560	0.517516	0.497950	0.512307	0.508933	0.515439	0.498315	0.515405	0.507180	0.501194	0.511077	
2565	0.518327	0.497096	0.507664	0.509628	0.512555	0.499849	0.514198	0.508289	0.500412	0.511250	
2570	0.518132	0.497616	0.507672	0.508379	0.513868	0.501681	0.515333	0.511489	0.503463	0.505493	
2575	0.517492	0.497267	0.507732	0.509186	0.512629	0.498996	0.515734	0.515146	0.505087	0.504749	
2580	0.519052	0.496574	0.507384	0.510066	0.512358	0.501904	0.511725	0.518793	0.503917	0.504540	
2585	0.518754	0.494634	0.502504	0.512029	0.514261	0.501903	0.509940	0.520223	0.502500	0.509875	
2590	0.520480	0.496752	0.507636	0.510524	0.513053	0.498096	0.507868	0.524215	0.501448	0.506015	
2595	0.519452	0.503534	0.512747	0.508994	0.514049	0.494620	0.508608	0.524906	0.505013	0.504924	
2600	0.522033	0.503828	0.510763	0.508119	0.512494	0.500001	0.508508	0.524095	0.508030	0.501984	
2605	0.520681	0.495044	0.513106	0.507239	0.511877	0.501788	0.507982	0.525370	0.510493	0.491108	
2610	0.514524	0.494008	0.507068	0.506333	0.516786	0.500759	0.509726	0.522491	0.508357	0.492508	
2615	0.512827	0.498410	0.506462	0.506653	0.514872	0.500567	0.512234	0.525930	0.511463	0.491551	
2620	0.513221	0.497641	0.507068	0.503258	0.516197	0.499751	0.508041	0.523663	0.514200	0.491040	
2625	0.511993	0.500074	0.510553	0.504971	0.515376	0.500288	0.507996	0.526926	0.516068	0.491947	
2630	0.509543	0.496843	0.508547	0.505808	0.516101	0.503155	0.504788	0.527082	0.514436	0.495958	
2635	0.503652	0.499077	0.506490	0.506455	0.513715	0.504644	0.505838	0.526811	0.514904	0.497533	
2640	0.504753	0.504325	0.505935	0.508615	0.511619	0.507565	0.505628	0.528943	0.517804	0.494670	
2645	0.502814	0.504909	0.508539	0.509688	0.516507	0.509200	0.503746	0.526923	0.518963	0.497236	
2650	0.499416	0.505592	0.504239	0.509619	0.513413	0.510496	0.507342	0.527159	0.519378	0.492888	
2655	0.495912	0.506176	0.498453	0.507732	0.513441	0.503161	0.507949	0.523620	0.516493	0.493446	
2660	0.492690	0.505961	0.501391	0.511206	0.514694	0.504310	0.508684	0.526354	0.513774	0.492500	
2665	0.496579	0.503923	0.495454	0.508334	0.513039	0.502558	0.505775	0.526428	0.516597	0.491823	
2670	0.498954	0.508989	0.489524	0.507135	0.512130	0.503839	0.505208	0.521661	0.515861	0.490784	
2675	0.498874	0.508841	0.486084	0.503660	0.512531	0.501808	0.509617	0.524839	0.518972	0.493661	
2680	0.498983	0.510578	0.485116	0.508097	0.514418	0.502375	0.507848	0.524790	0.514270	0.496353	
2685	0.496809	0.513218	0.487588	0.506237	0.512649	0.500262	0.508120	0.523057	0.511954	0.497392	
2690	0.500628	0.506199	0.487688	0.509859	0.514417	0.501955	0.503767	0.519845	0.507704	0.498294	
2695	0.503691	0.507362	0.490568	0.512286	0.513194	0.503610	0.502472	0.523075	0.507187	0.497032	
2700	0.506468	0.505477	0.493112	0.509782	0.510559	0.500143	0.500300	0.521605	0.508588	0.499430	
2705	0.503667	0.507780	0.490009	0.509710	0.509342	0.501455	0.499899	0.520960	0.509919	0.493939	
2710	0.506488	0.510314	0.494335	0.508878	0.506403	0.501371	0.501891	0.523263	0.510698	0.495023	
2715	0.504882	0.509054	0.495618	0.508702	0.508098	0.503048	0.501860	0.522247	0.511186	0.494016	
2720	0.503656	0.512992	0.493858	0.504604	0.505807	0.502919	0.503965	0.524802	0.511321	0.488681	
2725	0.504904	0.510116	0.489825	0.508571	0.501950	0.501229	0.501627	0.523240	0.513072	0.487082	
2730	0.500895	0.509260	0.494597	0.505981	0.501191	0.504606	0.499380	0.522363	0.512484	0.492443	
2735	0.500101	0.508173	0.498252	0.504656	0.500339	0.502310	0.496562	0.520538	0.516483	0.495143	
2740	0.499624	0.508500	0.498585	0.505085	0.496856	0.499897	0.498249	0.526088	0.517379	0.491816	
2745	0.500521	0.508274	0.494442	0.506376	0.498042	0.500781	0.499782	0.524247	0.514054	0.492534	
2750	0.502880	0.511498	0.495603	0.507304	0.499754	0.506022	0.500686	0.521114	0.511914	0.490323	
2755	0.503282	0.511571	0.495138	0.507620	0.503341	0.503205	0.497949	0.520856	0.512258	0.487265	
2760	0.504175	0.519291	0.497777	0.509162	0.504211	0.505342	0.497096	0.520882	0.510194	0.488773	
2765	0.501393	0.520685	0.497696	0.506561	0.495734	0.503990	0.497981	0.520363	0.507980	0.488486	
2770	0.503457	0.521032	0.500149	0.505122	0.503095	0.503260	0.493249	0.517367	0.508826	0.486825	
2775	0.500532	0.521742	0.495784	0.502192	0.501407	0.503787	0.497420	0.512709	0.510740	0.492336	
2780	0.499221	0.520681	0.497879	0.503746	0.494708	0.504751	0.498266	0.514958	0.506780	0.490504	
2785	0.502118	0.524905	0.495839	0.504386	0.492448	0.505794	0.498725	0.508020	0.500482	0.493660	
2790	0.502867	0.524841	0.491794	0.505149	0.494542	0.505771	0.502980	0.507651	0.498364	0.493173	
2795	0.503626	0.527050	0.491776	0.502435	0.489763	0.508040	0.503024	0.504460	0.503890	0.497251	
2800	0.506217	0.524187	0.489535	0.503348	0.486685	0.507056	0.505538	0.509010	0.500045	0.493357	
2805	0.505785	0.525339	0.489001	0.504071	0.485323	0.505076	0.501912	0.507115	0.502683	0.491624	
2810	0.506733	0.526009	0.492354	0.509668	0.489999	0.506009	0.502991	0.510368	0.497402	0.488856	
2815	0.505030	0.529492	0.490298	0.512692	0.490314	0.507280	0.504273	0.510706	0.500495	0.486199	
2820	0.502347	0.530092	0.492949	0.507640	0.488193	0.504273	0.502067	0.508440	0.500803	0.486472	
2825	0.508258	0.526961	0.490992	0.507699	0.489192	0.504415	0.500560	0.512823	0.499227	0.487558	
2830	0.505604	0.524434	0.492866	0.510213	0.490186	0.504370	0.505547	0.510361	0.504776	0.487363	
2835	0.506135	0.526335	0.489174	0.510010	0.489012	0.503706	0.507233	0.511821	0.504033	0.488702	
2840	0.506734	0.525711	0.491152	0.510575	0.491784	0.502423	0.507359	0.512706	0.502337	0.490972	
2845	0.500325	0.523897	0.487489	0.505957	0.496002	0.504789	0.505890	0.513930	0.500606	0.488705	
2850	0.498050	0.521445	0.483043	0.511258	0.503982	0.503368	0.505169	0.510699	0.499250	0.492686	
2855	0.499757	0.522444	0.487138	0.509933	0.501753	0.504302	0.506442	0.513340	0.501557	0.494516	
2860	0.498151	0.520100	0.485648	0.512926	0.496530	0.502250	0.505778	0.512595	0.504452	0.496531	
2865	0.497604	0.516497	0.484813	0.511569	0.500866	0.499206	0.509421	0.514177	0.505706	0.495011	
2870	0.497883	0.513820	0.481100	0.516255	0.498766	0.503141	0.510243	0.514856	0.503183	0.494858	
2875	0.497492	0.515124	0.486663	0.511655	0.499016	0.501783	0.511842	0.512544	0.507455	0.496108	
2880	0.503095	0.510336	0.489112	0.513746	0.495391	0.499471	0.507083	0.514567	0.505773	0.496044	
2885	0.503157	0.510223	0.489920	0.513257	0.499435	0.498881	0.506115	0.516037	0.504260	0.500222	
2890	0.499817	0.510308	0.490483	0.512842	0.496678	0.502507	0.507321	0.518828	0.507188	0.499244	
2895	0.499908	0.512386	0.492037	0.512675	0.494184	0.505108	0.511474	0.512759	0.504737	0.498466	
2900	0.500286	0.513418	0.493327	0.511414	0.496925	0.508130	0.508405	0.512787	0.508741	0.500817	
2905	0.507384	0.513297	0.491897	0.512382	0.496713	0.509325	0.506286	0.509063	0.508824	0.499657	
2910	0.508920	0.513431	0.493475	0.512611	0.497667	0.501979	0.509088	0.512609	0.512046	0.494318	
2915	0.510302	0.514777	0.493105	0.510182	0.497328	0.500813	0.507462	0.510302	0.510795	0.497598	
2920	0.514969	0.513111	0.495278	0.507547	0.493938	0.500110	0.503604	0.508802	0.506732	0.496145	
2925	0.516175	0.512811	0.496649	0.505218	0.492710	0.499678	0.502240	0.510928	0.503002	0.497228	
2930	0.517727	0.508242	0.503277	0.506257	0.491898	0.503611	0.502957	0.506556	0.500802	0.496323	
2935	0.525006	0.505789	0.507427	0.506700	0.492751	0.502628	0.500701	0.506646	0.499121	0.499009	
2940	0.527197	0.508846	0.507198	0.504098	0.491346	0.506103	0.498357	0.513504	0.499196	0.496435	
2945	0.524580	0.513280	0.506578	0.504672	0.491546	0.499563	0.499920	0.514317	0.498967	0.500087	
2950	0.525359	0.516091	0.509384	0.508726	0.491423	0.498585	0.497555	0.514297	0.499962	0.496070	
2955	0.529169	0.518296	0.509788	0.505149	0.495361	0.494732	0.497551	0.513954	0.493961	0.497409	
2960	0.526749	0.520477	0.509462	0.499727	0.494152	0.493952	0.497483	0.518507	0.495415	0.500701	
2965	0.528238	0.525432	0.513563	0.497649	0.492144	0.496101	0.497278	0.521529	0.498883	0.502880	
2970	0.525453	0.524742	0.513675	0.502112	0.494328	0.497497	0.496163	0.519923	0.496235	0.503579	
2975	0.529232	0.518573	0.517590	0.501582	0.493151	0.495892	0.506597	0.519669	0.496365	0.506535	
2980	0.528200	0.517055	0.518531	0.498643	0.493767	0.503046	0.502790	0.516903	0.497766	0.502629	
2985	0.528630	0.511630	0.518738	0.502683	0.494165	0.500666	0.504414	0.516452	0.499601	0.502239	
2990	0.529355	0.508554	0.520245	0.507074	0.491892	0.503366	0.506621	0.513748	0.503131	0.503157	
2995	0.534950	0.503804	0.519943	0.504785	0.490747	0.502650	0.508922	0.513107	0.504461	0.503340	
3000	0.534632	0.500047	0.520246	0.507145	0.489690	0.500512	0.511009	0.515254	0.507357	0.507351	
