T	rep_1	rep_2	rep_3	rep_4	rep_5	rep_6	rep_7	rep_8	rep_9	rep_10
5	0.000000	0.000000	0.000000	0.000000	0.000000	0.000000	0.000000	0.000000	0.000000	0.000000	
10	0.000000	0.000000	0.000000	0.000000	0.000000	0.000000	0.000000	0.000000	0.000000	0.000000	
15	0.000000	0.000000	0.000000	0.000000	0.000000	0.000000	0.000000	0.000000	0.000000	0.000000	
20	0.000000	0.000000	0.000000	0.000000	0.000000	0.000000	0.000000	0.000000	0.000000	0.000000	
25	0.000000	0.000000	0.000000	0.000000	0.000000	0.000000	0.000000	0.000000	0.000000	0.000000	
30	0.000000	0.000000	0.000000	0.000000	0.000000	0.000000	0.000000	0.000000	0.000000	0.000000	
35	0.000000	0.000000	0.000000	0.000000	0.000000	0.000000	0.000000	0.000000	0.000000	0.000000	
40	0.000000	0.000000	0.000000	0.000000	0.000000	0.000000	0.000000	0.000000	0.000000	0.000000	
45	0.000000	0.000000	0.000000	0.000000	0.000000	0.000000	0.000000	0.000000	0.000000	0.000000	
50	0.000000	0.000000	0.000000	0.000000	0.000000	0.000000	0.000000	0.000000	0.000000	0.000000	
55	0.000000	0.000000	0.000000	0.000000	0.000000	0.000000	0.000000	0.000000	0.000000	0.000000	
60	0.000000	0.000000	0.000000	0.000000	0.000000	0.000000	0.000000	0.000000	0.000000	0.000000	
65	0.000000	0.000000	0.000000	0.000000	0.000000	0.000000	0.000000	0.000000	0.000000	0.000000	
70	0.000000	0.000000	0.000000	0.000000	0.000000	0.000000	0.000000	0.000000	0.000000	0.000000	
75	0.000000	0.000000	0.000000	0.000000	0.000000	0.000000	0.000000	0.000000	0.000000	0.000000	
80	0.000000	0.000000	0.000000	0.000000	0.000000	0.000000	0.000000	0.000000	0.000000	0.000000	
85	0.000000	0.000000	0.000000	0.000000	0.000000	0.000000	0.000000	0.000000	0.000000	0.000000	
90	0.000000	0.000000	0.000000	0.000000	0.000000	0.000000	0.000000	0.000000	0.000000	0.000000	
95	0.000000	0.000000	0.000000	0.000000	0.000000	0.000000	0.000000	0.000000	0.000000	0.000000	
100	0.000000	0.000000	0.000000	0.000000	0.000000	0.000000	0.000000	0.000000	0.000000	0.000000	
105	0.002187	0.001435	0.001773	0.001122	0.002029	0.001565	0.002004	0.002197	0.001655	0.001705	
110	0.003426	0.003312	0.004091	0.003825	0.003751	0.003627	0.004882	0.005165	0.004105	0.003704	
115	0.004036	0.005256	0.004670	0.006530	0.005514	0.005548	0.007958	0.006949	0.006622	0.006697	
120	0.007105	0.007135	0.006894	0.009484	0.008106	0.007430	0.010612	0.009234	0.008358	0.009390	
125	0.010521	0.011060	0.010389	0.012687	0.011502	0.009566	0.013909	0.012502	0.010872	0.010611	
130	0.014141	0.014322	0.012286	0.016507	0.013655	0.012232	0.018564	0.016859	0.014323	0.014372	
135	0.018689	0.018960	0.014904	0.019387	0.016670	0.015241	0.022614	0.020631	0.016402	0.015923	
140	0.024165	0.022363	0.019153	0.024930	0.021261	0.017642	0.024805	0.024483	0.017851	0.020424	
145	0.029835	0.025473	0.024370	0.028877	0.028119	0.018280	0.025706	0.030549	0.021637	0.024896	
150	0.033859	0.030075	0.027834	0.032305	0.030196	0.019289	0.031429	0.040659	0.025819	0.028265	
155	0.039185	0.032056	0.031991	0.036261	0.032956	0.021375	0.035675	0.051568	0.030665	0.031169	
160	0.046710	0.036520	0.037599	0.038734	0.036479	0.026365	0.037638	0.058804	0.036001	0.038619	
165	0.054593	0.040384	0.046018	0.041464	0.035524	0.030156	0.041392	0.072050	0.040438	0.042716	
170	0.060249	0.044862	0.050019	0.045328	0.039463	0.034022	0.048358	0.087863	0.044711	0.049446	
175	0.067004	0.052130	0.057635	0.047175	0.039763	0.036109	0.055310	0.103545	0.050276	0.053867	
180	0.072967	0.053240	0.062203	0.050296	0.041778	0.040216	0.060867	0.125666	0.054586	0.061030	
185	0.075216	0.057661	0.069658	0.051399	0.044052	0.045537	0.066939	0.143938	0.062867	0.068669	
190	0.076659	0.061755	0.077061	0.052645	0.048460	0.050993	0.072381	0.156462	0.067838	0.076864	
195	0.077078	0.065794	0.082578	0.054663	0.050444	0.058708	0.076414	0.173901	0.071409	0.085711	
200	0.079051	0.070339	0.086435	0.059954	0.054576	0.063231	0.080556	0.186235	0.073032	0.090773	
205	0.082286	0.074355	0.087041	0.063227	0.056034	0.068578	0.087210	0.198795	0.076575	0.094218	
210	0.085054	0.078308	0.089388	0.065913	0.058837	0.068862	0.093781	0.206273	0.081270	0.097289	
215	0.089295	0.081188	0.092178	0.068469	0.060872	0.072741	0.101784	0.211418	0.085900	0.102239	
220	0.092978	0.082455	0.091573	0.074810	0.060527	0.075217	0.108298	0.219390	0.091351	0.107449	
225	0.096745	0.084750	0.094542	0.077606	0.064000	0.076599	0.113278	0.220274	0.094107	0.114281	
230	0.101229	0.087354	0.096284	0.082223	0.071485	0.081632	0.120043	0.220480	0.098552	0.117338	
235	0.104243	0.090377	0.099430	0.087485	0.076788	0.085759	0.128256	0.219282	0.102426	0.123833	
240	0.108699	0.093363	0.100583	0.092850	0.079646	0.089406	0.132295	0.220897	0.111470	0.128909	
245	0.119860	0.093482	0.107576	0.098857	0.085277	0.089322	0.135180	0.221884	0.118582	0.133308	
250	0.129069	0.093095	0.114890	0.105843	0.089601	0.094420	0.141631	0.219884	0.128535	0.143103	
255	0.135921	0.095059	0.120091	0.109906	0.092866	0.098565	0.145238	0.222488	0.135463	0.151163	
260	0.151857	0.094030	0.124467	0.115933	0.094258	0.103639	0.148170	0.223376	0.141933	0.158633	
265	0.156699	0.094177	0.129763	0.122131	0.096413	0.109506	0.152336	0.220265	0.151287	0.167406	
270	0.166171	0.097837	0.135558	0.129808	0.099908	0.117577	0.155293	0.221155	0.158726	0.180241	
275	0.175875	0.100165	0.144068	0.135271	0.104661	0.127520	0.158234	0.222669	0.166408	0.193677	
280	0.188024	0.100815	0.149932	0.138766	0.107218	0.136194	0.159058	0.225859	0.175422	0.207348	
285	0.197774	0.102894	0.160075	0.145103	0.109856	0.145863	0.161369	0.228946	0.182435	0.217667	
290	0.203594	0.102751	0.166406	0.151014	0.115653	0.156367	0.167246	0.229282	0.192272	0.232389	
295	0.215962	0.104869	0.176902	0.155644	0.121706	0.165499	0.170754	0.232276	0.200136	0.250116	
300	0.224277	0.111006	0.182647	0.158112	0.129501	0.175154	0.170739	0.233969	0.206940	0.263358	
305	0.233464	0.115055	0.190144	0.161380	0.135186	0.184885	0.171993	0.236059	0.210507	0.275623	
310	0.238611	0.119017	0.196300	0.165513	0.143263	0.194437	0.171013	0.238957	0.215941	0.290380	
315	0.245837	0.121941	0.202941	0.167029	0.147688	0.202669	0.170768	0.246825	0.217523	0.306925	
320	0.251346	0.126251	0.211346	0.170558	0.152167	0.207403	0.171362	0.256184	0.217993	0.324652	
325	0.259796	0.130341	0.220813	0.170908	0.157843	0.213787	0.173644	0.269462	0.220260	0.341575	
330	0.266505	0.141124	0.228313	0.175469	0.162659	0.217100	0.175748	0.278156	0.220397	0.356339	
335	0.272315	0.153879	0.240693	0.177107	0.166802	0.214631	0.177661	0.283469	0.224446	0.373407	
340	0.280245	0.168849	0.247664	0.183724	0.170725	0.217369	0.178668	0.284431	0.229649	0.386485	
345	0.287663	0.188881	0.262457	0.189749	0.172614	0.222208	0.182055	0.284301	0.234549	0.404020	
350	0.295443	0.204257	0.277912	0.195203	0.175817	0.224150	0.186629	0.279065	0.240141	0.416050	
355	0.298830	0.218593	0.280450	0.199532	0.183185	0.231404	0.190371	0.274158	0.239626	0.417614	
360	0.306758	0.228529	0.284614	0.203962	0.192613	0.238653	0.196087	0.263538	0.237677	0.415471	
365	0.309980	0.244154	0.287681	0.204988	0.200774	0.244438	0.203702	0.247029	0.232954	0.392872	
370	0.312390	0.256667	0.282466	0.201858	0.208350	0.248313	0.216099	0.230158	0.220960	0.375971	
375	0.315672	0.265504	0.275681	0.196279	0.216218	0.255881	0.227138	0.208478	0.205320	0.340259	
380	0.314695	0.270705	0.271910	0.191282	0.223641	0.254163	0.241676	0.198382	0.200966	0.324380	
385	0.313574	0.276663	0.259807	0.184466	0.229800	0.247294	0.253560	0.188771	0.195904	0.306078	
390	0.308107	0.276047	0.236652	0.176508	0.236460	0.238117	0.267289	0.188074	0.193590	0.292861	
395	0.301827	0.282014	0.213700	0.173572	0.237488	0.223470	0.273022	0.186172	0.192229	0.285871	
400	0.294454	0.278489	0.195011	0.174064	0.241548	0.219517	0.277209	0.189423	0.191300	0.280065	
405	0.285279	0.282426	0.180612	0.175303	0.235217	0.209261	0.280389	0.199891	0.192571	0.268535	
410	0.271428	0.280663	0.172640	0.171752	0.224682	0.203393	0.279532	0.202505	0.193038	0.265790	
415	0.260284	0.281601	0.166922	0.171927	0.212004	0.202417	0.271867	0.209587	0.193083	0.266102	
420	0.244604	0.277947	0.165891	0.172196	0.196978	0.196823	0.264137	0.215517	0.196471	0.263458	
425	0.230260	0.278876	0.157629	0.171888	0.189527	0.195065	0.245969	0.216899	0.203797	0.270342	
430	0.222352	0.278542	0.150658	0.174207	0.181460	0.195186	0.222397	0.223760	0.206263	0.278670	
435	0.213068	0.279113	0.149605	0.178893	0.179317	0.201921	0.203501	0.229737	0.209991	0.285189	
440	0.205156	0.278700	0.149879	0.183527	0.169890	0.205009	0.194123	0.225966	0.213269	0.292436	
445	0.200795	0.281500	0.151284	0.190431	0.171728	0.207029	0.192201	0.234753	0.217185	0.292523	
450	0.198450	0.284000	0.153117	0.195964	0.171908	0.205820	0.182629	0.238094	0.222777	0.289466	
455	0.187476	0.283998	0.157704	0.199654	0.180068	0.218919	0.172324	0.242888	0.220788	0.283259	
460	0.176113	0.286964	0.165735	0.201097	0.187878	0.225045	0.171747	0.252605	0.215723	0.276550	
465	0.164218	0.287863	0.167665	0.202504	0.189083	0.226433	0.168287	0.252506	0.208816	0.265815	
470	0.162796	0.286907	0.177534	0.199069	0.198395	0.232678	0.165034	0.254538	0.197062	0.253666	
475	0.166190	0.288991	0.185389	0.197620	0.201649	0.237069	0.164996	0.249729	0.188256	0.246266	
480	0.168140	0.288541	0.196815	0.192999	0.206868	0.236473	0.164182	0.239789	0.183329	0.241277	
485	0.175315	0.290280	0.206113	0.192145	0.209724	0.230312	0.169665	0.229712	0.173641	0.233640	
490	0.184477	0.291239	0.208273	0.186427	0.211586	0.227144	0.177231	0.220216	0.170563	0.236348	
495	0.186166	0.292485	0.205404	0.180158	0.214732	0.219417	0.182006	0.209899	0.172877	0.227024	
500	0.196790	0.294216	0.202350	0.184944	0.213911	0.210282	0.188377	0.209764	0.178587	0.225896	
505	0.200842	0.295304	0.194851	0.186610	0.209296	0.204790	0.196917	0.202992	0.180424	0.225744	
510	0.200783	0.295102	0.188976	0.183315	0.205378	0.195547	0.200972	0.215088	0.178167	0.222770	
515	0.196420	0.292798	0.185107	0.183652	0.201841	0.190335	0.212446	0.223299	0.179999	0.223546	
520	0.196115	0.295869	0.183553	0.192292	0.203410	0.194403	0.215263	0.224886	0.186656	0.221441	
525	0.202696	0.294792	0.179944	0.194523	0.204713	0.208843	0.223566	0.236170	0.193157	0.218156	
530	0.200582	0.295437	0.182351	0.200585	0.204121	0.221099	0.224003	0.234539	0.195199	0.223666	
535	0.193598	0.298265	0.180505	0.202687	0.199032	0.232875	0.224084	0.233360	0.200938	0.224680	
540	0.188270	0.300367	0.181823	0.203750	0.196039	0.230218	0.215955	0.225642	0.206795	0.223702	
545	0.191409	0.299648	0.180391	0.203304	0.197703	0.231591	0.205544	0.225326	0.209569	0.222042	
550	0.191156	0.297975	0.183718	0.200211	0.192708	0.234471	0.201027	0.223426	0.217057	0.220135	
555	0.199132	0.297153	0.184898	0.202491	0.190705	0.230748	0.196551	0.226112	0.213317	0.215260	
560	0.205822	0.296832	0.190969	0.204482	0.194228	0.225240	0.187202	0.235723	0.209465	0.224236	
565	0.208394	0.300675	0.192570	0.206947	0.194925	0.232148	0.181721	0.240309	0.200974	0.216999	
570	0.209710	0.302534	0.200507	0.211238	0.197425	0.232385	0.182615	0.247099	0.196356	0.213126	
575	0.211501	0.300338	0.198926	0.206636	0.195178	0.228995	0.181992	0.240631	0.193485	0.213823	
580	0.208783	0.301364	0.198652	0.202654	0.194567	0.223339	0.193035	0.243346	0.187776	0.207943	
585	0.209174	0.299344	0.199152	0.196945	0.198141	0.226065	0.197868	0.242013	0.190666	0.204847	
590	0.205836	0.296864	0.189392	0.194314	0.200912	0.230526	0.206893	0.234727	0.191925	0.200901	
595	0.202625	0.293066	0.190759	0.185598	0.198209	0.223490	0.216388	0.230381	0.191457	0.201845	
600	0.193320	0.291344	0.191723	0.183987	0.207519	0.215093	0.218268	0.230217	0.198231	0.204782	
605	0.193249	0.293435	0.197276	0.184233	0.213344	0.210201	0.220583	0.230170	0.189448	0.209784	
610	0.196140	0.295074	0.194501	0.184889	0.214035	0.207368	0.220200	0.229486	0.180494	0.213296	
615	0.192188	0.297366	0.199835	0.185792	0.216530	0.210510	0.218229	0.228426	0.180609	0.215106	
620	0.193149	0.291484	0.195397	0.184008	0.214605	0.218959	0.221131	0.224422	0.189703	0.218073	
625	0.199938	0.281240	0.199289	0.184108	0.212491	0.222986	0.219560	0.224188	0.186062	0.216158	
630	0.203869	0.258656	0.208934	0.189684	0.206477	0.225274	0.217517	0.213631	0.188028	0.214343	
635	0.210229	0.235398	0.212634	0.194355	0.195834	0.228863	0.217767	0.216639	0.189152	0.202050	
640	0.217177	0.217228	0.213217	0.196402	0.195170	0.228369	0.215728	0.218640	0.192315	0.197322	
645	0.215311	0.208522	0.216793	0.196393	0.200620	0.225576	0.219678	0.218871	0.194851	0.194677	
650	0.216034	0.200906	0.218732	0.201980	0.197783	0.223608	0.208573	0.217701	0.197703	0.191968	
655	0.214878	0.201231	0.216607	0.208569	0.199575	0.213743	0.207477	0.213192	0.191996	0.196334	
660	0.206911	0.188991	0.215603	0.215602	0.196478	0.205194	0.202745	0.204977	0.186641	0.201914	
665	0.207785	0.183815	0.213967	0.210973	0.189204	0.209735	0.204715	0.205024	0.183562	0.206518	
670	0.203213	0.178519	0.213663	0.210024	0.185060	0.206650	0.211857	0.211540	0.183631	0.208642	
675	0.204745	0.171833	0.210222	0.209914	0.186954	0.205682	0.211552	0.207715	0.178278	0.210267	
680	0.208542	0.177060	0.208534	0.209873	0.183494	0.205573	0.210008	0.209228	0.181707	0.209571	
685	0.203786	0.189560	0.211731	0.208020	0.183497	0.206974	0.206806	0.210916	0.179053	0.208874	
690	0.196730	0.206513	0.209767	0.202855	0.182949	0.214846	0.203209	0.209433	0.180325	0.203376	
695	0.198742	0.222836	0.205261	0.194741	0.183593	0.206139	0.200953	0.208350	0.180741	0.199270	
700	0.200418	0.232750	0.203498	0.190193	0.183809	0.208279	0.205385	0.209717	0.182649	0.199827	
705	0.196824	0.242944	0.201685	0.197201	0.181832	0.211486	0.213000	0.210523	0.177754	0.197610	
710	0.194054	0.249511	0.201602	0.203572	0.174788	0.207972	0.227111	0.217119	0.176934	0.200765	
715	0.195307	0.256083	0.199492	0.204315	0.176811	0.212100	0.231943	0.220522	0.172088	0.202433	
720	0.195132	0.260763	0.203531	0.208578	0.175139	0.209721	0.226838	0.214153	0.174489	0.200388	
725	0.196827	0.258628	0.200101	0.212555	0.179885	0.216083	0.223862	0.217742	0.177406	0.198498	
730	0.201696	0.258441	0.190770	0.208140	0.181093	0.212533	0.222509	0.213476	0.180081	0.199335	
735	0.206892	0.252807	0.188735	0.205945	0.176667	0.207400	0.222712	0.205742	0.184716	0.196722	
740	0.212323	0.238070	0.191443	0.198017	0.175545	0.206097	0.221215	0.214503	0.192858	0.199107	
745	0.214283	0.230383	0.191207	0.196508	0.173399	0.216325	0.215678	0.214055	0.191862	0.197762	
750	0.215556	0.219800	0.191969	0.186989	0.176223	0.215571	0.221794	0.216073	0.187880	0.195721	
755	0.216204	0.208424	0.196802	0.187382	0.180150	0.218070	0.224415	0.212650	0.188087	0.196036	
760	0.217490	0.203960	0.195767	0.192190	0.188707	0.215704	0.226097	0.211834	0.184994	0.195814	
765	0.218844	0.204338	0.195549	0.196179	0.191329	0.209760	0.224045	0.217167	0.178724	0.193919	
770	0.217005	0.201904	0.198353	0.198426	0.184935	0.210688	0.219487	0.222961	0.178936	0.196962	
775	0.213653	0.205451	0.201207	0.205881	0.185572	0.216431	0.219322	0.225815	0.174722	0.200249	
780	0.207312	0.208369	0.207466	0.213408	0.190106	0.213655	0.218594	0.218191	0.175544	0.203719	
785	0.201326	0.214657	0.208342	0.218840	0.193300	0.209676	0.213234	0.214925	0.175872	0.201594	
790	0.206020	0.226200	0.206628	0.214670	0.198308	0.212243	0.209455	0.208747	0.175869	0.200143	
795	0.204819	0.233763	0.210494	0.221043	0.200436	0.207652	0.209466	0.202864	0.180153	0.197881	
800	0.197828	0.239849	0.203851	0.222322	0.209809	0.212249	0.203988	0.199084	0.183425	0.194786	
805	0.191108	0.247107	0.208345	0.218086	0.209321	0.207337	0.200261	0.198824	0.184044	0.193048	
810	0.183607	0.252079	0.206094	0.211428	0.200688	0.207427	0.192231	0.203305	0.185702	0.190263	
815	0.180137	0.253043	0.196713	0.204942	0.196772	0.206035	0.191704	0.206967	0.181411	0.189207	
820	0.186694	0.251749	0.187606	0.211334	0.192389	0.207939	0.198316	0.210427	0.183738	0.190954	
825	0.197111	0.244431	0.186686	0.209090	0.187763	0.197445	0.203026	0.206986	0.181372	0.188554	
830	0.198566	0.236822	0.189662	0.210004	0.186937	0.195803	0.201753	0.208530	0.184694	0.190523	
835	0.201493	0.223480	0.191845	0.210241	0.191650	0.191458	0.202651	0.211707	0.180472	0.189384	
840	0.204047	0.213900	0.201478	0.204200	0.188179	0.191194	0.202340	0.203922	0.177219	0.191313	
845	0.210494	0.207438	0.209149	0.195572	0.189645	0.185639	0.193522	0.205315	0.179673	0.197903	
850	0.210034	0.207523	0.208133	0.192066	0.190567	0.194131	0.200620	0.204263	0.179277	0.199754	
855	0.211305	0.214359	0.207930	0.192417	0.196427	0.207079	0.200379	0.204686	0.177677	0.191109	
860	0.214302	0.220648	0.205069	0.185594	0.201556	0.214209	0.194813	0.207640	0.179837	0.191220	
865	0.214544	0.222392	0.210459	0.188662	0.205528	0.217466	0.196096	0.200034	0.183352	0.185890	
870	0.214636	0.232037	0.203299	0.200376	0.203104	0.218237	0.197934	0.201223	0.182733	0.187602	
875	0.211776	0.223537	0.207453	0.205291	0.205254	0.217685	0.201498	0.197263	0.185537	0.187509	
880	0.212793	0.227338	0.211320	0.215489	0.201928	0.209220	0.203222	0.191530	0.183392	0.196648	
885	0.210333	0.225392	0.212144	0.220997	0.201332	0.202572	0.204367	0.191451	0.184609	0.201017	
890	0.212776	0.219339	0.202897	0.225127	0.200225	0.205739	0.200305	0.197481	0.183717	0.196833	
895	0.213739	0.214127	0.197930	0.222050	0.205358	0.207484	0.203977	0.207742	0.187802	0.196256	
900	0.212843	0.213392	0.192130	0.215824	0.209175	0.208974	0.198318	0.213701	0.187718	0.192396	
905	0.212887	0.208325	0.191393	0.207328	0.208787	0.208139	0.200559	0.214793	0.194640	0.205766	
910	0.210784	0.205012	0.189758	0.198718	0.204733	0.202798	0.200127	0.212007	0.196874	0.207347	
915	0.209296	0.202055	0.196243	0.196604	0.201325	0.197874	0.195218	0.206371	0.196789	0.207055	
920	0.205519	0.203754	0.199732	0.190487	0.199718	0.192234	0.200877	0.206394	0.203323	0.205738	
925	0.201180	0.212136	0.197301	0.190318	0.201302	0.188871	0.196124	0.196106	0.199183	0.212390	
930	0.195516	0.215287	0.202030	0.188992	0.206241	0.190556	0.204188	0.189720	0.197912	0.213163	
935	0.198139	0.217317	0.207432	0.189227	0.205365	0.198749	0.198212	0.192290	0.200900	0.209155	
940	0.198229	0.222619	0.205915	0.192741	0.206756	0.195104	0.201377	0.195557	0.206659	0.205664	
945	0.201239	0.215908	0.212158	0.185347	0.205105	0.201981	0.205157	0.201794	0.204082	0.197890	
950	0.206957	0.216800	0.214646	0.184173	0.205738	0.204724	0.217739	0.205962	0.205572	0.191849	
955	0.210265	0.214034	0.218436	0.188910	0.202849	0.211770	0.212560	0.206695	0.203491	0.191396	
960	0.218848	0.208778	0.225698	0.194532	0.205653	0.215025	0.213013	0.203204	0.202093	0.194435	
965	0.211575	0.207582	0.221134	0.201213	0.201204	0.211229	0.217824	0.202096	0.198922	0.195079	
970	0.203837	0.205981	0.208686	0.212260	0.198182	0.213273	0.224168	0.202778	0.194570	0.192747	
975	0.203409	0.212375	0.197722	0.217808	0.198519	0.216491	0.219487	0.206022	0.193098	0.197282	
980	0.196194	0.211818	0.187543	0.224760	0.199223	0.219004	0.215060	0.204232	0.193781	0.194892	
985	0.198301	0.207113	0.182884	0.224132	0.195743	0.212260	0.207965	0.210319	0.191538	0.201112	
990	0.201287	0.196995	0.178420	0.225052	0.191416	0.203193	0.207684	0.207834	0.195965	0.201992	
995	0.199785	0.197923	0.176550	0.223959	0.189566	0.202949	0.205350	0.202475	0.197942	0.195574	
1000	0.205806	0.195762	0.180969	0.214937	0.187241	0.197546	0.200458	0.208885	0.204601	0.189200	
1005	0.201492	0.197451	0.185847	0.214448	0.188610	0.200714	0.198759	0.210896	0.207336	0.189317	
1010	0.197985	0.199448	0.191506	0.215952	0.187668	0.194605	0.195912	0.214539	0.209383	0.190193	
1015	0.201290	0.201415	0.194188	0.215973	0.194819	0.192345	0.195881	0.208786	0.206802	0.185482	
1020	0.202785	0.204039	0.205211	0.217050	0.188459	0.194278	0.189510	0.204125	0.205512	0.183288	
1025	0.206551	0.207212	0.212053	0.214671	0.185078	0.186157	0.189651	0.204134	0.202239	0.184204	
1030	0.206402	0.207136	0.216290	0.214384	0.188499	0.186479	0.199971	0.198086	0.206306	0.191508	
1035	0.206031	0.211566	0.217476	0.207522	0.193657	0.192658	0.202321	0.202403	0.205211	0.192323	
1040	0.204480	0.209974	0.218006	0.199369	0.198480	0.193164	0.200703	0.211408	0.209416	0.196703	
1045	0.208945	0.205350	0.217412	0.193009	0.202791	0.200775	0.197314	0.217928	0.210947	0.196204	
1050	0.210921	0.205184	0.216855	0.185931	0.206941	0.198941	0.198671	0.214376	0.211707	0.200639	
1055	0.210817	0.206082	0.216258	0.189899	0.206432	0.197943	0.200993	0.216926	0.211711	0.198968	
1060	0.205590	0.207905	0.210972	0.185167	0.208714	0.201352	0.206399	0.216707	0.204153	0.197641	
1065	0.199193	0.212300	0.200142	0.185710	0.207237	0.197059	0.212187	0.221494	0.200171	0.193468	
1070	0.197733	0.207125	0.193962	0.183401	0.206467	0.193828	0.212161	0.228002	0.201108	0.201433	
1075	0.194666	0.204401	0.197547	0.184399	0.201185	0.195878	0.213907	0.226764	0.195942	0.203834	
1080	0.202206	0.206862	0.198099	0.189011	0.196566	0.193734	0.209172	0.221061	0.199776	0.201159	
1085	0.204735	0.200950	0.195022	0.194107	0.197804	0.193539	0.202549	0.217867	0.200926	0.204866	
1090	0.207346	0.195388	0.194138	0.194002	0.202910	0.193289	0.200913	0.213011	0.211707	0.208769	
1095	0.204449	0.192070	0.200721	0.196216	0.205872	0.193213	0.203633	0.206970	0.208644	0.205665	
1100	0.205170	0.188402	0.198580	0.201161	0.204555	0.200136	0.207224	0.201623	0.203749	0.205804	
1105	0.203544	0.188774	0.205118	0.202363	0.208500	0.204364	0.210383	0.195662	0.192591	0.203686	
1110	0.199577	0.187929	0.201456	0.204020	0.206218	0.200669	0.209712	0.190443	0.182775	0.197395	
1115	0.195882	0.191853	0.202826	0.201887	0.200804	0.205473	0.207654	0.186449	0.184834	0.195357	
1120	0.196604	0.193842	0.205043	0.202665	0.201894	0.207565	0.205554	0.188018	0.181069	0.191162	
1125	0.196118	0.196390	0.208079	0.204095	0.203264	0.205390	0.208688	0.197625	0.180505	0.194733	
1130	0.197919	0.200105	0.209437	0.203096	0.207495	0.206579	0.208951	0.203267	0.176132	0.193089	
1135	0.201359	0.198461	0.204528	0.201381	0.209051	0.203270	0.203098	0.203246	0.177084	0.191996	
1140	0.203687	0.200150	0.197371	0.196065	0.205892	0.200307	0.199328	0.204572	0.185579	0.196737	
1145	0.203678	0.198765	0.199235	0.198631	0.208434	0.197948	0.200220	0.198558	0.191442	0.188899	
1150	0.202429	0.197322	0.202896	0.199123	0.213411	0.195182	0.198485	0.199359	0.189945	0.193470	
1155	0.200873	0.203920	0.207819	0.196013	0.219125	0.194725	0.198363	0.202006	0.202467	0.197074	
1160	0.199768	0.205713	0.208161	0.191590	0.217822	0.197174	0.194158	0.201530	0.200559	0.198265	
1165	0.207001	0.208780	0.206267	0.189310	0.215573	0.200835	0.191704	0.201685	0.206058	0.198923	
1170	0.211004	0.204120	0.205758	0.188998	0.223114	0.195650	0.199479	0.193026	0.208623	0.202640	
1175	0.214232	0.193939	0.207100	0.189663	0.222084	0.198423	0.208162	0.193254	0.209822	0.204814	
1180	0.221393	0.187256	0.203283	0.196159	0.223083	0.198701	0.202673	0.207430	0.210325	0.205306	
1185	0.223047	0.194923	0.198278	0.199867	0.219889	0.200819	0.208116	0.212773	0.210838	0.201983	
1190	0.224894	0.195756	0.197147	0.201218	0.214296	0.205180	0.211247	0.214576	0.209926	0.196875	
1195	0.233573	0.193063	0.198976	0.197422	0.204434	0.202319	0.210589	0.211048	0.208243	0.199074	
1200	0.228522	0.192651	0.205387	0.191502	0.201208	0.202360	0.206333	0.209083	0.203520	0.199662	
1205	0.221170	0.187421	0.209931	0.195815	0.201375	0.205993	0.203325	0.211218	0.204794	0.197426	
1210	0.215817	0.186727	0.213861	0.199522	0.201651	0.207754	0.200218	0.216573	0.207777	0.191570	
1215	0.210580	0.188189	0.222114	0.198412	0.202294	0.204186	0.193964	0.220166	0.210384	0.188314	
1220	0.211048	0.187592	0.219090	0.200526	0.196979	0.203263	0.195065	0.217514	0.209577	0.186832	
1225	0.199718	0.193751	0.221581	0.198472	0.200065	0.202246	0.194732	0.218797	0.211583	0.186653	
1230	0.202494	0.199967	0.216878	0.200474	0.200282	0.200951	0.202282	0.222274	0.208581	0.187740	
1235	0.194457	0.193949	0.209962	0.199976	0.198354	0.197445	0.206613	0.220436	0.206804	0.192507	
1240	0.198256	0.187918	0.207793	0.203617	0.198855	0.196651	0.211236	0.218595	0.202259	0.196171	
1245	0.196253	0.190482	0.204911	0.200569	0.207474	0.199259	0.217427	0.210999	0.203871	0.205369	
1250	0.192049	0.182618	0.197226	0.199812	0.209269	0.197868	0.211260	0.207874	0.211006	0.207152	
1255	0.190083	0.187396	0.196684	0.197059	0.209086	0.194365	0.203061	0.203405	0.212284	0.211216	
1260	0.191247	0.186912	0.193485	0.200345	0.201988	0.191004	0.203684	0.204403	0.209634	0.204268	
1265	0.197313	0.184489	0.192744	0.198533	0.193822	0.188118	0.201919	0.200812	0.208612	0.195122	
1270	0.198922	0.179651	0.186868	0.203735	0.197205	0.190589	0.202900	0.205914	0.212619	0.186790	
1275	0.191900	0.177863	0.188584	0.203864	0.194722	0.187947	0.210887	0.208631	0.212920	0.180051	
1280	0.187666	0.178591	0.189378	0.204000	0.188361	0.186830	0.209427	0.212934	0.209796	0.181335	
1285	0.189358	0.179056	0.190353	0.203153	0.193669	0.188006	0.205962	0.219807	0.207492	0.184530	
1290	0.185932	0.173403	0.191281	0.201690	0.196351	0.192950	0.206986	0.217615	0.211295	0.189004	
1295	0.189260	0.175164	0.192318	0.198771	0.200875	0.206622	0.207994	0.212517	0.206960	0.192998	
1300	0.188953	0.184401	0.193435	0.200619	0.204529	0.205949	0.209930	0.209803	0.207563	0.192180	
1305	0.183811	0.186420	0.194479	0.204670	0.211246	0.202089	0.211311	0.207886	0.206189	0.191687	
1310	0.185576	0.192135	0.193411	0.210288	0.210510	0.197391	0.209219	0.209740	0.199098	0.193479	
1315	0.188488	0.195142	0.195613	0.206653	0.207853	0.205436	0.216221	0.215862	0.194581	0.198203	
1320	0.186703	0.201319	0.198001	0.206295	0.205207	0.208814	0.212312	0.218517	0.190698	0.199232	
1325	0.188325	0.198914	0.204461	0.205685	0.201278	0.204593	0.209921	0.221058	0.194606	0.199485	
1330	0.187205	0.201173	0.200644	0.206554	0.205147	0.200609	0.201403	0.219572	0.191406	0.197141	
1335	0.180257	0.203610	0.202076	0.205898	0.206059	0.204726	0.206078	0.220868	0.197262	0.201382	
1340	0.178059	0.211386	0.202866	0.203872	0.205629	0.201626	0.205335	0.234057	0.202109	0.206886	
1345	0.181023	0.204977	0.204618	0.203233	0.213449	0.193228	0.205886	0.232896	0.211857	0.202944	
1350	0.179653	0.202238	0.203294	0.199907	0.213266	0.194416	0.206016	0.226970	0.220435	0.200716	
1355	0.179882	0.204313	0.197908	0.198774	0.210029	0.199946	0.204448	0.226320	0.225589	0.210742	
1360	0.178687	0.208144	0.197502	0.193474	0.208252	0.202032	0.213501	0.235714	0.223185	0.205767	
1365	0.182386	0.205168	0.194603	0.189478	0.208483	0.195622	0.208732	0.230333	0.220332	0.208678	
1370	0.182122	0.202225	0.193681	0.191125	0.203452	0.194540	0.210193	0.221660	0.218231	0.207881	
1375	0.178504	0.197414	0.196399	0.187813	0.210477	0.198598	0.212454	0.215302	0.219068	0.210785	
1380	0.181340	0.191895	0.195704	0.185953	0.213812	0.206515	0.212108	0.215009	0.214791	0.196493	
1385	0.183573	0.190379	0.197033	0.180264	0.220352	0.202170	0.205256	0.209490	0.208342	0.195264	
1390	0.183091	0.177579	0.204188	0.178457	0.224134	0.202675	0.200816	0.202231	0.205767	0.190891	
1395	0.179991	0.178315	0.205902	0.178823	0.221256	0.200295	0.206614	0.203433	0.204539	0.185693	
1400	0.185592	0.175916	0.205019	0.177443	0.216189	0.191124	0.195502	0.201480	0.202588	0.184802	
1405	0.181834	0.175913	0.197354	0.180449	0.216226	0.189207	0.189212	0.199889	0.195465	0.197204	
1410	0.184116	0.186699	0.192173	0.191177	0.214210	0.192637	0.189404	0.200775	0.193857	0.199010	
1415	0.187292	0.195790	0.199626	0.191299	0.213439	0.186212	0.192433	0.209532	0.197794	0.200300	
1420	0.190714	0.202078	0.203652	0.190906	0.205770	0.181450	0.195511	0.211675	0.200234	0.200618	
1425	0.195332	0.207871	0.204209	0.191687	0.207042	0.182913	0.206812	0.223087	0.205344	0.205786	
1430	0.196166	0.208362	0.208204	0.189725	0.205626	0.186258	0.211428	0.223877	0.219713	0.202822	
1435	0.189389	0.208406	0.201850	0.185494	0.211279	0.185077	0.214501	0.218514	0.223957	0.208263	
1440	0.183613	0.211963	0.190523	0.185938	0.215799	0.185023	0.209604	0.216893	0.226075	0.212707	
1445	0.179380	0.208971	0.194236	0.188618	0.215017	0.179459	0.209144	0.219960	0.220052	0.213811	
1450	0.181068	0.205190	0.189455	0.193448	0.209872	0.181884	0.207986	0.219515	0.215489	0.209727	
1455	0.185350	0.205371	0.186575	0.186043	0.211129	0.187463	0.205890	0.216124	0.214109	0.210919	
1460	0.183108	0.198771	0.184718	0.187405	0.208759	0.190547	0.200218	0.202975	0.214472	0.213082	
1465	0.181414	0.202631	0.184740	0.180231	0.205102	0.193191	0.201697	0.206784	0.215465	0.221529	
1470	0.187395	0.204696	0.189908	0.184728	0.199885	0.189615	0.192992	0.201497	0.215764	0.218701	
1475	0.185019	0.203350	0.196316	0.179618	0.201887	0.190920	0.184826	0.195754	0.216610	0.211905	
1480	0.185520	0.201507	0.186783	0.172425	0.203600	0.198949	0.181429	0.197268	0.219376	0.207065	
1485	0.187205	0.198129	0.187054	0.172122	0.211301	0.202970	0.186246	0.194863	0.214925	0.198375	
1490	0.186020	0.192074	0.176944	0.178452	0.213000	0.196793	0.190731	0.201989	0.212470	0.194036	
1495	0.186093	0.189918	0.178027	0.185471	0.212939	0.195754	0.189494	0.200918	0.206571	0.192944	
1500	0.188427	0.197023	0.169186	0.187296	0.213758	0.199661	0.201321	0.198857	0.207599	0.194980	
1505	0.194971	0.201184	0.166147	0.187230	0.213273	0.198728	0.203963	0.195911	0.205038	0.199441	
1510	0.196864	0.202630	0.169871	0.189342	0.208049	0.194521	0.208872	0.201592	0.204534	0.201706	
1515	0.198966	0.203088	0.179498	0.183821	0.209564	0.191340	0.207469	0.208342	0.203889	0.204378	
1520	0.199113	0.210691	0.180369	0.185908	0.211127	0.193032	0.210899	0.216013	0.201755	0.208344	
1525	0.197246	0.208354	0.186744	0.186260	0.211075	0.190544	0.210502	0.215669	0.204619	0.208220	
1530	0.199678	0.208227	0.185741	0.186441	0.212139	0.187166	0.218356	0.212676	0.209722	0.207081	
1535	0.200506	0.204011	0.190748	0.191431	0.212981	0.185749	0.222871	0.220320	0.212223	0.211380	
1540	0.203366	0.206463	0.190196	0.196816	0.205793	0.186012	0.225602	0.221303	0.207931	0.209836	
1545	0.206713	0.204350	0.190465	0.199562	0.200541	0.184445	0.219247	0.214674	0.209131	0.205196	
1550	0.212526	0.200346	0.191290	0.198319	0.199001	0.182840	0.223335	0.205812	0.208438	0.199902	
1555	0.213882	0.201288	0.188229	0.199638	0.192298	0.185255	0.214635	0.196983	0.212720	0.194447	
1560	0.214735	0.200284	0.188966	0.202266	0.197354	0.185643	0.211612	0.201543	0.210810	0.192404	
1565	0.211138	0.204646	0.185436	0.200833	0.199645	0.186979	0.207766	0.200059	0.211422	0.197309	
1570	0.209362	0.197183	0.184138	0.195454	0.203368	0.193840	0.196149	0.196743	0.209797	0.197202	
1575	0.205422	0.199808	0.186994	0.196614	0.204234	0.194939	0.197577	0.200028	0.207266	0.194724	
1580	0.211264	0.198735	0.186443	0.195276	0.207991	0.197838	0.198975	0.204358	0.211667	0.200938	
1585	0.214154	0.195269	0.190522	0.186410	0.205326	0.196065	0.198944	0.200804	0.207087	0.200043	
1590	0.213969	0.194200	0.192076	0.187986	0.201857	0.197485	0.192999	0.192810	0.203427	0.197340	
1595	0.203424	0.193624	0.189907	0.190927	0.202859	0.207018	0.188100	0.190594	0.194848	0.199507	
1600	0.199894	0.192349	0.186196	0.193772	0.202464	0.207578	0.185964	0.192573	0.194037	0.197130	
1605	0.199174	0.191542	0.181265	0.191286	0.199067	0.202040	0.188432	0.198902	0.190417	0.201118	
1610	0.206141	0.196530	0.180947	0.193147	0.202683	0.196226	0.193245	0.203950	0.199954	0.206702	
1615	0.210684	0.198473	0.178421	0.190177	0.201423	0.187711	0.208681	0.206565	0.207851	0.212153	
1620	0.213678	0.197710	0.172332	0.191128	0.201589	0.180054	0.209150	0.207350	0.210446	0.214524	
1625	0.214717	0.202751	0.170792	0.194382	0.206515	0.180202	0.217544	0.209125	0.215403	0.214748	
1630	0.213489	0.198800	0.174941	0.191290	0.201984	0.182795	0.224780	0.211052	0.216100	0.215026	
1635	0.210144	0.195539	0.178797	0.190448	0.200594	0.182625	0.226802	0.211356	0.214857	0.208487	
1640	0.213597	0.193547	0.180787	0.187988	0.192545	0.181402	0.221526	0.210846	0.208270	0.209319	
1645	0.211171	0.189437	0.183062	0.185504	0.191610	0.174148	0.216180	0.210529	0.208021	0.209838	
1650	0.208781	0.189166	0.183838	0.178735	0.194173	0.178942	0.213208	0.215778	0.199335	0.210977	
1655	0.207838	0.191799	0.184940	0.173546	0.194488	0.181506	0.213808	0.209988	0.198313	0.203790	
1660	0.202800	0.190700	0.186730	0.175424	0.190997	0.189022	0.213609	0.207082	0.201672	0.202037	
1665	0.206312	0.197789	0.191128	0.175761	0.188208	0.194723	0.208092	0.204046	0.206063	0.205480	
1670	0.201710	0.200766	0.194825	0.180023	0.186945	0.201864	0.206043	0.200002	0.207117	0.203016	
1675	0.198454	0.201654	0.201222	0.185388	0.190458	0.206928	0.209270	0.196300	0.202023	0.207846	
1680	0.196938	0.195627	0.199409	0.188189	0.196118	0.206533	0.214057	0.197190	0.201895	0.203708	
1685	0.197130	0.190103	0.191312	0.190684	0.197311	0.212387	0.214085	0.200133	0.191853	0.203357	
1690	0.195187	0.192899	0.191526	0.197425	0.203600	0.209045	0.215489	0.206102	0.194913	0.198084	
1695	0.196347	0.194344	0.192140	0.197435	0.208784	0.203924	0.209339	0.204920	0.191275	0.193564	
1700	0.196563	0.201553	0.200783	0.201987	0.209323	0.197793	0.207291	0.204372	0.190988	0.183215	
1705	0.207537	0.197169	0.198270	0.200145	0.205279	0.195009	0.202815	0.209684	0.185612	0.178697	
1710	0.203958	0.194307	0.195765	0.196318	0.204738	0.192460	0.200638	0.214951	0.185843	0.174589	
1715	0.203278	0.192669	0.193998	0.194653	0.198450	0.186907	0.201661	0.212967	0.188402	0.183889	
1720	0.199255	0.194779	0.191101	0.193497	0.190255	0.184561	0.205712	0.220149	0.185749	0.194482	
1725	0.198408	0.193179	0.187265	0.188743	0.186376	0.193921	0.202386	0.219961	0.181837	0.195818	
1730	0.205855	0.190439	0.194986	0.190355	0.182322	0.194169	0.199933	0.222851	0.183586	0.200110	
1735	0.213465	0.187197	0.197763	0.184775	0.179995	0.195310	0.201932	0.224518	0.186294	0.197195	
1740	0.215154	0.189914	0.200671	0.181805	0.179108	0.197380	0.199818	0.222909	0.181907	0.186312	
1745	0.213307	0.191283	0.201472	0.182212	0.178400	0.195852	0.196271	0.219857	0.182645	0.187749	
1750	0.212479	0.196632	0.195603	0.191075	0.181015	0.197713	0.194176	0.213087	0.182470	0.189597	
1755	0.206653	0.202849	0.190169	0.197912	0.182211	0.198434	0.187610	0.206717	0.181863	0.187564	
1760	0.202730	0.210472	0.189763	0.196510	0.186614	0.193124	0.186480	0.202259	0.175806	0.189352	
1765	0.201314	0.213842	0.186952	0.201797	0.194722	0.197810	0.188452	0.196585	0.173437	0.190277	
1770	0.199308	0.206912	0.191047	0.205900	0.192745	0.193244	0.193276	0.197332	0.173713	0.189413	
1775	0.197944	0.202019	0.194759	0.204748	0.194588	0.191327	0.194488	0.202110	0.172753	0.192465	
1780	0.198629	0.201552	0.188861	0.204787	0.190772	0.194368	0.190989	0.201528	0.174235	0.195830	
1785	0.198822	0.194085	0.190366	0.198293	0.195423	0.195780	0.191589	0.204600	0.182487	0.198885	
1790	0.198521	0.189502	0.196414	0.189790	0.196518	0.196593	0.189024	0.205591	0.186138	0.200676	
1795	0.195544	0.187050	0.198849	0.192157	0.191596	0.205883	0.189986	0.211179	0.192443	0.203147	
1800	0.202284	0.186318	0.197712	0.192574	0.186999	0.207974	0.198179	0.215287	0.196045	0.197418	
1805	0.208326	0.183560	0.204704	0.193171	0.185918	0.202182	0.200746	0.220973	0.199197	0.199801	
1810	0.218212	0.182803	0.204021	0.198437	0.183446	0.201478	0.204366	0.214980	0.197725	0.191217	
1815	0.219722	0.185332	0.202373	0.204706	0.181350	0.202696	0.210347	0.217774	0.199458	0.191808	
1820	0.218905	0.188141	0.205853	0.206879	0.194183	0.199981	0.213370	0.218107	0.197792	0.191938	
1825	0.217108	0.187719	0.209954	0.215952	0.204957	0.194357	0.218104	0.213117	0.193645	0.196833	
1830	0.214040	0.188664	0.212889	0.213164	0.211536	0.187181	0.214528	0.211885	0.189080	0.204755	
1835	0.209206	0.184864	0.212683	0.212048	0.211336	0.185805	0.219458	0.211448	0.189013	0.204287	
1840	0.205472	0.185088	0.204837	0.206188	0.214156	0.190731	0.225305	0.206328	0.184955	0.202627	
1845	0.202750	0.189325	0.200956	0.204955	0.209046	0.194801	0.223782	0.208119	0.181555	0.205771	
1850	0.198128	0.185546	0.203644	0.208893	0.210324	0.195128	0.220726	0.209894	0.183062	0.204667	
1855	0.195570	0.189313	0.202583	0.208568	0.206215	0.200054	0.220072	0.211356	0.187986	0.207140	
1860	0.197094	0.191374	0.196669	0.197712	0.212260	0.206605	0.217233	0.202149	0.188987	0.209023	
1865	0.196862	0.189481	0.194469	0.203958	0.216460	0.203810	0.208391	0.201880	0.189652	0.213493	
1870	0.200168	0.190762	0.194870	0.197809	0.215060	0.205770	0.198898	0.207475	0.192574	0.214733	
1875	0.200554	0.188078	0.189424	0.199459	0.211392	0.205255	0.198529	0.211608	0.192142	0.208534	
1880	0.208093	0.184237	0.199174	0.195931	0.211455	0.207486	0.201350	0.216340	0.195355	0.203992	
1885	0.213044	0.180293	0.200155	0.191609	0.213420	0.207880	0.204365	0.223628	0.196087	0.198517	
1890	0.213958	0.181412	0.199898	0.188649	0.211575	0.212555	0.207343	0.221469	0.197048	0.193682	
1895	0.211667	0.187572	0.200802	0.189877	0.212519	0.207496	0.209564	0.225635	0.196622	0.195236	
1900	0.209785	0.188165	0.204224	0.195302	0.213493	0.202076	0.213875	0.224395	0.200325	0.195270	
1905	0.201496	0.187440	0.202831	0.195441	0.209739	0.199885	0.211576	0.220929	0.200215	0.198852	
1910	0.197469	0.190616	0.199323	0.199900	0.199205	0.203068	0.202625	0.218505	0.198052	0.198234	
1915	0.193600	0.193328	0.195054	0.209800	0.195778	0.196079	0.198414	0.212771	0.193835	0.204047	
1920	0.190393	0.187494	0.195663	0.208149	0.202566	0.195670	0.192218	0.206340	0.192094	0.211595	
1925	0.194770	0.189845	0.198253	0.212007	0.211522	0.191344	0.190671	0.202272	0.197766	0.217777	
1930	0.196131	0.191231	0.197584	0.214113	0.210836	0.195039	0.192990	0.199680	0.192792	0.217419	
1935	0.199583	0.189735	0.196154	0.207954	0.214563	0.195786	0.199006	0.196081	0.195744	0.222350	
1940	0.195794	0.189362	0.198526	0.204382	0.213176	0.190509	0.203041	0.194706	0.191828	0.212340	
1945	0.197461	0.190719	0.190776	0.204110	0.214690	0.192206	0.204822	0.198497	0.193199	0.208624	
1950	0.199641	0.185903	0.187845	0.204922	0.207959	0.194194	0.204396	0.202721	0.189037	0.214853	
1955	0.193428	0.186763	0.188699	0.206154	0.203345	0.199350	0.205324	0.199783	0.185086	0.208602	
1960	0.198208	0.184586	0.199574	0.207692	0.197280	0.204542	0.211448	0.206345	0.183471	0.205638	
1965	0.197340	0.179416	0.200173	0.201047	0.199672	0.203113	0.207522	0.208587	0.179647	0.200524	
1970	0.198670	0.177608	0.199815	0.198520	0.204436	0.206586	0.207655	0.209040	0.182615	0.204441	
1975	0.206289	0.184231	0.207708	0.192531	0.207198	0.205839	0.205782	0.213848	0.190071	0.197340	
1980	0.204533	0.180152	0.196323	0.191183	0.211487	0.207347	0.209516	0.226222	0.189644	0.192430	
1985	0.205830	0.184245	0.197783	0.192988	0.208122	0.213369	0.207278	0.228205	0.186775	0.188818	
1990	0.204592	0.182788	0.200488	0.193220	0.218748	0.217731	0.208450	0.223891	0.189291	0.185971	
1995	0.202051	0.179803	0.204811	0.190320	0.217557	0.221729	0.204441	0.221266	0.184258	0.187623	
2000	0.196679	0.186106	0.204163	0.191872	0.214832	0.224014	0.197809	0.216586	0.184330	0.188418	
2005	0.195347	0.198795	0.212118	0.195400	0.211663	0.223633	0.196444	0.215457	0.188097	0.200307	
2010	0.198757	0.208902	0.212135	0.201331	0.203922	0.216530	0.200889	0.215348	0.184351	0.202268	
2015	0.199548	0.206439	0.212674	0.202075	0.195749	0.215256	0.203570	0.211331	0.182126	0.211571	
2020	0.207484	0.205437	0.206058	0.201929	0.193157	0.209606	0.207320	0.203772	0.181857	0.213196	
2025	0.211282	0.204532	0.200635	0.207479	0.192692	0.214857	0.203180	0.199148	0.179116	0.215079	
2030	0.210011	0.203350	0.202192	0.206614	0.192532	0.214146	0.203266	0.205656	0.178551	0.215424	
2035	0.211502	0.201918	0.202477	0.208462	0.198544	0.205505	0.201502	0.211574	0.176558	0.218050	
2040	0.214632	0.198561	0.202240	0.204912	0.204935	0.198100	0.194971	0.217417	0.178857	0.212319	
2045	0.209251	0.193128	0.200096	0.209012	0.206014	0.193739	0.197661	0.216872	0.180603	0.208615	
2050	0.205695	0.188183	0.204357	0.202320	0.208165	0.190727	0.192828	0.218593	0.184120	0.203166	
2055	0.209308	0.192282	0.210642	0.206252	0.203322	0.192392	0.195290	0.215451	0.183972	0.195832	
2060	0.206621	0.196720	0.205873	0.202834	0.206006	0.197955	0.202806	0.209032	0.185270	0.199035	
2065	0.200722	0.206740	0.204355	0.205008	0.204562	0.203762	0.201277	0.201731	0.183306	0.200830	
2070	0.195885	0.210529	0.208160	0.202226	0.205781	0.205341	0.202359	0.202854	0.189658	0.210727	
2075	0.194218	0.211247	0.204834	0.201088	0.201154	0.202916	0.203874	0.204144	0.194289	0.214014	
2080	0.187789	0.211977	0.201948	0.197332	0.200234	0.191888	0.206049	0.202609	0.194215	0.212707	
2085	0.187657	0.209815	0.202552	0.190910	0.199855	0.194863	0.209405	0.200329	0.202668	0.205593	
2090	0.193108	0.202198	0.203818	0.186333	0.203126	0.194926	0.205838	0.201635	0.203602	0.205848	
2095	0.196386	0.201540	0.201781	0.186481	0.207073	0.192109	0.205558	0.201638	0.206363	0.200057	
2100	0.189265	0.201870	0.201112	0.188187	0.210381	0.198416	0.201478	0.201587	0.203702	0.201168	
2105	0.188586	0.201799	0.201915	0.188226	0.214409	0.201769	0.200723	0.199006	0.205676	0.200979	
2110	0.188860	0.201425	0.202617	0.190408	0.222135	0.199366	0.196075	0.198039	0.207750	0.202571	
2115	0.190617	0.194741	0.207710	0.198388	0.222894	0.200899	0.200027	0.196314	0.199159	0.194093	
2120	0.186512	0.191380	0.205588	0.199221	0.225986	0.206031	0.198421	0.197119	0.192644	0.188257	
2125	0.189399	0.189249	0.201329	0.200954	0.229397	0.208604	0.200291	0.200568	0.191451	0.188027	
2130	0.195189	0.188046	0.200045	0.200086	0.231963	0.206907	0.199085	0.203707	0.193617	0.199331	
2135	0.190992	0.190723	0.206531	0.196919	0.234597	0.207770	0.201747	0.206560	0.194485	0.196450	
2140	0.192172	0.195092	0.214158	0.199110	0.234779	0.204711	0.208680	0.204225	0.193314	0.200364	
2145	0.194286	0.192348	0.209677	0.199202	0.224345	0.204376	0.212755	0.209502	0.190178	0.198076	
2150	0.197744	0.189279	0.206437	0.201912	0.218815	0.208232	0.216545	0.210300	0.191089	0.198350	
2155	0.193505	0.189766	0.207596	0.203275	0.214029	0.206498	0.213243	0.204471	0.191091	0.201258	
2160	0.185841	0.191499	0.208183	0.209825	0.211291	0.206414	0.208202	0.201209	0.188289	0.200269	
2165	0.180537	0.188549	0.206398	0.210210	0.212835	0.203988	0.201094	0.198070	0.187027	0.204659	
2170	0.185943	0.192336	0.201023	0.209656	0.210501	0.205428	0.196353	0.202033	0.187542	0.200132	
2175	0.186632	0.195283	0.194169	0.205299	0.214708	0.204099	0.189889	0.200699	0.180111	0.200832	
2180	0.192521	0.202624	0.192231	0.196343	0.205482	0.203436	0.190802	0.202909	0.181824	0.192826	
2185	0.189464	0.210530	0.191744	0.189270	0.208206	0.199321	0.191702	0.198737	0.181814	0.188266	
2190	0.184457	0.209498	0.192971	0.186250	0.208928	0.194374	0.186700	0.195564	0.190157	0.190300	
2195	0.182398	0.208605	0.202337	0.189675	0.210747	0.197431	0.187268	0.197280	0.192122	0.187669	
2200	0.191199	0.205221	0.203957	0.188667	0.212445	0.202309	0.190264	0.192331	0.190869	0.183645	
2205	0.198508	0.204457	0.206030	0.193809	0.207666	0.203450	0.195675	0.202413	0.197397	0.177721	
2210	0.202982	0.192973	0.198653	0.196351	0.198197	0.204587	0.196200	0.204121	0.206584	0.181507	
2215	0.208026	0.193165	0.195651	0.202542	0.192076	0.205893	0.201546	0.207349	0.214283	0.187169	
2220	0.207107	0.189789	0.200481	0.205190	0.192039	0.200423	0.205414	0.206977	0.215529	0.188486	
2225	0.202763	0.194596	0.216051	0.199363	0.185747	0.199894	0.210909	0.207915	0.212604	0.184623	
2230	0.202959	0.202984	0.218439	0.198248	0.190617	0.192923	0.207239	0.206029	0.209922	0.185454	
2235	0.202881	0.211431	0.210605	0.196370	0.196056	0.198808	0.200826	0.202970	0.201715	0.191194	
2240	0.203005	0.210443	0.207465	0.197737	0.195643	0.196397	0.194896	0.200475	0.204709	0.187746	
2245	0.207057	0.203874	0.203274	0.191201	0.194072	0.193403	0.195562	0.200576	0.203073	0.185364	
2250	0.206919	0.201260	0.197931	0.193004	0.195279	0.194877	0.195413	0.199843	0.197457	0.185642	
2255	0.202215	0.211321	0.190699	0.189628	0.197421	0.191429	0.183536	0.198944	0.194896	0.192201	
2260	0.201092	0.208005	0.192528	0.190191	0.200146	0.186073	0.173987	0.198888	0.195599	0.192859	
2265	0.200477	0.197821	0.191517	0.193614	0.210062	0.184230	0.164825	0.194905	0.194947	0.192825	
2270	0.202494	0.190559	0.195851	0.190642	0.206081	0.182575	0.171022	0.192536	0.186116	0.200140	
2275	0.204828	0.187191	0.195444	0.191656	0.203030	0.178339	0.180778	0.193963	0.182638	0.202436	
2280	0.212361	0.189138	0.192744	0.192130	0.202505	0.181694	0.184456	0.194954	0.180963	0.203709	
2285	0.221700	0.185117	0.197772	0.194300	0.199454	0.179675	0.186906	0.194256	0.183596	0.203793	
2290	0.217154	0.187801	0.200492	0.200754	0.201235	0.180841	0.189224	0.199722	0.181781	0.202838	
2295	0.215385	0.190452	0.204882	0.205895	0.203041	0.180903	0.195107	0.200390	0.186877	0.195895	
2300	0.214596	0.193747	0.209048	0.204770	0.204098	0.178620	0.197592	0.207579	0.193151	0.193518	
2305	0.213836	0.193614	0.210928	0.205093	0.203397	0.183829	0.201838	0.205116	0.192567	0.189217	
2310	0.210764	0.196549	0.210763	0.199914	0.206708	0.189475	0.203285	0.211782	0.187482	0.194908	
2315	0.205493	0.195186	0.208421	0.194997	0.202163	0.193203	0.197414	0.211284	0.188184	0.195689	
2320	0.205232	0.193818	0.204832	0.197076	0.205026	0.195496	0.201004	0.208474	0.187983	0.188840	
2325	0.200071	0.198584	0.199328	0.194731	0.208969	0.201363	0.202170	0.203729	0.188868	0.192267	
2330	0.191470	0.196308	0.197539	0.194020	0.215092	0.198628	0.201551	0.198388	0.185755	0.192328	
2335	0.187577	0.190620	0.196423	0.189335	0.211307	0.196013	0.197525	0.194516	0.187703	0.190446	
2340	0.192192	0.184415	0.198012	0.192716	0.213245	0.196153	0.199924	0.196435	0.195428	0.191606	
2345	0.195580	0.187139	0.197207	0.200773	0.217854	0.194740	0.206093	0.197872	0.193662	0.190388	
2350	0.197714	0.185443	0.193626	0.199501	0.218016	0.201374	0.211376	0.196147	0.195823	0.194410	
2355	0.195138	0.184837	0.190212	0.197442	0.218754	0.205378	0.212724	0.192371	0.199953	0.193653	
2360	0.197735	0.184166	0.190323	0.196708	0.216780	0.204379	0.215406	0.186647	0.208568	0.191564	
2365	0.202091	0.181765	0.195008	0.198646	0.210957	0.203733	0.214673	0.184228	0.212530	0.199716	
2370	0.204989	0.186725	0.195399	0.199773	0.213076	0.203718	0.207347	0.183459	0.217625	0.197075	
2375	0.204057	0.194375	0.196554	0.198669	0.206319	0.201630	0.207580	0.186044	0.208363	0.198691	
2380	0.206244	0.200555	0.203175	0.198356	0.205958	0.198040	0.209082	0.189144	0.208486	0.203070	
2385	0.205822	0.204982	0.205458	0.193279	0.199631	0.194181	0.218260	0.191651	0.203581	0.202341	
2390	0.204227	0.208224	0.201998	0.194376	0.199336	0.187170	0.222877	0.197666	0.203642	0.198229	
2395	0.201393	0.210226	0.202282	0.194423	0.198088	0.189873	0.219832	0.199740	0.195346	0.200144	
2400	0.196143	0.204103	0.198183	0.190706	0.201788	0.195605	0.219287	0.205111	0.190858	0.208517	
2405	0.199490	0.198526	0.198550	0.190267	0.205178	0.197911	0.218057	0.199335	0.187849	0.208556	
2410	0.204907	0.202022	0.198160	0.192299	0.207189	0.200275	0.219343	0.194264	0.190722	0.201393	
2415	0.205650	0.199440	0.201635	0.194322	0.207723	0.198549	0.210284	0.200528	0.193450	0.201392	
2420	0.200134	0.196167	0.200097	0.190790	0.208368	0.198092	0.205622	0.197140	0.196781	0.193963	
2425	0.206025	0.197369	0.203839	0.187423	0.213850	0.202168	0.206784	0.199543	0.197966	0.196284	
2430	0.203049	0.199624	0.205484	0.188775	0.222985	0.206602	0.205586	0.201596	0.208880	0.192899	
2435	0.205869	0.197725	0.205599	0.191620	0.222965	0.201944	0.204967	0.210680	0.211609	0.193417	
2440	0.202798	0.202019	0.206099	0.195883	0.226882	0.200944	0.204033	0.214491	0.209179	0.198358	
2445	0.202011	0.200865	0.205103	0.197646	0.220293	0.201577	0.209322	0.212387	0.211095	0.196544	
2450	0.202179	0.204002	0.202038	0.198033	0.215421	0.200760	0.205628	0.207778	0.211264	0.197718	
2455	0.195691	0.209769	0.203928	0.193223	0.212135	0.200196	0.208613	0.203503	0.210040	0.202999	
2460	0.197131	0.211627	0.200302	0.193388	0.212709	0.202218	0.208288	0.200347	0.210095	0.213563	
2465	0.201026	0.213556	0.201477	0.185628	0.214744	0.203260	0.210158	0.201754	0.209868	0.217152	
2470	0.203841	0.213528	0.205143	0.175641	0.224756	0.203525	0.211346	0.193743	0.206998	0.222744	
2475	0.203467	0.210262	0.202602	0.177151	0.234048	0.204708	0.215324	0.196914	0.196377	0.221938	
2480	0.200615	0.201554	0.200881	0.176881	0.233241	0.203613	0.215690	0.196961	0.197092	0.225838	
2485	0.196101	0.201348	0.201766	0.170634	0.242850	0.207718	0.213801	0.192482	0.195133	0.227814	
2490	0.195607	0.199557	0.198013	0.174134	0.242161	0.205114	0.213483	0.188720	0.188917	0.225954	
2495	0.196664	0.199985	0.195198	0.181999	0.242009	0.195383	0.215492	0.189046	0.183554	0.223331	
2500	0.190878	0.201077	0.189135	0.193269	0.243074	0.199695	0.214529	0.193753	0.185443	0.214378	
2505	0.195978	0.201987	0.195171	0.192536	0.237149	0.195524	0.210585	0.200448	0.190091	0.207810	
2510	0.200203	0.202417	0.193019	0.194318	0.227333	0.191752	0.206410	0.198129	0.194090	0.203839	
2515	0.206980	0.203819	0.198065	0.198280	0.225730	0.193260	0.208291	0.197081	0.195895	0.207853	
2520	0.211567	0.204369	0.202613	0.201023	0.227623	0.187932	0.203303	0.195895	0.198365	0.206196	
2525	0.217495	0.201200	0.204285	0.205741	0.236254	0.183850	0.205596	0.192113	0.198900	0.202128	
2530	0.214802	0.206001	0.209196	0.210174	0.233935	0.182893	0.208065	0.189386	0.199855	0.200160	
2535	0.213256	0.207025	0.211593	0.208879	0.229157	0.188210	0.211144	0.186778	0.199796	0.199790	
2540	0.207481	0.218505	0.208406	0.215812	0.218227	0.191694	0.214019	0.178985	0.201624	0.199450	
2545	0.203197	0.217073	0.208143	0.215855	0.210965	0.190359	0.217641	0.173562	0.197854	0.201756	
2550	0.200316	0.216786	0.210244	0.217454	0.207977	0.189412	0.218602	0.173464	0.196662	0.208600	
2555	0.200433	0.218577	0.206456	0.218422	0.209870	0.182683	0.226941	0.180206	0.197316	0.208489	
2560	0.200661	0.227953	0.202082	0.217138	0.210588	0.184735	0.225638	0.183419	0.199634	0.208873	
2565	0.201440	0.226373	0.200635	0.215151	0.216635	0.183345	0.220402	0.185745	0.200084	0.210514	
2570	0.198708	0.225342	0.197831	0.214040	0.218536	0.178808	0.221794	0.188943	0.203759	0.211785	
2575	0.190982	0.215769	0.201008	0.217137	0.224784	0.177412	0.223570	0.188597	0.199034	0.208420	
2580	0.189381	0.203247	0.199134	0.212193	0.223217	0.184787	0.220994	0.198461	0.201043	0.208108	
2585	0.188250	0.204952	0.196412	0.202831	0.222476	0.190107	0.212600	0.199166	0.204094	0.205997	
2590	0.195097	0.204266	0.195160	0.200428	0.222371	0.197745	0.211030	0.203372	0.206579	0.209974	
2595	0.201767	0.208342	0.193563	0.199002	0.232103	0.196549	0.207086	0.210738	0.208104	0.201133	
2600	0.205464	0.204144	0.189680	0.191990	0.229830	0.198917	0.210237	0.205065	0.204952	0.200446	
2605	0.203929	0.205588	0.189881	0.199162	0.228457	0.199298	0.208486	0.209758	0.210029	0.205372	
2610	0.205712	0.201536	0.187402	0.196661	0.220527	0.206480	0.212391	0.213712	0.211092	0.209796	
2615	0.212082	0.203174	0.187261	0.197090	0.215620	0.206597	0.206619	0.214854	0.206439	0.209587	
2620	0.211297	0.201012	0.187818	0.198350	0.215555	0.212377	0.205581	0.213926	0.201571	0.205559	
2625	0.215499	0.204051	0.188073	0.199552	0.213288	0.219778	0.195873	0.208140	0.199343	0.201485	
2630	0.212489	0.203822	0.194129	0.209129	0.213747	0.221530	0.198893	0.204146	0.197098	0.196796	
2635	0.208305	0.206369	0.196821	0.210820	0.214539	0.223051	0.212276	0.200896	0.194206	0.202272	
2640	0.202695	0.202063	0.198542	0.204151	0.216897	0.224578	0.214467	0.201045	0.196759	0.199888	
2645	0.200749	0.207639	0.200494	0.205710	0.215049	0.224694	0.212846	0.197950	0.194063	0.205703	
2650	0.203097	0.207722	0.200150	0.202663	0.215227	0.214276	0.203605	0.199352	0.197629	0.208605	
2655	0.210977	0.208803	0.194862	0.199011	0.215447	0.211300	0.206413	0.196941	0.199688	0.213342	
2660	0.205102	0.213220	0.197501	0.197592	0.216530	0.211325	0.208343	0.202826	0.204588	0.218078	
2665	0.197748	0.214863	0.203095	0.192375	0.219357	0.216416	0.208458	0.207369	0.205498	0.220600	
2670	0.203399	0.217394	0.201963	0.189811	0.210876	0.216719	0.207624	0.204089	0.201926	0.220398	
2675	0.195774	0.212445	0.208459	0.194882	0.210258	0.220199	0.211113	0.205729	0.206403	0.220937	
2680	0.192428	0.213630	0.209129	0.193870	0.208448	0.216744	0.207664	0.211460	0.212262	0.215648	
2685	0.189953	0.209407	0.208726	0.194114	0.210186	0.211369	0.203694	0.215130	0.211453	0.210278	
2690	0.196017	0.202166	0.206357	0.191124	0.211049	0.211210	0.206384	0.207920	0.209118	0.211320	
2695	0.200772	0.200860	0.204239	0.192405	0.214129	0.206188	0.208205	0.214126	0.208951	0.209222	
2700	0.207211	0.197901	0.199786	0.196399	0.216687	0.205110	0.211682	0.216809	0.205009	0.209471	
2705	0.209907	0.194238	0.198364	0.195873	0.220628	0.201095	0.206439	0.220011	0.198615	0.206492	
2710	0.206467	0.194176	0.196241	0.195312	0.208588	0.205169	0.201762	0.221341	0.195511	0.212355	
2715	0.211781	0.200176	0.204399	0.191793	0.208035	0.202710	0.200179	0.218179	0.188228	0.208628	
2720	0.213424	0.200951	0.203661	0.191380	0.207720	0.201459	0.200940	0.212499	0.186895	0.207535	
2725	0.213458	0.210319	0.203580	0.197271	0.208206	0.201938	0.204630	0.203793	0.181219	0.203517	
2730	0.217327	0.210825	0.203595	0.199727	0.202720	0.206180	0.207224	0.196015	0.181910	0.201667	
2735	0.216157	0.211709	0.212160	0.194888	0.206097	0.204967	0.207461	0.195142	0.180680	0.191341	
2740	0.207496	0.216758	0.214462	0.194809	0.209035	0.205617	0.209337	0.189475	0.183332	0.194872	
2745	0.202205	0.210054	0.219774	0.199293	0.209139	0.210207	0.213318	0.190595	0.188796	0.198349	
2750	0.193504	0.204353	0.220296	0.200989	0.211995	0.206274	0.213909	0.187919	0.185267	0.196702	
2755	0.194270	0.199821	0.219946	0.210381	0.209116	0.204910	0.213836	0.186565	0.182801	0.199256	
2760	0.199503	0.201520	0.211828	0.214298	0.202424	0.201694	0.212845	0.190194	0.180480	0.204251	
2765	0.199265	0.200291	0.202531	0.212365	0.199742	0.196345	0.218033	0.196594	0.179646	0.204634	
2770	0.194913	0.199918	0.193491	0.211708	0.199620	0.195936	0.208136	0.196343	0.184704	0.210689	
2775	0.197605	0.205127	0.189604	0.208466	0.198149	0.194520	0.198952	0.203466	0.185412	0.215815	
2780	0.203740	0.208783	0.178455	0.209102	0.198352	0.196425	0.201203	0.202591	0.194461	0.220311	
2785	0.208154	0.214767	0.171839	0.206004	0.198737	0.200202	0.207600	0.208483	0.194221	0.217903	
2790	0.205161	0.218928	0.176849	0.204987	0.201076	0.197459	0.206934	0.204931	0.195044	0.214328	
2795	0.204962	0.215882	0.178102	0.200591	0.202003	0.193609	0.196972	0.204692	0.192633	0.208062	
2800	0.192315	0.214781	0.192652	0.198334	0.199529	0.192412	0.193847	0.207941	0.190412	0.205092	
2805	0.192245	0.214369	0.200117	0.196716	0.197907	0.199026	0.196019	0.212718	0.187868	0.198979	
2810	0.181734	0.212697	0.209587	0.201135	0.188713	0.200719	0.191225	0.207925	0.184667	0.202045	
2815	0.181544	0.206194	0.212670	0.205489	0.193351	0.203134	0.194514	0.209150	0.191189	0.192413	
2820	0.194066	0.204213	0.210520	0.200283	0.187449	0.207284	0.190527	0.207716	0.193750	0.188200	
2825	0.196436	0.204038	0.209955	0.198180	0.182119	0.207870	0.194110	0.206270	0.189322	0.191011	
2830	0.200973	0.203644	0.200871	0.195238	0.183530	0.208699	0.197741	0.210700	0.193682	0.187874	
2835	0.199978	0.199136	0.193969	0.191363	0.182898	0.205070	0.203014	0.207569	0.200506	0.186803	
2840	0.208329	0.196794	0.190141	0.190587	0.187818	0.205973	0.210517	0.197035	0.205616	0.192427	
2845	0.205496	0.195150	0.188034	0.183676	0.197264	0.206460	0.211917	0.203051	0.206566	0.191173	
2850	0.199618	0.201946	0.183407	0.181624	0.197315	0.206513	0.214388	0.203669	0.205596	0.197447	
2855	0.194939	0.206197	0.184591	0.179236	0.199392	0.210466	0.217108	0.201832	0.211540	0.199505	
2860	0.188960	0.207414	0.183818	0.177409	0.201181	0.210271	0.212943	0.192730	0.208717	0.203361	
2865	0.180176	0.205904	0.184134	0.175449	0.208954	0.208458	0.205574	0.190329	0.209948	0.208690	
2870	0.175190	0.204974	0.179591	0.179996	0.205784	0.208158	0.198579	0.199261	0.209104	0.208519	
2875	0.172488	0.206545	0.182257	0.186338	0.202324	0.212093	0.196758	0.198081	0.207568	0.206719	
2880	0.173321	0.202445	0.175587	0.183902	0.198125	0.206503	0.203163	0.199684	0.206622	0.201649	
2885	0.182023	0.203370	0.180566	0.188298	0.196111	0.205241	0.203625	0.200272	0.209217	0.197668	
2890	0.178490	0.209256	0.184058	0.197009	0.193363	0.200152	0.198114	0.199066	0.209639	0.194468	
2895	0.187288	0.209106	0.186584	0.202030	0.198662	0.203628	0.197660	0.199260	0.210788	0.195034	
2900	0.190370	0.217014	0.193364	0.207550	0.202973	0.201970	0.202386	0.197399	0.215917	0.199247	
2905	0.193489	0.220857	0.194348	0.211208	0.197290	0.198720	0.205178	0.200210	0.214157	0.204353	
2910	0.195787	0.221375	0.195518	0.205788	0.198752	0.198679	0.207037	0.199998	0.213905	0.204532	
2915	0.195074	0.213787	0.191518	0.208326	0.198151	0.199975	0.210911	0.200016	0.209593	0.201646	
2920	0.202697	0.208013	0.191443	0.208938	0.192881	0.206248	0.211742	0.203993	0.202558	0.200889	
2925	0.199638	0.207876	0.191797	0.202315	0.197843	0.208299	0.214646	0.201654	0.205909	0.198711	
2930	0.197557	0.198648	0.188697	0.194068	0.195931	0.209546	0.214290	0.206493	0.209700	0.198139	
2935	0.200710	0.200632	0.182701	0.194453	0.198928	0.206450	0.218572	0.203418	0.209402	0.191531	
2940	0.199288	0.192276	0.177815	0.192381	0.205655	0.197672	0.211278	0.200874	0.206019	0.189702	
2945	0.191664	0.187300	0.177995	0.199696	0.204266	0.196622	0.211982	0.205410	0.212514	0.190179	
2950	0.186920	0.187019	0.169726	0.202972	0.211766	0.194734	0.205439	0.208510	0.209418	0.187280	
2955	0.192010	0.181519	0.169443	0.206290	0.216633	0.195384	0.198868	0.206569	0.206584	0.187281	
2960	0.195298	0.182539	0.168218	0.202519	0.210486	0.194012	0.196216	0.211166	0.211654	0.185901	
2965	0.201883	0.182098	0.175440	0.202102	0.216216	0.199071	0.197411	0.212154	0.212322	0.185367	
2970	0.198678	0.193660	0.174488	0.201975	0.219197	0.202772	0.197754	0.209164	0.213983	0.185605	
2975	0.201544	0.198921	0.179394	0.208869	0.215390	0.208129	0.199420	0.203298	0.214190	0.191419	
2980	0.203860	0.201569	0.180708	0.213520	0.219337	0.208856	0.201696	0.201232	0.221872	0.190623	
2985	0.208452	0.206654	0.180871	0.210260	0.214062	0.210695	0.204467	0.197494	0.224174	0.185647	
2990	0.208859	0.216916	0.185636	0.204269	0.208558	0.210469	0.207602	0.195251	0.223462	0.187138	
2995	0.206822	0.210972	0.181687	0.201559	0.202655	0.212278	0.212212	0.194474	0.220572	0.191142	
3000	0.206836	0.205592	0.182811	0.200868	0.201934	0.212294	0.209570	0.194494	0.215100	0.194922	
