T	rep_1	rep_2	rep_3	rep_4	rep_5	rep_6	rep_7	rep_8	rep_9	rep_10
5	0.095882	0.098883	0.090726	0.104704	0.079215	0.070290	0.114745	0.104854	0.091279	0.094458	
10	0.199535	0.253215	0.224958	0.206564	0.178062	0.158565	0.217143	0.234117	0.194303	0.209067	
15	0.314015	0.325811	0.277158	0.308541	0.266918	0.247949	0.294879	0.386746	0.305691	0.307568	
20	0.372159	0.376457	0.351111	0.396497	0.356347	0.342183	0.415847	0.456222	0.405417	0.460060	
25	0.423749	0.452083	0.454083	0.460176	0.448620	0.398026	0.511312	0.517938	0.486273	0.574615	
30	0.488154	0.531587	0.537160	0.503343	0.515696	0.449251	0.569084	0.582937	0.559764	0.617637	
35	0.540698	0.598975	0.613589	0.537000	0.579693	0.504242	0.601406	0.630396	0.611169	0.650777	
40	0.595483	0.662519	0.679274	0.573578	0.644740	0.574528	0.625491	0.673195	0.656010	0.692823	
45	0.657961	0.715575	0.729559	0.623909	0.707652	0.666567	0.647895	0.710116	0.697845	0.740814	
50	0.732503	0.755985	0.768739	0.675163	0.753602	0.770414	0.675430	0.742378	0.740564	0.778962	
55	0.798258	0.788071	0.800119	0.711753	0.786611	0.828518	0.706138	0.769744	0.779522	0.809590	
60	0.838567	0.806791	0.819708	0.743978	0.805782	0.856008	0.735011	0.798163	0.810546	0.833456	
65	0.858709	0.818546	0.835379	0.766009	0.822801	0.868961	0.762753	0.819013	0.833550	0.846931	
70	0.867406	0.831150	0.844571	0.785078	0.836614	0.876352	0.782024	0.835304	0.847601	0.855416	
75	0.870879	0.839650	0.851505	0.805605	0.845106	0.882528	0.798985	0.842648	0.855145	0.863384	
80	0.872864	0.848443	0.859265	0.820484	0.847940	0.882353	0.814555	0.852383	0.860721	0.867597	
85	0.873326	0.851990	0.861785	0.829238	0.850531	0.881927	0.822934	0.855201	0.861795	0.871613	
90	0.875947	0.856277	0.863227	0.836933	0.854549	0.883398	0.828924	0.855698	0.862472	0.872302	
95	0.877969	0.856742	0.863973	0.842621	0.856085	0.884343	0.832867	0.859596	0.859796	0.869712	
100	0.880897	0.860097	0.867454	0.851237	0.858380	0.882712	0.837855	0.860896	0.863325	0.870619	
105	0.879907	0.859911	0.869571	0.853998	0.860027	0.881486	0.846942	0.863363	0.861658	0.871741	
110	0.876976	0.863145	0.866422	0.854319	0.860706	0.880705	0.848588	0.863639	0.863371	0.868922	
115	0.871907	0.860705	0.862185	0.855410	0.858614	0.875692	0.846761	0.863021	0.860810	0.865357	
120	0.866339	0.858515	0.861249	0.852339	0.848944	0.871915	0.846133	0.858914	0.855527	0.860691	
125	0.855641	0.852746	0.857411	0.848618	0.842037	0.865739	0.839130	0.852456	0.850666	0.855345	
130	0.846634	0.845744	0.849964	0.841665	0.834851	0.858477	0.834956	0.847879	0.842145	0.850465	
135	0.831071	0.838674	0.843703	0.829646	0.828644	0.853732	0.827786	0.838652	0.834580	0.844025	
140	0.815806	0.830431	0.832467	0.818066	0.822974	0.847074	0.821625	0.827199	0.819046	0.835639	
145	0.802233	0.818933	0.820366	0.808984	0.812198	0.841128	0.814389	0.810352	0.807594	0.824112	
150	0.786108	0.808944	0.805026	0.792131	0.801734	0.832353	0.801334	0.789706	0.786897	0.811324	
155	0.772473	0.792461	0.783742	0.775903	0.791350	0.818474	0.789742	0.762578	0.768783	0.798462	
160	0.754508	0.778914	0.757632	0.760160	0.778398	0.804252	0.777765	0.745810	0.750818	0.783245	
165	0.738421	0.762517	0.736701	0.748775	0.768617	0.790972	0.761623	0.716130	0.716477	0.768859	
170	0.724316	0.749552	0.703561	0.734151	0.755562	0.771509	0.748394	0.686008	0.681203	0.751705	
175	0.709162	0.736650	0.673490	0.717308	0.745502	0.753077	0.738664	0.651626	0.652490	0.734630	
180	0.697463	0.720368	0.644970	0.702154	0.736386	0.727338	0.718724	0.608793	0.611764	0.712582	
185	0.679742	0.702878	0.623020	0.687996	0.722718	0.702425	0.699679	0.572205	0.572349	0.691870	
190	0.667031	0.685061	0.598893	0.675849	0.710223	0.682538	0.678237	0.549300	0.533732	0.672566	
195	0.652083	0.668001	0.582119	0.662135	0.695673	0.665213	0.653656	0.516328	0.498521	0.652063	
200	0.639546	0.654035	0.567884	0.651508	0.684994	0.644800	0.636496	0.497154	0.477180	0.636157	
205	0.622549	0.638696	0.558606	0.640048	0.669253	0.626337	0.613843	0.474708	0.457635	0.621740	
210	0.611117	0.621775	0.548938	0.629070	0.659750	0.609381	0.587306	0.461802	0.446129	0.605101	
215	0.594729	0.605882	0.537797	0.615718	0.648951	0.591327	0.568576	0.444481	0.435534	0.590078	
220	0.578500	0.590545	0.527027	0.604581	0.638843	0.578087	0.545121	0.429047	0.423240	0.576112	
225	0.567769	0.570286	0.519220	0.592620	0.626902	0.565761	0.528094	0.422021	0.410843	0.564460	
230	0.560413	0.556207	0.511223	0.578890	0.612754	0.553745	0.516846	0.413188	0.403284	0.550978	
235	0.546487	0.538466	0.503979	0.565166	0.603280	0.541520	0.493818	0.406137	0.389130	0.538276	
240	0.533174	0.522171	0.490930	0.550520	0.592478	0.525624	0.480758	0.395128	0.375781	0.528736	
245	0.519353	0.505873	0.478082	0.531363	0.586909	0.517555	0.468622	0.383466	0.366642	0.513690	
250	0.502449	0.489428	0.460907	0.517214	0.573241	0.504061	0.453390	0.369803	0.355217	0.491528	
255	0.489511	0.474966	0.446679	0.498429	0.564905	0.492922	0.438054	0.359492	0.344203	0.474048	
260	0.470656	0.462602	0.426210	0.479325	0.553855	0.477686	0.426277	0.347896	0.325239	0.458856	
265	0.458829	0.446660	0.408835	0.452991	0.541522	0.461773	0.410564	0.325960	0.309274	0.436986	
270	0.444276	0.428045	0.392968	0.425600	0.527769	0.444547	0.392511	0.310911	0.288212	0.414979	
275	0.422963	0.411939	0.374113	0.404498	0.510256	0.422140	0.382900	0.290637	0.267441	0.390516	
280	0.404656	0.401349	0.357903	0.383070	0.495149	0.405811	0.375225	0.271254	0.244535	0.359677	
285	0.384757	0.385387	0.345855	0.366557	0.481022	0.382853	0.360754	0.257600	0.226508	0.337611	
290	0.371419	0.371915	0.330365	0.348463	0.463065	0.363851	0.346166	0.235519	0.205925	0.310758	
295	0.346477	0.355787	0.313574	0.327492	0.441346	0.341060	0.334090	0.221383	0.192183	0.285540	
300	0.326635	0.337727	0.300793	0.307841	0.422559	0.321785	0.325655	0.199734	0.177404	0.261151	
305	0.300036	0.318147	0.283776	0.292700	0.405729	0.299036	0.313685	0.171319	0.163557	0.238264	
310	0.283015	0.301907	0.262918	0.278337	0.384066	0.278173	0.302659	0.149038	0.143959	0.212892	
315	0.254194	0.283826	0.242743	0.263591	0.366561	0.258564	0.294749	0.119810	0.127297	0.187668	
320	0.228148	0.261827	0.224737	0.240419	0.354106	0.237392	0.287035	0.082275	0.107946	0.165891	
325	0.207879	0.239130	0.207443	0.217409	0.339529	0.216821	0.275744	0.040858	0.095967	0.145654	
330	0.180139	0.216200	0.184519	0.190935	0.322247	0.196464	0.265604	0.017157	0.079651	0.118521	
335	0.153994	0.186482	0.159871	0.170407	0.303711	0.174727	0.255370	0.006126	0.060589	0.093599	
340	0.127554	0.148906	0.140308	0.145928	0.287433	0.155748	0.243430	0.003967	0.039614	0.076040	
345	0.102977	0.110452	0.109298	0.117892	0.274884	0.129424	0.231622	0.005100	0.020585	0.052571	
350	0.086962	0.072245	0.079346	0.096862	0.258705	0.106606	0.217536	0.008710	0.008763	0.035807	
355	0.069376	0.042678	0.049137	0.071730	0.235307	0.085823	0.203787	0.015025	0.005808	0.026415	
360	0.049217	0.020303	0.021966	0.047339	0.218643	0.059284	0.186999	0.027810	0.005851	0.025080	
365	0.033228	0.005193	0.009109	0.023938	0.193844	0.039029	0.170200	0.040139	0.009374	0.037977	
370	0.016351	0.000824	0.005333	0.013163	0.163592	0.023204	0.147281	0.051936	0.018846	0.050673	
375	0.009086	0.000568	0.005760	0.018765	0.125532	0.012639	0.117150	0.066275	0.032193	0.074008	
380	0.008173	0.000610	0.008620	0.032251	0.090661	0.013253	0.082036	0.079449	0.041456	0.085565	
385	0.008852	0.000424	0.020372	0.057145	0.061911	0.032147	0.048418	0.091254	0.052003	0.100602	
390	0.012282	0.000511	0.037657	0.083552	0.038454	0.049134	0.021619	0.100856	0.068755	0.110112	
395	0.016906	0.000411	0.062860	0.103415	0.028301	0.071669	0.005946	0.110301	0.085974	0.114372	
400	0.021832	0.000365	0.082851	0.114713	0.023685	0.086912	0.002932	0.115553	0.099501	0.118976	
405	0.027160	0.000786	0.101667	0.121513	0.033704	0.100879	0.003369	0.115412	0.109455	0.129835	
410	0.037671	0.000646	0.112253	0.128413	0.055003	0.113251	0.004218	0.120029	0.117163	0.132088	
415	0.045616	0.000496	0.118783	0.132457	0.075871	0.121009	0.007191	0.121460	0.124384	0.133253	
420	0.054960	0.000544	0.124834	0.140710	0.095015	0.127721	0.011808	0.120441	0.123254	0.132387	
425	0.066401	0.000703	0.136714	0.143298	0.105373	0.134140	0.023741	0.126386	0.118330	0.124230	
430	0.073864	0.000752	0.149272	0.149216	0.115446	0.143550	0.040049	0.122415	0.107981	0.116758	
435	0.084516	0.000466	0.161325	0.149050	0.118398	0.140489	0.063499	0.120738	0.095912	0.107079	
440	0.093157	0.000570	0.168202	0.146146	0.137267	0.140350	0.086419	0.128328	0.090373	0.098594	
445	0.098773	0.000561	0.174489	0.133953	0.141151	0.145321	0.098519	0.121577	0.082997	0.091376	
450	0.108246	0.000606	0.182171	0.122508	0.150284	0.153075	0.110686	0.120552	0.074845	0.087185	
455	0.123553	0.000674	0.183195	0.119641	0.146743	0.141634	0.119507	0.117858	0.065599	0.092953	
460	0.139774	0.000767	0.180107	0.118332	0.140368	0.137946	0.125995	0.105801	0.068001	0.092490	
465	0.157689	0.000725	0.183907	0.114068	0.145069	0.136291	0.134649	0.103285	0.076111	0.102377	
470	0.167608	0.000670	0.174447	0.109954	0.129585	0.130362	0.144027	0.101510	0.088414	0.115971	
475	0.170742	0.000612	0.151759	0.113715	0.116995	0.119352	0.149059	0.105100	0.108203	0.123276	
480	0.172402	0.000576	0.127848	0.117954	0.107464	0.120834	0.153258	0.120786	0.119202	0.128589	
485	0.166352	0.000797	0.101540	0.121632	0.105620	0.128160	0.159650	0.131874	0.136277	0.141117	
490	0.159321	0.000858	0.090131	0.129095	0.106076	0.129745	0.157765	0.144305	0.149469	0.136652	
495	0.153635	0.000668	0.095076	0.140859	0.097941	0.141989	0.157696	0.158516	0.149285	0.147014	
500	0.143846	0.000611	0.098772	0.144172	0.100942	0.154593	0.156045	0.157986	0.145127	0.148293	
505	0.142444	0.000787	0.108999	0.145768	0.105703	0.163925	0.147442	0.173003	0.150535	0.148381	
510	0.143194	0.000588	0.120286	0.142796	0.114885	0.181839	0.141377	0.162337	0.157729	0.148849	
515	0.145800	0.000509	0.132852	0.146576	0.118728	0.189272	0.129242	0.155933	0.159457	0.149250	
520	0.146724	0.000385	0.134908	0.138021	0.118910	0.192213	0.118325	0.156861	0.156228	0.149727	
525	0.141621	0.000489	0.146091	0.131380	0.122655	0.176325	0.106319	0.137879	0.156728	0.153970	
530	0.142291	0.000554	0.155430	0.122841	0.123334	0.161196	0.099679	0.137375	0.155283	0.148620	
535	0.151069	0.000565	0.160509	0.119117	0.130416	0.141620	0.091381	0.143810	0.144269	0.142093	
540	0.161955	0.000618	0.158922	0.121345	0.138312	0.142217	0.102713	0.152083	0.127989	0.137655	
545	0.158412	0.000597	0.162703	0.114712	0.140318	0.139722	0.122631	0.158105	0.120303	0.138346	
550	0.162870	0.000612	0.160419	0.125875	0.148825	0.135042	0.136351	0.157897	0.103396	0.143961	
555	0.151787	0.000526	0.154388	0.125650	0.153437	0.135588	0.145222	0.156103	0.105112	0.151799	
560	0.144574	0.000698	0.145061	0.124772	0.153682	0.149748	0.160321	0.139423	0.115360	0.139113	
565	0.137425	0.001055	0.140950	0.121045	0.156094	0.142003	0.176524	0.133565	0.130490	0.145644	
570	0.137362	0.000894	0.128314	0.106533	0.153931	0.139908	0.185335	0.123884	0.144688	0.146206	
575	0.132910	0.001152	0.133578	0.113091	0.156767	0.139137	0.189713	0.135841	0.151697	0.142852	
580	0.135592	0.000589	0.136850	0.120759	0.160433	0.157585	0.173410	0.133568	0.158987	0.151625	
585	0.134266	0.000560	0.143114	0.133346	0.156615	0.150683	0.168011	0.130501	0.152464	0.155353	
590	0.142717	0.000512	0.160035	0.132678	0.151081	0.146475	0.151048	0.140306	0.153279	0.161151	
595	0.150480	0.000706	0.157916	0.150357	0.151593	0.149222	0.131334	0.146288	0.156345	0.157955	
600	0.162869	0.000659	0.156326	0.152610	0.138427	0.156209	0.129326	0.145051	0.146409	0.149217	
605	0.164678	0.001014	0.145691	0.162722	0.127235	0.160719	0.125312	0.144033	0.152017	0.140756	
610	0.164210	0.000431	0.156275	0.162630	0.124656	0.167473	0.133796	0.144089	0.165433	0.136522	
615	0.170885	0.001002	0.149711	0.160628	0.121352	0.163394	0.135393	0.143451	0.171499	0.130833	
620	0.172980	0.001148	0.160429	0.163409	0.118719	0.154091	0.134144	0.146494	0.154071	0.126662	
625	0.163241	0.002320	0.156573	0.168755	0.114774	0.146817	0.137369	0.148095	0.154844	0.128818	
630	0.158703	0.005533	0.146050	0.160927	0.117254	0.140279	0.143833	0.165896	0.146930	0.131043	
635	0.143146	0.010194	0.143529	0.152159	0.138848	0.133544	0.145067	0.166539	0.142614	0.153548	
640	0.130600	0.019418	0.141032	0.152614	0.145254	0.134293	0.142677	0.164632	0.136122	0.163002	
645	0.128134	0.033988	0.125922	0.156501	0.134421	0.137321	0.139681	0.167513	0.129111	0.163493	
650	0.128591	0.047387	0.115157	0.150149	0.137207	0.141361	0.155327	0.168403	0.120463	0.163805	
655	0.132181	0.057859	0.109790	0.135207	0.129260	0.160013	0.161505	0.172648	0.131818	0.157568	
660	0.145380	0.073540	0.119690	0.129973	0.131539	0.171378	0.169403	0.187343	0.140870	0.151876	
665	0.144391	0.083543	0.121161	0.135812	0.144936	0.159852	0.167802	0.188617	0.146848	0.141229	
670	0.151811	0.094583	0.119198	0.138397	0.152544	0.159104	0.157253	0.178486	0.145303	0.138765	
675	0.147507	0.107957	0.125603	0.139518	0.145063	0.162297	0.151001	0.184175	0.156438	0.134139	
680	0.147211	0.120964	0.131980	0.140778	0.148379	0.163952	0.156234	0.179962	0.149011	0.133959	
685	0.152548	0.129516	0.134238	0.139444	0.149820	0.160325	0.160376	0.178265	0.153749	0.134353	
690	0.158395	0.127238	0.135252	0.146660	0.153509	0.150585	0.168285	0.180330	0.154838	0.144625	
695	0.160772	0.122626	0.141576	0.166018	0.153504	0.162817	0.173016	0.181156	0.152858	0.148541	
700	0.158106	0.116153	0.147338	0.176541	0.154147	0.163607	0.171085	0.177236	0.147531	0.150642	
705	0.161890	0.105498	0.151714	0.167772	0.153735	0.156242	0.161391	0.177318	0.153390	0.155814	
710	0.170860	0.101298	0.149624	0.156893	0.162475	0.158877	0.139649	0.168555	0.155702	0.150999	
715	0.170126	0.094774	0.153702	0.151769	0.165118	0.154958	0.122166	0.161260	0.164372	0.144823	
720	0.177523	0.086327	0.145186	0.137378	0.170448	0.159781	0.125240	0.166530	0.159041	0.145584	
725	0.176581	0.085266	0.148534	0.135999	0.159302	0.152156	0.128380	0.157899	0.156802	0.149902	
730	0.166065	0.087107	0.162611	0.138616	0.159440	0.153159	0.128697	0.162084	0.149815	0.148080	
735	0.154579	0.091757	0.164951	0.145056	0.164203	0.161673	0.131906	0.176171	0.146128	0.154146	
740	0.140688	0.110452	0.160209	0.164718	0.163588	0.161497	0.133935	0.164182	0.129419	0.148270	
745	0.128230	0.125263	0.156112	0.164735	0.165393	0.149327	0.142937	0.161652	0.125957	0.149367	
750	0.125520	0.140365	0.156557	0.180738	0.165645	0.149102	0.142380	0.155053	0.135775	0.149660	
755	0.124674	0.155533	0.149829	0.176495	0.157505	0.148534	0.143480	0.158910	0.142797	0.149059	
760	0.125486	0.163384	0.149043	0.168714	0.141723	0.153021	0.139652	0.161587	0.142932	0.155107	
765	0.127183	0.168103	0.151879	0.163015	0.136782	0.154852	0.140106	0.151479	0.159011	0.157939	
770	0.125654	0.178980	0.150887	0.160250	0.148891	0.155050	0.144772	0.142644	0.152418	0.158091	
775	0.131644	0.174237	0.139855	0.150820	0.151547	0.139832	0.143625	0.135463	0.162810	0.148798	
780	0.142297	0.173352	0.127363	0.135395	0.146293	0.140401	0.146646	0.144427	0.164578	0.136800	
785	0.150924	0.168694	0.127656	0.120897	0.139097	0.148408	0.151392	0.142701	0.165659	0.147131	
790	0.142833	0.158283	0.132203	0.126010	0.124923	0.147458	0.156922	0.154622	0.160920	0.149975	
795	0.147605	0.145565	0.126942	0.117845	0.119937	0.155203	0.158970	0.162899	0.156487	0.152636	
800	0.156146	0.136703	0.130370	0.117235	0.107869	0.144093	0.162801	0.165553	0.149327	0.157955	
805	0.167023	0.131635	0.130811	0.123649	0.112239	0.154229	0.169956	0.167138	0.153949	0.164361	
810	0.181649	0.121226	0.137346	0.136882	0.127432	0.157332	0.182239	0.163087	0.151009	0.165783	
815	0.189073	0.112907	0.150554	0.148561	0.133931	0.156085	0.184394	0.160674	0.163762	0.169812	
820	0.178093	0.112032	0.172607	0.140921	0.140462	0.156027	0.176922	0.146512	0.167712	0.167760	
825	0.163640	0.116107	0.174107	0.147198	0.155299	0.170577	0.173536	0.149759	0.172294	0.169023	
830	0.164156	0.123866	0.170588	0.145591	0.158785	0.176134	0.170741	0.145887	0.162156	0.160430	
835	0.165297	0.144654	0.169234	0.145694	0.155258	0.188591	0.165360	0.143930	0.171892	0.167067	
840	0.160658	0.159437	0.153830	0.156343	0.159363	0.187275	0.165055	0.155567	0.185111	0.163177	
845	0.153313	0.173153	0.139444	0.169003	0.163497	0.199046	0.177858	0.151493	0.170289	0.158232	
850	0.142931	0.174347	0.143879	0.181152	0.167821	0.186295	0.163211	0.157731	0.166378	0.146679	
855	0.135123	0.166099	0.147461	0.180388	0.156639	0.164931	0.158220	0.159826	0.175977	0.159243	
860	0.136437	0.158770	0.149166	0.194929	0.151893	0.153003	0.169920	0.154653	0.170521	0.164947	
865	0.127928	0.151740	0.139057	0.186739	0.148143	0.143142	0.174277	0.166259	0.164979	0.181480	
870	0.130332	0.133796	0.156042	0.169993	0.152211	0.142027	0.169055	0.164732	0.170978	0.180815	
875	0.141091	0.143700	0.150562	0.157843	0.149722	0.132561	0.165219	0.171334	0.171699	0.179135	
880	0.139712	0.132637	0.143490	0.138335	0.157747	0.141133	0.162583	0.177022	0.176687	0.167832	
885	0.145177	0.134449	0.144088	0.120219	0.163124	0.148677	0.159950	0.176075	0.171577	0.157165	
890	0.146665	0.145269	0.161733	0.111489	0.161949	0.143297	0.170188	0.168121	0.171769	0.167473	
895	0.143925	0.153854	0.171260	0.111119	0.162502	0.145528	0.163807	0.150211	0.167718	0.168507	
900	0.147689	0.155258	0.178282	0.121104	0.154347	0.147067	0.171632	0.142601	0.166984	0.180749	
905	0.150188	0.164563	0.182739	0.138217	0.152139	0.141651	0.167175	0.139407	0.157108	0.162241	
910	0.153440	0.170324	0.179720	0.156364	0.157193	0.153408	0.168768	0.145447	0.151787	0.159013	
915	0.155295	0.176030	0.168127	0.163377	0.164563	0.160415	0.177167	0.157649	0.148733	0.160792	
920	0.163923	0.171371	0.156325	0.178215	0.171768	0.169372	0.174487	0.156731	0.137885	0.161164	
925	0.167829	0.159542	0.161782	0.182687	0.168243	0.177961	0.186080	0.170211	0.143900	0.148579	
930	0.180497	0.151488	0.156405	0.184610	0.167389	0.180067	0.173376	0.180392	0.150136	0.145326	
935	0.180056	0.144311	0.149996	0.184674	0.162988	0.167916	0.181371	0.178013	0.145659	0.148339	
940	0.175433	0.134460	0.155808	0.179237	0.162766	0.167514	0.178678	0.176158	0.138006	0.158446	
945	0.165697	0.139857	0.138211	0.190686	0.164359	0.153624	0.164424	0.161880	0.139972	0.165151	
950	0.152001	0.140270	0.141152	0.194480	0.166090	0.147979	0.147440	0.156764	0.140786	0.176513	
955	0.149319	0.144332	0.131522	0.189177	0.166657	0.134678	0.151758	0.151455	0.146467	0.176590	
960	0.132197	0.150759	0.114144	0.184767	0.165992	0.129785	0.145505	0.161549	0.148730	0.167699	
965	0.139299	0.152379	0.119714	0.167618	0.167006	0.135089	0.140740	0.168007	0.154442	0.167982	
970	0.154456	0.155257	0.131073	0.154410	0.173299	0.132148	0.129975	0.168484	0.161034	0.167399	
975	0.158604	0.145709	0.148726	0.142693	0.174782	0.126745	0.138992	0.158182	0.160854	0.164631	
980	0.168043	0.144196	0.168737	0.130997	0.167628	0.125711	0.147087	0.160259	0.159340	0.166856	
985	0.168685	0.153966	0.176978	0.130981	0.168954	0.139013	0.161002	0.152880	0.159892	0.154889	
990	0.166232	0.172317	0.187759	0.125957	0.177282	0.156671	0.157607	0.157881	0.155145	0.149503	
995	0.169200	0.174511	0.198033	0.126680	0.181146	0.161288	0.160314	0.169176	0.159004	0.155120	
1000	0.155038	0.179692	0.194477	0.140559	0.184392	0.168864	0.170207	0.164964	0.149084	0.167935	
1005	0.159452	0.174735	0.186406	0.138882	0.183314	0.162927	0.176515	0.156513	0.143047	0.166952	
1010	0.164235	0.168770	0.178966	0.136899	0.190571	0.173539	0.184252	0.146623	0.141147	0.166134	
1015	0.163508	0.165262	0.178857	0.134663	0.175834	0.172371	0.183714	0.155740	0.142880	0.178674	
1020	0.157885	0.159137	0.161225	0.137207	0.187214	0.168928	0.191881	0.166598	0.150957	0.184790	
1025	0.148180	0.154465	0.148724	0.136926	0.195704	0.181261	0.192836	0.170631	0.157732	0.181163	
1030	0.142519	0.156756	0.141512	0.136330	0.187561	0.181218	0.179766	0.188057	0.156716	0.171018	
1035	0.142463	0.153597	0.135458	0.147944	0.177586	0.170025	0.171286	0.185836	0.156119	0.176469	
1040	0.146248	0.153388	0.135722	0.160970	0.168843	0.170237	0.176168	0.171642	0.142384	0.163497	
1045	0.138505	0.164317	0.134735	0.172724	0.161101	0.145806	0.178289	0.156172	0.139524	0.164233	
1050	0.137523	0.166510	0.131157	0.186449	0.156730	0.150207	0.172577	0.156368	0.141958	0.159518	
1055	0.142430	0.161767	0.135189	0.178703	0.153595	0.154180	0.165563	0.150873	0.140556	0.164423	
1060	0.150674	0.156834	0.139312	0.186539	0.156432	0.149749	0.154274	0.150917	0.154351	0.167588	
1065	0.164647	0.148905	0.151706	0.191290	0.156563	0.158367	0.144043	0.142712	0.160920	0.169822	
1070	0.165769	0.158315	0.167102	0.194874	0.164002	0.162917	0.148300	0.128976	0.158526	0.158113	
1075	0.178667	0.166049	0.158425	0.189737	0.171068	0.164808	0.146028	0.130113	0.159845	0.146764	
1080	0.170585	0.161887	0.159819	0.180474	0.183229	0.169267	0.157562	0.136370	0.156641	0.150400	
1085	0.163952	0.170016	0.165646	0.170228	0.184076	0.167883	0.164503	0.136745	0.151801	0.146465	
1090	0.157131	0.182052	0.167917	0.165910	0.177624	0.169962	0.167547	0.139860	0.132423	0.138301	
1095	0.165935	0.184885	0.154171	0.156312	0.170743	0.176590	0.165314	0.150249	0.130197	0.149060	
1100	0.165600	0.190847	0.161095	0.144686	0.172576	0.163580	0.155478	0.160479	0.135806	0.147139	
1105	0.165871	0.189299	0.149568	0.145983	0.165976	0.150223	0.153013	0.174716	0.152128	0.144273	
1110	0.168479	0.190166	0.148051	0.147795	0.167376	0.162517	0.146365	0.187105	0.165171	0.157525	
1115	0.181042	0.180766	0.148242	0.149404	0.177009	0.156481	0.139921	0.188341	0.163536	0.163096	
1120	0.177480	0.171601	0.144121	0.146580	0.174673	0.147992	0.145941	0.193357	0.173826	0.167846	
1125	0.183733	0.165774	0.133673	0.146272	0.168471	0.147389	0.140770	0.176082	0.178484	0.162272	
1130	0.185091	0.156732	0.136358	0.144771	0.160489	0.144861	0.138079	0.167538	0.187551	0.167897	
1135	0.183390	0.156514	0.145941	0.145297	0.157172	0.151808	0.142219	0.168071	0.191727	0.171046	
1140	0.176935	0.158487	0.161286	0.152848	0.162893	0.159543	0.147453	0.164435	0.182656	0.161460	
1145	0.182774	0.161101	0.157407	0.153637	0.165883	0.159953	0.152625	0.173611	0.173874	0.170117	
1150	0.188277	0.161239	0.151710	0.153135	0.154498	0.163309	0.161257	0.173177	0.172193	0.167104	
1155	0.190395	0.151071	0.142542	0.153273	0.148802	0.165351	0.164597	0.166663	0.154173	0.157137	
1160	0.198264	0.143873	0.142886	0.163400	0.149285	0.163088	0.169129	0.162431	0.154913	0.151731	
1165	0.184563	0.139587	0.147054	0.173241	0.152699	0.157835	0.175184	0.167997	0.146403	0.153860	
1170	0.171538	0.138883	0.141653	0.176082	0.142186	0.167053	0.157883	0.183536	0.141566	0.153886	
1175	0.165818	0.156422	0.143021	0.176881	0.144827	0.161759	0.151433	0.189283	0.139872	0.150925	
1180	0.146054	0.173625	0.153854	0.160010	0.142999	0.161255	0.157567	0.165039	0.138111	0.151138	
1185	0.143975	0.161179	0.163742	0.154511	0.139444	0.155233	0.149899	0.152244	0.141053	0.154979	
1190	0.139043	0.157831	0.169305	0.147207	0.149381	0.151756	0.148080	0.148002	0.138438	0.157418	
1195	0.121978	0.160943	0.170120	0.156311	0.162895	0.155520	0.144191	0.156463	0.144643	0.154419	
1200	0.121633	0.161085	0.155267	0.166706	0.170660	0.155362	0.151005	0.162761	0.156318	0.150533	
1205	0.139851	0.173113	0.151726	0.160180	0.175399	0.149666	0.157329	0.163688	0.151589	0.158238	
1210	0.144094	0.176216	0.143500	0.143500	0.173980	0.148297	0.158429	0.155215	0.145839	0.167639	
1215	0.150723	0.173779	0.127734	0.141494	0.170461	0.152416	0.172606	0.145609	0.139368	0.172211	
1220	0.153755	0.171842	0.133481	0.141300	0.176907	0.155028	0.169471	0.155475	0.145597	0.176774	
1225	0.165219	0.154060	0.127075	0.146072	0.171982	0.153287	0.176451	0.153594	0.143671	0.182077	
1230	0.160660	0.139734	0.133912	0.144774	0.171334	0.159311	0.163863	0.145598	0.149265	0.180374	
1235	0.174860	0.147222	0.137919	0.148524	0.171500	0.172261	0.162816	0.147513	0.152245	0.174572	
1240	0.166978	0.162679	0.144884	0.146412	0.177023	0.171544	0.145663	0.148861	0.159028	0.164259	
1245	0.167278	0.156067	0.149948	0.151932	0.160373	0.166240	0.130165	0.161698	0.164903	0.146538	
1250	0.175159	0.171510	0.164179	0.159963	0.156684	0.161216	0.139434	0.161939	0.154775	0.138649	
1255	0.175903	0.164150	0.170074	0.172895	0.155865	0.161206	0.151253	0.173884	0.152357	0.130933	
1260	0.168531	0.160505	0.175530	0.171357	0.170239	0.167324	0.158321	0.168720	0.151153	0.142926	
1265	0.154416	0.166975	0.176248	0.170731	0.183492	0.178633	0.158554	0.176092	0.156680	0.161102	
1270	0.147192	0.171235	0.182251	0.166122	0.176791	0.175629	0.159196	0.168127	0.149691	0.180046	
1275	0.150901	0.175938	0.173813	0.167631	0.182732	0.177321	0.150870	0.163758	0.150180	0.195718	
1280	0.157095	0.174539	0.175538	0.163108	0.195051	0.180684	0.148561	0.162886	0.153986	0.198280	
1285	0.154989	0.174704	0.176927	0.164681	0.189853	0.181152	0.153002	0.149750	0.156378	0.193137	
1290	0.156356	0.185969	0.172580	0.163451	0.183647	0.181288	0.156028	0.151982	0.149357	0.186495	
1295	0.145626	0.188051	0.175972	0.168098	0.179646	0.158332	0.151248	0.157541	0.155408	0.177286	
1300	0.150483	0.170370	0.177961	0.160475	0.176631	0.153566	0.145503	0.162316	0.153865	0.174117	
1305	0.163800	0.170657	0.178916	0.160812	0.162738	0.157527	0.148280	0.167768	0.156398	0.172802	
1310	0.156283	0.162306	0.179432	0.146667	0.159822	0.168974	0.153771	0.167482	0.167099	0.175346	
1315	0.147377	0.154249	0.173974	0.151913	0.165747	0.154621	0.144451	0.157720	0.174701	0.171289	
1320	0.144966	0.149712	0.162807	0.149985	0.173578	0.147743	0.144828	0.155055	0.189846	0.170378	
1325	0.142243	0.152724	0.152685	0.146734	0.180012	0.151119	0.149218	0.148840	0.189568	0.169329	
1330	0.144997	0.150690	0.156295	0.143143	0.176699	0.155056	0.160664	0.151308	0.197914	0.173129	
1335	0.161327	0.145503	0.160253	0.144832	0.173243	0.147506	0.157718	0.152569	0.188933	0.167018	
1340	0.165905	0.131618	0.153734	0.145724	0.171371	0.148896	0.162763	0.133608	0.180880	0.149668	
1345	0.161782	0.139511	0.150789	0.149779	0.156517	0.160069	0.163638	0.130547	0.168858	0.154232	
1350	0.163618	0.148303	0.156292	0.158100	0.151445	0.158952	0.165908	0.139052	0.150122	0.159481	
1355	0.166181	0.148356	0.164085	0.154907	0.160581	0.151860	0.168126	0.144355	0.135022	0.143601	
1360	0.167558	0.145312	0.167005	0.160056	0.164623	0.147006	0.153276	0.131185	0.134951	0.153902	
1365	0.161029	0.148700	0.169400	0.170736	0.166341	0.158690	0.155933	0.131244	0.137423	0.148511	
1370	0.158175	0.151081	0.176867	0.164595	0.171363	0.162600	0.146941	0.140526	0.141682	0.154057	
1375	0.167648	0.160796	0.167265	0.166176	0.156586	0.161663	0.141857	0.152075	0.144624	0.150647	
1380	0.164663	0.174460	0.168745	0.165731	0.153031	0.148920	0.142915	0.155910	0.148356	0.171893	
1385	0.158508	0.177530	0.168970	0.178984	0.132516	0.149841	0.157544	0.166065	0.161954	0.172859	
1390	0.160220	0.203656	0.151452	0.182243	0.126187	0.146971	0.167672	0.178486	0.170998	0.178585	
1395	0.164037	0.205306	0.147473	0.184867	0.134051	0.145323	0.160833	0.181378	0.169011	0.183553	
1400	0.156217	0.212119	0.148311	0.193084	0.141183	0.161606	0.175638	0.181142	0.172555	0.190979	
1405	0.165416	0.206767	0.160318	0.186894	0.141329	0.163428	0.185975	0.183314	0.183099	0.165251	
1410	0.161199	0.189777	0.173264	0.162628	0.140751	0.157799	0.187522	0.178876	0.190594	0.161881	
1415	0.156310	0.174830	0.167500	0.158889	0.146233	0.166404	0.181386	0.161147	0.181846	0.161182	
1420	0.154446	0.163030	0.157784	0.158840	0.158934	0.174565	0.175492	0.160484	0.180445	0.162681	
1425	0.141563	0.151504	0.157926	0.157871	0.158147	0.175686	0.156644	0.133157	0.170977	0.154581	
1430	0.141978	0.146060	0.146810	0.162646	0.158574	0.170860	0.148128	0.131500	0.144967	0.160587	
1435	0.152476	0.142014	0.156434	0.169651	0.149793	0.174884	0.140031	0.139501	0.137669	0.154724	
1440	0.165335	0.136374	0.174550	0.170424	0.138072	0.167267	0.145498	0.141272	0.126478	0.147010	
1445	0.175039	0.140702	0.161525	0.165797	0.140406	0.177561	0.144460	0.140145	0.137725	0.145411	
1450	0.178011	0.142995	0.166244	0.152818	0.146376	0.172995	0.143862	0.134335	0.152836	0.155499	
1455	0.173271	0.144954	0.176385	0.166973	0.146279	0.170058	0.149203	0.139470	0.153627	0.154498	
1460	0.172925	0.155752	0.180420	0.173679	0.154939	0.167632	0.156341	0.160974	0.152144	0.145817	
1465	0.175742	0.151234	0.183649	0.186841	0.152678	0.162432	0.155679	0.150564	0.142816	0.126638	
1470	0.170561	0.152602	0.169728	0.177022	0.158448	0.169985	0.167370	0.156693	0.143101	0.132315	
1475	0.169927	0.153699	0.157267	0.186040	0.155901	0.168517	0.181357	0.169024	0.149320	0.143739	
1480	0.176778	0.158035	0.177791	0.198293	0.154300	0.153322	0.188392	0.177092	0.144619	0.147567	
1485	0.175764	0.161348	0.173473	0.202380	0.138876	0.147763	0.181837	0.184881	0.155416	0.162976	
1490	0.175533	0.173358	0.189211	0.196447	0.130806	0.156309	0.177790	0.174814	0.162150	0.179323	
1495	0.174346	0.183764	0.190253	0.187806	0.127659	0.158913	0.174968	0.166241	0.170209	0.186140	
1500	0.169916	0.175118	0.207076	0.178080	0.133815	0.154415	0.167086	0.167417	0.166631	0.184515	
1505	0.156698	0.167088	0.223214	0.177461	0.138631	0.154963	0.158259	0.176330	0.170784	0.178090	
1510	0.162060	0.159645	0.217122	0.172062	0.145546	0.164254	0.155260	0.169595	0.176790	0.173930	
1515	0.165222	0.160535	0.190806	0.179454	0.147150	0.167239	0.165386	0.159049	0.174905	0.171272	
1520	0.163690	0.144785	0.188573	0.176909	0.143153	0.163380	0.161081	0.149026	0.175565	0.164591	
1525	0.168467	0.149901	0.175301	0.184347	0.143939	0.167433	0.159148	0.148974	0.175112	0.160148	
1530	0.171823	0.154985	0.165982	0.179633	0.141769	0.177371	0.142744	0.149779	0.169821	0.164457	
1535	0.168725	0.164724	0.148116	0.172501	0.141331	0.178002	0.140426	0.132907	0.159107	0.155785	
1540	0.162427	0.161284	0.151871	0.163883	0.152466	0.178461	0.129082	0.134522	0.166009	0.152912	
1545	0.161055	0.163609	0.144816	0.157481	0.160388	0.186411	0.137921	0.141090	0.172608	0.160913	
1550	0.155411	0.166118	0.140551	0.159048	0.166654	0.190947	0.130779	0.158652	0.177714	0.170235	
1555	0.154269	0.162590	0.154981	0.160028	0.179944	0.182734	0.144039	0.165890	0.172019	0.179384	
1560	0.148286	0.160655	0.150109	0.154709	0.171883	0.178805	0.143420	0.157443	0.175137	0.185418	
1565	0.154414	0.152964	0.159204	0.156260	0.168593	0.166446	0.151415	0.164024	0.168277	0.174447	
1570	0.158264	0.164805	0.156951	0.170723	0.157556	0.154809	0.169700	0.171979	0.162532	0.178405	
1575	0.168882	0.158558	0.154324	0.165304	0.152467	0.146666	0.163242	0.163190	0.164710	0.185082	
1580	0.161993	0.161467	0.152890	0.166543	0.149142	0.144826	0.164650	0.153840	0.153862	0.173568	
1585	0.157579	0.169705	0.147664	0.179678	0.159109	0.147639	0.160532	0.159287	0.157073	0.170501	
1590	0.155456	0.163180	0.147531	0.175139	0.159202	0.142520	0.173217	0.170700	0.170041	0.183081	
1595	0.172965	0.163836	0.151540	0.170088	0.158342	0.127632	0.184571	0.176156	0.185269	0.179375	
1600	0.182259	0.165580	0.152720	0.161201	0.154072	0.126037	0.192248	0.173986	0.184463	0.181863	
1605	0.188847	0.174005	0.163594	0.166236	0.159891	0.134534	0.196495	0.167202	0.193980	0.181188	
1610	0.172370	0.161614	0.167109	0.157043	0.147330	0.141756	0.185286	0.151101	0.185891	0.168978	
1615	0.159754	0.162082	0.171530	0.156989	0.151120	0.161680	0.162826	0.152514	0.167282	0.159830	
1620	0.149250	0.159306	0.187099	0.151996	0.144733	0.174797	0.160290	0.147436	0.161904	0.153790	
1625	0.146254	0.154683	0.191614	0.144958	0.143589	0.171060	0.142020	0.137278	0.151699	0.157066	
1630	0.145864	0.163261	0.184656	0.144937	0.147823	0.168177	0.121675	0.136673	0.153750	0.157792	
1635	0.150294	0.165694	0.184859	0.144951	0.145273	0.168002	0.117279	0.137580	0.148928	0.168411	
1640	0.142755	0.173662	0.178900	0.148548	0.162619	0.172568	0.125832	0.147124	0.155744	0.165366	
1645	0.143043	0.180223	0.172150	0.145791	0.164173	0.191678	0.139143	0.149061	0.151557	0.158382	
1650	0.145255	0.179966	0.167062	0.160134	0.163720	0.180374	0.145869	0.140795	0.163902	0.157665	
1655	0.147852	0.172287	0.167057	0.172183	0.164398	0.177483	0.145474	0.146948	0.165546	0.171059	
1660	0.159057	0.174280	0.163421	0.169739	0.166914	0.166907	0.145662	0.157546	0.159604	0.177807	
1665	0.156194	0.163619	0.152928	0.170232	0.177328	0.151352	0.155082	0.163078	0.152293	0.164175	
1670	0.164307	0.161988	0.142423	0.167001	0.184119	0.136986	0.160735	0.170597	0.145085	0.166910	
1675	0.170261	0.158847	0.126618	0.156852	0.171454	0.125365	0.154237	0.179843	0.148745	0.153016	
1680	0.175191	0.165347	0.135934	0.149551	0.157460	0.123210	0.144726	0.174590	0.151812	0.156513	
1685	0.174198	0.174860	0.159634	0.139693	0.154098	0.117175	0.142315	0.169781	0.167027	0.152330	
1690	0.181895	0.165847	0.163489	0.131777	0.144839	0.123743	0.139489	0.164374	0.161322	0.164326	
1695	0.181140	0.163464	0.158512	0.130540	0.136564	0.136101	0.145808	0.164887	0.171137	0.168791	
1700	0.183692	0.146071	0.143224	0.122927	0.131107	0.144683	0.151898	0.165596	0.169810	0.188777	
1705	0.163127	0.153692	0.148563	0.133058	0.134648	0.157696	0.160939	0.155862	0.176886	0.189815	
1710	0.169562	0.160864	0.158528	0.141257	0.134144	0.162528	0.164286	0.144652	0.173244	0.199925	
1715	0.177336	0.164880	0.164292	0.147502	0.146352	0.165756	0.158836	0.146124	0.172058	0.190842	
1720	0.186034	0.164108	0.163560	0.150133	0.159120	0.174308	0.147787	0.133758	0.177138	0.176148	
1725	0.185091	0.164239	0.176385	0.163892	0.164419	0.161505	0.153241	0.136164	0.181126	0.167519	
1730	0.176923	0.172320	0.171533	0.165749	0.175695	0.164861	0.156234	0.127432	0.168372	0.159691	
1735	0.159619	0.178822	0.162228	0.177168	0.180504	0.161065	0.159547	0.124392	0.162993	0.162989	
1740	0.152514	0.170841	0.156062	0.185502	0.183611	0.152273	0.157129	0.126984	0.169016	0.180727	
1745	0.153295	0.171047	0.158557	0.187479	0.184088	0.156026	0.160669	0.126689	0.166601	0.180153	
1750	0.148658	0.162093	0.162681	0.174291	0.179761	0.147869	0.162234	0.136405	0.170198	0.186785	
1755	0.157122	0.150356	0.166640	0.163273	0.182789	0.148929	0.170604	0.149892	0.170317	0.186503	
1760	0.159149	0.135371	0.172665	0.164436	0.179163	0.155805	0.173248	0.165367	0.187631	0.184352	
1765	0.158819	0.132389	0.182893	0.154944	0.167156	0.145920	0.171663	0.174087	0.189062	0.183608	
1770	0.160368	0.149051	0.175767	0.150805	0.163882	0.155132	0.167780	0.177244	0.184308	0.187097	
1775	0.165852	0.154797	0.167859	0.153933	0.157518	0.161594	0.167525	0.172458	0.188364	0.178770	
1780	0.164459	0.149662	0.183929	0.157205	0.166416	0.163054	0.174259	0.169841	0.178244	0.168276	
1785	0.163736	0.161048	0.185485	0.167270	0.157302	0.159539	0.172637	0.168642	0.156614	0.166772	
1790	0.167222	0.171078	0.177366	0.182847	0.156100	0.163026	0.182796	0.165595	0.154417	0.161699	
1795	0.173675	0.173529	0.172026	0.179950	0.163786	0.151433	0.179238	0.160178	0.149007	0.154112	
1800	0.165617	0.171423	0.169434	0.177311	0.172641	0.144777	0.166996	0.144560	0.143832	0.160199	
1805	0.153886	0.174423	0.155451	0.176326	0.171040	0.155575	0.157604	0.137296	0.145944	0.154563	
1810	0.137669	0.175419	0.155489	0.165088	0.182304	0.157184	0.156045	0.146647	0.149323	0.163056	
1815	0.137428	0.170884	0.158578	0.151682	0.187648	0.158142	0.149637	0.143527	0.146301	0.161711	
1820	0.134141	0.164005	0.156163	0.143410	0.165884	0.159710	0.148424	0.142622	0.148461	0.166311	
1825	0.132109	0.162034	0.146020	0.128883	0.148613	0.168600	0.144017	0.147397	0.155435	0.159924	
1830	0.139171	0.158980	0.139236	0.135495	0.136764	0.184381	0.147802	0.155445	0.162350	0.147048	
1835	0.145018	0.163544	0.135514	0.133383	0.136621	0.192357	0.138826	0.154409	0.168694	0.147561	
1840	0.151766	0.166049	0.145501	0.142399	0.136877	0.186407	0.124937	0.162138	0.175530	0.152920	
1845	0.159757	0.161351	0.147770	0.145708	0.152764	0.181686	0.127480	0.164538	0.176149	0.149693	
1850	0.173522	0.162224	0.136868	0.141649	0.155080	0.177333	0.130698	0.159242	0.173479	0.155248	
1855	0.179429	0.159714	0.143442	0.141733	0.158525	0.170961	0.130533	0.148575	0.167105	0.146253	
1860	0.175920	0.161528	0.153986	0.158588	0.149866	0.163263	0.137883	0.167419	0.163262	0.143748	
1865	0.180565	0.160650	0.161437	0.152999	0.149379	0.171405	0.150662	0.167668	0.164165	0.133842	
1870	0.177477	0.164176	0.160415	0.165243	0.150370	0.158897	0.167717	0.154330	0.152667	0.134445	
1875	0.173379	0.171513	0.175638	0.162706	0.150202	0.162950	0.168598	0.149137	0.155352	0.142509	
1880	0.163194	0.182883	0.153652	0.171343	0.152901	0.155177	0.168696	0.141440	0.148460	0.151721	
1885	0.148726	0.190177	0.153370	0.185793	0.150700	0.160421	0.164327	0.129741	0.151283	0.161295	
1890	0.144626	0.181393	0.150776	0.193896	0.150488	0.152068	0.160116	0.126163	0.152163	0.170031	
1895	0.151203	0.168146	0.144417	0.194144	0.144306	0.163406	0.162283	0.119302	0.153922	0.171126	
1900	0.149547	0.163770	0.137779	0.175762	0.145845	0.174085	0.150558	0.125431	0.151995	0.174833	
1905	0.165364	0.161452	0.140655	0.174214	0.153719	0.178775	0.160966	0.133835	0.150236	0.167872	
1910	0.168177	0.158742	0.139075	0.167192	0.167656	0.170781	0.177065	0.138420	0.146034	0.170918	
1915	0.180110	0.147334	0.147372	0.148816	0.178641	0.183746	0.177380	0.145086	0.152527	0.163712	
1920	0.191278	0.158740	0.151970	0.148945	0.168030	0.180084	0.188715	0.155108	0.157859	0.150826	
1925	0.186257	0.155138	0.151013	0.140717	0.157013	0.185713	0.190298	0.158128	0.149132	0.136293	
1930	0.186741	0.161437	0.142474	0.138965	0.154264	0.178270	0.182241	0.167089	0.145092	0.131596	
1935	0.178363	0.162612	0.146810	0.150070	0.148554	0.181714	0.170590	0.170734	0.136334	0.124733	
1940	0.185394	0.163029	0.146521	0.155194	0.140498	0.190383	0.157250	0.179709	0.144659	0.141670	
1945	0.182609	0.164653	0.166386	0.153870	0.140161	0.185245	0.146490	0.179661	0.142568	0.147005	
1950	0.176066	0.169277	0.176755	0.151295	0.153199	0.179014	0.146125	0.169656	0.155037	0.139765	
1955	0.185648	0.171241	0.182999	0.154566	0.156914	0.171818	0.145779	0.175135	0.161074	0.149702	
1960	0.173312	0.174416	0.161031	0.148184	0.165903	0.166721	0.132747	0.167836	0.165866	0.151961	
1965	0.173986	0.182098	0.159314	0.161066	0.167552	0.168190	0.140503	0.168131	0.179058	0.161881	
1970	0.169924	0.186085	0.164043	0.166665	0.163992	0.156604	0.140846	0.168620	0.179260	0.153173	
1975	0.158092	0.168972	0.149105	0.175002	0.155486	0.161473	0.144249	0.158901	0.164653	0.168897	
1980	0.158878	0.177679	0.169880	0.177854	0.145969	0.154103	0.142688	0.136089	0.164605	0.178124	
1985	0.153341	0.171370	0.169175	0.174930	0.151751	0.147383	0.141172	0.129331	0.171066	0.195556	
1990	0.152044	0.178589	0.168939	0.172590	0.137622	0.140251	0.137318	0.137024	0.166021	0.198145	
1995	0.159919	0.191456	0.162635	0.173563	0.143587	0.132394	0.149902	0.140360	0.170218	0.200173	
2000	0.174566	0.180954	0.166118	0.170932	0.146587	0.124706	0.160135	0.146164	0.172095	0.201474	
2005	0.175501	0.156913	0.155699	0.166843	0.145718	0.121795	0.165739	0.148894	0.166859	0.183317	
2010	0.169534	0.137106	0.157629	0.158411	0.158368	0.138227	0.162379	0.150465	0.174702	0.173859	
2015	0.165917	0.139233	0.157667	0.154999	0.170069	0.133623	0.155485	0.153459	0.176156	0.159284	
2020	0.154946	0.138295	0.168623	0.155372	0.173110	0.147833	0.141804	0.165889	0.174446	0.151248	
2025	0.147308	0.137042	0.171073	0.147664	0.174916	0.142094	0.151315	0.171140	0.179170	0.146939	
2030	0.144054	0.137410	0.165774	0.145561	0.174320	0.139450	0.147683	0.157642	0.182371	0.147234	
2035	0.147546	0.141472	0.161945	0.144008	0.167415	0.157447	0.149604	0.142857	0.187320	0.138160	
2040	0.140829	0.150546	0.162878	0.148396	0.159635	0.170015	0.166976	0.135090	0.183658	0.149912	
2045	0.149835	0.165830	0.167185	0.136779	0.153451	0.178648	0.160912	0.136713	0.180425	0.153102	
2050	0.156150	0.176739	0.153546	0.145764	0.145563	0.188651	0.172314	0.134448	0.176165	0.161526	
2055	0.147713	0.173764	0.140937	0.138130	0.152705	0.187280	0.164273	0.138585	0.178222	0.173891	
2060	0.151086	0.167215	0.150714	0.148029	0.152711	0.176263	0.155412	0.149599	0.179028	0.167029	
2065	0.160629	0.150023	0.154932	0.143605	0.156984	0.170043	0.156462	0.161884	0.188198	0.162412	
2070	0.167608	0.140373	0.148028	0.150544	0.156398	0.161923	0.153454	0.160274	0.169708	0.146225	
2075	0.174890	0.138255	0.151078	0.146184	0.163412	0.170021	0.152907	0.160724	0.158607	0.130305	
2080	0.185557	0.140086	0.158073	0.155353	0.161134	0.189576	0.146655	0.165117	0.157321	0.128517	
2085	0.187369	0.146410	0.159643	0.163390	0.163977	0.187867	0.143673	0.169543	0.141807	0.144859	
2090	0.173789	0.156637	0.154857	0.171414	0.167866	0.187620	0.149201	0.165714	0.136275	0.141710	
2095	0.168692	0.162123	0.159247	0.174206	0.166963	0.183818	0.147568	0.162400	0.130141	0.150545	
2100	0.178193	0.162901	0.161220	0.173270	0.154940	0.173021	0.151646	0.167815	0.135043	0.144738	
2105	0.177608	0.160788	0.157851	0.174947	0.149872	0.168200	0.155253	0.169935	0.125547	0.145215	
2110	0.172619	0.159790	0.157052	0.169189	0.136940	0.170389	0.169464	0.171084	0.122154	0.139125	
2115	0.167154	0.166237	0.146892	0.157378	0.138170	0.169203	0.157819	0.172876	0.134241	0.155737	
2120	0.176100	0.177133	0.149897	0.157673	0.135882	0.156800	0.162983	0.173387	0.147445	0.168402	
2125	0.170088	0.179987	0.159765	0.160805	0.131709	0.147514	0.164111	0.164744	0.154592	0.171799	
2130	0.159822	0.181081	0.168368	0.160965	0.130429	0.154567	0.166657	0.154676	0.152850	0.154215	
2135	0.164124	0.175139	0.161110	0.173305	0.126135	0.151941	0.162096	0.149738	0.152663	0.149883	
2140	0.163071	0.166741	0.146766	0.166727	0.125276	0.163892	0.150157	0.153049	0.152482	0.147968	
2145	0.161328	0.167929	0.152477	0.165123	0.144989	0.165146	0.136724	0.147690	0.160562	0.157726	
2150	0.155568	0.170140	0.159445	0.155751	0.153581	0.162269	0.134392	0.141381	0.155309	0.163952	
2155	0.155294	0.163981	0.157467	0.154353	0.156461	0.160276	0.136302	0.148381	0.154671	0.157502	
2160	0.168775	0.167121	0.158230	0.141400	0.164835	0.157494	0.148429	0.153241	0.159333	0.159284	
2165	0.184603	0.178728	0.156911	0.139044	0.159813	0.161152	0.166548	0.161109	0.159639	0.152554	
2170	0.175034	0.180971	0.164619	0.135287	0.160551	0.152896	0.171182	0.156506	0.162871	0.157069	
2175	0.174516	0.175305	0.179888	0.147305	0.150665	0.154862	0.182461	0.161128	0.173891	0.153724	
2180	0.162642	0.160118	0.179637	0.162476	0.166592	0.153146	0.183195	0.157280	0.173785	0.167935	
2185	0.157755	0.141484	0.178494	0.177439	0.162049	0.157629	0.187225	0.164183	0.173432	0.179529	
2190	0.163099	0.141305	0.172718	0.187642	0.158975	0.171231	0.200943	0.170187	0.159409	0.182452	
2195	0.174716	0.138207	0.156642	0.176601	0.148532	0.158160	0.186955	0.163265	0.159191	0.186693	
2200	0.160470	0.143104	0.151833	0.184322	0.142771	0.147726	0.169338	0.171927	0.157805	0.189019	
2205	0.149332	0.139569	0.145994	0.172161	0.146888	0.151750	0.160453	0.155744	0.153728	0.193351	
2210	0.140800	0.156474	0.161947	0.166794	0.162740	0.149415	0.161274	0.150727	0.144206	0.185842	
2215	0.137136	0.165992	0.174876	0.151933	0.172070	0.146071	0.158957	0.144601	0.121329	0.173721	
2220	0.143301	0.175010	0.168903	0.146644	0.172705	0.154680	0.145143	0.141111	0.121652	0.166565	
2225	0.151507	0.167765	0.137421	0.156033	0.186334	0.160678	0.134076	0.139641	0.123870	0.165292	
2230	0.150022	0.159231	0.131181	0.157155	0.178629	0.165941	0.136416	0.139195	0.128264	0.169483	
2235	0.154835	0.137529	0.146906	0.155863	0.165576	0.155291	0.145423	0.145639	0.140722	0.163246	
2240	0.150475	0.145797	0.153117	0.153819	0.168920	0.155262	0.154835	0.155195	0.134809	0.172797	
2245	0.141858	0.154844	0.159740	0.164421	0.165952	0.159110	0.153560	0.159359	0.137763	0.178012	
2250	0.141152	0.159265	0.174703	0.165427	0.166711	0.163302	0.154572	0.154653	0.144005	0.176276	
2255	0.148457	0.141887	0.183490	0.170837	0.163012	0.167535	0.180494	0.158595	0.154257	0.166683	
2260	0.154635	0.145898	0.180244	0.172940	0.159481	0.178125	0.198347	0.157588	0.153122	0.163724	
2265	0.164101	0.158872	0.181675	0.160339	0.149141	0.179000	0.216564	0.170239	0.150855	0.166625	
2270	0.160783	0.173070	0.171924	0.161357	0.151280	0.184275	0.212944	0.180682	0.165621	0.148109	
2275	0.152838	0.180714	0.172083	0.155209	0.157794	0.199616	0.200585	0.178679	0.171348	0.145853	
2280	0.141138	0.174258	0.180418	0.162972	0.165180	0.189862	0.194717	0.171850	0.180344	0.146969	
2285	0.124515	0.182092	0.172494	0.158538	0.173609	0.192764	0.196104	0.175093	0.179506	0.145528	
2290	0.130024	0.180494	0.165570	0.145457	0.176466	0.190164	0.193109	0.162561	0.187076	0.145109	
2295	0.139395	0.171997	0.157943	0.134319	0.182472	0.191070	0.184024	0.159382	0.177286	0.153248	
2300	0.142702	0.168030	0.142860	0.137706	0.185382	0.194158	0.178818	0.144796	0.164053	0.158462	
2305	0.139371	0.163095	0.134302	0.138250	0.179998	0.181061	0.166837	0.146689	0.160206	0.170146	
2310	0.139968	0.158092	0.131612	0.144143	0.174210	0.166039	0.162786	0.135715	0.168705	0.156159	
2315	0.144968	0.162950	0.134577	0.158087	0.179374	0.158647	0.173191	0.136460	0.164700	0.159644	
2320	0.146940	0.166527	0.141646	0.151939	0.175735	0.154653	0.166804	0.138922	0.169250	0.168006	
2325	0.157500	0.158907	0.149513	0.159727	0.173002	0.144475	0.163987	0.140396	0.172413	0.168379	
2330	0.179739	0.163385	0.153244	0.157337	0.165481	0.153637	0.162651	0.146956	0.182741	0.172250	
2335	0.190529	0.173091	0.160006	0.164908	0.169737	0.162247	0.171118	0.155734	0.183111	0.177965	
2340	0.184646	0.189689	0.153270	0.160894	0.163945	0.162177	0.175739	0.148669	0.170333	0.178751	
2345	0.177229	0.189584	0.155573	0.145168	0.159168	0.168867	0.165870	0.142993	0.168059	0.178930	
2350	0.173305	0.191483	0.163066	0.148146	0.160184	0.156953	0.156331	0.146344	0.163724	0.167912	
2355	0.178167	0.189342	0.170344	0.151183	0.154524	0.143312	0.152040	0.151556	0.159709	0.167429	
2360	0.174404	0.187603	0.173052	0.153883	0.154937	0.150565	0.149629	0.157643	0.146806	0.175570	
2365	0.169933	0.192708	0.170687	0.147846	0.169535	0.145762	0.150774	0.164533	0.139017	0.157138	
2370	0.169074	0.184333	0.166422	0.147783	0.165118	0.151106	0.166264	0.163477	0.130623	0.164392	
2375	0.168427	0.173388	0.165241	0.149686	0.178748	0.156694	0.172199	0.157220	0.144976	0.165312	
2380	0.162424	0.161639	0.153981	0.153464	0.182951	0.165824	0.172969	0.156630	0.147759	0.157550	
2385	0.162256	0.152753	0.151531	0.161161	0.191507	0.173703	0.156965	0.153339	0.156891	0.165172	
2390	0.161119	0.143028	0.150477	0.162493	0.199985	0.186482	0.149044	0.148041	0.157709	0.174503	
2395	0.166468	0.135124	0.150987	0.157952	0.206227	0.185683	0.148724	0.152008	0.164965	0.176742	
2400	0.175784	0.140135	0.157456	0.163734	0.206755	0.176494	0.148195	0.143221	0.173584	0.166537	
2405	0.164812	0.152967	0.159039	0.166934	0.201446	0.164241	0.157091	0.153317	0.180529	0.165290	
2410	0.155687	0.157972	0.165675	0.163480	0.192637	0.157449	0.153408	0.160510	0.184484	0.178046	
2415	0.151290	0.168613	0.150577	0.156790	0.190213	0.159218	0.166817	0.156836	0.174491	0.179564	
2420	0.161944	0.166798	0.149987	0.165132	0.191821	0.165499	0.175365	0.157425	0.168908	0.188329	
2425	0.152108	0.169860	0.150293	0.174044	0.182655	0.158638	0.172082	0.161026	0.170117	0.183646	
2430	0.155323	0.161451	0.145557	0.172841	0.162425	0.151119	0.175007	0.149600	0.147286	0.187790	
2435	0.154843	0.162681	0.152438	0.163483	0.161589	0.160736	0.167400	0.129954	0.138811	0.191395	
2440	0.160018	0.153152	0.148819	0.159382	0.155961	0.160204	0.169616	0.122006	0.143475	0.186027	
2445	0.167809	0.158269	0.149610	0.155163	0.170515	0.164344	0.162199	0.126617	0.142216	0.190690	
2450	0.167269	0.157801	0.150699	0.154719	0.182773	0.165153	0.171017	0.129576	0.140813	0.190116	
2455	0.175058	0.148854	0.148800	0.159201	0.185580	0.165665	0.162581	0.139376	0.139979	0.183484	
2460	0.179453	0.139153	0.155047	0.157286	0.182520	0.158557	0.163017	0.135553	0.136415	0.160376	
2465	0.169483	0.143897	0.152441	0.173635	0.179032	0.155805	0.166203	0.130605	0.130508	0.150211	
2470	0.165677	0.147413	0.142369	0.197174	0.163755	0.155474	0.159843	0.146568	0.132805	0.138194	
2475	0.163478	0.154500	0.138950	0.200312	0.148241	0.149806	0.153567	0.141940	0.154537	0.139032	
2480	0.168029	0.166730	0.143611	0.205340	0.144690	0.149102	0.149691	0.142801	0.158229	0.135091	
2485	0.177860	0.170122	0.145793	0.221129	0.131731	0.149348	0.153607	0.156140	0.157051	0.136188	
2490	0.177272	0.174426	0.159305	0.214132	0.135518	0.148865	0.156554	0.169315	0.173171	0.131474	
2495	0.173798	0.171494	0.170422	0.201783	0.136953	0.162473	0.155871	0.171457	0.180619	0.130389	
2500	0.183912	0.171234	0.178772	0.183876	0.133829	0.145570	0.161505	0.160639	0.174743	0.147822	
2505	0.176494	0.166023	0.169595	0.183750	0.142923	0.150855	0.167081	0.142547	0.171347	0.157688	
2510	0.171542	0.167886	0.178259	0.180140	0.158940	0.156790	0.168231	0.150828	0.163231	0.166030	
2515	0.161869	0.164815	0.165155	0.173600	0.160076	0.157889	0.166819	0.152323	0.160981	0.163755	
2520	0.153003	0.167398	0.156993	0.167346	0.151637	0.166808	0.173887	0.151039	0.158324	0.164567	
2525	0.145442	0.174754	0.154553	0.154584	0.140560	0.177452	0.170589	0.160469	0.158045	0.176537	
2530	0.144329	0.170752	0.149269	0.150338	0.142410	0.184115	0.163187	0.162787	0.157148	0.179503	
2535	0.145077	0.159535	0.141367	0.149897	0.147170	0.172631	0.158095	0.168738	0.162354	0.176744	
2540	0.149336	0.144446	0.146694	0.132397	0.164292	0.164926	0.164288	0.183183	0.160005	0.178127	
2545	0.154251	0.140540	0.152089	0.133702	0.179244	0.163941	0.157194	0.195096	0.170493	0.173539	
2550	0.158932	0.143766	0.150219	0.130426	0.182598	0.166979	0.159277	0.203514	0.170986	0.160523	
2555	0.157336	0.136976	0.152322	0.121251	0.183671	0.176916	0.148622	0.192014	0.171802	0.161422	
2560	0.158185	0.117650	0.161403	0.125607	0.182596	0.163481	0.148839	0.186758	0.167655	0.167138	
2565	0.158991	0.114825	0.159402	0.125805	0.176459	0.169720	0.157403	0.187494	0.169900	0.159583	
2570	0.163058	0.120110	0.162830	0.130388	0.167087	0.187724	0.154006	0.181135	0.159575	0.156561	
2575	0.177430	0.135520	0.155101	0.125706	0.155548	0.190046	0.153181	0.181329	0.163799	0.163271	
2580	0.182888	0.155658	0.161628	0.133399	0.155466	0.178470	0.151975	0.164964	0.160367	0.162250	
2585	0.182531	0.159444	0.161965	0.150344	0.154342	0.174510	0.170950	0.168250	0.161025	0.166842	
2590	0.170387	0.159187	0.166201	0.153827	0.160628	0.165831	0.174267	0.158155	0.153704	0.152968	
2595	0.155875	0.149555	0.167500	0.163190	0.147153	0.170135	0.184753	0.139884	0.151366	0.167801	
2600	0.149604	0.151771	0.176939	0.179121	0.148434	0.167239	0.177540	0.152882	0.155953	0.168867	
2605	0.156271	0.151237	0.172599	0.171540	0.149365	0.168733	0.187662	0.144723	0.150186	0.157011	
2610	0.154222	0.160327	0.183271	0.171160	0.159243	0.153228	0.177775	0.135601	0.146121	0.150011	
2615	0.141635	0.158201	0.182180	0.168009	0.166453	0.154222	0.183291	0.133180	0.155254	0.151544	
2620	0.142691	0.160501	0.181517	0.169405	0.164915	0.144412	0.181080	0.133484	0.159092	0.153661	
2625	0.140390	0.153568	0.185559	0.166183	0.169788	0.134947	0.191257	0.140904	0.164925	0.162880	
2630	0.143598	0.151729	0.171695	0.147808	0.168494	0.136518	0.188732	0.152037	0.166160	0.173006	
2635	0.151340	0.152572	0.162814	0.144376	0.167049	0.131186	0.165807	0.160219	0.176664	0.162115	
2640	0.162824	0.159965	0.162160	0.147364	0.159310	0.127720	0.155810	0.164913	0.172616	0.173758	
2645	0.170100	0.146455	0.159155	0.147693	0.160372	0.120443	0.154552	0.169606	0.173364	0.160995	
2650	0.162992	0.144628	0.161261	0.153978	0.160892	0.134860	0.163399	0.167542	0.165423	0.157969	
2655	0.150939	0.140471	0.170676	0.163613	0.159953	0.135423	0.163273	0.172640	0.164240	0.151133	
2660	0.156919	0.135147	0.171401	0.164241	0.157530	0.136305	0.152114	0.155400	0.154690	0.138516	
2665	0.175250	0.135555	0.167360	0.173690	0.152714	0.129312	0.149643	0.144133	0.146742	0.131921	
2670	0.167102	0.126821	0.167873	0.177614	0.162050	0.136152	0.149319	0.154872	0.149429	0.131457	
2675	0.179879	0.141830	0.154083	0.171991	0.162114	0.127302	0.141565	0.152949	0.144652	0.135705	
2680	0.187900	0.147240	0.150905	0.170160	0.162903	0.130515	0.147185	0.147221	0.129313	0.146285	
2685	0.199245	0.147343	0.150246	0.170769	0.164524	0.143535	0.155944	0.137488	0.135446	0.159079	
2690	0.185815	0.152711	0.158424	0.173015	0.162070	0.144896	0.149831	0.147991	0.131317	0.155779	
2695	0.172285	0.159222	0.159502	0.173758	0.163425	0.159672	0.153056	0.136337	0.128857	0.159939	
2700	0.156985	0.168199	0.165399	0.169038	0.153067	0.155505	0.154250	0.128096	0.136941	0.154511	
2705	0.152258	0.172960	0.168014	0.173955	0.142139	0.160487	0.163212	0.123205	0.142351	0.158149	
2710	0.159240	0.165126	0.173138	0.169175	0.162510	0.153194	0.171958	0.117954	0.146665	0.150157	
2715	0.153333	0.163061	0.166808	0.180772	0.167732	0.157228	0.178346	0.120465	0.157932	0.158659	
2720	0.151533	0.168497	0.162908	0.184283	0.168192	0.162796	0.179914	0.133621	0.156972	0.162155	
2725	0.147133	0.145949	0.163559	0.176481	0.167291	0.161041	0.172505	0.147803	0.171758	0.166034	
2730	0.136541	0.137144	0.164513	0.173708	0.170523	0.152333	0.158801	0.160123	0.175479	0.170666	
2735	0.137832	0.135308	0.144883	0.183716	0.168009	0.157644	0.156892	0.172346	0.175840	0.191155	
2740	0.148713	0.120406	0.133815	0.184827	0.162442	0.153898	0.149746	0.185270	0.173206	0.184078	
2745	0.164646	0.128443	0.122192	0.174344	0.153590	0.148649	0.138740	0.186001	0.155975	0.182446	
2750	0.177445	0.133709	0.120833	0.166138	0.145508	0.159372	0.132593	0.193774	0.156528	0.179010	
2755	0.179880	0.144310	0.121085	0.147310	0.149471	0.161152	0.140068	0.203814	0.155537	0.174424	
2760	0.171484	0.148756	0.131201	0.136456	0.159624	0.163215	0.139984	0.195942	0.158229	0.167087	
2765	0.174325	0.162168	0.144751	0.139063	0.159820	0.178902	0.131968	0.180654	0.160328	0.165563	
2770	0.181484	0.159620	0.160347	0.137914	0.159523	0.180804	0.150280	0.176649	0.158277	0.152666	
2775	0.175271	0.149343	0.173270	0.140301	0.163418	0.183188	0.162128	0.158385	0.161732	0.143517	
2780	0.160954	0.139680	0.198079	0.139438	0.169441	0.181280	0.166231	0.161825	0.152474	0.136198	
2785	0.155466	0.128646	0.212118	0.144129	0.160941	0.169447	0.151478	0.151118	0.153607	0.126444	
2790	0.163077	0.128270	0.202401	0.144870	0.156284	0.172259	0.138135	0.149026	0.154454	0.132520	
2795	0.159897	0.135910	0.207734	0.153996	0.160888	0.177531	0.150917	0.152468	0.161435	0.148430	
2800	0.177689	0.143221	0.179465	0.154934	0.160194	0.180139	0.158923	0.148384	0.169703	0.154543	
2805	0.179995	0.145903	0.169511	0.155001	0.160407	0.171335	0.155831	0.134291	0.178399	0.170810	
2810	0.190470	0.145765	0.148465	0.148895	0.182379	0.164634	0.165022	0.144164	0.185290	0.165125	
2815	0.184599	0.156739	0.141455	0.148318	0.178876	0.160055	0.162478	0.144855	0.178835	0.178098	
2820	0.165505	0.159747	0.135229	0.148707	0.192675	0.152228	0.174522	0.153599	0.176386	0.186949	
2825	0.160499	0.164465	0.136431	0.155196	0.199462	0.152140	0.171136	0.152868	0.180184	0.186751	
2830	0.149917	0.164421	0.149508	0.151900	0.199861	0.148298	0.159747	0.145797	0.172962	0.191457	
2835	0.149425	0.172603	0.151163	0.156071	0.204894	0.153251	0.153713	0.153103	0.157891	0.192570	
2840	0.134033	0.177700	0.152423	0.159140	0.200940	0.149173	0.139671	0.168517	0.147106	0.187923	
2845	0.129895	0.179863	0.159902	0.173463	0.184410	0.148058	0.133744	0.160576	0.136923	0.188297	
2850	0.135619	0.163590	0.168778	0.177581	0.184609	0.151037	0.129989	0.156310	0.142804	0.177305	
2855	0.146573	0.150421	0.168550	0.182803	0.181933	0.144336	0.129387	0.158337	0.136139	0.172942	
2860	0.153148	0.144419	0.168048	0.188398	0.181181	0.142960	0.137299	0.172082	0.146198	0.162062	
2865	0.165815	0.148958	0.171845	0.192772	0.167358	0.147488	0.143628	0.178030	0.145859	0.151325	
2870	0.178655	0.147398	0.172708	0.184907	0.171705	0.145045	0.153538	0.166867	0.148752	0.152102	
2875	0.185649	0.146263	0.165341	0.170462	0.175126	0.141131	0.156015	0.170780	0.150389	0.156301	
2880	0.183873	0.156060	0.176330	0.181955	0.178391	0.143363	0.147644	0.172226	0.149476	0.161559	
2885	0.173473	0.151899	0.170785	0.174789	0.177601	0.151342	0.145642	0.166500	0.144669	0.162431	
2890	0.182208	0.139542	0.167625	0.160285	0.186835	0.162307	0.156097	0.161743	0.138729	0.167950	
2895	0.169800	0.142539	0.162331	0.150223	0.175340	0.164626	0.166088	0.162941	0.139883	0.171966	
2900	0.164668	0.128220	0.150953	0.147618	0.162798	0.159087	0.161580	0.169390	0.133572	0.166169	
2905	0.156139	0.117936	0.150392	0.144112	0.176135	0.168083	0.159023	0.163892	0.138177	0.156173	
2910	0.147805	0.113673	0.139917	0.152440	0.177925	0.170747	0.157352	0.170724	0.140452	0.153923	
2915	0.145526	0.127961	0.145113	0.154755	0.180883	0.164450	0.151463	0.165372	0.147150	0.163886	
2920	0.129553	0.138108	0.140638	0.153977	0.192706	0.151322	0.148496	0.162301	0.158025	0.163259	
2925	0.131498	0.139376	0.135892	0.166177	0.188601	0.149073	0.144707	0.166076	0.162972	0.165214	
2930	0.138815	0.153145	0.139232	0.180132	0.191880	0.143445	0.145619	0.158751	0.156716	0.165443	
2935	0.134885	0.151180	0.158084	0.179239	0.190455	0.145339	0.132686	0.161616	0.161208	0.180584	
2940	0.141931	0.169741	0.170777	0.185598	0.170817	0.159736	0.139404	0.170974	0.168291	0.175129	
2945	0.157458	0.180536	0.169828	0.176374	0.173049	0.165915	0.137968	0.165272	0.162874	0.169155	
2950	0.168387	0.182567	0.190590	0.171912	0.161839	0.166798	0.149527	0.158338	0.166640	0.174018	
2955	0.168680	0.193237	0.188650	0.163191	0.153925	0.166731	0.161889	0.161435	0.167147	0.171510	
2960	0.163651	0.191245	0.190375	0.164726	0.163688	0.168774	0.172788	0.149647	0.161502	0.180182	
2965	0.149904	0.191172	0.178593	0.167456	0.152314	0.167222	0.174024	0.151273	0.161659	0.179751	
2970	0.151066	0.170065	0.175913	0.166243	0.143249	0.153189	0.174021	0.152831	0.160110	0.181820	
2975	0.144287	0.155717	0.171153	0.156647	0.145185	0.140467	0.171656	0.164166	0.156636	0.168717	
2980	0.142559	0.151342	0.168495	0.144773	0.140019	0.140282	0.167243	0.173747	0.141891	0.176686	
2985	0.134836	0.139116	0.168427	0.151737	0.144889	0.137444	0.160643	0.172796	0.136622	0.184531	
2990	0.132899	0.120737	0.166159	0.160604	0.152927	0.137350	0.156027	0.179139	0.130957	0.183899	
2995	0.133329	0.123754	0.170640	0.165648	0.159103	0.134294	0.157776	0.187855	0.128027	0.170151	
3000	0.135495	0.137552	0.162448	0.172057	0.161302	0.137647	0.159965	0.185350	0.139105	0.158506	
