T	rep_1	rep_2	rep_3	rep_4	rep_5	rep_6	rep_7	rep_8	rep_9	rep_10
5	0.000000	0.000000	0.000000	0.000000	0.000000	0.000000	0.000000	0.000000	0.000000	0.000000	
10	0.000000	0.000000	0.000000	0.000000	0.000000	0.000000	0.000000	0.000000	0.000000	0.000000	
15	0.000000	0.000000	0.000000	0.000000	0.000000	0.000000	0.000000	0.000000	0.000000	0.000000	
20	0.000000	0.000000	0.000000	0.000000	0.000000	0.000000	0.000000	0.000000	0.000000	0.000000	
25	0.000000	0.000000	0.000000	0.000000	0.000000	0.000000	0.000000	0.000000	0.000000	0.000000	
30	0.000000	0.000000	0.000000	0.000000	0.000000	0.000000	0.000000	0.000000	0.000000	0.000000	
35	0.000000	0.000000	0.000000	0.000000	0.000000	0.000000	0.000000	0.000000	0.000000	0.000000	
40	0.000000	0.000000	0.000000	0.000000	0.000000	0.000000	0.000000	0.000000	0.000000	0.000000	
45	0.000000	0.000000	0.000000	0.000000	0.000000	0.000000	0.000000	0.000000	0.000000	0.000000	
50	0.000000	0.000000	0.000000	0.000000	0.000000	0.000000	0.000000	0.000000	0.000000	0.000000	
55	0.000000	0.000000	0.000000	0.000000	0.000000	0.000000	0.000000	0.000000	0.000000	0.000000	
60	0.000000	0.000000	0.000000	0.000000	0.000000	0.000000	0.000000	0.000000	0.000000	0.000000	
65	0.000000	0.000000	0.000000	0.000000	0.000000	0.000000	0.000000	0.000000	0.000000	0.000000	
70	0.000000	0.000000	0.000000	0.000000	0.000000	0.000000	0.000000	0.000000	0.000000	0.000000	
75	0.000000	0.000000	0.000000	0.000000	0.000000	0.000000	0.000000	0.000000	0.000000	0.000000	
80	0.000000	0.000000	0.000000	0.000000	0.000000	0.000000	0.000000	0.000000	0.000000	0.000000	
85	0.000000	0.000000	0.000000	0.000000	0.000000	0.000000	0.000000	0.000000	0.000000	0.000000	
90	0.000000	0.000000	0.000000	0.000000	0.000000	0.000000	0.000000	0.000000	0.000000	0.000000	
95	0.000000	0.000000	0.000000	0.000000	0.000000	0.000000	0.000000	0.000000	0.000000	0.000000	
100	0.000000	0.000000	0.000000	0.000000	0.000000	0.000000	0.000000	0.000000	0.000000	0.000000	
105	0.000000	0.000000	0.000000	0.000000	0.000000	0.000000	0.000000	0.000000	0.000000	0.000000	
110	0.000000	0.000000	0.000000	0.000000	0.000000	0.000000	0.000000	0.000000	0.000000	0.000000	
115	0.000000	0.000000	0.000000	0.000000	0.000000	0.000000	0.000000	0.000000	0.000000	0.000000	
120	0.000000	0.000000	0.000000	0.000000	0.000000	0.000000	0.000000	0.000000	0.000000	0.000000	
125	0.000000	0.000000	0.000000	0.000000	0.000000	0.000000	0.000000	0.000000	0.000000	0.000000	
130	0.000000	0.000000	0.000000	0.000000	0.000000	0.000000	0.000000	0.000000	0.000000	0.000000	
135	0.000000	0.000000	0.000000	0.000000	0.000000	0.000000	0.000000	0.000000	0.000000	0.000000	
140	0.000000	0.000000	0.000000	0.000000	0.000000	0.000000	0.000000	0.000000	0.000000	0.000000	
145	0.000000	0.000000	0.000000	0.000000	0.000000	0.000000	0.000000	0.000000	0.000000	0.000000	
150	0.000000	0.000000	0.000000	0.000000	0.000000	0.000000	0.000000	0.000000	0.000000	0.000000	
155	0.000000	0.000000	0.000000	0.000000	0.000000	0.000000	0.000000	0.000000	0.000000	0.000000	
160	0.000000	0.000000	0.000000	0.000000	0.000000	0.000000	0.000000	0.000000	0.000000	0.000000	
165	0.000000	0.000000	0.000000	0.000000	0.000000	0.000000	0.000000	0.000000	0.000000	0.000000	
170	0.000000	0.000000	0.000000	0.000000	0.000000	0.000000	0.000000	0.000000	0.000000	0.000000	
175	0.000000	0.000000	0.000000	0.000000	0.000000	0.000000	0.000000	0.000000	0.000000	0.000000	
180	0.000000	0.000000	0.000000	0.000000	0.000000	0.000000	0.000000	0.000000	0.000000	0.000000	
185	0.000000	0.000000	0.000000	0.000000	0.000000	0.000000	0.000000	0.000000	0.000000	0.000000	
190	0.000000	0.000000	0.000000	0.000000	0.000000	0.000000	0.000000	0.000000	0.000000	0.000000	
195	0.000000	0.000000	0.000000	0.000000	0.000000	0.000000	0.000000	0.000000	0.000000	0.000000	
200	0.000000	0.000000	0.000000	0.000000	0.000000	0.000000	0.000000	0.000000	0.000000	0.000000	
205	0.001173	0.001261	0.002426	0.001794	0.001340	0.000974	0.001762	0.001630	0.001167	0.001987	
210	0.003621	0.002653	0.002443	0.003706	0.002374	0.001709	0.003906	0.001612	0.003500	0.002490	
215	0.006130	0.003839	0.002202	0.002001	0.002584	0.004332	0.003824	0.002150	0.005099	0.003633	
220	0.004510	0.004067	0.003717	0.004772	0.003739	0.005416	0.005500	0.003949	0.003314	0.003477	
225	0.003996	0.003965	0.005020	0.004830	0.002607	0.004350	0.003516	0.003568	0.003648	0.005299	
230	0.004144	0.003924	0.005542	0.003058	0.002339	0.005305	0.002552	0.004853	0.004189	0.006076	
235	0.003336	0.003051	0.004400	0.003585	0.003858	0.003389	0.003844	0.003064	0.004580	0.005928	
240	0.003070	0.005646	0.003565	0.003905	0.003570	0.003574	0.003186	0.003244	0.003469	0.007497	
245	0.003475	0.003224	0.003248	0.004072	0.003328	0.002708	0.002808	0.003998	0.004224	0.005539	
250	0.004557	0.004268	0.003945	0.003235	0.002403	0.002686	0.004092	0.006155	0.003207	0.004892	
255	0.003079	0.004015	0.002492	0.003492	0.003118	0.004168	0.003718	0.007491	0.004310	0.003603	
260	0.003297	0.003957	0.003765	0.003271	0.003570	0.004422	0.005013	0.006302	0.006461	0.003160	
265	0.004070	0.004025	0.004743	0.004178	0.004056	0.004701	0.004136	0.004952	0.009313	0.002454	
270	0.003918	0.005291	0.004219	0.004051	0.004777	0.005506	0.003821	0.003497	0.006626	0.001985	
275	0.003406	0.009275	0.004023	0.003712	0.005517	0.004943	0.005467	0.002962	0.004300	0.002862	
280	0.005458	0.006461	0.003862	0.003623	0.002326	0.004730	0.006381	0.003563	0.006598	0.004452	
285	0.003727	0.005596	0.008506	0.002393	0.003638	0.004568	0.003613	0.002786	0.005603	0.006314	
290	0.003886	0.007359	0.004042	0.005158	0.003112	0.006384	0.003119	0.002726	0.003578	0.003841	
295	0.004965	0.006215	0.004026	0.004928	0.004585	0.004252	0.003629	0.002622	0.003784	0.004033	
300	0.004124	0.004581	0.003284	0.004114	0.004593	0.003505	0.001452	0.001443	0.006610	0.003734	
305	0.004153	0.005863	0.006526	0.004838	0.003990	0.004372	0.001496	0.004137	0.005419	0.004726	
310	0.005615	0.003273	0.005957	0.005025	0.005096	0.004682	0.002120	0.003038	0.008557	0.004561	
315	0.005008	0.005464	0.003543	0.004198	0.006102	0.004122	0.005482	0.003263	0.006494	0.003914	
320	0.005067	0.004289	0.004462	0.003315	0.004626	0.005425	0.004054	0.004986	0.005726	0.004383	
325	0.007867	0.003920	0.003528	0.004988	0.003765	0.003253	0.003554	0.003215	0.005003	0.004048	
330	0.008394	0.004816	0.003616	0.002630	0.003466	0.004368	0.004128	0.006470	0.004841	0.002480	
335	0.006597	0.004427	0.004533	0.003361	0.004934	0.004676	0.003491	0.004355	0.005725	0.002899	
340	0.003786	0.003676	0.005199	0.003643	0.003208	0.005573	0.003782	0.004429	0.004607	0.003308	
345	0.004528	0.004660	0.004475	0.002686	0.004890	0.005518	0.002577	0.004615	0.005983	0.003625	
350	0.004253	0.005771	0.003952	0.002787	0.006275	0.007080	0.003056	0.003866	0.005018	0.003433	
355	0.002759	0.006068	0.004532	0.002985	0.006336	0.006344	0.003840	0.003721	0.008071	0.003119	
360	0.003216	0.003457	0.002601	0.003735	0.005898	0.004662	0.003043	0.004084	0.004901	0.003438	
365	0.004322	0.006749	0.001635	0.004024	0.006405	0.003183	0.006618	0.003800	0.004351	0.003296	
370	0.004021	0.007236	0.002808	0.004919	0.006689	0.003854	0.008825	0.001956	0.004490	0.003722	
375	0.007552	0.004680	0.002952	0.004504	0.004458	0.005208	0.004579	0.002639	0.005334	0.005086	
380	0.006500	0.003928	0.002992	0.004076	0.005521	0.005450	0.006172	0.003729	0.004438	0.006854	
385	0.006491	0.004054	0.003494	0.004222	0.005397	0.004740	0.005346	0.003393	0.004872	0.006458	
390	0.005285	0.004279	0.003836	0.002628	0.004090	0.003103	0.005097	0.003483	0.005210	0.005375	
395	0.006049	0.005290	0.003320	0.003363	0.002773	0.001972	0.008306	0.004558	0.001650	0.006741	
400	0.005559	0.004267	0.003744	0.002640	0.006371	0.001284	0.008258	0.003866	0.002576	0.008411	
405	0.006938	0.004217	0.004352	0.002997	0.006537	0.002038	0.005624	0.003955	0.003003	0.006591	
410	0.007937	0.003311	0.003523	0.003984	0.005851	0.003558	0.008262	0.002486	0.003637	0.005290	
415	0.007693	0.002717	0.003373	0.002906	0.004164	0.005570	0.009319	0.004205	0.001639	0.006220	
420	0.007726	0.002914	0.003392	0.002650	0.002190	0.004544	0.008776	0.002920	0.002318	0.003127	
425	0.006306	0.005565	0.003235	0.001908	0.003413	0.004362	0.006852	0.002031	0.002745	0.005305	
430	0.006998	0.005113	0.004422	0.002934	0.003928	0.004627	0.009050	0.002350	0.002903	0.007529	
435	0.005696	0.002989	0.003528	0.004198	0.004923	0.004151	0.007717	0.002637	0.004839	0.006932	
440	0.004961	0.005664	0.005620	0.004387	0.003417	0.004502	0.008099	0.004316	0.003451	0.004742	
445	0.007111	0.004322	0.006283	0.002472	0.004169	0.004986	0.007591	0.005212	0.004809	0.006409	
450	0.011588	0.005272	0.004847	0.003230	0.005109	0.004471	0.009526	0.004528	0.004878	0.005342	
455	0.006831	0.003300	0.004472	0.002392	0.004259	0.004425	0.007372	0.004575	0.004464	0.005034	
460	0.005525	0.003421	0.005135	0.005061	0.004468	0.004652	0.006969	0.003706	0.006832	0.005847	
465	0.006879	0.003428	0.004593	0.004791	0.005037	0.006037	0.005474	0.003466	0.006166	0.005804	
470	0.005111	0.003871	0.006273	0.004613	0.006416	0.006280	0.005567	0.004097	0.003966	0.006230	
475	0.004910	0.005873	0.005562	0.004633	0.007533	0.005861	0.005635	0.002776	0.005050	0.005561	
480	0.005746	0.004691	0.008305	0.003177	0.005601	0.005267	0.006477	0.002905	0.004011	0.005509	
485	0.007867	0.002892	0.006367	0.003367	0.006522	0.004348	0.005637	0.003085	0.004748	0.004598	
490	0.004444	0.002715	0.007190	0.002512	0.004487	0.003945	0.006533	0.003734	0.003681	0.003781	
495	0.003294	0.004948	0.006376	0.004065	0.002976	0.004320	0.007171	0.003765	0.004233	0.004489	
500	0.007412	0.004247	0.006579	0.004152	0.004844	0.004341	0.006153	0.006084	0.003183	0.006321	
505	0.005490	0.004196	0.008174	0.004467	0.004430	0.004396	0.005135	0.004711	0.004347	0.003185	
510	0.007681	0.003036	0.007496	0.004611	0.004757	0.003235	0.005075	0.004359	0.004328	0.003655	
515	0.005711	0.003312	0.006105	0.003120	0.004219	0.003505	0.006517	0.004348	0.004414	0.003656	
520	0.005640	0.004325	0.006247	0.003316	0.005742	0.006804	0.005981	0.005185	0.002820	0.005728	
525	0.006795	0.004640	0.004725	0.004523	0.006377	0.006302	0.006645	0.005898	0.002627	0.004130	
530	0.005698	0.006580	0.006433	0.005511	0.007233	0.004738	0.006017	0.006332	0.003064	0.006211	
535	0.006326	0.004704	0.005627	0.005886	0.006366	0.002956	0.005823	0.004804	0.003297	0.006911	
540	0.005885	0.006078	0.004151	0.003087	0.009307	0.004658	0.004377	0.005431	0.005024	0.008050	
545	0.008872	0.004162	0.005047	0.002109	0.006660	0.003880	0.003703	0.004261	0.006747	0.007000	
550	0.006484	0.005951	0.007288	0.004504	0.005268	0.003993	0.002858	0.004349	0.006615	0.006780	
555	0.005203	0.006827	0.006011	0.003289	0.006734	0.004740	0.003723	0.004215	0.005120	0.005666	
560	0.006274	0.005950	0.005540	0.003489	0.005366	0.003367	0.003174	0.004174	0.006720	0.006918	
565	0.008562	0.007278	0.005732	0.002420	0.006454	0.003780	0.003350	0.002703	0.005108	0.007510	
570	0.007693	0.005462	0.006452	0.002831	0.006155	0.004435	0.006919	0.004384	0.010085	0.006834	
575	0.006553	0.004718	0.008769	0.003425	0.003543	0.004483	0.006540	0.006697	0.007160	0.007528	
580	0.004131	0.003618	0.008913	0.006653	0.003763	0.004929	0.004048	0.004126	0.005910	0.007720	
585	0.004516	0.003855	0.006770	0.005200	0.003316	0.008808	0.003521	0.004573	0.004690	0.006086	
590	0.005016	0.004398	0.004513	0.006489	0.004798	0.007425	0.002423	0.005435	0.004385	0.008790	
595	0.003519	0.003894	0.003894	0.002977	0.004282	0.007235	0.005726	0.005948	0.004784	0.007305	
600	0.002944	0.003792	0.005675	0.003975	0.003070	0.008148	0.007015	0.003699	0.002709	0.004045	
605	0.003033	0.006054	0.006203	0.003643	0.004590	0.006331	0.005303	0.003676	0.002406	0.003146	
610	0.003242	0.004272	0.007756	0.003547	0.004515	0.008372	0.007017	0.003805	0.002029	0.003510	
615	0.004687	0.005218	0.006969	0.004550	0.003802	0.007593	0.006694	0.005441	0.002962	0.004712	
620	0.003068	0.005456	0.007472	0.004209	0.004394	0.005045	0.006315	0.006737	0.003772	0.005165	
625	0.004720	0.005239	0.006227	0.006651	0.006432	0.004397	0.006680	0.007869	0.004253	0.003133	
630	0.004916	0.005239	0.006464	0.004909	0.004922	0.004321	0.008317	0.005635	0.005204	0.004988	
635	0.005272	0.007296	0.006993	0.006996	0.005240	0.004766	0.007874	0.005994	0.006588	0.003609	
640	0.004807	0.007204	0.005688	0.005284	0.005096	0.004528	0.008486	0.004727	0.006693	0.003819	
645	0.007316	0.006647	0.004849	0.007636	0.004646	0.002929	0.006028	0.004117	0.006113	0.003952	
650	0.006479	0.005433	0.005363	0.006714	0.004043	0.003866	0.004807	0.004178	0.004577	0.004352	
655	0.005108	0.006713	0.005430	0.008376	0.004524	0.004684	0.004194	0.004922	0.003052	0.005529	
660	0.005343	0.005689	0.006142	0.008879	0.003483	0.004679	0.006753	0.004629	0.004498	0.004631	
665	0.006368	0.007567	0.004709	0.006850	0.003113	0.003487	0.005666	0.007194	0.004923	0.002805	
670	0.006440	0.005949	0.004747	0.004560	0.001495	0.004674	0.005217	0.005692	0.005466	0.004795	
675	0.007067	0.005054	0.003697	0.003623	0.001676	0.004763	0.004498	0.008792	0.004111	0.004704	
680	0.003774	0.005301	0.002936	0.004758	0.002304	0.003556	0.004231	0.007639	0.002750	0.005245	
685	0.005586	0.006478	0.004312	0.008306	0.003219	0.003569	0.005310	0.007541	0.003357	0.005213	
690	0.004980	0.004511	0.004761	0.008772	0.003863	0.002999	0.004165	0.006505	0.006614	0.006316	
695	0.004949	0.004132	0.002498	0.008194	0.004439	0.003319	0.003619	0.005659	0.006565	0.007667	
700	0.004498	0.006356	0.002779	0.006978	0.003390	0.002570	0.004485	0.004962	0.005970	0.004719	
705	0.003875	0.006219	0.002563	0.004305	0.004045	0.002432	0.003428	0.007781	0.003726	0.005268	
710	0.006355	0.005141	0.002842	0.005246	0.004944	0.002850	0.003216	0.006812	0.006870	0.005166	
715	0.005459	0.004202	0.003571	0.006584	0.003650	0.004234	0.005003	0.005897	0.006606	0.005749	
720	0.005293	0.004498	0.002517	0.006521	0.004007	0.003364	0.004722	0.003807	0.005820	0.003303	
725	0.004703	0.004738	0.003118	0.005824	0.005033	0.003815	0.001700	0.002175	0.004204	0.003792	
730	0.003836	0.006269	0.002665	0.004058	0.004638	0.004384	0.001234	0.003465	0.004494	0.004406	
735	0.003464	0.007063	0.003191	0.005334	0.003887	0.004034	0.001983	0.002931	0.005230	0.005350	
740	0.003758	0.005043	0.002707	0.004498	0.004511	0.004989	0.002430	0.003585	0.004499	0.003682	
745	0.003986	0.002936	0.003708	0.005763	0.004835	0.006094	0.003513	0.003559	0.006866	0.005678	
750	0.002822	0.002760	0.007825	0.004480	0.004423	0.004770	0.003093	0.004793	0.003891	0.006719	
755	0.002387	0.007572	0.007489	0.005172	0.003169	0.003665	0.002551	0.005659	0.004380	0.006636	
760	0.002676	0.006285	0.006512	0.004267	0.003884	0.003153	0.004123	0.004275	0.003600	0.006249	
765	0.003988	0.004991	0.007546	0.005728	0.002167	0.003704	0.007400	0.004966	0.003531	0.005395	
770	0.006504	0.004149	0.006578	0.004180	0.002495	0.002970	0.005496	0.003524	0.001857	0.005935	
775	0.004303	0.005612	0.005987	0.004270	0.005123	0.003810	0.003752	0.004002	0.003396	0.005017	
780	0.005417	0.008229	0.003977	0.004547	0.002742	0.005445	0.003076	0.006106	0.002368	0.003841	
785	0.003130	0.006632	0.003973	0.004755	0.001466	0.006750	0.002836	0.004515	0.003139	0.002756	
790	0.004407	0.007603	0.003601	0.004929	0.002308	0.007764	0.002898	0.004907	0.003404	0.002658	
795	0.004205	0.005986	0.004195	0.005947	0.003897	0.009075	0.003281	0.004736	0.002312	0.004320	
800	0.004809	0.004856	0.004407	0.005044	0.005760	0.007811	0.003307	0.004517	0.003591	0.003814	
805	0.004307	0.005291	0.004234	0.007147	0.005537	0.006549	0.007019	0.004484	0.003535	0.005470	
810	0.004583	0.005458	0.004074	0.004816	0.004954	0.008087	0.007703	0.005201	0.004294	0.003625	
815	0.003514	0.004647	0.004720	0.003276	0.005449	0.004103	0.005618	0.005293	0.004166	0.002424	
820	0.004221	0.005939	0.003897	0.004313	0.006972	0.004378	0.004006	0.005703	0.003177	0.002955	
825	0.003192	0.007563	0.003406	0.007220	0.007666	0.004315	0.003414	0.007720	0.002408	0.003968	
830	0.003387	0.005173	0.003099	0.005589	0.005954	0.006582	0.005195	0.009661	0.003205	0.005331	
835	0.003223	0.006471	0.003826	0.004410	0.006690	0.006198	0.005872	0.005409	0.004199	0.003303	
840	0.002254	0.004583	0.003916	0.006015	0.007027	0.007682	0.003404	0.004882	0.003887	0.003852	
845	0.004801	0.007394	0.003164	0.006401	0.005749	0.006006	0.004198	0.005838	0.004666	0.002966	
850	0.003117	0.006296	0.004104	0.002795	0.004780	0.006200	0.004107	0.004927	0.005729	0.002740	
855	0.003094	0.005788	0.004082	0.002453	0.004888	0.004646	0.005388	0.004301	0.004686	0.002244	
860	0.003580	0.005674	0.004866	0.003574	0.005606	0.005318	0.004376	0.005727	0.005004	0.004045	
865	0.003095	0.005483	0.002879	0.004159	0.003096	0.005324	0.005144	0.004661	0.006268	0.003193	
870	0.004785	0.005787	0.004476	0.003911	0.002799	0.006901	0.008137	0.005424	0.006178	0.002977	
875	0.004389	0.003703	0.004739	0.004723	0.002616	0.007514	0.008435	0.003748	0.005440	0.004165	
880	0.005014	0.002857	0.004201	0.003445	0.002212	0.007805	0.006344	0.005470	0.004361	0.003737	
885	0.004134	0.002861	0.007183	0.003339	0.003373	0.006492	0.005036	0.004175	0.004958	0.004100	
890	0.005066	0.006310	0.008719	0.001874	0.004096	0.006514	0.006500	0.005269	0.004735	0.004039	
895	0.006179	0.005991	0.007259	0.002072	0.003987	0.005893	0.005357	0.004151	0.005218	0.002394	
900	0.006602	0.007172	0.008457	0.002522	0.005682	0.004563	0.004952	0.004256	0.004948	0.002430	
905	0.006677	0.005642	0.009326	0.002015	0.008133	0.004337	0.004027	0.003752	0.002916	0.004396	
910	0.005590	0.003268	0.007057	0.003092	0.007353	0.007109	0.005576	0.005559	0.003296	0.005390	
915	0.006865	0.004830	0.004726	0.001991	0.007835	0.005500	0.005090	0.006882	0.004865	0.006709	
920	0.004420	0.003916	0.005085	0.003011	0.005931	0.005806	0.006720	0.006809	0.005037	0.006405	
925	0.005158	0.005331	0.007267	0.002211	0.005427	0.006313	0.006189	0.006520	0.006996	0.004705	
930	0.004988	0.002952	0.006830	0.002764	0.004145	0.005184	0.005618	0.004561	0.007486	0.007401	
935	0.003403	0.003154	0.004486	0.003638	0.004234	0.005815	0.005819	0.004423	0.008588	0.006663	
940	0.003494	0.002171	0.005990	0.005398	0.002653	0.003409	0.009371	0.003647	0.004725	0.006017	
945	0.003285	0.003775	0.006400	0.003907	0.005197	0.002654	0.007944	0.003831	0.005080	0.006361	
950	0.002885	0.004058	0.003160	0.001192	0.005890	0.002633	0.006408	0.004471	0.005555	0.003777	
955	0.005840	0.004189	0.003877	0.002902	0.006951	0.002643	0.006346	0.004725	0.007299	0.003800	
960	0.004549	0.003165	0.004090	0.004543	0.005680	0.003842	0.006575	0.005354	0.009099	0.006513	
965	0.006309	0.002456	0.005227	0.003944	0.007741	0.004992	0.007560	0.004281	0.008098	0.005581	
970	0.004796	0.002451	0.004349	0.003352	0.008330	0.005840	0.008230	0.005839	0.008709	0.006071	
975	0.003152	0.002973	0.003982	0.003676	0.005062	0.005103	0.006785	0.005760	0.008974	0.004320	
980	0.003133	0.004363	0.003680	0.004238	0.004500	0.005075	0.005934	0.004428	0.009187	0.005601	
985	0.003115	0.004535	0.004055	0.005427	0.004039	0.005019	0.005803	0.004340	0.012827	0.003963	
990	0.004165	0.005139	0.004560	0.004396	0.005136	0.004418	0.005906	0.002979	0.010401	0.004073	
995	0.004936	0.005544	0.005606	0.004552	0.006137	0.005902	0.006280	0.003883	0.006701	0.005593	
1000	0.006155	0.006399	0.007342	0.003846	0.006873	0.005151	0.007644	0.002615	0.005887	0.004078	
1005	0.005188	0.007471	0.006360	0.002794	0.005714	0.005996	0.005175	0.002558	0.007870	0.003638	
1010	0.005762	0.005069	0.006073	0.005000	0.005280	0.006441	0.005525	0.003006	0.004794	0.004285	
1015	0.008177	0.006233	0.007469	0.005476	0.004687	0.004074	0.008437	0.003505	0.004661	0.003801	
1020	0.007684	0.006514	0.007828	0.005621	0.003764	0.003054	0.006073	0.004568	0.003517	0.003651	
1025	0.007451	0.002233	0.006742	0.005256	0.002362	0.002937	0.007204	0.002473	0.002089	0.004909	
1030	0.006486	0.002989	0.005422	0.005094	0.003597	0.004407	0.004808	0.003923	0.001970	0.003878	
1035	0.008042	0.004609	0.007053	0.004050	0.004379	0.006158	0.006323	0.003858	0.002848	0.005231	
1040	0.006656	0.004265	0.006062	0.002773	0.005155	0.003389	0.004313	0.004668	0.002444	0.004651	
1045	0.008182	0.001903	0.005730	0.002140	0.005104	0.002603	0.003354	0.003966	0.002861	0.003755	
1050	0.007661	0.003048	0.004093	0.001878	0.005508	0.003925	0.003693	0.006078	0.000882	0.003651	
1055	0.007193	0.004744	0.002864	0.001939	0.004729	0.004345	0.004687	0.004129	0.002045	0.004622	
1060	0.007559	0.003834	0.003799	0.002776	0.006434	0.005411	0.008239	0.002690	0.002581	0.005816	
1065	0.007212	0.003027	0.002866	0.004512	0.006394	0.008660	0.007791	0.001139	0.001870	0.005685	
1070	0.007145	0.004429	0.004246	0.002736	0.006326	0.005264	0.005780	0.001999	0.002949	0.005463	
1075	0.004072	0.004052	0.003827	0.004431	0.004419	0.005898	0.004136	0.001588	0.003322	0.004258	
1080	0.005184	0.002775	0.003074	0.004537	0.002252	0.005845	0.002847	0.002108	0.002947	0.003927	
1085	0.006007	0.002946	0.004112	0.003885	0.003247	0.004448	0.002910	0.002890	0.002540	0.002678	
1090	0.007057	0.003409	0.004832	0.001776	0.003441	0.003633	0.006428	0.003445	0.004309	0.003975	
1095	0.008490	0.003843	0.003712	0.003077	0.006059	0.006247	0.006761	0.005257	0.006184	0.002653	
1100	0.006785	0.003888	0.004951	0.004537	0.008146	0.005597	0.003065	0.006485	0.004374	0.003730	
1105	0.007414	0.006498	0.003131	0.006256	0.005510	0.004563	0.002891	0.003373	0.007097	0.004884	
1110	0.005925	0.004110	0.006019	0.007141	0.004082	0.004495	0.003911	0.002695	0.003658	0.003656	
1115	0.004973	0.003684	0.003578	0.006111	0.003850	0.004899	0.004276	0.002694	0.005721	0.004388	
1120	0.005264	0.003242	0.002663	0.005786	0.004010	0.005290	0.005960	0.002850	0.004767	0.003602	
1125	0.006603	0.005538	0.004118	0.004378	0.003252	0.006568	0.003952	0.003190	0.007106	0.003685	
1130	0.005393	0.004725	0.003443	0.002603	0.002533	0.005708	0.003975	0.003543	0.006910	0.002955	
1135	0.004700	0.005162	0.003665	0.005792	0.002864	0.006663	0.002019	0.002415	0.008823	0.004354	
1140	0.002975	0.004880	0.003402	0.005734	0.002196	0.007778	0.001612	0.007884	0.007487	0.004763	
1145	0.003460	0.006447	0.003663	0.004039	0.004038	0.007478	0.002478	0.004495	0.009600	0.007144	
1150	0.003574	0.005217	0.003922	0.005465	0.002423	0.009358	0.002931	0.003179	0.007771	0.006256	
1155	0.002944	0.007739	0.003838	0.006114	0.002163	0.007616	0.004187	0.002683	0.005797	0.005862	
1160	0.002680	0.003038	0.003860	0.004369	0.003076	0.008471	0.005558	0.002216	0.003142	0.006817	
1165	0.004167	0.005018	0.003444	0.003157	0.003610	0.009624	0.008289	0.002608	0.004311	0.006150	
1170	0.003987	0.005802	0.003875	0.004734	0.003802	0.008339	0.005686	0.002852	0.005696	0.007315	
1175	0.003110	0.002762	0.004953	0.002222	0.002728	0.006615	0.008327	0.003457	0.005642	0.006749	
1180	0.002906	0.003020	0.005668	0.002696	0.004298	0.005312	0.005683	0.003457	0.007305	0.007311	
1185	0.004330	0.004629	0.007190	0.003972	0.005117	0.005162	0.005703	0.002547	0.005451	0.007864	
1190	0.004812	0.003921	0.006072	0.003420	0.004853	0.003440	0.006528	0.003683	0.006071	0.005902	
1195	0.004643	0.004495	0.005112	0.004631	0.004852	0.003597	0.005630	0.004708	0.004749	0.004407	
1200	0.003649	0.003219	0.005901	0.002822	0.002275	0.006492	0.007322	0.003899	0.004490	0.004943	
1205	0.003992	0.003917	0.003939	0.002918	0.002977	0.006977	0.007245	0.004030	0.004311	0.004273	
1210	0.006959	0.002355	0.003300	0.003512	0.003184	0.004610	0.007379	0.005256	0.005915	0.006382	
1215	0.006274	0.002804	0.003963	0.004698	0.004274	0.003826	0.008782	0.005144	0.004969	0.005559	
1220	0.005101	0.003942	0.003785	0.003668	0.004652	0.003026	0.006782	0.003327	0.004953	0.006340	
1225	0.006484	0.002666	0.005331	0.004093	0.005184	0.004548	0.008075	0.004025	0.003824	0.006811	
1230	0.004855	0.004220	0.003907	0.005200	0.006413	0.004954	0.008090	0.005107	0.006833	0.004731	
1235	0.005997	0.003928	0.002384	0.006106	0.010436	0.005153	0.005042	0.005886	0.007981	0.003794	
1240	0.007758	0.003224	0.003334	0.007722	0.010968	0.004998	0.004595	0.005185	0.007998	0.003283	
1245	0.004626	0.003371	0.005583	0.008495	0.010676	0.002926	0.005156	0.004404	0.006726	0.002262	
1250	0.003204	0.003355	0.006422	0.007543	0.008190	0.003474	0.005201	0.004309	0.005574	0.002190	
1255	0.003283	0.004250	0.004495	0.006959	0.006690	0.003833	0.005284	0.003520	0.005353	0.002163	
1260	0.002979	0.005282	0.003145	0.005208	0.004508	0.003385	0.007573	0.004989	0.006964	0.002509	
1265	0.005145	0.004962	0.005745	0.003926	0.003350	0.002938	0.007890	0.003832	0.006053	0.003648	
1270	0.003613	0.005304	0.004040	0.003558	0.004995	0.002627	0.008367	0.004153	0.003553	0.002321	
1275	0.003565	0.003803	0.002780	0.004055	0.006105	0.002144	0.007930	0.004401	0.004595	0.003264	
1280	0.002850	0.006659	0.005902	0.005972	0.004998	0.002088	0.006614	0.003412	0.001811	0.004454	
1285	0.004403	0.004878	0.006733	0.005164	0.005059	0.002337	0.005195	0.003095	0.002510	0.004097	
1290	0.005491	0.005074	0.006377	0.005174	0.004787	0.003139	0.003769	0.003955	0.004122	0.003881	
1295	0.002871	0.005388	0.005168	0.004872	0.005710	0.003000	0.002223	0.003855	0.005629	0.003821	
1300	0.004069	0.004232	0.005471	0.005013	0.008013	0.002221	0.003022	0.005505	0.005871	0.005511	
1305	0.003843	0.003650	0.005694	0.004557	0.009311	0.004257	0.004194	0.006726	0.005423	0.004934	
1310	0.002636	0.005126	0.005785	0.003520	0.006880	0.004268	0.004722	0.005389	0.007699	0.004276	
1315	0.002710	0.004195	0.004489	0.003912	0.004824	0.004491	0.004903	0.002800	0.005839	0.005147	
1320	0.003183	0.005142	0.004692	0.004279	0.004996	0.003575	0.003958	0.004983	0.005713	0.007567	
1325	0.005379	0.003897	0.004086	0.002451	0.005976	0.005077	0.004434	0.004865	0.005472	0.007857	
1330	0.006420	0.005147	0.004769	0.002396	0.006717	0.005187	0.006363	0.004539	0.004469	0.006182	
1335	0.003920	0.006128	0.005794	0.003727	0.003851	0.004835	0.007184	0.004541	0.005360	0.007096	
1340	0.007840	0.004962	0.005352	0.004206	0.002900	0.007487	0.007181	0.004350	0.003732	0.010206	
1345	0.005822	0.005022	0.004447	0.005758	0.003942	0.004770	0.005649	0.004819	0.003244	0.010797	
1350	0.003279	0.005730	0.002821	0.007109	0.003812	0.004362	0.008190	0.007547	0.005503	0.010930	
1355	0.003386	0.005186	0.005589	0.004489	0.003477	0.004754	0.006607	0.005728	0.005396	0.010800	
1360	0.006583	0.007927	0.002483	0.002030	0.003123	0.006331	0.008026	0.005401	0.006054	0.008200	
1365	0.008376	0.008111	0.001696	0.003420	0.003897	0.004510	0.008014	0.005482	0.005211	0.008364	
1370	0.008107	0.008304	0.001677	0.007118	0.004299	0.007511	0.006523	0.005019	0.003863	0.007195	
1375	0.009645	0.006195	0.001181	0.007532	0.006215	0.007110	0.006540	0.005909	0.003392	0.006058	
1380	0.010036	0.006221	0.001603	0.006218	0.005256	0.006319	0.006670	0.007765	0.004825	0.007523	
1385	0.010338	0.007497	0.004062	0.002874	0.003560	0.003296	0.006447	0.006216	0.004128	0.006337	
1390	0.009012	0.009289	0.002819	0.003807	0.004926	0.002630	0.008305	0.007033	0.006047	0.006643	
1395	0.005969	0.008115	0.001934	0.003289	0.003135	0.002821	0.007222	0.007058	0.006943	0.006398	
1400	0.003386	0.006070	0.005124	0.002360	0.004108	0.002788	0.006377	0.006182	0.006371	0.005232	
1405	0.003291	0.005793	0.004877	0.002606	0.003386	0.004116	0.005312	0.004489	0.004900	0.004147	
1410	0.003145	0.008422	0.002920	0.003996	0.002754	0.002650	0.005272	0.006132	0.007148	0.004699	
1415	0.002512	0.007745	0.002727	0.004435	0.002928	0.002464	0.006725	0.003875	0.005929	0.004742	
1420	0.003261	0.008652	0.004606	0.004284	0.003349	0.002761	0.005127	0.004099	0.008213	0.005866	
1425	0.005089	0.008171	0.004799	0.003314	0.002942	0.004120	0.005184	0.002950	0.006537	0.007509	
1430	0.004464	0.008410	0.004878	0.002710	0.003397	0.005475	0.006029	0.002828	0.009186	0.004624	
1435	0.005088	0.007076	0.006285	0.004895	0.004540	0.003269	0.006090	0.002726	0.006462	0.003017	
1440	0.005320	0.004731	0.005168	0.003943	0.003239	0.004473	0.005534	0.003724	0.005146	0.002509	
1445	0.003157	0.003205	0.004458	0.005493	0.004729	0.004013	0.006192	0.002326	0.005589	0.003421	
1450	0.004053	0.002974	0.003795	0.004991	0.003396	0.003657	0.003802	0.002629	0.005830	0.003694	
1455	0.003682	0.002406	0.006136	0.004823	0.003361	0.005725	0.004964	0.004027	0.006054	0.005161	
1460	0.003644	0.003034	0.004643	0.004288	0.003223	0.005114	0.003177	0.003938	0.007386	0.002794	
1465	0.004569	0.004491	0.006757	0.003922	0.004480	0.003068	0.002511	0.002085	0.007961	0.002534	
1470	0.007072	0.005634	0.007076	0.003771	0.003989	0.005327	0.003916	0.002416	0.009496	0.001940	
1475	0.005060	0.004138	0.007076	0.003886	0.006314	0.002802	0.004441	0.003032	0.006334	0.003010	
1480	0.005047	0.003785	0.007778	0.004063	0.003187	0.002249	0.002519	0.003204	0.006779	0.004043	
1485	0.004864	0.005018	0.003897	0.003927	0.002738	0.004432	0.005132	0.005356	0.006537	0.005510	
1490	0.004595	0.005444	0.004891	0.004329	0.003463	0.004236	0.003548	0.003246	0.005884	0.005627	
1495	0.004771	0.006959	0.005300	0.004353	0.004976	0.003322	0.003137	0.004873	0.006704	0.005312	
1500	0.003723	0.006795	0.006263	0.005510	0.005949	0.004338	0.002939	0.005746	0.006968	0.005024	
1505	0.004236	0.005313	0.007032	0.004384	0.007511	0.002701	0.003478	0.006084	0.005158	0.004432	
1510	0.005850	0.003832	0.004705	0.004388	0.007255	0.002458	0.003339	0.005811	0.003383	0.004563	
1515	0.005541	0.002930	0.007244	0.003141	0.005816	0.002043	0.005221	0.003849	0.003252	0.002583	
1520	0.004192	0.007105	0.006274	0.002757	0.002765	0.003257	0.004670	0.004264	0.003668	0.006962	
1525	0.003457	0.008486	0.006196	0.002901	0.003136	0.005453	0.003392	0.003674	0.005475	0.005588	
1530	0.003972	0.008385	0.004449	0.002359	0.004136	0.005803	0.002673	0.004010	0.006012	0.005252	
1535	0.004525	0.007958	0.005437	0.003511	0.003916	0.004171	0.003371	0.004803	0.006077	0.005809	
1540	0.003827	0.006576	0.004223	0.003140	0.004389	0.004208	0.004182	0.003897	0.003769	0.006046	
1545	0.002003	0.005594	0.003481	0.003137	0.004562	0.003175	0.003717	0.004068	0.005089	0.005834	
1550	0.003163	0.007181	0.004428	0.004825	0.004062	0.003188	0.004144	0.006939	0.005247	0.005677	
1555	0.003872	0.004776	0.004376	0.004429	0.004502	0.006374	0.002404	0.005913	0.007508	0.004761	
1560	0.002344	0.005296	0.002489	0.005756	0.003537	0.007369	0.002437	0.007292	0.005070	0.004759	
1565	0.002971	0.006102	0.002768	0.005957	0.003982	0.005109	0.002720	0.006616	0.006578	0.006947	
1570	0.003042	0.005435	0.002922	0.007970	0.004934	0.006551	0.002991	0.006277	0.005228	0.006465	
1575	0.003493	0.003563	0.003679	0.008155	0.004523	0.007882	0.005182	0.005488	0.005581	0.005510	
1580	0.002775	0.006078	0.003008	0.006692	0.004256	0.005713	0.004586	0.006153	0.005998	0.003364	
1585	0.003157	0.005155	0.003331	0.005697	0.005783	0.004775	0.004355	0.004909	0.006699	0.002775	
1590	0.003738	0.009287	0.006238	0.004607	0.007686	0.004451	0.004123	0.003762	0.005640	0.003394	
1595	0.003920	0.005766	0.003243	0.005607	0.006692	0.006675	0.003631	0.005451	0.005827	0.003877	
1600	0.005332	0.002914	0.003364	0.005111	0.006506	0.007890	0.005032	0.005966	0.003077	0.004242	
1605	0.005937	0.003031	0.003777	0.006690	0.004589	0.004918	0.003007	0.007399	0.002172	0.005710	
1610	0.004147	0.003116	0.007515	0.006638	0.006707	0.003773	0.003085	0.007833	0.001872	0.007581	
1615	0.004911	0.004263	0.005641	0.008412	0.006102	0.003522	0.002309	0.006398	0.002391	0.005216	
1620	0.004953	0.004680	0.003748	0.008179	0.005825	0.003795	0.002115	0.004786	0.003698	0.003951	
1625	0.006938	0.002355	0.005058	0.004503	0.003864	0.003694	0.003290	0.003831	0.005580	0.003404	
1630	0.004705	0.002641	0.005098	0.003805	0.003812	0.004072	0.004852	0.003168	0.004825	0.004158	
1635	0.007601	0.003455	0.003302	0.004508	0.003006	0.003459	0.003975	0.004153	0.004916	0.004121	
1640	0.005940	0.005987	0.003238	0.004128	0.004117	0.006380	0.006367	0.004881	0.007016	0.002913	
1645	0.007030	0.005801	0.002414	0.005192	0.005483	0.006393	0.006215	0.005076	0.009010	0.002459	
1650	0.005409	0.003922	0.001883	0.007850	0.003836	0.005241	0.006262	0.003010	0.006340	0.003384	
1655	0.004030	0.005192	0.004921	0.007437	0.003676	0.004863	0.004279	0.003795	0.005323	0.003900	
1660	0.005480	0.006843	0.004286	0.007873	0.005851	0.004254	0.006533	0.004208	0.006265	0.005417	
1665	0.005836	0.005375	0.005227	0.008551	0.005025	0.007912	0.004077	0.003829	0.008131	0.005815	
1670	0.004862	0.005586	0.005425	0.007503	0.006301	0.009530	0.005304	0.005758	0.006295	0.004222	
1675	0.004838	0.003082	0.003437	0.005725	0.004670	0.007541	0.005285	0.005541	0.005819	0.006522	
1680	0.005578	0.002334	0.002772	0.003661	0.005841	0.007499	0.004716	0.004832	0.004742	0.006003	
1685	0.004875	0.002433	0.004091	0.004628	0.005944	0.006131	0.003446	0.005322	0.003091	0.005461	
1690	0.003420	0.003651	0.002368	0.005043	0.004864	0.006443	0.005341	0.004861	0.002325	0.004456	
1695	0.005723	0.003212	0.003035	0.004143	0.003604	0.004160	0.003610	0.004117	0.001772	0.005744	
1700	0.005372	0.003216	0.003739	0.003344	0.006046	0.003509	0.002934	0.004735	0.002647	0.007717	
1705	0.004392	0.002982	0.003804	0.004169	0.007276	0.004366	0.002185	0.004883	0.003231	0.005623	
1710	0.004273	0.002747	0.005156	0.003038	0.005585	0.004665	0.002612	0.006540	0.002125	0.006605	
1715	0.004387	0.002886	0.003268	0.002696	0.004746	0.005731	0.002769	0.005337	0.003252	0.005963	
1720	0.003537	0.004343	0.002456	0.003000	0.003540	0.008684	0.002851	0.004491	0.005552	0.007285	
1725	0.007079	0.004541	0.003636	0.003833	0.002415	0.007460	0.003460	0.005084	0.003404	0.006947	
1730	0.005461	0.004690	0.004805	0.007081	0.002183	0.006376	0.003494	0.003894	0.004124	0.004990	
1735	0.005876	0.005019	0.003820	0.004945	0.002756	0.007066	0.002645	0.003262	0.003216	0.005154	
1740	0.004528	0.004997	0.002974	0.006390	0.002984	0.007074	0.001778	0.003498	0.003279	0.003291	
1745	0.005621	0.005219	0.002916	0.005715	0.004293	0.009534	0.002614	0.003372	0.003375	0.002556	
1750	0.004851	0.005469	0.002110	0.006660	0.005343	0.006602	0.003395	0.003060	0.003194	0.001530	
1755	0.004590	0.003733	0.002375	0.006107	0.003543	0.005842	0.004051	0.002140	0.004414	0.002736	
1760	0.003554	0.003679	0.003429	0.006179	0.005422	0.004264	0.002983	0.003655	0.005326	0.001936	
1765	0.003439	0.004676	0.002726	0.004388	0.005135	0.002709	0.004167	0.006356	0.005828	0.002447	
1770	0.003197	0.004697	0.001999	0.005879	0.004920	0.003193	0.004801	0.004468	0.005463	0.002735	
1775	0.003894	0.006372	0.002778	0.006027	0.004189	0.004265	0.005168	0.003693	0.008330	0.003816	
1780	0.004668	0.006502	0.002748	0.003651	0.005891	0.003525	0.004502	0.003855	0.006815	0.005378	
1785	0.004701	0.005279	0.001981	0.002711	0.004906	0.004579	0.005037	0.002859	0.006826	0.003267	
1790	0.004011	0.003802	0.003182	0.002081	0.006109	0.006573	0.005599	0.005080	0.008489	0.005365	
1795	0.003169	0.004447	0.003915	0.002126	0.007113	0.005509	0.005909	0.004068	0.006714	0.004415	
1800	0.003563	0.005908	0.003867	0.003152	0.006726	0.003145	0.006579	0.003672	0.005136	0.004575	
1805	0.003856	0.004407	0.004215	0.001984	0.005998	0.003781	0.006397	0.004097	0.007106	0.003715	
1810	0.005051	0.005921	0.006421	0.003124	0.006728	0.004736	0.005382	0.003048	0.006841	0.003905	
1815	0.005075	0.011440	0.005877	0.004852	0.004600	0.003652	0.004070	0.003513	0.009003	0.004667	
1820	0.004111	0.011898	0.004994	0.004723	0.005717	0.005781	0.005233	0.003272	0.007956	0.005241	
1825	0.002810	0.014857	0.005390	0.005840	0.008097	0.005193	0.005550	0.003856	0.005349	0.004188	
1830	0.002756	0.012685	0.003531	0.004989	0.008235	0.005548	0.004227	0.003075	0.005687	0.005247	
1835	0.003580	0.010987	0.002607	0.007571	0.006967	0.003859	0.004370	0.002660	0.005404	0.004252	
1840	0.003844	0.008801	0.003505	0.002986	0.004480	0.006188	0.005288	0.004082	0.005712	0.003739	
1845	0.004704	0.007225	0.004628	0.007328	0.004619	0.007715	0.006296	0.004156	0.004612	0.003437	
1850	0.004288	0.006406	0.005704	0.005937	0.007866	0.007269	0.004079	0.005784	0.004938	0.002929	
1855	0.004709	0.007227	0.006179	0.006308	0.006108	0.008632	0.004712	0.004270	0.004767	0.003688	
1860	0.003678	0.007023	0.006717	0.005474	0.003612	0.009322	0.006902	0.005690	0.003926	0.004821	
1865	0.002289	0.008162	0.005796	0.004424	0.004057	0.007405	0.006218	0.004962	0.006241	0.004476	
1870	0.002710	0.006350	0.004089	0.003659	0.003801	0.007468	0.007629	0.006495	0.005154	0.004259	
1875	0.004461	0.006930	0.004639	0.003079	0.004250	0.009084	0.007140	0.006269	0.003907	0.003640	
1880	0.004898	0.009186	0.005502	0.002422	0.005511	0.010494	0.007446	0.006678	0.005651	0.006069	
1885	0.006997	0.008485	0.005247	0.001833	0.007415	0.007665	0.006428	0.005948	0.005373	0.005035	
1890	0.006141	0.006956	0.003657	0.003237	0.006683	0.007157	0.006312	0.005430	0.004817	0.005681	
1895	0.005751	0.007602	0.003705	0.002176	0.004628	0.004995	0.005797	0.004224	0.004232	0.004438	
1900	0.004980	0.006787	0.003859	0.002851	0.004219	0.006031	0.004238	0.004583	0.003981	0.004862	
1905	0.005290	0.006303	0.003973	0.002916	0.005828	0.004938	0.003470	0.006090	0.005287	0.004571	
1910	0.006048	0.004711	0.004957	0.002933	0.004481	0.005339	0.002748	0.003565	0.006035	0.004915	
1915	0.004862	0.003620	0.006365	0.003804	0.005034	0.005238	0.003512	0.002754	0.004684	0.004564	
1920	0.006679	0.003508	0.004221	0.005325	0.004060	0.004495	0.005356	0.004176	0.004249	0.006713	
1925	0.005770	0.005353	0.003379	0.004795	0.005129	0.005287	0.004944	0.007180	0.003160	0.004700	
1930	0.007141	0.007390	0.004136	0.005040	0.006035	0.005414	0.003636	0.004633	0.004269	0.003651	
1935	0.008596	0.004596	0.005826	0.003934	0.008553	0.007403	0.004873	0.005336	0.004231	0.004022	
1940	0.007696	0.003610	0.005912	0.004412	0.005952	0.008609	0.005003	0.005302	0.005532	0.003881	
1945	0.003094	0.003578	0.004022	0.006046	0.005897	0.006503	0.004848	0.004091	0.005139	0.005396	
1950	0.003948	0.003712	0.004675	0.005252	0.005479	0.009462	0.005927	0.003419	0.002866	0.005178	
1955	0.002787	0.003265	0.005750	0.003802	0.007285	0.009431	0.007049	0.003421	0.004507	0.002760	
1960	0.005171	0.003448	0.006997	0.005186	0.006296	0.008933	0.006351	0.002908	0.006200	0.003518	
1965	0.005737	0.002370	0.007806	0.004638	0.006730	0.009044	0.006140	0.006307	0.004815	0.003558	
1970	0.005941	0.004271	0.005937	0.003702	0.006363	0.009834	0.006360	0.007940	0.008977	0.004617	
1975	0.003401	0.006255	0.007973	0.003979	0.006389	0.012035	0.006793	0.005080	0.007443	0.005041	
1980	0.002876	0.004147	0.007025	0.003710	0.009178	0.010196	0.005951	0.004751	0.004543	0.004616	
1985	0.003324	0.004324	0.006008	0.003784	0.005268	0.009537	0.004097	0.004653	0.003397	0.004290	
1990	0.003189	0.005671	0.003205	0.004362	0.004268	0.007114	0.004516	0.003526	0.004507	0.002931	
1995	0.002583	0.004779	0.004975	0.004498	0.003721	0.004796	0.004049	0.003598	0.004345	0.002808	
2000	0.002661	0.005423	0.005573	0.004147	0.003959	0.003700	0.003399	0.003321	0.005026	0.003218	
2005	0.003335	0.005525	0.004851	0.004847	0.004449	0.004087	0.006467	0.003651	0.005207	0.002705	
2010	0.005158	0.005934	0.005625	0.004381	0.006208	0.004360	0.008763	0.004239	0.004653	0.002829	
2015	0.004565	0.005949	0.006919	0.004227	0.006746	0.003552	0.007961	0.005874	0.002336	0.003658	
2020	0.005180	0.005982	0.006557	0.005521	0.006661	0.002629	0.006450	0.004798	0.003761	0.005611	
2025	0.005098	0.005280	0.005564	0.004848	0.004942	0.002586	0.007532	0.003829	0.002966	0.009101	
2030	0.003628	0.007884	0.004199	0.005540	0.005125	0.002876	0.006037	0.004642	0.002554	0.008774	
2035	0.002488	0.008285	0.004069	0.003759	0.007678	0.002819	0.007080	0.004936	0.002618	0.008197	
2040	0.003781	0.005915	0.003311	0.005717	0.007369	0.004717	0.003748	0.004829	0.003097	0.005405	
2045	0.003914	0.007556	0.003838	0.004774	0.006552	0.005759	0.003337	0.005218	0.003872	0.005063	
2050	0.005547	0.004024	0.004688	0.003988	0.010114	0.004099	0.003131	0.004775	0.003847	0.004402	
2055	0.004547	0.003876	0.003850	0.005879	0.006894	0.003493	0.005096	0.004729	0.003170	0.005060	
2060	0.003650	0.003485	0.005477	0.005280	0.006800	0.003033	0.007118	0.005510	0.003564	0.003408	
2065	0.003204	0.004737	0.004466	0.004765	0.004778	0.003424	0.004518	0.006492	0.003353	0.003899	
2070	0.004822	0.005176	0.005480	0.003812	0.004396	0.004247	0.003774	0.007349	0.005730	0.005881	
2075	0.006324	0.003881	0.004314	0.002813	0.004806	0.003531	0.006254	0.005833	0.006371	0.005326	
2080	0.005921	0.004670	0.004871	0.002373	0.005684	0.004191	0.005715	0.007764	0.004780	0.005033	
2085	0.006104	0.005032	0.003713	0.004918	0.007129	0.004262	0.007972	0.008263	0.004775	0.004729	
2090	0.003951	0.003928	0.006785	0.005683	0.004783	0.004897	0.008250	0.007745	0.003413	0.004857	
2095	0.003091	0.004705	0.005568	0.003395	0.006726	0.006411	0.006959	0.004983	0.005151	0.006439	
2100	0.003269	0.003275	0.008034	0.002843	0.006907	0.005388	0.004372	0.006895	0.007309	0.005511	
2105	0.003059	0.001635	0.007647	0.002780	0.005127	0.007252	0.004323	0.006628	0.007239	0.008695	
2110	0.003959	0.004338	0.004251	0.003811	0.005134	0.007881	0.003143	0.005143	0.006531	0.006013	
2115	0.005773	0.004382	0.003941	0.003613	0.005490	0.007981	0.003240	0.005067	0.006123	0.005366	
2120	0.006104	0.002822	0.003743	0.004451	0.006137	0.008486	0.004041	0.007359	0.003031	0.007338	
2125	0.006871	0.005125	0.004940	0.004899	0.006730	0.007075	0.003490	0.004188	0.003909	0.004182	
2130	0.005085	0.004425	0.006231	0.002726	0.007420	0.006291	0.004020	0.005459	0.004190	0.004411	
2135	0.004804	0.002967	0.007839	0.001608	0.005322	0.003893	0.004691	0.006247	0.007519	0.004881	
2140	0.002460	0.003098	0.008045	0.001641	0.004089	0.003947	0.006255	0.006858	0.006004	0.004946	
2145	0.004114	0.001917	0.005393	0.001739	0.004910	0.003105	0.006785	0.007678	0.005166	0.004628	
2150	0.008491	0.003153	0.006839	0.002414	0.004485	0.003411	0.003133	0.007360	0.006301	0.003051	
2155	0.005955	0.004243	0.005687	0.003025	0.005040	0.003721	0.004362	0.007739	0.009063	0.003481	
2160	0.007704	0.002829	0.004643	0.002936	0.006365	0.003763	0.004429	0.005693	0.008836	0.002528	
2165	0.008786	0.005713	0.003060	0.004378	0.005297	0.002808	0.003928	0.005369	0.010191	0.002278	
2170	0.010477	0.005870	0.004627	0.004250	0.006446	0.003317	0.004051	0.005792	0.011487	0.003149	
2175	0.011509	0.004849	0.005145	0.004620	0.004921	0.004496	0.004181	0.006280	0.007068	0.002170	
2180	0.007417	0.003270	0.004400	0.005121	0.005899	0.004333	0.003795	0.007979	0.005918	0.001906	
2185	0.008892	0.004425	0.004878	0.004818	0.004956	0.002544	0.004788	0.007099	0.005437	0.003395	
2190	0.010685	0.006327	0.006283	0.004700	0.003043	0.004544	0.005963	0.007478	0.006459	0.003755	
2195	0.007954	0.003523	0.007367	0.005820	0.003046	0.004935	0.004350	0.006085	0.005546	0.002793	
2200	0.007559	0.002432	0.005297	0.006635	0.003165	0.005477	0.004322	0.004910	0.005986	0.003167	
2205	0.008928	0.002964	0.004496	0.005431	0.005379	0.005740	0.005374	0.003671	0.006575	0.003707	
2210	0.007212	0.003460	0.003630	0.006623	0.005221	0.003749	0.007272	0.004190	0.005075	0.006522	
2215	0.006134	0.006460	0.004501	0.004467	0.003462	0.003832	0.006962	0.006347	0.003955	0.006545	
2220	0.005801	0.006462	0.006419	0.004169	0.003012	0.004736	0.006750	0.006113	0.003194	0.006427	
2225	0.005748	0.005281	0.004724	0.003504	0.004202	0.005396	0.006102	0.004443	0.003946	0.005216	
2230	0.004606	0.005524	0.005595	0.001979	0.004971	0.005588	0.004946	0.004067	0.002862	0.004671	
2235	0.004171	0.004166	0.006097	0.002685	0.005068	0.003448	0.004220	0.003749	0.002656	0.005297	
2240	0.004304	0.004284	0.005108	0.003799	0.004349	0.004382	0.004293	0.002799	0.002588	0.004116	
2245	0.003111	0.006749	0.003824	0.004021	0.006026	0.005314	0.006066	0.002986	0.004234	0.002964	
2250	0.003543	0.004845	0.005749	0.003812	0.006089	0.006874	0.005610	0.001725	0.005140	0.003434	
2255	0.003044	0.005356	0.006193	0.004447	0.007339	0.004627	0.007181	0.003502	0.007349	0.001820	
2260	0.002837	0.004961	0.006286	0.004165	0.008248	0.004421	0.005561	0.002703	0.007554	0.002960	
2265	0.003569	0.007024	0.008184	0.004051	0.010265	0.006153	0.007008	0.003332	0.006310	0.005741	
2270	0.004776	0.005107	0.006585	0.005830	0.008830	0.004048	0.005479	0.002186	0.004750	0.004511	
2275	0.003664	0.005037	0.005709	0.004933	0.006249	0.005034	0.006384	0.002129	0.004329	0.003356	
2280	0.006194	0.006153	0.007297	0.003569	0.005304	0.005550	0.005985	0.001741	0.004701	0.003590	
2285	0.004980	0.006865	0.005181	0.005086	0.004494	0.004959	0.005759	0.002819	0.003730	0.002946	
2290	0.004853	0.003287	0.005429	0.004738	0.003946	0.007118	0.003757	0.005470	0.003336	0.005519	
2295	0.004218	0.004261	0.005450	0.005556	0.004128	0.004949	0.003572	0.005152	0.003517	0.004980	
2300	0.004445	0.003142	0.004714	0.005195	0.003754	0.005145	0.003916	0.005931	0.003943	0.004184	
2305	0.003946	0.002611	0.003611	0.003213	0.004625	0.006150	0.004652	0.006317	0.002232	0.003217	
2310	0.003554	0.003717	0.004379	0.003033	0.005500	0.005676	0.004741	0.006754	0.003977	0.003297	
2315	0.003877	0.003510	0.005777	0.004754	0.005510	0.004474	0.003212	0.003792	0.005693	0.004101	
2320	0.004376	0.004243	0.007803	0.003494	0.005559	0.003737	0.002677	0.003211	0.006973	0.004146	
2325	0.004201	0.004889	0.005227	0.004315	0.006020	0.004264	0.002241	0.001632	0.006669	0.004944	
2330	0.004276	0.004950	0.003635	0.005110	0.007128	0.003826	0.002064	0.002195	0.006122	0.004489	
2335	0.005338	0.004818	0.003335	0.005281	0.006457	0.003774	0.004680	0.001684	0.006978	0.003797	
2340	0.004203	0.004045	0.003368	0.004635	0.006330	0.002536	0.002707	0.003154	0.005977	0.005947	
2345	0.003107	0.003011	0.003562	0.004492	0.006417	0.002723	0.004178	0.003193	0.006934	0.004335	
2350	0.003663	0.004739	0.003992	0.003588	0.007912	0.001663	0.006584	0.003588	0.003743	0.005342	
2355	0.004511	0.004407	0.004341	0.005146	0.006629	0.002192	0.007101	0.006341	0.005223	0.005302	
2360	0.001912	0.005366	0.005239	0.003701	0.007424	0.003794	0.005543	0.006185	0.005572	0.005550	
2365	0.002038	0.005696	0.006901	0.004915	0.004396	0.003294	0.003476	0.006498	0.008246	0.005676	
2370	0.003596	0.005137	0.005837	0.003688	0.003490	0.004025	0.004256	0.006279	0.007121	0.003938	
2375	0.003028	0.006200	0.006143	0.003009	0.002885	0.003597	0.004693	0.008978	0.006454	0.004447	
2380	0.003726	0.004716	0.007139	0.002765	0.003585	0.006714	0.003485	0.008883	0.005071	0.006741	
2385	0.003748	0.001731	0.008531	0.003883	0.004342	0.005460	0.002507	0.008161	0.006300	0.009124	
2390	0.005800	0.002150	0.006078	0.004457	0.004019	0.005948	0.001685	0.006629	0.006513	0.006042	
2395	0.004045	0.002886	0.005032	0.002623	0.004009	0.003036	0.002778	0.006250	0.005937	0.007052	
2400	0.004140	0.002779	0.004401	0.004218	0.003593	0.004441	0.004337	0.004626	0.006543	0.006662	
2405	0.005621	0.001896	0.002738	0.003705	0.006436	0.003922	0.005122	0.003471	0.006727	0.005714	
2410	0.006435	0.002471	0.003871	0.003055	0.007446	0.003669	0.006310	0.003598	0.006683	0.006060	
2415	0.005900	0.002547	0.004041	0.002867	0.005967	0.003821	0.006012	0.004740	0.006145	0.006615	
2420	0.004774	0.003837	0.003747	0.001901	0.005716	0.003975	0.008100	0.005183	0.005471	0.006484	
2425	0.004669	0.003636	0.004961	0.003341	0.004935	0.004498	0.006147	0.005345	0.006593	0.007513	
2430	0.003712	0.003397	0.004009	0.003003	0.004469	0.004443	0.004769	0.004595	0.006690	0.007493	
2435	0.003741	0.004389	0.007329	0.002157	0.005757	0.005361	0.004934	0.003792	0.003921	0.007447	
2440	0.004162	0.003701	0.005607	0.003196	0.004616	0.005875	0.006069	0.003948	0.005749	0.006545	
2445	0.004194	0.002090	0.005175	0.003812	0.005001	0.002850	0.005595	0.003624	0.007639	0.006500	
2450	0.005094	0.003082	0.004771	0.002582	0.004651	0.003159	0.005247	0.005704	0.005837	0.003770	
2455	0.007937	0.003934	0.005207	0.004534	0.007227	0.002669	0.005024	0.002815	0.006031	0.003245	
2460	0.006763	0.003731	0.005061	0.005103	0.007740	0.005044	0.003809	0.004206	0.008833	0.006756	
2465	0.004273	0.005001	0.004495	0.005852	0.005779	0.006287	0.004504	0.001926	0.007445	0.006868	
2470	0.005253	0.003946	0.005941	0.002807	0.004758	0.006541	0.004019	0.002702	0.008814	0.007517	
2475	0.005795	0.004018	0.004988	0.004779	0.005521	0.006820	0.004174	0.002510	0.010499	0.005436	
2480	0.005140	0.004513	0.004354	0.005455	0.006052	0.005599	0.003582	0.002661	0.007004	0.005279	
2485	0.005313	0.006136	0.005075	0.003962	0.005963	0.004897	0.004143	0.004459	0.007723	0.005441	
2490	0.005809	0.007266	0.005325	0.004909	0.005593	0.005254	0.004362	0.005937	0.009179	0.004173	
2495	0.005100	0.007747	0.003298	0.004922	0.003863	0.005145	0.004243	0.005097	0.009128	0.005966	
2500	0.004425	0.004360	0.002219	0.005418	0.003170	0.005720	0.004326	0.006817	0.008774	0.007934	
2505	0.003216	0.003280	0.003515	0.006170	0.003899	0.005351	0.004908	0.007043	0.007734	0.005356	
2510	0.005881	0.005595	0.003801	0.004360	0.003001	0.006210	0.003529	0.006118	0.008135	0.005388	
2515	0.005282	0.005341	0.003175	0.003338	0.003716	0.006555	0.004191	0.004722	0.008393	0.004832	
2520	0.006744	0.005850	0.001742	0.002107	0.004789	0.006836	0.004088	0.004238	0.007919	0.005037	
2525	0.007106	0.003689	0.002081	0.002276	0.005223	0.005221	0.003623	0.003559	0.004908	0.005059	
2530	0.005154	0.003923	0.003299	0.004468	0.003334	0.006212	0.004073	0.004585	0.007108	0.006903	
2535	0.004396	0.003674	0.004809	0.004499	0.003025	0.003366	0.004959	0.004387	0.004622	0.004513	
2540	0.004920	0.004178	0.004116	0.005275	0.005644	0.005657	0.003670	0.004176	0.002586	0.004718	
2545	0.004646	0.006030	0.005099	0.005174	0.005523	0.004194	0.003742	0.003691	0.002508	0.003964	
2550	0.003586	0.007339	0.004097	0.002874	0.005584	0.005707	0.005314	0.004668	0.005185	0.005526	
2555	0.004038	0.009599	0.004145	0.003315	0.005365	0.005923	0.006222	0.004658	0.004766	0.005370	
2560	0.003018	0.009768	0.006004	0.004345	0.006161	0.008801	0.006124	0.006055	0.005042	0.003964	
2565	0.003151	0.008074	0.005657	0.005827	0.004531	0.007909	0.006290	0.003218	0.004746	0.003690	
2570	0.002583	0.006238	0.005199	0.005541	0.004269	0.006433	0.005956	0.002548	0.004227	0.003419	
2575	0.001590	0.006121	0.007460	0.008233	0.004529	0.004413	0.004774	0.003105	0.002672	0.003144	
2580	0.002508	0.006147	0.007585	0.009422	0.005787	0.004645	0.003923	0.002533	0.003017	0.005024	
2585	0.002955	0.005978	0.005814	0.008030	0.005261	0.003895	0.004458	0.003922	0.003537	0.004371	
2590	0.004987	0.006406	0.006446	0.009473	0.004114	0.003739	0.004078	0.003325	0.003286	0.006318	
2595	0.002388	0.003516	0.005178	0.007511	0.005138	0.006545	0.003980	0.004476	0.002554	0.004668	
2600	0.003304	0.005098	0.005442	0.008369	0.003508	0.004107	0.004773	0.004935	0.003985	0.007616	
2605	0.003713	0.003352	0.006809	0.006108	0.003050	0.004762	0.006041	0.005340	0.004200	0.007434	
2610	0.004541	0.004972	0.006192	0.003818	0.003748	0.004409	0.006642	0.004735	0.003562	0.005600	
2615	0.003450	0.006465	0.007902	0.003857	0.004545	0.004959	0.006012	0.003601	0.003645	0.006304	
2620	0.005215	0.006980	0.006002	0.004197	0.003490	0.004232	0.005777	0.002589	0.003722	0.007169	
2625	0.004695	0.006022	0.005806	0.003971	0.003736	0.004268	0.006087	0.003134	0.005598	0.006915	
2630	0.003930	0.004672	0.005774	0.005116	0.002393	0.004782	0.005635	0.003912	0.003241	0.006567	
2635	0.005315	0.004238	0.003692	0.002362	0.003624	0.005778	0.007396	0.002322	0.004993	0.005829	
2640	0.003406	0.006410	0.003453	0.003314	0.003437	0.006269	0.008548	0.001564	0.006713	0.007765	
2645	0.003496	0.005620	0.005143	0.005408	0.005394	0.006263	0.007516	0.003841	0.005390	0.007682	
2650	0.001934	0.005294	0.004501	0.006094	0.003732	0.005810	0.006098	0.003268	0.004974	0.005593	
2655	0.002957	0.004208	0.005342	0.006321	0.001344	0.003945	0.007752	0.002657	0.005924	0.005767	
2660	0.002612	0.003997	0.005695	0.004465	0.001457	0.005370	0.006401	0.003069	0.007338	0.004617	
2665	0.005313	0.006395	0.004797	0.005086	0.003870	0.004291	0.006256	0.003914	0.007699	0.004399	
2670	0.003197	0.007393	0.003533	0.004955	0.004960	0.004562	0.006430	0.004194	0.005552	0.006659	
2675	0.002796	0.005749	0.004720	0.005422	0.003373	0.004760	0.005686	0.004254	0.006230	0.007418	
2680	0.001940	0.005969	0.006417	0.006027	0.002881	0.005739	0.003792	0.004842	0.005466	0.005238	
2685	0.002611	0.006536	0.005618	0.007318	0.004748	0.004915	0.004977	0.004596	0.004589	0.006632	
2690	0.005595	0.005400	0.004196	0.008003	0.006521	0.005420	0.005538	0.002905	0.004307	0.005790	
2695	0.003880	0.005960	0.004570	0.007186	0.004578	0.004600	0.006444	0.003189	0.003806	0.006050	
2700	0.004201	0.005798	0.003221	0.008231	0.004416	0.002837	0.005804	0.004479	0.005719	0.004886	
2705	0.004429	0.006308	0.003831	0.009541	0.003270	0.005113	0.006138	0.005451	0.005026	0.004454	
2710	0.005906	0.007048	0.003494	0.009890	0.002901	0.003529	0.008182	0.007524	0.002112	0.006719	
2715	0.007709	0.004371	0.003801	0.006335	0.003693	0.003234	0.006445	0.005434	0.001827	0.006032	
2720	0.007840	0.003534	0.005115	0.004685	0.003617	0.003958	0.008671	0.004084	0.003095	0.008436	
2725	0.007170	0.002944	0.005220	0.003774	0.004965	0.004367	0.004911	0.005298	0.004190	0.008116	
2730	0.007274	0.003612	0.005142	0.002934	0.005679	0.004151	0.005012	0.004406	0.004906	0.008359	
2735	0.005980	0.004205	0.004974	0.003650	0.006810	0.002993	0.004400	0.003188	0.008225	0.005769	
2740	0.005289	0.005249	0.005891	0.006275	0.006678	0.003533	0.006078	0.002359	0.007032	0.006781	
2745	0.006477	0.004325	0.005755	0.006669	0.007849	0.003463	0.007341	0.003296	0.003793	0.006231	
2750	0.006591	0.003422	0.005362	0.006989	0.006712	0.004649	0.006352	0.003414	0.002342	0.006023	
2755	0.006760	0.003930	0.003392	0.007489	0.004212	0.004169	0.005838	0.003538	0.001810	0.004744	
2760	0.002969	0.004469	0.001981	0.007240	0.002961	0.002558	0.006965	0.004571	0.003556	0.006190	
2765	0.002072	0.005349	0.003511	0.009617	0.003533	0.003508	0.004728	0.003425	0.004263	0.005448	
2770	0.002505	0.003556	0.002912	0.008785	0.006461	0.002966	0.004532	0.003983	0.002894	0.004651	
2775	0.005220	0.001916	0.004644	0.010823	0.005690	0.003233	0.003386	0.003173	0.006242	0.004419	
2780	0.005992	0.001875	0.004406	0.010335	0.004687	0.002703	0.005622	0.004505	0.006582	0.004533	
2785	0.003961	0.003415	0.003500	0.008656	0.007831	0.002200	0.006567	0.004647	0.005680	0.004318	
2790	0.004420	0.004560	0.003842	0.006477	0.007477	0.001746	0.006027	0.003790	0.002562	0.005526	
2795	0.007115	0.005968	0.003334	0.006429	0.006394	0.002554	0.004242	0.005195	0.003533	0.004054	
2800	0.007402	0.003906	0.003517	0.005653	0.004949	0.003880	0.004932	0.005706	0.004875	0.003531	
2805	0.005444	0.004836	0.004029	0.005276	0.003187	0.003556	0.004632	0.006418	0.002495	0.002866	
2810	0.004245	0.003892	0.003856	0.006821	0.004892	0.002334	0.003714	0.004893	0.002357	0.003584	
2815	0.005081	0.004125	0.003097	0.005550	0.005078	0.004323	0.004990	0.006290	0.002990	0.004060	
2820	0.004616	0.002696	0.006189	0.005541	0.003764	0.003021	0.003489	0.005731	0.003720	0.002369	
2825	0.004840	0.005295	0.003058	0.002837	0.004413	0.006429	0.003720	0.004874	0.003233	0.002278	
2830	0.005362	0.004093	0.002354	0.003483	0.003950	0.004315	0.001835	0.004332	0.003587	0.003229	
2835	0.003920	0.005672	0.003094	0.004330	0.003517	0.004695	0.003349	0.003988	0.002850	0.002752	
2840	0.005505	0.003849	0.003810	0.006419	0.004563	0.003547	0.003934	0.003533	0.004129	0.003357	
2845	0.003084	0.002823	0.004976	0.004431	0.003438	0.005140	0.006910	0.005684	0.004100	0.002804	
2850	0.004613	0.002796	0.003256	0.003833	0.003752	0.004844	0.005672	0.003293	0.005160	0.004359	
2855	0.003967	0.004367	0.002938	0.005158	0.004289	0.005110	0.003071	0.002515	0.003996	0.005453	
2860	0.004496	0.004715	0.003317	0.004552	0.004724	0.004684	0.004409	0.003358	0.004529	0.005043	
2865	0.003466	0.004908	0.003312	0.005094	0.003589	0.004776	0.005431	0.006443	0.004165	0.003230	
2870	0.003047	0.004377	0.003742	0.007977	0.006019	0.005598	0.003900	0.007439	0.003085	0.003512	
2875	0.002338	0.004932	0.002345	0.005021	0.005315	0.006374	0.004457	0.007517	0.001896	0.006410	
2880	0.002591	0.004089	0.003297	0.004208	0.006945	0.005302	0.003836	0.006022	0.002309	0.009519	
2885	0.002471	0.003191	0.004302	0.005110	0.005470	0.003568	0.006748	0.005886	0.003280	0.007452	
2890	0.006618	0.003097	0.003782	0.006183	0.004941	0.005523	0.003381	0.005787	0.005779	0.006882	
2895	0.005566	0.003650	0.003612	0.004565	0.003759	0.006404	0.004620	0.004125	0.003196	0.006737	
2900	0.003291	0.005895	0.003374	0.002735	0.003225	0.004314	0.004441	0.007253	0.004702	0.008872	
2905	0.005425	0.006335	0.002598	0.002516	0.004816	0.004541	0.004893	0.004599	0.006373	0.011005	
2910	0.006136	0.008619	0.003881	0.003194	0.005389	0.004134	0.004495	0.004238	0.004955	0.007915	
2915	0.003655	0.005884	0.005249	0.002465	0.004775	0.004245	0.004177	0.002699	0.003535	0.007035	
2920	0.002436	0.004183	0.004573	0.002898	0.004236	0.003428	0.005718	0.003865	0.003670	0.006829	
2925	0.003108	0.003509	0.003907	0.002723	0.003493	0.003205	0.005369	0.002013	0.002460	0.003130	
2930	0.009143	0.005031	0.004448	0.003688	0.003901	0.003250	0.003811	0.001584	0.003302	0.003938	
2935	0.005121	0.005358	0.007006	0.004295	0.002434	0.004453	0.005772	0.001430	0.004514	0.005252	
2940	0.005099	0.006612	0.008229	0.002967	0.001755	0.004996	0.006495	0.002635	0.006573	0.004157	
2945	0.004047	0.006103	0.007580	0.004626	0.002487	0.005054	0.005350	0.005920	0.004705	0.007385	
2950	0.005251	0.003861	0.007532	0.004434	0.001966	0.006565	0.006295	0.006297	0.004455	0.004093	
2955	0.003285	0.004386	0.009645	0.004424	0.003392	0.004560	0.008783	0.006318	0.004499	0.004600	
2960	0.002637	0.003928	0.006201	0.003372	0.003053	0.004823	0.010237	0.007198	0.005444	0.006501	
2965	0.004679	0.005738	0.006070	0.004613	0.002018	0.004531	0.006899	0.006220	0.003737	0.008217	
2970	0.004180	0.006199	0.004283	0.008446	0.002205	0.004164	0.007513	0.004407	0.002722	0.006510	
2975	0.002036	0.005033	0.003949	0.004289	0.002757	0.004362	0.007715	0.003184	0.004149	0.006720	
2980	0.003530	0.004185	0.005560	0.004276	0.003719	0.003993	0.007082	0.002637	0.004040	0.003440	
2985	0.004414	0.006633	0.004776	0.005088	0.002704	0.003777	0.006283	0.001542	0.005402	0.005480	
2990	0.002350	0.010069	0.004034	0.002780	0.002473	0.003276	0.007510	0.001807	0.006741	0.003048	
2995	0.002853	0.007141	0.003076	0.005418	0.003032	0.002959	0.004850	0.002277	0.006495	0.002385	
3000	0.004348	0.006312	0.004756	0.005584	0.003080	0.006012	0.005718	0.003246	0.004175	0.001841	
