T	rep_1	rep_2	rep_3	rep_4	rep_5	rep_6	rep_7	rep_8	rep_9	rep_10
5	0.000000	0.000000	0.000000	0.000000	0.000000	0.000000	0.000000	0.000000	0.000000	0.000000	
10	0.000000	0.000000	0.000000	0.000000	0.000000	0.000000	0.000000	0.000000	0.000000	0.000000	
15	0.000000	0.000000	0.000000	0.000000	0.000000	0.000000	0.000000	0.000000	0.000000	0.000000	
20	0.000000	0.000000	0.000000	0.000000	0.000000	0.000000	0.000000	0.000000	0.000000	0.000000	
25	0.000000	0.000000	0.000000	0.000000	0.000000	0.000000	0.000000	0.000000	0.000000	0.000000	
30	0.000000	0.000000	0.000000	0.000000	0.000000	0.000000	0.000000	0.000000	0.000000	0.000000	
35	0.000000	0.000000	0.000000	0.000000	0.000000	0.000000	0.000000	0.000000	0.000000	0.000000	
40	0.000000	0.000000	0.000000	0.000000	0.000000	0.000000	0.000000	0.000000	0.000000	0.000000	
45	0.000000	0.000000	0.000000	0.000000	0.000000	0.000000	0.000000	0.000000	0.000000	0.000000	
50	0.000000	0.000000	0.000000	0.000000	0.000000	0.000000	0.000000	0.000000	0.000000	0.000000	
55	0.000000	0.000000	0.000000	0.000000	0.000000	0.000000	0.000000	0.000000	0.000000	0.000000	
60	0.000000	0.000000	0.000000	0.000000	0.000000	0.000000	0.000000	0.000000	0.000000	0.000000	
65	0.000000	0.000000	0.000000	0.000000	0.000000	0.000000	0.000000	0.000000	0.000000	0.000000	
70	0.000000	0.000000	0.000000	0.000000	0.000000	0.000000	0.000000	0.000000	0.000000	0.000000	
75	0.000000	0.000000	0.000000	0.000000	0.000000	0.000000	0.000000	0.000000	0.000000	0.000000	
80	0.000000	0.000000	0.000000	0.000000	0.000000	0.000000	0.000000	0.000000	0.000000	0.000000	
85	0.000000	0.000000	0.000000	0.000000	0.000000	0.000000	0.000000	0.000000	0.000000	0.000000	
90	0.000000	0.000000	0.000000	0.000000	0.000000	0.000000	0.000000	0.000000	0.000000	0.000000	
95	0.000000	0.000000	0.000000	0.000000	0.000000	0.000000	0.000000	0.000000	0.000000	0.000000	
100	0.000000	0.000000	0.000000	0.000000	0.000000	0.000000	0.000000	0.000000	0.000000	0.000000	
105	0.000000	0.000000	0.000000	0.000000	0.000000	0.000000	0.000000	0.000000	0.000000	0.000000	
110	0.000000	0.000000	0.000000	0.000000	0.000000	0.000000	0.000000	0.000000	0.000000	0.000000	
115	0.000000	0.000000	0.000000	0.000000	0.000000	0.000000	0.000000	0.000000	0.000000	0.000000	
120	0.000000	0.000000	0.000000	0.000000	0.000000	0.000000	0.000000	0.000000	0.000000	0.000000	
125	0.000000	0.000000	0.000000	0.000000	0.000000	0.000000	0.000000	0.000000	0.000000	0.000000	
130	0.000000	0.000000	0.000000	0.000000	0.000000	0.000000	0.000000	0.000000	0.000000	0.000000	
135	0.000000	0.000000	0.000000	0.000000	0.000000	0.000000	0.000000	0.000000	0.000000	0.000000	
140	0.000000	0.000000	0.000000	0.000000	0.000000	0.000000	0.000000	0.000000	0.000000	0.000000	
145	0.000000	0.000000	0.000000	0.000000	0.000000	0.000000	0.000000	0.000000	0.000000	0.000000	
150	0.000000	0.000000	0.000000	0.000000	0.000000	0.000000	0.000000	0.000000	0.000000	0.000000	
155	0.000000	0.000000	0.000000	0.000000	0.000000	0.000000	0.000000	0.000000	0.000000	0.000000	
160	0.000000	0.000000	0.000000	0.000000	0.000000	0.000000	0.000000	0.000000	0.000000	0.000000	
165	0.000000	0.000000	0.000000	0.000000	0.000000	0.000000	0.000000	0.000000	0.000000	0.000000	
170	0.000000	0.000000	0.000000	0.000000	0.000000	0.000000	0.000000	0.000000	0.000000	0.000000	
175	0.000000	0.000000	0.000000	0.000000	0.000000	0.000000	0.000000	0.000000	0.000000	0.000000	
180	0.000000	0.000000	0.000000	0.000000	0.000000	0.000000	0.000000	0.000000	0.000000	0.000000	
185	0.000000	0.000000	0.000000	0.000000	0.000000	0.000000	0.000000	0.000000	0.000000	0.000000	
190	0.000000	0.000000	0.000000	0.000000	0.000000	0.000000	0.000000	0.000000	0.000000	0.000000	
195	0.000000	0.000000	0.000000	0.000000	0.000000	0.000000	0.000000	0.000000	0.000000	0.000000	
200	0.000000	0.000000	0.000000	0.000000	0.000000	0.000000	0.000000	0.000000	0.000000	0.000000	
205	0.001450	0.001650	0.001792	0.001337	0.001430	0.001550	0.001481	0.001227	0.001284	0.001887	
210	0.003711	0.003924	0.004184	0.002828	0.003614	0.003858	0.003065	0.003467	0.003207	0.003218	
215	0.004916	0.004456	0.006625	0.005470	0.004859	0.003687	0.004517	0.006287	0.006212	0.005192	
220	0.006977	0.008544	0.008280	0.007785	0.005959	0.004860	0.006741	0.007563	0.009259	0.007645	
225	0.009799	0.008910	0.010221	0.007788	0.007646	0.007443	0.009751	0.010318	0.011103	0.009917	
230	0.014004	0.011307	0.011365	0.008843	0.008638	0.011707	0.012065	0.014030	0.010700	0.011806	
235	0.017670	0.016261	0.013338	0.009247	0.012469	0.011713	0.013055	0.016399	0.014741	0.013109	
240	0.023856	0.018761	0.015080	0.012638	0.014744	0.012344	0.015761	0.018231	0.015021	0.013817	
245	0.029808	0.023097	0.019569	0.013172	0.017437	0.015318	0.017182	0.021384	0.018226	0.015136	
250	0.037817	0.027198	0.022046	0.016639	0.020062	0.017939	0.020055	0.021317	0.019081	0.016336	
255	0.044023	0.030773	0.025934	0.019327	0.023308	0.021884	0.022456	0.027290	0.023011	0.016380	
260	0.054167	0.035790	0.027104	0.021033	0.025504	0.023688	0.022574	0.033352	0.025589	0.020883	
265	0.058873	0.038591	0.028929	0.021435	0.030179	0.026287	0.025946	0.039429	0.029605	0.022545	
270	0.063694	0.042205	0.032320	0.022321	0.033282	0.029341	0.027842	0.045922	0.034596	0.025675	
275	0.067991	0.048987	0.033450	0.026337	0.035915	0.032230	0.031554	0.052878	0.037725	0.027865	
280	0.071050	0.047294	0.034064	0.030952	0.036883	0.038443	0.028889	0.057421	0.041626	0.032352	
285	0.066567	0.048479	0.036526	0.033278	0.040151	0.040968	0.031970	0.063413	0.044220	0.035745	
290	0.066589	0.046793	0.039371	0.037713	0.040010	0.046970	0.034694	0.065865	0.045152	0.037820	
295	0.065009	0.047724	0.040795	0.036084	0.040185	0.048572	0.037279	0.068329	0.048786	0.040629	
300	0.068329	0.045963	0.044396	0.039631	0.043208	0.048219	0.041396	0.066570	0.050518	0.042208	
305	0.070331	0.047086	0.041803	0.038961	0.045023	0.048937	0.045060	0.069556	0.053512	0.045888	
310	0.071121	0.046556	0.041200	0.039372	0.046050	0.052448	0.047545	0.068879	0.055368	0.046843	
315	0.074297	0.048085	0.042560	0.043336	0.044128	0.056702	0.048044	0.065305	0.053701	0.049182	
320	0.078042	0.049322	0.042015	0.045462	0.046271	0.059283	0.047517	0.065206	0.053903	0.051645	
325	0.074178	0.050281	0.044837	0.045818	0.045514	0.061688	0.047773	0.063557	0.056347	0.053107	
330	0.072732	0.050813	0.044070	0.048165	0.044320	0.063678	0.045183	0.063230	0.056275	0.055593	
335	0.073490	0.049159	0.043427	0.048952	0.044073	0.063814	0.043878	0.058485	0.056133	0.056498	
340	0.070836	0.049571	0.044096	0.050319	0.046942	0.064641	0.046326	0.055956	0.056052	0.057003	
345	0.070729	0.047341	0.044344	0.051119	0.048648	0.061539	0.045248	0.055348	0.056259	0.056279	
350	0.068388	0.047272	0.043982	0.054317	0.049981	0.061077	0.044218	0.052703	0.054005	0.056563	
355	0.065222	0.047403	0.043654	0.054204	0.050240	0.060777	0.041404	0.048705	0.052118	0.057389	
360	0.067530	0.047771	0.041887	0.057871	0.050280	0.061052	0.042305	0.049114	0.054560	0.056289	
365	0.064864	0.047846	0.041891	0.057784	0.051062	0.059171	0.043813	0.049529	0.051967	0.054665	
370	0.065602	0.045974	0.040406	0.058381	0.050395	0.059693	0.045255	0.048073	0.052557	0.054755	
375	0.060638	0.046179	0.037257	0.059767	0.048625	0.057551	0.046799	0.049574	0.054972	0.054297	
380	0.057829	0.045167	0.037408	0.058996	0.046643	0.057977	0.046361	0.046493	0.054303	0.050283	
385	0.057524	0.043283	0.037548	0.060694	0.045419	0.058066	0.048027	0.045878	0.053544	0.052425	
390	0.055992	0.043121	0.039388	0.060206	0.046060	0.057395	0.047874	0.046498	0.056537	0.051972	
395	0.056273	0.043970	0.037792	0.061613	0.046685	0.055773	0.046669	0.046238	0.058178	0.051511	
400	0.053159	0.045012	0.038189	0.061053	0.048666	0.057234	0.044645	0.043779	0.058511	0.053232	
405	0.054550	0.042757	0.037845	0.059499	0.047204	0.055756	0.044590	0.044476	0.054206	0.051699	
410	0.054292	0.043642	0.037261	0.057874	0.046349	0.056326	0.044625	0.047108	0.052359	0.051092	
415	0.052398	0.045302	0.036750	0.057785	0.047884	0.056409	0.044364	0.048370	0.052842	0.051466	
420	0.051167	0.045613	0.037986	0.058466	0.046837	0.055972	0.043163	0.049068	0.052770	0.050425	
425	0.048341	0.046786	0.038392	0.058141	0.047081	0.053595	0.042474	0.047846	0.054290	0.050430	
430	0.047352	0.046581	0.038328	0.057073	0.045715	0.054213	0.045229	0.045578	0.054493	0.051373	
435	0.047835	0.046656	0.037755	0.057306	0.047314	0.055970	0.045546	0.043722	0.054068	0.051547	
440	0.047405	0.045359	0.038729	0.057823	0.044365	0.056935	0.045417	0.042475	0.056804	0.054571	
445	0.045784	0.046197	0.038852	0.058208	0.044011	0.057112	0.045879	0.040606	0.054588	0.053164	
450	0.044683	0.045430	0.038789	0.056001	0.044111	0.055246	0.046125	0.041051	0.051113	0.051424	
455	0.044762	0.044785	0.039636	0.058881	0.044383	0.056127	0.045134	0.042986	0.050203	0.053037	
460	0.044859	0.044284	0.038568	0.057866	0.042205	0.055048	0.047104	0.042906	0.050200	0.053300	
465	0.044669	0.045813	0.039607	0.058484	0.041964	0.053076	0.045695	0.043210	0.050555	0.051565	
470	0.043265	0.049111	0.038950	0.057586	0.041571	0.050051	0.045390	0.042408	0.051130	0.053697	
475	0.045436	0.054180	0.041176	0.058313	0.042045	0.049277	0.046725	0.044415	0.051109	0.051102	
480	0.046600	0.052588	0.039936	0.056188	0.042193	0.046829	0.050173	0.046243	0.050591	0.051438	
485	0.045474	0.051508	0.043382	0.057407	0.039721	0.048179	0.047677	0.045730	0.050527	0.055238	
490	0.043528	0.053232	0.040766	0.056078	0.039420	0.048499	0.046189	0.042559	0.049731	0.057069	
495	0.043628	0.051486	0.043097	0.056997	0.040265	0.049089	0.045627	0.043846	0.049399	0.056033	
500	0.044096	0.050839	0.042563	0.058481	0.040781	0.048868	0.043496	0.043596	0.048938	0.055136	
505	0.044184	0.051640	0.042149	0.058739	0.039906	0.046591	0.042940	0.045123	0.048878	0.055411	
510	0.045345	0.050937	0.044323	0.058244	0.040372	0.046638	0.045998	0.043493	0.046559	0.053514	
515	0.043450	0.050747	0.043498	0.055717	0.040157	0.047002	0.045416	0.045311	0.044049	0.054464	
520	0.043876	0.049041	0.044541	0.054450	0.040014	0.049613	0.046233	0.045924	0.042699	0.051069	
525	0.046181	0.049478	0.044155	0.054791	0.039284	0.048934	0.045867	0.044087	0.043524	0.050813	
530	0.044243	0.048872	0.045442	0.053838	0.038365	0.048242	0.045149	0.043628	0.042968	0.053994	
535	0.045540	0.049139	0.043333	0.056104	0.039767	0.047313	0.044618	0.043887	0.043939	0.053379	
540	0.046366	0.051038	0.043271	0.058162	0.039244	0.047359	0.043624	0.043628	0.044260	0.052798	
545	0.048559	0.049981	0.043098	0.057410	0.037839	0.047415	0.043832	0.045395	0.043795	0.051883	
550	0.047065	0.050920	0.045137	0.058707	0.039610	0.045544	0.043088	0.042597	0.043983	0.052099	
555	0.046550	0.051998	0.044248	0.058165	0.038959	0.045081	0.042314	0.044660	0.044700	0.053132	
560	0.046833	0.049009	0.043795	0.055671	0.041601	0.044285	0.041853	0.045156	0.043522	0.052045	
565	0.047162	0.048982	0.043903	0.055316	0.042611	0.045324	0.039987	0.045698	0.041979	0.052299	
570	0.048885	0.049608	0.042080	0.053612	0.042654	0.044650	0.038480	0.043497	0.042071	0.053027	
575	0.048828	0.050309	0.041327	0.053980	0.041715	0.043672	0.036824	0.043869	0.042547	0.052765	
580	0.048683	0.051082	0.042095	0.055005	0.041949	0.044520	0.037808	0.043845	0.042912	0.050495	
585	0.048418	0.050195	0.042504	0.055525	0.043093	0.045439	0.040466	0.042006	0.042038	0.050101	
590	0.049967	0.050553	0.041659	0.054822	0.043812	0.047207	0.042884	0.043894	0.043244	0.050644	
595	0.049971	0.051003	0.043384	0.054648	0.043491	0.045298	0.041865	0.045111	0.042984	0.053148	
600	0.050435	0.050144	0.045297	0.055694	0.043203	0.044829	0.042602	0.045653	0.043366	0.050996	
605	0.050155	0.049487	0.045832	0.054182	0.045295	0.044597	0.042491	0.043911	0.042267	0.051015	
610	0.049120	0.049170	0.043924	0.050575	0.046198	0.046762	0.044537	0.044332	0.041916	0.052432	
615	0.051145	0.048842	0.041818	0.049474	0.045948	0.044683	0.044603	0.044506	0.042762	0.053108	
620	0.049694	0.049247	0.044578	0.050461	0.047458	0.044603	0.041574	0.046317	0.042818	0.053840	
625	0.051483	0.048070	0.047223	0.051794	0.048009	0.044231	0.042769	0.046875	0.042345	0.052138	
630	0.051151	0.046037	0.047575	0.054625	0.047796	0.044638	0.043327	0.045857	0.040883	0.052437	
635	0.050628	0.046315	0.048447	0.053336	0.047361	0.044688	0.042668	0.043636	0.041469	0.054590	
640	0.047869	0.047810	0.049218	0.053344	0.048558	0.041649	0.043595	0.043204	0.041115	0.053708	
645	0.047866	0.048270	0.048047	0.052865	0.048687	0.044378	0.046117	0.044659	0.042640	0.056062	
650	0.048513	0.048475	0.048300	0.052487	0.048873	0.043149	0.046148	0.043202	0.045669	0.052898	
655	0.047336	0.048388	0.048765	0.053502	0.047570	0.043655	0.047956	0.043237	0.045678	0.052969	
660	0.046911	0.048252	0.049092	0.054419	0.047482	0.043519	0.046124	0.042035	0.044136	0.052568	
665	0.047068	0.049111	0.048458	0.056479	0.046504	0.045029	0.047125	0.042825	0.043832	0.054531	
670	0.048448	0.049610	0.048281	0.057313	0.045861	0.042934	0.047864	0.045281	0.044072	0.055313	
675	0.049329	0.049348	0.047399	0.056210	0.042731	0.043697	0.049344	0.043934	0.044131	0.054416	
680	0.048880	0.049005	0.047774	0.055164	0.040595	0.043228	0.049322	0.042991	0.043071	0.054699	
685	0.047808	0.050558	0.046572	0.054058	0.042705	0.042151	0.049834	0.044651	0.044438	0.051566	
690	0.048131	0.049109	0.045586	0.051325	0.042835	0.043147	0.050773	0.043665	0.045573	0.050953	
695	0.046477	0.046709	0.047322	0.050461	0.042709	0.044624	0.050258	0.045207	0.045025	0.050194	
700	0.047438	0.045652	0.047080	0.048852	0.041908	0.044426	0.049851	0.045558	0.045843	0.047485	
705	0.047436	0.045379	0.046556	0.047891	0.041170	0.045343	0.049770	0.044638	0.044744	0.047366	
710	0.047822	0.046216	0.046014	0.049970	0.042608	0.045371	0.047856	0.044584	0.046334	0.045484	
715	0.045793	0.047380	0.047101	0.050049	0.045172	0.042113	0.047398	0.044349	0.046187	0.046362	
720	0.047108	0.046150	0.045997	0.050101	0.044171	0.043913	0.045619	0.044729	0.047461	0.047866	
725	0.045809	0.047070	0.046682	0.051410	0.043113	0.042706	0.045353	0.046255	0.047427	0.047467	
730	0.045879	0.047771	0.045156	0.051813	0.044685	0.043901	0.046010	0.044939	0.046868	0.046672	
735	0.045998	0.045936	0.043064	0.051454	0.045037	0.044091	0.048787	0.044968	0.045756	0.046718	
740	0.046091	0.045559	0.044851	0.051414	0.044746	0.043812	0.048400	0.045128	0.045757	0.046257	
745	0.046482	0.046307	0.045470	0.052580	0.045244	0.043611	0.047196	0.045280	0.045907	0.047350	
750	0.044992	0.045994	0.045706	0.049770	0.044895	0.044066	0.044566	0.046686	0.045481	0.046648	
755	0.044526	0.046496	0.045763	0.050788	0.044839	0.043426	0.043801	0.046735	0.046987	0.046004	
760	0.043263	0.046360	0.049194	0.051425	0.044922	0.042638	0.042053	0.046561	0.046900	0.046045	
765	0.043490	0.044948	0.050356	0.051202	0.042633	0.044035	0.042881	0.047355	0.048656	0.046304	
770	0.042111	0.045786	0.049220	0.052981	0.043174	0.042206	0.040951	0.047048	0.049162	0.047296	
775	0.042206	0.045796	0.048778	0.050316	0.044600	0.042186	0.041256	0.046563	0.049145	0.048603	
780	0.041351	0.046727	0.048725	0.049678	0.044450	0.042616	0.043376	0.047214	0.048887	0.049801	
785	0.039670	0.049410	0.047542	0.048585	0.042874	0.040335	0.043798	0.048031	0.048264	0.049573	
790	0.041299	0.049597	0.047105	0.048024	0.044084	0.039651	0.044119	0.048863	0.047297	0.048530	
795	0.040209	0.046825	0.047279	0.049119	0.045486	0.040199	0.045885	0.048730	0.046087	0.048213	
800	0.039458	0.046951	0.047888	0.047524	0.045559	0.042498	0.044497	0.049483	0.045640	0.046877	
805	0.040037	0.046446	0.048722	0.046927	0.045508	0.042479	0.047223	0.050257	0.045839	0.045535	
810	0.041026	0.046187	0.048326	0.045596	0.043331	0.041669	0.049652	0.050143	0.046892	0.045331	
815	0.041239	0.045615	0.048213	0.045958	0.043418	0.041726	0.048714	0.051373	0.047786	0.045667	
820	0.041066	0.042864	0.048700	0.044700	0.044827	0.041283	0.048874	0.050911	0.047842	0.046786	
825	0.041480	0.042031	0.048768	0.045790	0.043379	0.041947	0.048735	0.049985	0.048634	0.046536	
830	0.041565	0.041893	0.047167	0.047868	0.044680	0.043042	0.048900	0.048455	0.047360	0.044581	
835	0.042073	0.042066	0.047031	0.047388	0.044235	0.042430	0.049135	0.049601	0.048783	0.044929	
840	0.039566	0.039914	0.045633	0.046330	0.045738	0.041621	0.049183	0.049626	0.049585	0.043185	
845	0.038631	0.039139	0.044593	0.046909	0.045148	0.042192	0.045773	0.051390	0.047923	0.042324	
850	0.039889	0.039265	0.045183	0.045451	0.045656	0.041567	0.043365	0.050176	0.047206	0.040958	
855	0.039907	0.038322	0.046340	0.047065	0.043467	0.042733	0.042636	0.049941	0.045174	0.041497	
860	0.038591	0.037364	0.046479	0.047394	0.043647	0.042173	0.042138	0.050282	0.044194	0.042569	
865	0.039741	0.039479	0.046169	0.046700	0.044658	0.040574	0.042617	0.049958	0.045483	0.043640	
870	0.039507	0.039286	0.046562	0.046216	0.044598	0.040947	0.043728	0.049640	0.046482	0.042724	
875	0.040059	0.040315	0.046934	0.046169	0.044580	0.040403	0.043833	0.047850	0.046718	0.044495	
880	0.039709	0.037316	0.046571	0.045240	0.043687	0.041576	0.042465	0.048795	0.046892	0.045523	
885	0.040027	0.036671	0.047096	0.046105	0.043406	0.044023	0.042232	0.048129	0.048272	0.044194	
890	0.039302	0.035321	0.048683	0.044898	0.044152	0.044738	0.043139	0.047130	0.048057	0.043734	
895	0.041611	0.037132	0.048040	0.044883	0.043306	0.043801	0.043238	0.045363	0.048927	0.044288	
900	0.042150	0.036079	0.049662	0.044350	0.042460	0.045301	0.045772	0.044774	0.048210	0.045985	
905	0.043375	0.037101	0.048625	0.045024	0.043215	0.046096	0.044073	0.045222	0.048607	0.045410	
910	0.043390	0.038142	0.050087	0.042889	0.043185	0.045983	0.043064	0.043366	0.051112	0.040875	
915	0.041839	0.037764	0.050763	0.045096	0.044738	0.046938	0.042914	0.043367	0.049943	0.040122	
920	0.041944	0.038787	0.050501	0.047031	0.046436	0.048063	0.043823	0.043853	0.051378	0.041507	
925	0.043778	0.041925	0.051300	0.047394	0.048317	0.046487	0.045315	0.046060	0.048351	0.042796	
930	0.043411	0.041871	0.050184	0.047244	0.048042	0.045824	0.043913	0.045939	0.047812	0.045952	
935	0.044312	0.041520	0.048694	0.047944	0.047324	0.047910	0.041717	0.046433	0.048519	0.044822	
940	0.041201	0.043398	0.047507	0.047009	0.046660	0.048948	0.041082	0.046973	0.049399	0.046959	
945	0.042837	0.044131	0.048215	0.048925	0.047340	0.049465	0.040548	0.046541	0.048820	0.044612	
950	0.042907	0.043313	0.050641	0.049125	0.048303	0.047945	0.042374	0.046682	0.047687	0.044783	
955	0.043226	0.043693	0.049825	0.051623	0.047697	0.049601	0.042520	0.043722	0.048507	0.045180	
960	0.041460	0.044656	0.049086	0.049243	0.048643	0.050868	0.041239	0.042860	0.045429	0.043498	
965	0.040534	0.045687	0.046477	0.048706	0.047393	0.053625	0.042881	0.044073	0.045840	0.040652	
970	0.040465	0.046706	0.046423	0.049636	0.045635	0.052881	0.041966	0.041529	0.045850	0.042538	
975	0.040161	0.048656	0.044965	0.048604	0.045507	0.052618	0.042710	0.041255	0.047632	0.041397	
980	0.041510	0.048839	0.045992	0.049654	0.045290	0.049959	0.043051	0.040699	0.047636	0.041266	
985	0.041669	0.049423	0.046261	0.048870	0.046274	0.047903	0.044528	0.040429	0.047624	0.042794	
990	0.043654	0.049574	0.045861	0.049922	0.045320	0.047836	0.044108	0.040737	0.047985	0.043964	
995	0.044698	0.049591	0.046994	0.048998	0.043968	0.049046	0.045410	0.040672	0.046176	0.044387	
1000	0.045829	0.050160	0.046929	0.048193	0.043145	0.050434	0.043657	0.039745	0.045504	0.043981	
1005	0.045310	0.050664	0.047684	0.048298	0.043798	0.051256	0.042273	0.038660	0.042572	0.044478	
1010	0.046179	0.049548	0.046976	0.049004	0.042801	0.049069	0.044505	0.036917	0.041236	0.043326	
1015	0.048003	0.047501	0.047738	0.050296	0.042630	0.049163	0.044220	0.037876	0.042057	0.043534	
1020	0.049044	0.047898	0.047091	0.050918	0.042410	0.047706	0.044833	0.037616	0.042067	0.044703	
1025	0.050396	0.046183	0.046322	0.052011	0.043601	0.047355	0.045422	0.038983	0.042673	0.045640	
1030	0.049098	0.046443	0.048537	0.052557	0.045141	0.046333	0.045416	0.038626	0.043322	0.043889	
1035	0.047964	0.048071	0.048535	0.052862	0.045496	0.044749	0.044944	0.039519	0.045450	0.044495	
1040	0.047460	0.048318	0.047625	0.053211	0.043878	0.046798	0.046803	0.041188	0.044488	0.048568	
1045	0.047292	0.049190	0.047469	0.052848	0.044085	0.047985	0.048951	0.040668	0.042757	0.047371	
1050	0.047862	0.049650	0.049467	0.052142	0.043512	0.047284	0.049864	0.040515	0.041903	0.046334	
1055	0.047594	0.048746	0.048955	0.049504	0.044480	0.048194	0.051662	0.040590	0.040476	0.044588	
1060	0.046837	0.047983	0.048409	0.050787	0.045934	0.048861	0.051222	0.043537	0.039282	0.046710	
1065	0.046453	0.048327	0.050753	0.051093	0.045216	0.049766	0.052037	0.042625	0.041566	0.047167	
1070	0.046528	0.046123	0.050688	0.050517	0.043835	0.049373	0.053028	0.042785	0.042058	0.043986	
1075	0.045910	0.045260	0.050969	0.051591	0.043795	0.050144	0.053694	0.042655	0.042882	0.046651	
1080	0.046758	0.044569	0.049604	0.051215	0.043252	0.048988	0.056396	0.044629	0.042158	0.047943	
1085	0.048963	0.045167	0.049176	0.052601	0.042635	0.048834	0.053120	0.043788	0.041540	0.048281	
1090	0.049939	0.047019	0.050031	0.051694	0.043997	0.046757	0.052886	0.044204	0.043451	0.048261	
1095	0.050796	0.046479	0.049607	0.053000	0.046155	0.046031	0.052948	0.043412	0.043764	0.046038	
1100	0.049090	0.044760	0.050735	0.051384	0.046402	0.046280	0.051310	0.042428	0.043187	0.044303	
1105	0.049537	0.044305	0.048660	0.050199	0.043965	0.046608	0.049636	0.039999	0.045564	0.046880	
1110	0.048350	0.044852	0.048802	0.051244	0.043895	0.046307	0.048600	0.041128	0.047227	0.047606	
1115	0.047807	0.045149	0.047889	0.051067	0.045495	0.046949	0.048681	0.042452	0.048950	0.047062	
1120	0.045110	0.047061	0.045825	0.050711	0.044072	0.046661	0.048379	0.044124	0.046117	0.046706	
1125	0.045785	0.046891	0.045940	0.050409	0.044939	0.046734	0.048778	0.042968	0.048009	0.046822	
1130	0.046352	0.046309	0.047078	0.052455	0.044844	0.046384	0.051524	0.042381	0.048398	0.047034	
1135	0.046747	0.045616	0.047521	0.050785	0.046264	0.045609	0.050076	0.044033	0.049147	0.048771	
1140	0.046358	0.044234	0.047767	0.050920	0.044273	0.044608	0.052749	0.045171	0.045406	0.047817	
1145	0.047563	0.043987	0.048071	0.050726	0.043972	0.042771	0.052192	0.043841	0.044709	0.047052	
1150	0.047425	0.044146	0.048253	0.048518	0.044514	0.045452	0.051492	0.044965	0.044491	0.047812	
1155	0.046676	0.043210	0.047262	0.047707	0.044629	0.044260	0.053647	0.044185	0.043729	0.047168	
1160	0.045815	0.044430	0.049875	0.047090	0.044009	0.043563	0.052254	0.043465	0.045089	0.048647	
1165	0.045746	0.043723	0.051141	0.046838	0.045286	0.043606	0.052350	0.044347	0.044487	0.049426	
1170	0.044215	0.043675	0.049280	0.047148	0.047353	0.042030	0.050054	0.046567	0.043066	0.048183	
1175	0.044448	0.044208	0.048208	0.047908	0.047509	0.043806	0.050554	0.047613	0.043173	0.046925	
1180	0.044779	0.044392	0.047912	0.046739	0.045383	0.044664	0.048102	0.046635	0.042734	0.044357	
1185	0.046506	0.041931	0.047248	0.047888	0.045013	0.046342	0.048552	0.048269	0.044184	0.043515	
1190	0.047422	0.042117	0.046610	0.045184	0.046705	0.048313	0.048073	0.045012	0.043402	0.045046	
1195	0.047302	0.041861	0.045114	0.043346	0.045052	0.050991	0.048739	0.044949	0.041221	0.045965	
1200	0.047162	0.041642	0.045831	0.045368	0.046633	0.049642	0.047731	0.046020	0.040794	0.045627	
1205	0.046930	0.042406	0.045995	0.045907	0.046512	0.047853	0.048006	0.046070	0.039931	0.044787	
1210	0.045311	0.042082	0.045052	0.047446	0.046441	0.045574	0.047739	0.047362	0.040742	0.045852	
1215	0.044996	0.041380	0.044063	0.046402	0.044535	0.046827	0.049020	0.048079	0.041426	0.046766	
1220	0.043030	0.042734	0.044221	0.044864	0.043651	0.047399	0.048484	0.047689	0.042841	0.047374	
1225	0.044062	0.041559	0.043400	0.044832	0.045996	0.048025	0.047136	0.046933	0.043624	0.047544	
1230	0.043919	0.042596	0.046178	0.044222	0.044596	0.051234	0.048098	0.044537	0.042403	0.048632	
1235	0.046006	0.042687	0.043943	0.045410	0.044891	0.050768	0.049624	0.043138	0.043513	0.049139	
1240	0.046651	0.041453	0.044013	0.044819	0.042873	0.048709	0.050994	0.040645	0.042653	0.049499	
1245	0.046888	0.041607	0.042801	0.043909	0.043346	0.049003	0.049180	0.040802	0.044577	0.048327	
1250	0.046800	0.040576	0.043897	0.043283	0.041268	0.049704	0.047657	0.039960	0.043249	0.047902	
1255	0.046539	0.041549	0.043600	0.042706	0.041083	0.049791	0.046805	0.040650	0.043606	0.046421	
1260	0.045597	0.041572	0.044055	0.042196	0.041609	0.049582	0.046788	0.040793	0.043546	0.048473	
1265	0.046017	0.042100	0.044655	0.044135	0.041297	0.051171	0.048823	0.041644	0.041008	0.047934	
1270	0.044435	0.041826	0.045045	0.043203	0.042474	0.050530	0.050393	0.042633	0.042792	0.047420	
1275	0.044485	0.042292	0.043754	0.043008	0.041765	0.049463	0.049691	0.042593	0.041574	0.046778	
1280	0.045257	0.042922	0.041764	0.043544	0.041766	0.048186	0.048589	0.041899	0.041492	0.048077	
1285	0.042772	0.044697	0.041454	0.044890	0.041834	0.047540	0.050268	0.042801	0.043318	0.048103	
1290	0.042791	0.044853	0.042673	0.045307	0.042287	0.048116	0.048988	0.044998	0.044989	0.047440	
1295	0.042507	0.046319	0.042080	0.045964	0.047113	0.051108	0.048732	0.043321	0.045294	0.047105	
1300	0.043075	0.048102	0.044033	0.045510	0.045389	0.050232	0.049757	0.043502	0.044796	0.049012	
1305	0.042656	0.045540	0.042183	0.045465	0.043815	0.047639	0.046642	0.044406	0.045701	0.049122	
1310	0.041951	0.044907	0.042705	0.045698	0.042068	0.046802	0.047540	0.044428	0.044497	0.046599	
1315	0.044970	0.044813	0.041954	0.047568	0.042529	0.045208	0.047457	0.045938	0.043072	0.044151	
1320	0.047105	0.043774	0.041346	0.046031	0.041549	0.044205	0.048330	0.042815	0.044661	0.045957	
1325	0.044543	0.044635	0.039180	0.046277	0.041754	0.043924	0.048920	0.041367	0.043266	0.045263	
1330	0.044997	0.045578	0.039878	0.045322	0.039824	0.042348	0.047796	0.041612	0.043956	0.044484	
1335	0.042401	0.046275	0.040604	0.044699	0.040823	0.042977	0.046366	0.042242	0.045213	0.044844	
1340	0.042219	0.045975	0.040966	0.046083	0.040752	0.041799	0.048139	0.041404	0.046516	0.044485	
1345	0.042034	0.046507	0.041394	0.047083	0.039683	0.042805	0.047908	0.042168	0.046133	0.045691	
1350	0.042382	0.047165	0.040429	0.047235	0.041072	0.043739	0.051097	0.041976	0.048014	0.044969	
1355	0.041183	0.045792	0.039438	0.048179	0.041309	0.043453	0.050826	0.041459	0.050973	0.044546	
1360	0.040981	0.043923	0.040549	0.047838	0.042827	0.041854	0.051105	0.042445	0.049336	0.044769	
1365	0.042266	0.043099	0.039431	0.049738	0.042443	0.041416	0.051756	0.040976	0.049803	0.045438	
1370	0.042955	0.041830	0.041185	0.050823	0.041508	0.041948	0.051680	0.042659	0.047988	0.042502	
1375	0.044053	0.042203	0.040808	0.050813	0.042598	0.042488	0.053006	0.044322	0.044211	0.046316	
1380	0.044722	0.042632	0.040587	0.050869	0.042209	0.043408	0.051408	0.043062	0.043260	0.046975	
1385	0.046277	0.044047	0.041899	0.051996	0.043646	0.044713	0.051258	0.042914	0.043310	0.045553	
1390	0.046721	0.045002	0.041731	0.052493	0.044470	0.044164	0.050047	0.044202	0.044422	0.046336	
1395	0.047621	0.043770	0.042909	0.051834	0.045567	0.045481	0.049777	0.043905	0.043730	0.048012	
1400	0.046011	0.043882	0.045856	0.051710	0.046694	0.048522	0.051599	0.045137	0.042560	0.049408	
1405	0.046568	0.041675	0.045897	0.051141	0.045593	0.045574	0.049249	0.044211	0.043848	0.049552	
1410	0.048064	0.041391	0.045032	0.048309	0.044487	0.045634	0.048672	0.045906	0.042899	0.050425	
1415	0.048230	0.042526	0.042778	0.050297	0.043138	0.045794	0.049709	0.048118	0.044767	0.051296	
1420	0.047921	0.041927	0.042959	0.049246	0.043972	0.046919	0.049050	0.047469	0.047188	0.050767	
1425	0.049170	0.042797	0.042460	0.048217	0.044325	0.048207	0.048885	0.044749	0.048727	0.050439	
1430	0.049070	0.044582	0.041890	0.048377	0.043260	0.048128	0.049005	0.045079	0.049178	0.050122	
1435	0.047851	0.044849	0.043965	0.048666	0.041523	0.049425	0.051112	0.045895	0.048002	0.051525	
1440	0.047507	0.045468	0.043791	0.049625	0.042656	0.048189	0.048384	0.046422	0.049551	0.051002	
1445	0.045373	0.046841	0.042467	0.050611	0.041694	0.047085	0.047363	0.044267	0.047083	0.049441	
1450	0.044799	0.046443	0.041466	0.048469	0.043065	0.047536	0.046524	0.042984	0.046899	0.051359	
1455	0.045762	0.044784	0.040715	0.047834	0.042387	0.048009	0.047535	0.042377	0.045690	0.055936	
1460	0.046872	0.043796	0.041533	0.046720	0.042138	0.048154	0.048293	0.041892	0.047688	0.053350	
1465	0.046138	0.042688	0.041311	0.044492	0.042803	0.047830	0.047942	0.042026	0.046797	0.050980	
1470	0.045557	0.041020	0.041375	0.042806	0.044508	0.049093	0.048243	0.043160	0.046511	0.051285	
1475	0.047217	0.041860	0.041484	0.042640	0.044456	0.047907	0.047888	0.041693	0.046174	0.051183	
1480	0.045240	0.041457	0.041829	0.045148	0.045090	0.049785	0.047083	0.042000	0.047692	0.050873	
1485	0.046127	0.040759	0.041128	0.042723	0.047167	0.049404	0.046406	0.042737	0.048516	0.050237	
1490	0.045118	0.041471	0.040734	0.042404	0.048989	0.049613	0.046711	0.040500	0.048839	0.049767	
1495	0.043413	0.041466	0.039933	0.044598	0.047399	0.048960	0.049068	0.039766	0.048852	0.049475	
1500	0.041109	0.042153	0.038580	0.044401	0.046594	0.051191	0.049038	0.039917	0.047547	0.049272	
1505	0.042211	0.043837	0.038505	0.043558	0.047043	0.050176	0.048390	0.042163	0.048550	0.049270	
1510	0.043448	0.044696	0.038946	0.045382	0.047819	0.049600	0.047321	0.042078	0.047654	0.047846	
1515	0.046731	0.045416	0.038831	0.047501	0.048007	0.050615	0.047995	0.042280	0.046275	0.048131	
1520	0.045793	0.046935	0.039921	0.048211	0.050352	0.053250	0.044873	0.043067	0.045718	0.047522	
1525	0.045859	0.046384	0.040826	0.050780	0.050895	0.049654	0.045304	0.043904	0.045815	0.047204	
1530	0.045640	0.048214	0.043044	0.050257	0.050051	0.050129	0.047434	0.043105	0.045012	0.048448	
1535	0.045258	0.046091	0.042336	0.047999	0.050490	0.052139	0.047746	0.043743	0.046253	0.047503	
1540	0.046413	0.046394	0.041050	0.046854	0.050489	0.054853	0.047233	0.042430	0.046282	0.047741	
1545	0.044925	0.046915	0.041634	0.045332	0.051732	0.053258	0.046863	0.042764	0.047085	0.050530	
1550	0.045171	0.044969	0.042670	0.045188	0.052840	0.053785	0.046465	0.040995	0.047105	0.051095	
1555	0.044299	0.043076	0.042800	0.044516	0.051472	0.052947	0.046298	0.042212	0.045980	0.050077	
1560	0.044483	0.044321	0.044453	0.043814	0.050053	0.051602	0.046227	0.041119	0.047689	0.052393	
1565	0.045558	0.044673	0.042963	0.044033	0.050049	0.050885	0.045550	0.039714	0.046929	0.051727	
1570	0.043531	0.043774	0.043298	0.045842	0.049984	0.048018	0.044893	0.041392	0.046168	0.051330	
1575	0.042250	0.045202	0.046701	0.044172	0.051453	0.047016	0.045137	0.042643	0.045587	0.052453	
1580	0.041567	0.047887	0.046437	0.045655	0.054117	0.047111	0.046696	0.042445	0.045133	0.049208	
1585	0.041707	0.045640	0.046026	0.044396	0.055363	0.048506	0.044330	0.041923	0.045621	0.047599	
1590	0.042527	0.046050	0.047371	0.044830	0.057140	0.047248	0.043717	0.041094	0.044153	0.048178	
1595	0.043676	0.046676	0.046905	0.045889	0.054489	0.046505	0.045025	0.042191	0.043292	0.047718	
1600	0.044876	0.046961	0.046122	0.045940	0.054152	0.047230	0.044938	0.040972	0.043915	0.047757	
1605	0.045611	0.045261	0.045448	0.043214	0.053724	0.048218	0.045177	0.042755	0.042865	0.049771	
1610	0.045913	0.046777	0.045705	0.045047	0.054849	0.047396	0.045466	0.042013	0.042934	0.049256	
1615	0.044414	0.045264	0.044516	0.045392	0.054816	0.047473	0.046185	0.043762	0.043580	0.050755	
1620	0.045757	0.043830	0.044599	0.044885	0.055200	0.046079	0.045870	0.043272	0.044057	0.051781	
1625	0.045506	0.043242	0.045978	0.045517	0.055420	0.044437	0.046432	0.044093	0.044298	0.051128	
1630	0.044907	0.043236	0.046535	0.045177	0.055522	0.044796	0.044759	0.044248	0.043671	0.054459	
1635	0.044048	0.043672	0.044428	0.045895	0.054785	0.044161	0.043741	0.043973	0.046608	0.056340	
1640	0.043361	0.043474	0.044246	0.046081	0.055800	0.043248	0.043120	0.045105	0.045699	0.056882	
1645	0.043438	0.042754	0.043216	0.046588	0.053667	0.043911	0.041913	0.044566	0.045193	0.058013	
1650	0.043681	0.041495	0.044176	0.047335	0.052918	0.044272	0.044098	0.046044	0.044061	0.055456	
1655	0.043980	0.040939	0.045207	0.046462	0.054775	0.044728	0.043691	0.044931	0.046231	0.056209	
1660	0.043013	0.040731	0.045246	0.046629	0.055103	0.046176	0.044190	0.043993	0.046481	0.055308	
1665	0.042992	0.040125	0.045940	0.047771	0.053443	0.046597	0.044562	0.044677	0.046973	0.055212	
1670	0.043552	0.040319	0.047786	0.047605	0.054618	0.042815	0.043683	0.045820	0.046808	0.055962	
1675	0.044489	0.040425	0.047247	0.048102	0.053470	0.044670	0.045391	0.047018	0.048559	0.054956	
1680	0.042705	0.041601	0.046986	0.046084	0.053958	0.042778	0.046476	0.047713	0.048504	0.056422	
1685	0.043251	0.041888	0.047631	0.046173	0.050622	0.041713	0.049419	0.048466	0.048764	0.054169	
1690	0.042603	0.042445	0.048869	0.047934	0.050978	0.040624	0.051770	0.048429	0.047337	0.052802	
1695	0.042286	0.042392	0.047263	0.047884	0.047950	0.041356	0.051187	0.049086	0.047646	0.052789	
1700	0.042381	0.043757	0.046634	0.048420	0.047872	0.039670	0.051556	0.050495	0.046660	0.052363	
1705	0.040609	0.042880	0.045937	0.047341	0.049050	0.041859	0.050940	0.050784	0.048201	0.050891	
1710	0.042086	0.042916	0.047710	0.047225	0.050662	0.041254	0.051813	0.051387	0.049489	0.051218	
1715	0.042365	0.045588	0.047068	0.046530	0.051451	0.040073	0.051036	0.052287	0.050788	0.050684	
1720	0.042206	0.047395	0.047362	0.048763	0.051977	0.040952	0.049886	0.048444	0.050653	0.049640	
1725	0.041467	0.047856	0.047705	0.048331	0.051110	0.041104	0.050581	0.047908	0.049587	0.048760	
1730	0.042438	0.048905	0.047562	0.047271	0.052872	0.040916	0.049468	0.048726	0.049220	0.046605	
1735	0.044168	0.046856	0.048933	0.046200	0.052712	0.040079	0.048211	0.047662	0.048151	0.045270	
1740	0.043171	0.047034	0.047480	0.047076	0.052471	0.039002	0.046816	0.046106	0.050427	0.043155	
1745	0.043101	0.047457	0.047310	0.047557	0.051078	0.039481	0.047101	0.044525	0.051931	0.042793	
1750	0.042684	0.046676	0.045388	0.047369	0.052572	0.038442	0.045950	0.042594	0.052956	0.043132	
1755	0.045580	0.046280	0.046169	0.049380	0.051733	0.037453	0.047298	0.042899	0.052065	0.042767	
1760	0.047352	0.047653	0.046145	0.047189	0.053063	0.037038	0.049571	0.044236	0.052658	0.045363	
1765	0.047538	0.048398	0.047613	0.047194	0.055200	0.036999	0.048115	0.043669	0.050421	0.046035	
1770	0.048452	0.048559	0.048096	0.044737	0.054099	0.038718	0.048589	0.043858	0.051156	0.045975	
1775	0.050028	0.048003	0.047918	0.045121	0.054260	0.037937	0.049937	0.043908	0.052059	0.046528	
1780	0.052194	0.045552	0.047713	0.045323	0.052580	0.038580	0.050109	0.043011	0.050352	0.045363	
1785	0.050779	0.045042	0.047728	0.046904	0.052966	0.038545	0.047198	0.042111	0.050777	0.046204	
1790	0.050072	0.043481	0.047430	0.046062	0.053199	0.039215	0.045939	0.042820	0.050890	0.045144	
1795	0.048655	0.043537	0.049582	0.047115	0.053052	0.039559	0.044652	0.043233	0.050130	0.043921	
1800	0.049321	0.042965	0.046660	0.048624	0.051722	0.042412	0.044286	0.044791	0.049451	0.044785	
1805	0.048448	0.044023	0.048823	0.047359	0.050145	0.044369	0.044180	0.043493	0.052351	0.044096	
1810	0.048566	0.044304	0.047735	0.046325	0.050166	0.044010	0.046032	0.043264	0.052437	0.043450	
1815	0.050597	0.046482	0.046661	0.045449	0.049358	0.045769	0.044374	0.043445	0.053584	0.044684	
1820	0.050425	0.044679	0.045442	0.044693	0.049561	0.044283	0.045945	0.041874	0.049631	0.045636	
1825	0.049392	0.044310	0.045846	0.045367	0.048542	0.046061	0.047142	0.042935	0.048992	0.044195	
1830	0.050267	0.042619	0.046360	0.044706	0.047119	0.046033	0.045892	0.042422	0.045601	0.046484	
1835	0.049382	0.043260	0.047011	0.045936	0.048428	0.044952	0.044057	0.043476	0.046887	0.048741	
1840	0.049480	0.042541	0.047705	0.048395	0.048335	0.044632	0.045888	0.041829	0.044665	0.047831	
1845	0.050199	0.044515	0.049613	0.048349	0.047914	0.045228	0.045571	0.041728	0.045734	0.045949	
1850	0.050660	0.042647	0.049833	0.048968	0.048345	0.044951	0.045999	0.041282	0.046005	0.047719	
1855	0.049225	0.040271	0.049432	0.050000	0.046556	0.043876	0.045904	0.040405	0.047366	0.049590	
1860	0.049370	0.041367	0.050335	0.048114	0.048113	0.043669	0.047344	0.041421	0.047958	0.053366	
1865	0.048507	0.042208	0.050708	0.047885	0.049518	0.044490	0.046676	0.040337	0.046951	0.053677	
1870	0.046212	0.040686	0.050654	0.051126	0.048994	0.044520	0.047077	0.040458	0.045100	0.053194	
1875	0.046071	0.039616	0.049320	0.050239	0.050151	0.044138	0.047397	0.042324	0.044051	0.053947	
1880	0.046923	0.042230	0.049360	0.048823	0.047806	0.044683	0.047356	0.044571	0.044478	0.054718	
1885	0.048487	0.043250	0.049268	0.048496	0.046775	0.043806	0.049694	0.043830	0.045260	0.057179	
1890	0.047672	0.041238	0.048127	0.047981	0.047883	0.043700	0.048891	0.044759	0.045387	0.057495	
1895	0.047577	0.041441	0.049693	0.046818	0.048301	0.045124	0.049190	0.044779	0.044480	0.057278	
1900	0.047188	0.043813	0.048579	0.048958	0.048520	0.047907	0.050207	0.045241	0.046049	0.055513	
1905	0.048123	0.044052	0.049053	0.046892	0.047640	0.047350	0.050640	0.046363	0.045393	0.053992	
1910	0.048572	0.045262	0.049780	0.049492	0.048132	0.046927	0.048841	0.045562	0.043334	0.052717	
1915	0.047681	0.045782	0.049846	0.049892	0.047367	0.045129	0.047680	0.045984	0.044354	0.051408	
1920	0.047820	0.043827	0.051386	0.048739	0.047128	0.044797	0.046698	0.046493	0.043106	0.049570	
1925	0.046068	0.043395	0.053309	0.047256	0.046358	0.044232	0.047595	0.046057	0.043887	0.048083	
1930	0.045807	0.042179	0.052194	0.045915	0.045870	0.045020	0.044319	0.044049	0.045564	0.049455	
1935	0.047987	0.042502	0.048962	0.045702	0.047741	0.045691	0.042182	0.044799	0.045246	0.051396	
1940	0.049984	0.040692	0.049553	0.044277	0.047540	0.044933	0.041036	0.044348	0.045831	0.050239	
1945	0.048922	0.039406	0.050833	0.045630	0.049059	0.044202	0.042100	0.044716	0.043964	0.048730	
1950	0.050109	0.038826	0.050385	0.043314	0.048667	0.044046	0.039551	0.044076	0.043019	0.049998	
1955	0.049658	0.039292	0.050641	0.045007	0.046384	0.045260	0.039713	0.046242	0.043204	0.048801	
1960	0.049629	0.040515	0.052745	0.045896	0.046706	0.043852	0.039571	0.044380	0.042864	0.049183	
1965	0.049033	0.040218	0.053192	0.044943	0.044762	0.041884	0.039298	0.044991	0.043084	0.049867	
1970	0.049881	0.039046	0.049231	0.043406	0.044911	0.044389	0.039816	0.042334	0.043938	0.050012	
1975	0.050511	0.040148	0.049791	0.044996	0.046278	0.043619	0.039104	0.044720	0.045153	0.050922	
1980	0.053025	0.040771	0.049373	0.046580	0.045527	0.044264	0.038285	0.044935	0.047081	0.050060	
1985	0.054926	0.040581	0.050169	0.047726	0.046216	0.044599	0.040265	0.043686	0.046607	0.049939	
1990	0.053000	0.041583	0.050475	0.046430	0.046141	0.043876	0.040872	0.043764	0.046001	0.051772	
1995	0.053362	0.041835	0.050058	0.046578	0.046258	0.043297	0.038428	0.043482	0.046141	0.051003	
2000	0.052134	0.043963	0.049851	0.048269	0.044746	0.040834	0.040091	0.044884	0.044963	0.050493	
2005	0.053193	0.041094	0.050214	0.049176	0.043251	0.043645	0.043818	0.045421	0.044138	0.049932	
2010	0.054140	0.040993	0.050253	0.048811	0.042945	0.045052	0.040511	0.045550	0.044888	0.050435	
2015	0.054258	0.040555	0.048943	0.047140	0.044071	0.045648	0.041258	0.045240	0.045228	0.049582	
2020	0.051740	0.040790	0.048635	0.051005	0.043027	0.045193	0.041484	0.045062	0.044759	0.050071	
2025	0.051354	0.040102	0.048005	0.049889	0.043037	0.045293	0.041801	0.044521	0.043506	0.050181	
2030	0.051325	0.040103	0.048577	0.049635	0.041784	0.045213	0.042638	0.045891	0.045226	0.050011	
2035	0.050431	0.040504	0.050106	0.049264	0.042110	0.045272	0.040987	0.047598	0.046980	0.049963	
2040	0.048809	0.041992	0.052296	0.047658	0.044528	0.043832	0.040790	0.046908	0.047711	0.049702	
2045	0.048243	0.042602	0.051016	0.046718	0.041581	0.043394	0.039405	0.044585	0.048657	0.048375	
2050	0.050452	0.042122	0.050900	0.046874	0.042836	0.043150	0.039433	0.044681	0.050565	0.048914	
2055	0.051819	0.041263	0.049123	0.047325	0.041093	0.045263	0.039857	0.044892	0.049940	0.049123	
2060	0.049883	0.042359	0.051453	0.046230	0.041867	0.046101	0.039114	0.043395	0.051320	0.048586	
2065	0.050422	0.041949	0.053338	0.045140	0.043052	0.045019	0.038745	0.043920	0.048560	0.048190	
2070	0.050215	0.041818	0.053891	0.044775	0.042024	0.045580	0.037564	0.041867	0.048388	0.050215	
2075	0.050416	0.042839	0.054898	0.046975	0.041329	0.046279	0.039361	0.042217	0.049922	0.049974	
2080	0.051401	0.041713	0.054588	0.050800	0.040596	0.045486	0.039609	0.042327	0.047800	0.049782	
2085	0.051999	0.043575	0.051954	0.047018	0.040386	0.044611	0.039147	0.043785	0.046310	0.048995	
2090	0.051004	0.042635	0.051416	0.046644	0.040283	0.046264	0.039309	0.043973	0.046082	0.047243	
2095	0.048562	0.040662	0.050996	0.044969	0.041271	0.046447	0.040195	0.044215	0.045302	0.046918	
2100	0.049076	0.042826	0.049702	0.043864	0.041075	0.045332	0.039447	0.046331	0.047111	0.048681	
2105	0.048799	0.043718	0.050205	0.042945	0.045023	0.045736	0.039536	0.046471	0.046058	0.047900	
2110	0.048637	0.043357	0.049200	0.043291	0.044000	0.044481	0.037658	0.046368	0.045410	0.048802	
2115	0.049394	0.044378	0.049906	0.043665	0.044179	0.044055	0.038669	0.046729	0.043009	0.046193	
2120	0.047601	0.045345	0.051621	0.044492	0.043653	0.041731	0.038985	0.045831	0.043879	0.046017	
2125	0.047520	0.046847	0.051732	0.045533	0.043224	0.041061	0.039588	0.045287	0.043916	0.045367	
2130	0.049028	0.046247	0.050028	0.044791	0.044725	0.040294	0.040785	0.042916	0.043004	0.045857	
2135	0.047900	0.045775	0.049321	0.044498	0.045811	0.039651	0.039326	0.042610	0.043366	0.046692	
2140	0.050423	0.046240	0.046860	0.046098	0.046693	0.042146	0.040822	0.043502	0.043703	0.044026	
2145	0.052805	0.047143	0.047538	0.044615	0.045576	0.043514	0.042257	0.044435	0.043096	0.046919	
2150	0.051927	0.047855	0.046871	0.046026	0.046237	0.045582	0.041328	0.045461	0.041816	0.048579	
2155	0.050885	0.048738	0.046505	0.044679	0.048562	0.046653	0.041176	0.045885	0.041420	0.047655	
2160	0.050599	0.049932	0.046313	0.045086	0.047898	0.049828	0.042406	0.046423	0.041401	0.048047	
2165	0.049510	0.050907	0.046853	0.046225	0.045051	0.050410	0.042292	0.044689	0.039378	0.049759	
2170	0.050015	0.049095	0.048474	0.045514	0.044243	0.051050	0.042200	0.043891	0.040533	0.049577	
2175	0.047790	0.050465	0.049078	0.046855	0.044507	0.051313	0.040851	0.044161	0.040487	0.050187	
2180	0.046256	0.049583	0.048567	0.046838	0.043093	0.052325	0.041124	0.045124	0.042151	0.050040	
2185	0.044803	0.048401	0.050124	0.048821	0.043309	0.050973	0.042685	0.043688	0.042765	0.050472	
2190	0.045063	0.049392	0.049197	0.048919	0.042924	0.049467	0.041494	0.043058	0.043038	0.051400	
2195	0.046417	0.049881	0.050008	0.051576	0.043581	0.045680	0.040218	0.043082	0.043136	0.051837	
2200	0.045793	0.050237	0.049354	0.051773	0.045160	0.045149	0.040496	0.043038	0.045320	0.052423	
2205	0.048160	0.049841	0.048831	0.050634	0.047111	0.045106	0.039614	0.042297	0.045500	0.050774	
2210	0.047339	0.049628	0.045793	0.049702	0.048291	0.044394	0.041287	0.041159	0.046910	0.047939	
2215	0.049076	0.049776	0.046430	0.050916	0.048175	0.042463	0.042153	0.040712	0.045814	0.048918	
2220	0.049362	0.049968	0.047180	0.048723	0.047325	0.041666	0.042697	0.043119	0.047201	0.046388	
2225	0.050317	0.049076	0.048816	0.048374	0.048047	0.040065	0.040512	0.043868	0.047805	0.047006	
2230	0.051679	0.049613	0.050455	0.048876	0.049435	0.041290	0.040706	0.046005	0.047651	0.045788	
2235	0.048702	0.048907	0.049064	0.048282	0.052045	0.044376	0.040884	0.045081	0.046714	0.045811	
2240	0.048262	0.048603	0.048717	0.049320	0.053115	0.043238	0.041067	0.044168	0.047506	0.044688	
2245	0.047613	0.046761	0.049782	0.049586	0.052065	0.041836	0.041167	0.042750	0.046183	0.045754	
2250	0.048397	0.045025	0.048125	0.050316	0.051323	0.040484	0.038400	0.043684	0.044946	0.045295	
2255	0.049465	0.047365	0.047835	0.047936	0.049562	0.040642	0.039854	0.044526	0.044385	0.045368	
2260	0.048221	0.045477	0.049063	0.047381	0.051434	0.042825	0.039824	0.043286	0.045743	0.044891	
2265	0.049050	0.043124	0.049768	0.047323	0.052265	0.045286	0.042828	0.041335	0.044100	0.044650	
2270	0.047672	0.043677	0.047824	0.045841	0.052581	0.044412	0.040823	0.045144	0.043063	0.043555	
2275	0.048112	0.044995	0.047694	0.045001	0.050853	0.045764	0.039872	0.045910	0.044828	0.043441	
2280	0.046203	0.047668	0.048010	0.044672	0.051278	0.046766	0.038934	0.046523	0.047841	0.042053	
2285	0.044967	0.046725	0.047670	0.044040	0.052049	0.046423	0.038834	0.044588	0.049732	0.042986	
2290	0.046107	0.045483	0.047087	0.044829	0.050147	0.047368	0.039520	0.047484	0.048279	0.042618	
2295	0.044018	0.046751	0.046635	0.045382	0.050293	0.045036	0.039946	0.046887	0.046548	0.043148	
2300	0.044199	0.046896	0.045662	0.044924	0.046649	0.042933	0.042385	0.048798	0.045976	0.043774	
2305	0.044938	0.049871	0.046007	0.043659	0.045370	0.041393	0.043875	0.048137	0.046064	0.043022	
2310	0.045535	0.049904	0.046079	0.044514	0.044853	0.043171	0.043365	0.047469	0.047892	0.045818	
2315	0.045791	0.050380	0.045697	0.044718	0.045415	0.041131	0.044156	0.047165	0.049239	0.045791	
2320	0.043939	0.048925	0.044413	0.044004	0.044986	0.043360	0.044466	0.047709	0.048223	0.047456	
2325	0.045650	0.048007	0.044896	0.042936	0.044583	0.042627	0.044423	0.048733	0.047834	0.049687	
2330	0.045052	0.047970	0.044669	0.043082	0.046147	0.041609	0.043927	0.047849	0.048754	0.051184	
2335	0.046970	0.049123	0.045828	0.042503	0.043811	0.040604	0.043327	0.048588	0.050215	0.050143	
2340	0.045422	0.048812	0.046354	0.043673	0.044207	0.043104	0.043108	0.050223	0.051550	0.049244	
2345	0.045616	0.049003	0.044736	0.044818	0.045310	0.043548	0.041937	0.051717	0.050920	0.049631	
2350	0.046401	0.048963	0.045552	0.044789	0.045035	0.043970	0.042597	0.052310	0.051330	0.048482	
2355	0.047055	0.047696	0.048874	0.041447	0.041710	0.044485	0.042018	0.051334	0.050436	0.049507	
2360	0.045313	0.047559	0.050569	0.042227	0.041927	0.044537	0.040052	0.051423	0.049750	0.050703	
2365	0.047964	0.049237	0.049655	0.043879	0.040054	0.041821	0.040558	0.047449	0.049247	0.052976	
2370	0.050231	0.049698	0.050714	0.044549	0.039740	0.039704	0.040930	0.047220	0.049747	0.051784	
2375	0.051394	0.049452	0.049938	0.044121	0.040639	0.039883	0.041423	0.048906	0.051873	0.053919	
2380	0.052748	0.048577	0.050991	0.043624	0.040782	0.038293	0.041758	0.049784	0.048813	0.052434	
2385	0.052395	0.047291	0.051965	0.046510	0.040971	0.039170	0.043789	0.049770	0.049064	0.051470	
2390	0.050401	0.047385	0.050628	0.043227	0.041220	0.042500	0.042224	0.049235	0.049742	0.052364	
2395	0.048606	0.045707	0.049795	0.042515	0.042688	0.044131	0.043201	0.047196	0.048423	0.052511	
2400	0.050485	0.045081	0.048423	0.041603	0.042627	0.045508	0.044567	0.046301	0.047072	0.052623	
2405	0.050075	0.043480	0.048827	0.041490	0.043104	0.044823	0.046191	0.046820	0.048806	0.050205	
2410	0.051318	0.041133	0.050741	0.042479	0.042360	0.044639	0.048621	0.047244	0.046204	0.051236	
2415	0.051757	0.042541	0.049965	0.043033	0.042613	0.043547	0.048888	0.044754	0.049031	0.049595	
2420	0.051602	0.042910	0.052257	0.043445	0.043297	0.043566	0.048536	0.045524	0.050520	0.051902	
2425	0.050295	0.044433	0.051309	0.044085	0.043091	0.041270	0.049360	0.045514	0.051184	0.051791	
2430	0.050400	0.043531	0.049586	0.044334	0.044608	0.041981	0.049773	0.045280	0.051564	0.050598	
2435	0.050456	0.044648	0.050403	0.044140	0.045725	0.043787	0.047231	0.045969	0.052014	0.048884	
2440	0.050946	0.044550	0.048280	0.042382	0.044094	0.043712	0.048500	0.045347	0.052258	0.048212	
2445	0.052136	0.041941	0.049258	0.042291	0.044991	0.043199	0.047727	0.045451	0.053704	0.048580	
2450	0.052312	0.042871	0.047933	0.042438	0.043836	0.043326	0.046963	0.046099	0.053937	0.048851	
2455	0.051165	0.043216	0.047680	0.042707	0.045345	0.043733	0.044270	0.048654	0.050397	0.047992	
2460	0.049766	0.041749	0.047426	0.044132	0.047053	0.043662	0.045153	0.049906	0.051228	0.046111	
2465	0.050105	0.041754	0.048159	0.044147	0.047570	0.045869	0.044940	0.048760	0.050977	0.046884	
2470	0.049664	0.039486	0.047684	0.044405	0.048323	0.044903	0.045700	0.045652	0.050082	0.048355	
2475	0.049056	0.039674	0.047823	0.043271	0.049325	0.045580	0.046733	0.043132	0.050002	0.048256	
2480	0.050987	0.038713	0.045126	0.044373	0.050917	0.043257	0.048149	0.042264	0.049966	0.046389	
2485	0.052382	0.037028	0.045576	0.044406	0.052694	0.043142	0.045672	0.041068	0.051006	0.047314	
2490	0.052464	0.038389	0.045064	0.045336	0.052493	0.044624	0.045941	0.042353	0.049663	0.048620	
2495	0.052676	0.039748	0.044174	0.043419	0.051984	0.044676	0.044696	0.043179	0.048392	0.051040	
2500	0.052120	0.041724	0.043920	0.043522	0.051556	0.046248	0.045948	0.043887	0.048500	0.050731	
2505	0.050721	0.040287	0.044390	0.043264	0.053269	0.045267	0.046434	0.043258	0.045336	0.049539	
2510	0.050807	0.037210	0.043958	0.043832	0.053273	0.046827	0.049242	0.041974	0.046115	0.052760	
2515	0.050644	0.037281	0.042267	0.043622	0.054487	0.048564	0.047445	0.040730	0.044655	0.050730	
2520	0.048936	0.039162	0.042541	0.043945	0.052164	0.047263	0.047213	0.042039	0.045379	0.052433	
2525	0.049823	0.040439	0.042494	0.042220	0.051430	0.046479	0.047633	0.042747	0.045765	0.050584	
2530	0.048186	0.040305	0.041819	0.040088	0.051406	0.045467	0.046803	0.041932	0.045953	0.047361	
2535	0.046911	0.038566	0.040472	0.039335	0.052849	0.045741	0.048443	0.041593	0.045653	0.046630	
2540	0.047060	0.041978	0.041919	0.039136	0.053370	0.045405	0.049379	0.042880	0.046734	0.046770	
2545	0.046150	0.042057	0.042268	0.039853	0.053117	0.043505	0.047017	0.043835	0.044849	0.046738	
2550	0.043858	0.045621	0.043265	0.038606	0.053079	0.043471	0.044921	0.045580	0.044088	0.048303	
2555	0.044994	0.047982	0.043179	0.039568	0.053227	0.043091	0.043065	0.048280	0.044190	0.046436	
2560	0.044208	0.049702	0.044366	0.038801	0.053965	0.043463	0.044793	0.049626	0.044214	0.046506	
2565	0.044452	0.050233	0.044278	0.038770	0.054514	0.045067	0.044404	0.048949	0.044312	0.046868	
2570	0.044632	0.049210	0.042039	0.038537	0.056897	0.045466	0.043077	0.048844	0.043703	0.047716	
2575	0.044404	0.046746	0.041735	0.040282	0.054894	0.045720	0.046576	0.048712	0.045743	0.046907	
2580	0.043838	0.044434	0.044545	0.039973	0.054143	0.043960	0.045222	0.050294	0.045501	0.047001	
2585	0.044573	0.044678	0.044195	0.042121	0.053485	0.044238	0.043112	0.046322	0.047442	0.045771	
2590	0.046335	0.044702	0.042113	0.042457	0.055152	0.045373	0.044900	0.047023	0.047188	0.045121	
2595	0.047159	0.045755	0.043656	0.043434	0.053794	0.045784	0.043338	0.046749	0.047585	0.045545	
2600	0.047179	0.043863	0.042906	0.042944	0.053139	0.045541	0.042408	0.045328	0.049156	0.045389	
2605	0.046687	0.044077	0.043545	0.042339	0.052271	0.043813	0.040304	0.046905	0.049714	0.045375	
2610	0.046652	0.045467	0.042916	0.041281	0.051319	0.043877	0.041619	0.047303	0.047916	0.045872	
2615	0.045720	0.047868	0.044147	0.040573	0.050341	0.045117	0.037292	0.048497	0.049392	0.045308	
2620	0.045567	0.046875	0.043459	0.039671	0.049687	0.045437	0.039460	0.048768	0.050350	0.043855	
2625	0.045633	0.045724	0.045223	0.039063	0.049614	0.043226	0.041072	0.049562	0.050471	0.043141	
2630	0.045290	0.045515	0.045897	0.039678	0.050144	0.044993	0.040582	0.051202	0.049113	0.043342	
2635	0.047673	0.045052	0.044465	0.040996	0.050047	0.046382	0.042471	0.049933	0.047972	0.043213	
2640	0.048070	0.046198	0.045677	0.042249	0.047747	0.044820	0.042448	0.049468	0.045504	0.045028	
2645	0.047872	0.047249	0.045448	0.041797	0.046931	0.045177	0.042905	0.051322	0.047066	0.046151	
2650	0.047926	0.048316	0.045971	0.041254	0.047265	0.046419	0.043744	0.049718	0.044553	0.046822	
2655	0.044554	0.046461	0.046779	0.039559	0.048418	0.046308	0.040590	0.049347	0.042487	0.045011	
2660	0.043888	0.045556	0.046283	0.038867	0.048833	0.046206	0.039731	0.049036	0.040901	0.044461	
2665	0.042987	0.045636	0.047516	0.039130	0.048712	0.047802	0.038984	0.048573	0.042542	0.043700	
2670	0.042161	0.045794	0.047794	0.037934	0.049018	0.049030	0.039571	0.048660	0.043988	0.043319	
2675	0.040509	0.044814	0.048640	0.038999	0.050420	0.049703	0.039512	0.047181	0.043842	0.043391	
2680	0.041218	0.043196	0.049193	0.039393	0.049610	0.048072	0.041330	0.046831	0.043868	0.042375	
2685	0.041672	0.044253	0.048594	0.041892	0.049699	0.046334	0.040097	0.047375	0.042667	0.043139	
2690	0.040232	0.044755	0.048539	0.041319	0.049889	0.046645	0.039917	0.048103	0.040982	0.043299	
2695	0.039786	0.046493	0.048540	0.042260	0.050753	0.045850	0.040686	0.046948	0.041298	0.043935	
2700	0.039998	0.045526	0.048974	0.042890	0.052042	0.046616	0.042773	0.046791	0.042628	0.043085	
2705	0.039757	0.045514	0.050155	0.039963	0.051995	0.045953	0.042947	0.049015	0.043080	0.045632	
2710	0.039158	0.046132	0.050911	0.042697	0.051206	0.044937	0.040902	0.049872	0.043137	0.044274	
2715	0.039974	0.046328	0.049456	0.043627	0.050275	0.043326	0.041781	0.048332	0.043400	0.044034	
2720	0.041088	0.046623	0.048657	0.044579	0.051553	0.043999	0.042231	0.047762	0.044345	0.046571	
2725	0.039264	0.046974	0.048539	0.043659	0.052712	0.045110	0.041794	0.047645	0.042795	0.046405	
2730	0.041333	0.048423	0.048578	0.043746	0.051782	0.045172	0.041770	0.045667	0.043314	0.046529	
2735	0.040978	0.048514	0.049044	0.043884	0.050228	0.046093	0.041947	0.047889	0.043460	0.046603	
2740	0.042096	0.049358	0.047694	0.044576	0.049814	0.047110	0.041506	0.046905	0.045460	0.045262	
2745	0.041963	0.048002	0.049747	0.046473	0.050266	0.047277	0.041603	0.045908	0.046020	0.044109	
2750	0.041741	0.045707	0.050641	0.044864	0.049470	0.049737	0.043485	0.046680	0.048595	0.043847	
2755	0.041691	0.042099	0.051040	0.045230	0.048189	0.050334	0.043466	0.048128	0.047873	0.043575	
2760	0.042737	0.044275	0.050973	0.044175	0.048364	0.050463	0.043642	0.048455	0.047686	0.044535	
2765	0.042649	0.045504	0.051448	0.043997	0.049676	0.053224	0.044246	0.049425	0.047412	0.041771	
2770	0.040836	0.044511	0.052279	0.045533	0.049521	0.050408	0.045692	0.050054	0.046430	0.041392	
2775	0.041692	0.042003	0.051725	0.046237	0.049048	0.051660	0.046823	0.049103	0.045258	0.042979	
2780	0.042407	0.043153	0.050165	0.047567	0.048986	0.051185	0.045575	0.050544	0.046250	0.042561	
2785	0.043448	0.043030	0.049065	0.048715	0.049914	0.049210	0.046475	0.048831	0.046469	0.041708	
2790	0.042700	0.043297	0.048540	0.045814	0.049421	0.048056	0.045624	0.050094	0.047095	0.042093	
2795	0.044699	0.042664	0.049315	0.044536	0.051842	0.048728	0.046815	0.051742	0.049215	0.043485	
2800	0.043882	0.042929	0.050574	0.044889	0.051543	0.049794	0.048518	0.052957	0.049058	0.043568	
2805	0.044041	0.041026	0.051335	0.047731	0.050626	0.051857	0.048662	0.053944	0.048838	0.043740	
2810	0.045062	0.041863	0.049923	0.047187	0.050275	0.052590	0.048592	0.052197	0.048290	0.044152	
2815	0.045126	0.042784	0.049168	0.050695	0.050309	0.051921	0.048783	0.051129	0.049353	0.045710	
2820	0.043574	0.043148	0.046026	0.051856	0.050652	0.051944	0.049643	0.049411	0.048119	0.045106	
2825	0.042670	0.043565	0.047870	0.050722	0.050273	0.050757	0.050233	0.049012	0.048544	0.045325	
2830	0.043544	0.043539	0.048342	0.052933	0.049618	0.049409	0.049752	0.048524	0.046940	0.044589	
2835	0.044530	0.041935	0.049431	0.054917	0.049735	0.050179	0.047294	0.047225	0.046007	0.044582	
2840	0.044046	0.041682	0.048758	0.053917	0.049945	0.052671	0.045269	0.046685	0.046838	0.043693	
2845	0.045404	0.040552	0.049304	0.052919	0.050006	0.052374	0.044011	0.048513	0.045060	0.040927	
2850	0.044071	0.039726	0.048670	0.049920	0.051277	0.052892	0.044390	0.044676	0.044947	0.040960	
2855	0.043828	0.040137	0.049823	0.049665	0.050549	0.053171	0.043253	0.044733	0.045155	0.041104	
2860	0.043778	0.039500	0.049136	0.050871	0.050364	0.052759	0.043813	0.045221	0.044234	0.041324	
2865	0.041769	0.041216	0.047583	0.048914	0.051006	0.053014	0.041557	0.044748	0.046247	0.042782	
2870	0.041446	0.040670	0.048189	0.049229	0.052186	0.053205	0.039367	0.047618	0.044868	0.043338	
2875	0.042754	0.042450	0.051555	0.046976	0.051157	0.054037	0.039690	0.047174	0.046974	0.041954	
2880	0.041848	0.042892	0.051292	0.049227	0.050372	0.055159	0.041452	0.045004	0.044138	0.043583	
2885	0.041645	0.040816	0.051638	0.048263	0.050884	0.052503	0.041396	0.043907	0.045737	0.045600	
2890	0.041587	0.040352	0.050364	0.047951	0.049656	0.051734	0.041165	0.045837	0.047626	0.044818	
2895	0.041192	0.041063	0.050743	0.045835	0.050830	0.049801	0.041014	0.044805	0.047371	0.043275	
2900	0.042249	0.043235	0.051424	0.045935	0.050816	0.050066	0.041594	0.045851	0.046216	0.041821	
2905	0.039399	0.041797	0.049439	0.044623	0.049476	0.049357	0.040365	0.045897	0.045167	0.041439	
2910	0.038979	0.042314	0.049659	0.044180	0.049930	0.049397	0.040565	0.044733	0.046429	0.039990	
2915	0.040353	0.040892	0.050244	0.043032	0.048617	0.050270	0.040893	0.044276	0.046025	0.038323	
2920	0.039443	0.039866	0.049625	0.043865	0.049647	0.050426	0.042791	0.042304	0.046344	0.038916	
2925	0.041251	0.040439	0.051245	0.044321	0.047819	0.051902	0.044955	0.043927	0.045388	0.040413	
2930	0.040428	0.041358	0.048741	0.044642	0.049371	0.050197	0.045881	0.043726	0.043772	0.040240	
2935	0.041357	0.041230	0.050170	0.045936	0.047397	0.048721	0.044123	0.042324	0.045296	0.038958	
2940	0.040968	0.040578	0.049006	0.044945	0.048657	0.049118	0.045828	0.042008	0.044975	0.039512	
2945	0.041074	0.041939	0.046897	0.044354	0.049679	0.049126	0.046222	0.043441	0.046552	0.039856	
2950	0.040336	0.042168	0.046999	0.044736	0.050110	0.049550	0.046926	0.042833	0.046572	0.038580	
2955	0.044773	0.041037	0.048574	0.044854	0.051029	0.047750	0.044411	0.043745	0.046759	0.040522	
2960	0.040930	0.042410	0.047502	0.046492	0.051924	0.048146	0.044106	0.044738	0.046750	0.041000	
2965	0.038840	0.043503	0.047936	0.044921	0.050748	0.047350	0.044045	0.045626	0.046566	0.043873	
2970	0.038331	0.043211	0.048196	0.044406	0.051071	0.047425	0.046227	0.045988	0.045536	0.043605	
2975	0.039029	0.042186	0.047335	0.045875	0.051151	0.047089	0.046533	0.044952	0.046114	0.042201	
2980	0.039542	0.041036	0.045662	0.045509	0.050269	0.047029	0.046912	0.044486	0.046615	0.041781	
2985	0.038992	0.041707	0.044988	0.046226	0.051292	0.046935	0.045961	0.046104	0.048383	0.042727	
2990	0.040600	0.041589	0.045159	0.046759	0.051777	0.046751	0.046272	0.047315	0.048710	0.044727	
2995	0.042662	0.043418	0.046668	0.047423	0.050409	0.046102	0.046932	0.048731	0.047749	0.044364	
3000	0.043890	0.043736	0.045784	0.046200	0.051003	0.048052	0.048268	0.048180	0.048101	0.043676	
