T	rep_1	rep_2	rep_3	rep_4	rep_5	rep_6	rep_7	rep_8	rep_9	rep_10
5	0.038068	0.039056	0.044845	0.044434	0.039210	0.070087	0.036755	0.041857	0.039223	0.048280	
10	0.149085	0.177812	0.223623	0.194398	0.176179	0.200433	0.159648	0.162454	0.149354	0.184798	
15	0.294878	0.256286	0.287246	0.254542	0.284767	0.253060	0.241856	0.223225	0.235468	0.268744	
20	0.488628	0.339507	0.319260	0.314624	0.386977	0.370391	0.322251	0.305629	0.338920	0.411849	
25	0.520182	0.407855	0.380765	0.398718	0.434480	0.472118	0.389722	0.372506	0.385609	0.522155	
30	0.533460	0.450423	0.454706	0.482316	0.491650	0.514735	0.492167	0.426890	0.421037	0.567030	
35	0.551494	0.478463	0.506860	0.554476	0.544177	0.539497	0.616617	0.475803	0.472590	0.584543	
40	0.578622	0.512005	0.547322	0.615647	0.579299	0.566417	0.687111	0.533927	0.548001	0.599637	
45	0.613750	0.555692	0.584244	0.655109	0.602638	0.595215	0.719048	0.612131	0.601468	0.616470	
50	0.653091	0.603634	0.629463	0.679414	0.619576	0.626802	0.729528	0.677271	0.641763	0.636153	
55	0.684297	0.645060	0.665627	0.707058	0.635188	0.660926	0.741257	0.724681	0.664415	0.657021	
60	0.711160	0.678742	0.696665	0.719393	0.654607	0.692747	0.750682	0.747776	0.673850	0.678036	
65	0.729848	0.710235	0.717391	0.733479	0.674483	0.710577	0.756023	0.763025	0.684771	0.699632	
70	0.746611	0.727118	0.732489	0.749497	0.692112	0.728703	0.761504	0.768898	0.696337	0.722307	
75	0.755187	0.736682	0.742775	0.759279	0.704350	0.741356	0.763493	0.777029	0.702405	0.744960	
80	0.762931	0.748156	0.749651	0.764555	0.720396	0.746395	0.766263	0.780399	0.708126	0.755765	
85	0.765604	0.761995	0.758701	0.770306	0.733337	0.749937	0.767666	0.780356	0.716513	0.762809	
90	0.769562	0.772112	0.762704	0.778127	0.751795	0.762909	0.769454	0.785573	0.723658	0.767473	
95	0.774798	0.777857	0.769138	0.781487	0.760490	0.766401	0.774260	0.791482	0.736622	0.773123	
100	0.781693	0.781154	0.774582	0.781857	0.775873	0.769196	0.776719	0.787992	0.743591	0.777941	
105	0.781849	0.782090	0.777626	0.783419	0.778545	0.772885	0.778875	0.789169	0.753760	0.783433	
110	0.781679	0.778250	0.779120	0.785052	0.779658	0.772034	0.776674	0.784325	0.756085	0.782468	
115	0.780787	0.773240	0.776226	0.778555	0.770553	0.768667	0.777154	0.778113	0.759940	0.780293	
120	0.772653	0.770581	0.761161	0.772987	0.759155	0.753722	0.775334	0.764960	0.751845	0.772602	
125	0.755544	0.755348	0.738360	0.758399	0.747575	0.733540	0.761475	0.737098	0.736783	0.764644	
130	0.730473	0.731847	0.714687	0.736740	0.723717	0.712714	0.746193	0.689203	0.726657	0.753867	
135	0.688212	0.708584	0.686834	0.712629	0.699674	0.695274	0.732965	0.647531	0.712292	0.738693	
140	0.644516	0.692942	0.662206	0.688268	0.675684	0.678685	0.720205	0.614171	0.696002	0.715894	
145	0.614731	0.667328	0.639607	0.671863	0.662244	0.665447	0.701543	0.595913	0.680282	0.692327	
150	0.593862	0.641279	0.614023	0.655946	0.643878	0.646896	0.670595	0.581361	0.667090	0.666673	
155	0.576208	0.618633	0.590904	0.636587	0.629046	0.628788	0.641161	0.568882	0.651572	0.647761	
160	0.557161	0.598789	0.572056	0.623304	0.615011	0.606540	0.620205	0.561082	0.630146	0.625462	
165	0.537272	0.574152	0.545999	0.610138	0.598887	0.587587	0.596426	0.552005	0.608826	0.604893	
170	0.511263	0.544853	0.520390	0.592485	0.572976	0.569043	0.579585	0.541463	0.588306	0.588809	
175	0.490836	0.523546	0.487777	0.576016	0.546132	0.549933	0.562465	0.534323	0.574227	0.563288	
180	0.472531	0.501546	0.455848	0.558237	0.511324	0.531239	0.541786	0.517688	0.559745	0.543637	
185	0.449523	0.473328	0.428364	0.546074	0.475932	0.516413	0.521397	0.510343	0.548350	0.509490	
190	0.423619	0.441741	0.401622	0.537838	0.445931	0.508003	0.490926	0.496364	0.531613	0.490009	
195	0.411069	0.415518	0.381883	0.518711	0.425188	0.492914	0.469284	0.477282	0.520083	0.470830	
200	0.388500	0.385218	0.353563	0.497927	0.404996	0.479463	0.453292	0.454067	0.506916	0.457954	
205	0.361477	0.367263	0.335733	0.480086	0.382521	0.468430	0.434286	0.427215	0.495337	0.438042	
210	0.338645	0.342977	0.320312	0.465392	0.369060	0.450296	0.416692	0.402958	0.479537	0.422984	
215	0.320313	0.327110	0.304362	0.448091	0.354016	0.434688	0.404316	0.375693	0.467834	0.408608	
220	0.298257	0.308162	0.291288	0.431875	0.340007	0.412450	0.386517	0.355011	0.451335	0.397068	
225	0.282096	0.294086	0.272580	0.413652	0.330856	0.395208	0.371566	0.331513	0.438727	0.384304	
230	0.266208	0.278326	0.257256	0.391771	0.315076	0.373192	0.358451	0.305879	0.424215	0.371956	
235	0.258363	0.260469	0.243253	0.374357	0.307636	0.356052	0.341850	0.290710	0.408757	0.363014	
240	0.249120	0.239527	0.234941	0.356132	0.298130	0.330817	0.332516	0.273408	0.386665	0.358255	
245	0.242747	0.225183	0.226929	0.338696	0.287193	0.309625	0.322721	0.257075	0.359147	0.346939	
250	0.238570	0.216530	0.227190	0.325263	0.275279	0.288630	0.314109	0.230567	0.330440	0.333124	
255	0.237635	0.210751	0.227114	0.307264	0.267979	0.273168	0.306007	0.219104	0.309388	0.313248	
260	0.254618	0.206901	0.226064	0.293617	0.259395	0.260026	0.289412	0.212247	0.286186	0.300957	
265	0.264355	0.209176	0.227184	0.288756	0.251518	0.247571	0.279364	0.217291	0.268629	0.287133	
270	0.268061	0.222234	0.230059	0.276502	0.250331	0.247533	0.274837	0.226600	0.257368	0.272123	
275	0.281256	0.237610	0.237775	0.267677	0.250701	0.251957	0.271681	0.247742	0.256909	0.258557	
280	0.291397	0.247743	0.243368	0.263587	0.247002	0.253102	0.268365	0.265716	0.254515	0.251364	
285	0.299441	0.259159	0.254496	0.261692	0.252199	0.259137	0.260728	0.284593	0.258947	0.250888	
290	0.310716	0.263706	0.264050	0.253476	0.250374	0.259301	0.257114	0.304068	0.261443	0.253827	
295	0.309318	0.267011	0.267167	0.252570	0.252617	0.259536	0.261346	0.309658	0.274237	0.257676	
300	0.313307	0.264787	0.276025	0.255275	0.258453	0.270871	0.260557	0.316640	0.284207	0.264748	
305	0.324200	0.268308	0.276078	0.257034	0.263255	0.271384	0.264505	0.334305	0.286447	0.268970	
310	0.331836	0.269086	0.278748	0.258779	0.268298	0.270906	0.266900	0.344379	0.297878	0.276982	
315	0.337325	0.271198	0.288337	0.264549	0.271630	0.274051	0.272456	0.352226	0.309586	0.287018	
320	0.341508	0.275899	0.290402	0.264528	0.278767	0.281139	0.284889	0.353961	0.322527	0.293564	
325	0.338090	0.285826	0.300373	0.270064	0.283947	0.290006	0.297691	0.352855	0.325185	0.290825	
330	0.352001	0.293470	0.306897	0.275778	0.290302	0.296130	0.297353	0.356650	0.331503	0.302348	
335	0.352990	0.300585	0.315297	0.277065	0.291696	0.302586	0.297853	0.353874	0.336791	0.310984	
340	0.353943	0.301030	0.319845	0.279851	0.298137	0.311701	0.307044	0.354901	0.341460	0.313766	
345	0.357254	0.303083	0.329443	0.283699	0.296810	0.311195	0.311001	0.359171	0.342205	0.314984	
350	0.357445	0.305797	0.335644	0.292224	0.303463	0.319991	0.315184	0.361525	0.342075	0.320464	
355	0.357498	0.303593	0.332519	0.293414	0.309753	0.324594	0.316739	0.359688	0.341035	0.327062	
360	0.351557	0.311856	0.343533	0.302840	0.311572	0.325497	0.324909	0.366219	0.341158	0.332666	
365	0.349332	0.314279	0.346937	0.308822	0.317270	0.331545	0.328304	0.366638	0.342313	0.336106	
370	0.361540	0.323645	0.350681	0.316287	0.316908	0.337544	0.331973	0.368403	0.351634	0.344634	
375	0.360618	0.327867	0.348777	0.323296	0.319822	0.338938	0.338599	0.372332	0.351931	0.344731	
380	0.363418	0.326031	0.350192	0.321398	0.317032	0.342751	0.344970	0.369245	0.354544	0.341628	
385	0.366659	0.325914	0.349995	0.324644	0.318243	0.343309	0.346709	0.370235	0.348069	0.346901	
390	0.369474	0.331674	0.351864	0.326234	0.323208	0.347349	0.346046	0.369142	0.351564	0.347770	
395	0.367552	0.329907	0.350288	0.326981	0.325745	0.348180	0.349882	0.370597	0.351584	0.349729	
400	0.367355	0.325681	0.344655	0.324741	0.322957	0.354685	0.349449	0.365030	0.352029	0.348147	
405	0.366182	0.327299	0.345718	0.326430	0.329831	0.352330	0.348410	0.368098	0.356129	0.343667	
410	0.360557	0.329109	0.340126	0.325428	0.328584	0.353676	0.341695	0.372055	0.352695	0.349774	
415	0.358728	0.329762	0.337993	0.320204	0.332669	0.355742	0.339657	0.372533	0.349167	0.351420	
420	0.361728	0.331808	0.335428	0.326770	0.330939	0.357594	0.339705	0.373554	0.345103	0.353216	
425	0.359314	0.335242	0.334234	0.330538	0.326098	0.355433	0.333309	0.375384	0.344172	0.355640	
430	0.357078	0.338273	0.328465	0.329012	0.329905	0.363222	0.326702	0.377813	0.349122	0.357321	
435	0.363212	0.338140	0.326022	0.331719	0.326808	0.360607	0.331571	0.380753	0.347357	0.354576	
440	0.363106	0.333644	0.325594	0.334828	0.324882	0.362791	0.335488	0.374513	0.349656	0.353134	
445	0.369064	0.330944	0.329996	0.335786	0.329226	0.364261	0.342033	0.373940	0.351740	0.354614	
450	0.370296	0.333296	0.327823	0.333293	0.333397	0.364324	0.344955	0.373186	0.349388	0.352224	
455	0.362449	0.331723	0.333843	0.336071	0.332239	0.362120	0.345691	0.367652	0.345685	0.355796	
460	0.362341	0.333645	0.335128	0.333594	0.335202	0.364816	0.345276	0.365375	0.347804	0.350421	
465	0.354372	0.332447	0.334000	0.336840	0.340227	0.368109	0.343216	0.360943	0.348035	0.347389	
470	0.350859	0.335125	0.330506	0.334559	0.342531	0.368016	0.340011	0.363378	0.348314	0.344008	
475	0.345202	0.335418	0.332139	0.344128	0.343528	0.368995	0.341881	0.362380	0.347037	0.334693	
480	0.346883	0.338779	0.329144	0.342940	0.342602	0.366083	0.343785	0.357238	0.351515	0.331941	
485	0.342562	0.338057	0.334333	0.345886	0.340659	0.364323	0.346535	0.359675	0.348216	0.331673	
490	0.345493	0.340679	0.339536	0.349211	0.336094	0.364761	0.346507	0.354338	0.346245	0.333870	
495	0.341643	0.339821	0.338508	0.349282	0.336406	0.366269	0.348232	0.361398	0.349630	0.332233	
500	0.339736	0.339646	0.335543	0.340548	0.341093	0.369170	0.346885	0.365591	0.348096	0.335313	
505	0.344989	0.341886	0.337888	0.347418	0.342170	0.367262	0.343970	0.366251	0.349943	0.335088	
510	0.347604	0.343372	0.338659	0.347473	0.337589	0.368910	0.349166	0.362086	0.348200	0.333368	
515	0.347668	0.343388	0.342093	0.342304	0.336636	0.370082	0.349749	0.361399	0.348482	0.334449	
520	0.343946	0.346363	0.344540	0.341233	0.338300	0.370941	0.352621	0.369537	0.346324	0.328630	
525	0.341773	0.344738	0.344909	0.339401	0.345039	0.373623	0.348902	0.366479	0.344230	0.333599	
530	0.338709	0.347333	0.344465	0.340602	0.341607	0.374731	0.351060	0.366754	0.339207	0.341541	
535	0.338855	0.345914	0.343655	0.344309	0.343005	0.373279	0.349385	0.360873	0.336380	0.347344	
540	0.344758	0.348178	0.341087	0.348976	0.342072	0.378359	0.349301	0.360116	0.338513	0.342369	
545	0.346695	0.346834	0.338227	0.349061	0.340712	0.378599	0.347738	0.352419	0.340529	0.341525	
550	0.346304	0.349231	0.334899	0.346438	0.340661	0.372628	0.345057	0.348030	0.337355	0.341664	
555	0.349004	0.349565	0.335776	0.347321	0.336700	0.368797	0.344214	0.346038	0.336583	0.345584	
560	0.348611	0.347662	0.338163	0.349280	0.340031	0.367574	0.338635	0.347349	0.332598	0.351497	
565	0.347914	0.347711	0.334844	0.354207	0.339372	0.369057	0.339643	0.342989	0.338107	0.353549	
570	0.347197	0.347325	0.330981	0.351141	0.340067	0.371068	0.344891	0.345528	0.336557	0.358589	
575	0.350109	0.346507	0.328946	0.348021	0.342400	0.368343	0.341800	0.347911	0.337511	0.357648	
580	0.353840	0.345952	0.335684	0.348523	0.343685	0.372050	0.338847	0.350769	0.332610	0.351291	
585	0.351180	0.345583	0.340913	0.349748	0.342537	0.367726	0.339521	0.344710	0.337402	0.349529	
590	0.351946	0.344956	0.342460	0.352281	0.340953	0.367595	0.346361	0.344506	0.333390	0.353815	
595	0.354417	0.345679	0.343239	0.350322	0.341723	0.362011	0.343173	0.344728	0.332595	0.356675	
600	0.353052	0.341679	0.345162	0.350531	0.341147	0.361972	0.345123	0.345908	0.329226	0.352418	
605	0.357972	0.339790	0.346164	0.352454	0.334867	0.363122	0.349548	0.345811	0.326332	0.349585	
610	0.359815	0.340477	0.351094	0.353572	0.337313	0.363048	0.351003	0.351281	0.329103	0.351813	
615	0.359006	0.341772	0.345698	0.352728	0.335031	0.366532	0.346443	0.345734	0.331890	0.351976	
620	0.355007	0.343036	0.351054	0.356589	0.342210	0.366672	0.342036	0.344994	0.339992	0.350083	
625	0.355647	0.341532	0.351460	0.357561	0.340051	0.364346	0.343400	0.348412	0.342313	0.357858	
630	0.353056	0.343468	0.353883	0.358509	0.341370	0.362501	0.347831	0.353320	0.344837	0.360616	
635	0.353486	0.346273	0.351686	0.363885	0.341251	0.361743	0.340376	0.351856	0.344452	0.361023	
640	0.356776	0.348521	0.354096	0.363678	0.341881	0.357597	0.344150	0.349839	0.345872	0.359480	
645	0.360885	0.347935	0.351127	0.364680	0.344986	0.356571	0.350815	0.347021	0.347523	0.354696	
650	0.365324	0.353397	0.352592	0.360997	0.344441	0.348727	0.350611	0.349034	0.346485	0.352368	
655	0.373756	0.354290	0.354638	0.363555	0.341000	0.346395	0.346881	0.344679	0.343741	0.352787	
660	0.372704	0.355636	0.355109	0.360906	0.342435	0.345856	0.348934	0.345941	0.347895	0.359303	
665	0.372372	0.357762	0.352588	0.361371	0.344973	0.344156	0.345679	0.346425	0.347994	0.359612	
670	0.368784	0.359386	0.357133	0.360816	0.348817	0.339994	0.347362	0.346230	0.348131	0.364029	
675	0.364913	0.356248	0.356480	0.358240	0.350624	0.345084	0.340467	0.340684	0.348155	0.367880	
680	0.367988	0.355507	0.358048	0.357687	0.349153	0.347377	0.337596	0.347748	0.350702	0.365334	
685	0.370586	0.353236	0.357862	0.357802	0.349039	0.345582	0.339583	0.347276	0.349557	0.362488	
690	0.373937	0.351230	0.353914	0.358819	0.347063	0.348288	0.344221	0.348415	0.348161	0.364502	
695	0.371386	0.352395	0.356476	0.361112	0.344245	0.348719	0.344866	0.355113	0.345744	0.364837	
700	0.371518	0.354619	0.360730	0.357148	0.343296	0.347093	0.348183	0.355124	0.345959	0.369005	
705	0.368160	0.351455	0.360948	0.351571	0.338892	0.351786	0.344712	0.356514	0.342732	0.370814	
710	0.370050	0.352465	0.365715	0.355927	0.336524	0.350047	0.348945	0.350290	0.346012	0.370048	
715	0.370855	0.350497	0.363058	0.357760	0.342925	0.342992	0.345533	0.345766	0.345186	0.373780	
720	0.370335	0.349152	0.366548	0.356701	0.344190	0.343757	0.345190	0.342640	0.345071	0.373112	
725	0.372554	0.348697	0.364936	0.357625	0.345134	0.340678	0.344389	0.344616	0.348400	0.376070	
730	0.375763	0.350043	0.365100	0.360659	0.348784	0.340777	0.340359	0.347846	0.350761	0.381867	
735	0.375296	0.350489	0.366996	0.356629	0.344005	0.339570	0.344751	0.347379	0.351577	0.377560	
740	0.382155	0.353629	0.368940	0.357568	0.343987	0.340094	0.343387	0.347979	0.353744	0.374851	
745	0.380058	0.352260	0.366018	0.358204	0.346507	0.335828	0.345162	0.346303	0.356988	0.373706	
750	0.382921	0.352437	0.360457	0.353614	0.348824	0.336794	0.342146	0.344124	0.355679	0.370569	
755	0.381649	0.351078	0.359857	0.354435	0.349582	0.338755	0.341858	0.339779	0.358567	0.370890	
760	0.382584	0.352106	0.358190	0.352794	0.354376	0.335983	0.335832	0.338677	0.359448	0.369912	
765	0.387730	0.351047	0.361743	0.349662	0.356051	0.333543	0.333528	0.337417	0.364121	0.372454	
770	0.383732	0.347359	0.366139	0.354160	0.356118	0.335158	0.336220	0.337200	0.363323	0.374927	
775	0.381343	0.347131	0.365679	0.357530	0.356386	0.331067	0.336357	0.346283	0.361967	0.375258	
780	0.379983	0.348027	0.364408	0.356594	0.351973	0.333722	0.335582	0.354020	0.364962	0.379417	
785	0.380799	0.348607	0.361651	0.358345	0.347062	0.330794	0.333770	0.355680	0.362320	0.381472	
790	0.378996	0.350300	0.360154	0.355098	0.345431	0.334501	0.333578	0.353564	0.365242	0.377568	
795	0.378391	0.348328	0.354785	0.352330	0.347325	0.334597	0.332158	0.353017	0.362790	0.376630	
800	0.377780	0.345104	0.352156	0.350334	0.345989	0.333563	0.327520	0.358383	0.356195	0.375565	
805	0.375750	0.343264	0.352613	0.351693	0.339772	0.336136	0.323164	0.360576	0.355210	0.371284	
810	0.369866	0.344415	0.350492	0.355179	0.337921	0.336356	0.324187	0.362856	0.356476	0.371946	
815	0.367423	0.344412	0.346418	0.352521	0.343678	0.337483	0.324435	0.369105	0.355312	0.374855	
820	0.366124	0.343976	0.350173	0.355274	0.336113	0.339089	0.324572	0.366605	0.354277	0.372102	
825	0.367584	0.342874	0.349198	0.352059	0.336348	0.339892	0.324461	0.365217	0.355322	0.371582	
830	0.367211	0.340198	0.351499	0.353853	0.340342	0.334782	0.327612	0.365875	0.354117	0.368256	
835	0.369063	0.340205	0.355599	0.356450	0.343192	0.341092	0.329619	0.365252	0.355005	0.361041	
840	0.368960	0.338220	0.355776	0.350573	0.345054	0.343444	0.333356	0.362103	0.356496	0.358671	
845	0.365822	0.334751	0.354823	0.353274	0.341253	0.336330	0.334420	0.362211	0.357269	0.351974	
850	0.363193	0.335441	0.354642	0.352084	0.342706	0.331720	0.333714	0.360669	0.359168	0.350909	
855	0.361651	0.335269	0.359254	0.350702	0.341031	0.330466	0.332996	0.362555	0.357244	0.347091	
860	0.356728	0.334173	0.367890	0.349184	0.338728	0.328165	0.331511	0.363760	0.352727	0.346358	
865	0.354227	0.334635	0.365023	0.351754	0.341905	0.328093	0.336540	0.368505	0.348570	0.342606	
870	0.358453	0.333885	0.362701	0.350357	0.339867	0.321277	0.337278	0.369742	0.346808	0.344954	
875	0.352924	0.334462	0.363922	0.354205	0.339820	0.321522	0.336006	0.368283	0.348537	0.341856	
880	0.354952	0.334370	0.371342	0.352806	0.336962	0.325286	0.338101	0.372168	0.349957	0.342513	
885	0.354966	0.332334	0.367877	0.354399	0.335220	0.325400	0.333990	0.371856	0.352446	0.336266	
890	0.353547	0.328550	0.370190	0.359377	0.334106	0.328323	0.331484	0.373048	0.349705	0.344586	
895	0.354657	0.325678	0.365382	0.359137	0.333936	0.327017	0.331362	0.364223	0.348644	0.342485	
900	0.354805	0.324951	0.365160	0.360855	0.329830	0.327391	0.333733	0.362733	0.353712	0.338139	
905	0.354885	0.321592	0.363140	0.362809	0.327335	0.326443	0.339833	0.363542	0.354692	0.335645	
910	0.356550	0.326353	0.362802	0.361218	0.330336	0.329408	0.338381	0.359482	0.356631	0.332620	
915	0.352486	0.325956	0.363616	0.363300	0.329590	0.331796	0.339254	0.358001	0.356860	0.329321	
920	0.353688	0.324804	0.363879	0.361738	0.331215	0.333768	0.335702	0.354539	0.357892	0.332290	
925	0.352357	0.327026	0.361968	0.362906	0.336493	0.332667	0.334769	0.357335	0.356970	0.332152	
930	0.347864	0.326306	0.359142	0.367300	0.333683	0.332717	0.332773	0.355513	0.357381	0.330602	
935	0.349494	0.324098	0.361878	0.370837	0.334526	0.333104	0.325886	0.359921	0.357792	0.327654	
940	0.350219	0.319350	0.361905	0.368885	0.334184	0.336911	0.325451	0.358607	0.353667	0.332080	
945	0.348677	0.319062	0.362399	0.370729	0.335513	0.338042	0.324520	0.360602	0.357312	0.335936	
950	0.347608	0.322944	0.362192	0.369301	0.332681	0.339875	0.326761	0.363983	0.360569	0.338257	
955	0.348273	0.323868	0.364090	0.366508	0.329975	0.337369	0.326106	0.359242	0.361170	0.339007	
960	0.347572	0.323075	0.364723	0.360834	0.328803	0.340158	0.324556	0.357973	0.362908	0.326761	
965	0.346907	0.322888	0.359835	0.357992	0.333665	0.340509	0.325717	0.357746	0.362448	0.328194	
970	0.349483	0.322942	0.358390	0.358310	0.331498	0.342504	0.321061	0.352485	0.361380	0.327399	
975	0.344478	0.322979	0.360237	0.358186	0.328226	0.345169	0.316662	0.350816	0.361251	0.328289	
980	0.344365	0.325365	0.358629	0.356890	0.330244	0.348896	0.312904	0.349151	0.365253	0.318690	
985	0.342732	0.330407	0.360658	0.362132	0.333915	0.350246	0.308792	0.346993	0.369937	0.318013	
990	0.344000	0.333333	0.360626	0.358919	0.327849	0.349949	0.313156	0.347706	0.368451	0.319813	
995	0.348449	0.330611	0.359265	0.360876	0.325436	0.354898	0.312933	0.347234	0.369337	0.321281	
1000	0.349718	0.331052	0.356600	0.361765	0.325590	0.357887	0.306834	0.341966	0.370938	0.323755	
1005	0.347938	0.333422	0.359986	0.361316	0.330261	0.360065	0.308245	0.338386	0.370988	0.317146	
1010	0.350799	0.334842	0.360234	0.360559	0.332210	0.358162	0.311194	0.337860	0.366213	0.318301	
1015	0.352380	0.331510	0.362504	0.359394	0.327272	0.355581	0.312435	0.337168	0.371708	0.323073	
1020	0.355307	0.332014	0.365696	0.363610	0.323884	0.356634	0.312433	0.338486	0.368555	0.321981	
1025	0.357767	0.333544	0.364158	0.364307	0.331478	0.357418	0.316450	0.336665	0.364680	0.318758	
1030	0.354739	0.335984	0.369240	0.365358	0.331076	0.354543	0.315489	0.333532	0.363848	0.323595	
1035	0.356853	0.332853	0.365728	0.356772	0.335194	0.354897	0.311209	0.331262	0.363630	0.322371	
1040	0.359319	0.336242	0.366236	0.356455	0.335745	0.354750	0.311177	0.330969	0.361231	0.326029	
1045	0.361338	0.336059	0.366658	0.355423	0.336603	0.354852	0.310968	0.327546	0.359715	0.325371	
1050	0.358154	0.336849	0.369819	0.352690	0.335497	0.354761	0.310398	0.328425	0.362185	0.322407	
1055	0.358905	0.339372	0.367295	0.355876	0.338676	0.355904	0.309526	0.326138	0.359993	0.321134	
1060	0.353999	0.338055	0.366980	0.356235	0.334739	0.357282	0.311943	0.325444	0.358404	0.322312	
1065	0.348117	0.340187	0.363959	0.357143	0.331016	0.353434	0.312798	0.325138	0.359831	0.322946	
1070	0.351599	0.336427	0.363096	0.356066	0.328368	0.352801	0.314736	0.323216	0.360100	0.324691	
1075	0.351140	0.332614	0.364490	0.357001	0.331328	0.354476	0.317888	0.320664	0.366387	0.323095	
1080	0.344106	0.333920	0.363542	0.355194	0.334476	0.356332	0.317343	0.316524	0.364591	0.324657	
1085	0.342746	0.332605	0.367937	0.353463	0.333959	0.356378	0.315666	0.313839	0.366176	0.329782	
1090	0.343417	0.331967	0.365795	0.354319	0.332972	0.359094	0.317959	0.314518	0.367170	0.327084	
1095	0.340475	0.328730	0.367258	0.353435	0.334758	0.355920	0.318217	0.318986	0.368232	0.322706	
1100	0.340313	0.329086	0.369472	0.351205	0.336751	0.357521	0.317535	0.317175	0.368040	0.325904	
1105	0.339611	0.326156	0.366164	0.350460	0.341591	0.356564	0.316855	0.314801	0.366740	0.332978	
1110	0.335780	0.327685	0.364473	0.347621	0.341735	0.356743	0.315602	0.315128	0.368168	0.331674	
1115	0.334058	0.331314	0.358390	0.346785	0.338679	0.357077	0.317286	0.316167	0.369299	0.335535	
1120	0.337123	0.330289	0.357530	0.346493	0.343158	0.359489	0.316128	0.320049	0.369729	0.333422	
1125	0.334929	0.328807	0.356897	0.345158	0.345803	0.359937	0.316148	0.315044	0.369074	0.332457	
1130	0.333790	0.330026	0.362156	0.346228	0.341838	0.358839	0.315649	0.318569	0.371260	0.332571	
1135	0.337162	0.333303	0.362957	0.344869	0.344833	0.358029	0.315526	0.319729	0.374716	0.338792	
1140	0.337087	0.333179	0.363592	0.348248	0.347379	0.356852	0.319538	0.317881	0.373579	0.340533	
1145	0.333276	0.331459	0.359373	0.347355	0.345658	0.356697	0.320775	0.316687	0.373884	0.345267	
1150	0.338259	0.333897	0.358437	0.347716	0.341757	0.352282	0.322237	0.318459	0.374070	0.350744	
1155	0.334074	0.331640	0.358496	0.349926	0.342220	0.351749	0.325597	0.322958	0.373393	0.351993	
1160	0.333066	0.329759	0.359550	0.348304	0.342673	0.354992	0.322485	0.325506	0.372797	0.349371	
1165	0.335574	0.332741	0.357592	0.346523	0.345750	0.356602	0.324370	0.325732	0.374288	0.350608	
1170	0.338721	0.332525	0.354118	0.344406	0.349177	0.352860	0.328595	0.324809	0.375186	0.348041	
1175	0.346399	0.333117	0.351677	0.347582	0.348543	0.351469	0.332374	0.328828	0.373891	0.347416	
1180	0.347079	0.333775	0.356515	0.345625	0.349029	0.350339	0.333485	0.328579	0.375063	0.342474	
1185	0.352910	0.336484	0.358191	0.345264	0.352786	0.353609	0.341694	0.330559	0.374572	0.342664	
1190	0.354220	0.335178	0.361070	0.342362	0.352683	0.350987	0.344346	0.330815	0.374462	0.343634	
1195	0.356887	0.338310	0.359735	0.340628	0.351545	0.348835	0.341058	0.334096	0.378155	0.344600	
1200	0.359959	0.340218	0.359805	0.342269	0.352247	0.349873	0.335763	0.331955	0.378494	0.337228	
1205	0.359287	0.339441	0.360123	0.340128	0.353528	0.351087	0.332270	0.332040	0.376559	0.334889	
1210	0.358743	0.338272	0.361224	0.339881	0.356144	0.354254	0.334666	0.335208	0.371992	0.335701	
1215	0.358825	0.334535	0.360808	0.343700	0.356239	0.355301	0.337207	0.337193	0.372877	0.336894	
1220	0.355295	0.336769	0.358151	0.345712	0.359042	0.357151	0.339789	0.338587	0.374372	0.337511	
1225	0.356080	0.338705	0.357173	0.343904	0.362544	0.355618	0.339198	0.340457	0.378974	0.337537	
1230	0.354630	0.339754	0.355095	0.348900	0.361445	0.360648	0.339039	0.341674	0.377084	0.340939	
1235	0.355549	0.340883	0.354062	0.349906	0.358573	0.358566	0.339750	0.344181	0.378178	0.342777	
1240	0.352170	0.341091	0.356474	0.348152	0.356127	0.354452	0.346633	0.343977	0.376968	0.343718	
1245	0.355206	0.343203	0.353429	0.347684	0.353003	0.351215	0.349530	0.345725	0.379275	0.343385	
1250	0.355681	0.345034	0.353997	0.341664	0.352424	0.352199	0.351217	0.345598	0.377414	0.346328	
1255	0.355179	0.345419	0.354553	0.340581	0.350860	0.354604	0.352072	0.345809	0.373832	0.349264	
1260	0.354056	0.342846	0.354913	0.344031	0.344577	0.356148	0.348026	0.347340	0.373052	0.344934	
1265	0.354968	0.339584	0.354573	0.346354	0.346713	0.359234	0.350576	0.344845	0.369132	0.349952	
1270	0.359788	0.342528	0.352769	0.348197	0.347371	0.360250	0.353194	0.342119	0.365725	0.351112	
1275	0.357841	0.343419	0.350445	0.353532	0.349292	0.360667	0.354412	0.341567	0.361365	0.354999	
1280	0.353657	0.344877	0.355823	0.355216	0.355652	0.366145	0.354107	0.343702	0.358044	0.353002	
1285	0.357711	0.346994	0.353570	0.356034	0.350019	0.371794	0.351374	0.340624	0.358442	0.355664	
1290	0.350832	0.342292	0.357758	0.359441	0.347060	0.366437	0.355107	0.341187	0.355784	0.352897	
1295	0.351796	0.342805	0.359366	0.360102	0.351799	0.367435	0.351874	0.342486	0.357610	0.354585	
1300	0.357310	0.343550	0.350730	0.359327	0.353743	0.367885	0.353290	0.343853	0.360536	0.351115	
1305	0.354694	0.344265	0.347265	0.359526	0.353913	0.373552	0.350308	0.345860	0.360027	0.347525	
1310	0.349808	0.346772	0.349202	0.357644	0.350976	0.374142	0.349505	0.345057	0.361366	0.341437	
1315	0.355041	0.349501	0.350510	0.360398	0.350242	0.371925	0.351347	0.345832	0.362698	0.337799	
1320	0.353556	0.345385	0.351293	0.359438	0.347362	0.370482	0.348072	0.347126	0.363681	0.342233	
1325	0.351376	0.344967	0.348818	0.359938	0.351809	0.368731	0.350793	0.347408	0.360761	0.334276	
1330	0.353940	0.343019	0.344774	0.361798	0.356449	0.372953	0.352819	0.348161	0.365537	0.334298	
1335	0.353499	0.341220	0.344156	0.357813	0.348985	0.368442	0.351632	0.342998	0.366929	0.335107	
1340	0.353348	0.339694	0.347205	0.357761	0.349157	0.371042	0.352704	0.340347	0.363360	0.335457	
1345	0.353170	0.338427	0.348062	0.355773	0.349922	0.369120	0.350535	0.336379	0.362914	0.335396	
1350	0.348150	0.341685	0.350124	0.356409	0.353411	0.369097	0.357238	0.336668	0.361080	0.336106	
1355	0.342415	0.336355	0.345443	0.353330	0.357090	0.368264	0.359565	0.334356	0.362973	0.332832	
1360	0.343850	0.336149	0.345995	0.355807	0.357761	0.365285	0.358110	0.336224	0.362832	0.328506	
1365	0.341086	0.342761	0.341913	0.353881	0.356180	0.362235	0.354885	0.335258	0.359385	0.327255	
1370	0.342514	0.341349	0.342265	0.356474	0.351726	0.362862	0.354567	0.333350	0.364078	0.324997	
1375	0.348965	0.339284	0.342922	0.355308	0.355058	0.365552	0.352465	0.330985	0.362903	0.324243	
1380	0.348817	0.340968	0.340232	0.353322	0.353887	0.365619	0.349374	0.333639	0.359242	0.317409	
1385	0.349999	0.341013	0.337287	0.354687	0.353273	0.363600	0.348895	0.332698	0.355958	0.315861	
1390	0.349791	0.336721	0.336382	0.354029	0.351589	0.366289	0.349344	0.332055	0.352923	0.310343	
1395	0.351563	0.338707	0.337521	0.350717	0.349353	0.363733	0.348570	0.333954	0.350358	0.312927	
1400	0.347274	0.338000	0.334825	0.357817	0.351161	0.367299	0.345838	0.334110	0.346488	0.313337	
1405	0.346744	0.337511	0.332668	0.353828	0.349372	0.364084	0.343428	0.334512	0.345627	0.312245	
1410	0.351038	0.335212	0.329586	0.353907	0.341774	0.360243	0.337673	0.335694	0.341831	0.310183	
1415	0.345599	0.340039	0.330503	0.353166	0.339073	0.363549	0.337810	0.339511	0.342782	0.313501	
1420	0.348781	0.341966	0.330325	0.351671	0.338057	0.363577	0.342640	0.345355	0.343815	0.307295	
1425	0.352684	0.340686	0.329649	0.349037	0.336771	0.364140	0.342864	0.343961	0.347147	0.309243	
1430	0.353449	0.342107	0.333468	0.348442	0.336838	0.364011	0.342535	0.346583	0.349220	0.315651	
1435	0.352722	0.349361	0.338812	0.345351	0.336708	0.364076	0.338750	0.347524	0.349970	0.322757	
1440	0.353000	0.346817	0.339176	0.345916	0.334403	0.360339	0.337641	0.350498	0.352017	0.323782	
1445	0.349384	0.347751	0.337502	0.346637	0.333281	0.357222	0.336266	0.348734	0.348027	0.325285	
1450	0.347854	0.349877	0.343181	0.348193	0.331929	0.359267	0.334322	0.345332	0.347055	0.329804	
1455	0.353882	0.348071	0.346679	0.350207	0.333012	0.357216	0.332057	0.347420	0.344229	0.329772	
1460	0.353904	0.351037	0.343239	0.347327	0.332709	0.353475	0.334185	0.350801	0.345827	0.330894	
1465	0.352283	0.349108	0.344842	0.344141	0.329155	0.348308	0.336966	0.351531	0.346871	0.329859	
1470	0.354621	0.345952	0.342162	0.343324	0.330337	0.345487	0.339078	0.350481	0.347236	0.328602	
1475	0.357678	0.341376	0.338855	0.340101	0.329907	0.342971	0.342126	0.350711	0.347522	0.330288	
1480	0.354209	0.335761	0.336880	0.338939	0.325645	0.345155	0.340836	0.349242	0.348328	0.327936	
1485	0.353345	0.338840	0.338585	0.338872	0.331309	0.346161	0.339130	0.344818	0.349821	0.332441	
1490	0.351704	0.339210	0.335304	0.339344	0.334896	0.344792	0.343588	0.346506	0.354461	0.333757	
1495	0.350252	0.339781	0.327697	0.339505	0.331536	0.341798	0.336717	0.343648	0.354083	0.336887	
1500	0.348749	0.337419	0.325557	0.342437	0.329876	0.341831	0.339269	0.346551	0.350959	0.338720	
1505	0.344835	0.338827	0.324570	0.342841	0.326624	0.339823	0.335133	0.348603	0.352709	0.336511	
1510	0.344457	0.338844	0.322481	0.345802	0.326069	0.343902	0.330462	0.347202	0.355294	0.336583	
1515	0.348311	0.341160	0.324062	0.342551	0.324505	0.347150	0.326108	0.349538	0.354639	0.335222	
1520	0.354161	0.337339	0.316767	0.343398	0.322954	0.342112	0.333837	0.347191	0.355028	0.336034	
1525	0.353708	0.338770	0.318853	0.346629	0.328711	0.340637	0.335128	0.349683	0.360344	0.336951	
1530	0.356138	0.341459	0.318915	0.349498	0.329425	0.341672	0.338042	0.348614	0.358629	0.337248	
1535	0.355237	0.343894	0.318677	0.350636	0.328377	0.344703	0.339854	0.348153	0.358459	0.337328	
1540	0.358701	0.344335	0.321873	0.356318	0.327485	0.347527	0.345668	0.351849	0.358373	0.336357	
1545	0.347407	0.345892	0.319420	0.354245	0.329491	0.350228	0.348568	0.351390	0.362816	0.339163	
1550	0.345538	0.345808	0.320367	0.352046	0.325637	0.351902	0.346872	0.351119	0.365467	0.341075	
1555	0.345200	0.345667	0.318780	0.352122	0.325136	0.352739	0.345776	0.353887	0.365136	0.341248	
1560	0.342956	0.344317	0.323958	0.348003	0.328054	0.353357	0.344574	0.356528	0.361751	0.345552	
1565	0.344168	0.346808	0.324323	0.346535	0.330000	0.354172	0.342047	0.353109	0.355018	0.340932	
1570	0.344992	0.352457	0.329467	0.343379	0.331172	0.353266	0.341712	0.352229	0.355475	0.338862	
1575	0.343926	0.356798	0.333391	0.341783	0.331683	0.350745	0.342221	0.350547	0.354115	0.339007	
1580	0.341459	0.358399	0.334379	0.344185	0.329643	0.354554	0.342226	0.351013	0.354215	0.334998	
1585	0.342816	0.360347	0.335692	0.344595	0.327452	0.355127	0.344481	0.350966	0.358666	0.335341	
1590	0.341196	0.359187	0.340054	0.347568	0.326216	0.355055	0.342047	0.348815	0.355305	0.336689	
1595	0.341506	0.357690	0.342872	0.345360	0.327710	0.350718	0.339701	0.348525	0.357777	0.338641	
1600	0.343413	0.360427	0.345307	0.343988	0.328609	0.350570	0.339832	0.350494	0.362360	0.341571	
1605	0.343065	0.357587	0.346847	0.342617	0.329105	0.349475	0.338327	0.350386	0.361819	0.347703	
1610	0.346378	0.363744	0.342271	0.342947	0.327748	0.349464	0.335796	0.351912	0.351576	0.344472	
1615	0.339576	0.361946	0.343009	0.345091	0.334178	0.355179	0.334863	0.349965	0.352256	0.345244	
1620	0.344348	0.364902	0.342449	0.343696	0.337787	0.354736	0.335282	0.346706	0.348418	0.342163	
1625	0.343668	0.362434	0.338982	0.346624	0.336379	0.358623	0.339778	0.350713	0.347617	0.334518	
1630	0.343444	0.365921	0.339847	0.344983	0.329584	0.359636	0.337706	0.352212	0.347471	0.335005	
1635	0.342544	0.366532	0.337919	0.342978	0.329919	0.352806	0.336817	0.350725	0.352346	0.333091	
1640	0.348801	0.370277	0.340243	0.344300	0.329731	0.350340	0.334142	0.344578	0.352743	0.335196	
1645	0.349903	0.368916	0.341636	0.345538	0.332400	0.348165	0.333747	0.342650	0.353835	0.336054	
1650	0.353391	0.368859	0.345297	0.341259	0.334609	0.346052	0.330493	0.339780	0.352890	0.337658	
1655	0.349614	0.368656	0.345376	0.337395	0.338639	0.345660	0.322748	0.334747	0.354496	0.340967	
1660	0.347157	0.366124	0.349736	0.334600	0.336845	0.348596	0.320258	0.334929	0.356244	0.343964	
1665	0.340304	0.366284	0.346963	0.334683	0.333157	0.346561	0.324177	0.335756	0.351552	0.350682	
1670	0.347169	0.359784	0.345030	0.336123	0.335537	0.346735	0.327128	0.336351	0.349432	0.351422	
1675	0.346494	0.358825	0.347503	0.340354	0.333367	0.344336	0.328787	0.334859	0.351677	0.352146	
1680	0.351968	0.352159	0.350532	0.340558	0.334239	0.346093	0.328632	0.338798	0.350959	0.350695	
1685	0.353552	0.352169	0.351594	0.341835	0.339494	0.344355	0.329773	0.333133	0.351528	0.353464	
1690	0.352354	0.349093	0.352454	0.346590	0.332968	0.344366	0.336594	0.331369	0.348736	0.352950	
1695	0.349342	0.351191	0.355106	0.342273	0.330570	0.342978	0.334211	0.334745	0.349138	0.357967	
1700	0.340257	0.348929	0.352889	0.341037	0.332267	0.342208	0.334305	0.336562	0.349387	0.356730	
1705	0.334316	0.344484	0.350448	0.336506	0.331159	0.342849	0.332305	0.339638	0.349649	0.360744	
1710	0.335079	0.344390	0.351077	0.335698	0.330859	0.342064	0.333027	0.339532	0.347948	0.362499	
1715	0.331349	0.346821	0.353983	0.336347	0.331860	0.343785	0.334041	0.342025	0.345632	0.362634	
1720	0.327180	0.352625	0.351558	0.339235	0.330281	0.342765	0.336636	0.345692	0.346713	0.358794	
1725	0.327043	0.351849	0.346608	0.338181	0.330638	0.341895	0.339316	0.348070	0.345899	0.355069	
1730	0.327151	0.350346	0.343948	0.335753	0.333407	0.342356	0.339766	0.352100	0.340450	0.356479	
1735	0.330085	0.353366	0.343443	0.339590	0.328829	0.342766	0.337688	0.348549	0.342248	0.358841	
1740	0.330189	0.357576	0.341475	0.342201	0.330566	0.339115	0.334747	0.350297	0.347653	0.351469	
1745	0.329275	0.362757	0.344955	0.345800	0.331680	0.339433	0.336261	0.354360	0.350347	0.351964	
1750	0.328334	0.362635	0.342703	0.348043	0.323616	0.341109	0.340536	0.351843	0.351108	0.352609	
1755	0.334657	0.362435	0.343062	0.349241	0.329890	0.342890	0.343539	0.353662	0.349133	0.348941	
1760	0.332756	0.360676	0.343959	0.347310	0.327825	0.338870	0.344561	0.348487	0.350021	0.345536	
1765	0.333512	0.354215	0.349543	0.349792	0.331909	0.332481	0.346897	0.344936	0.351063	0.348032	
1770	0.335849	0.351023	0.351743	0.345589	0.337317	0.338660	0.347855	0.345104	0.353602	0.348930	
1775	0.337906	0.350342	0.351786	0.346678	0.344950	0.338579	0.349240	0.343519	0.357230	0.349435	
1780	0.341923	0.353374	0.349031	0.350179	0.342244	0.336885	0.349561	0.342887	0.357898	0.350491	
1785	0.339739	0.352526	0.347793	0.350726	0.341664	0.332309	0.350952	0.343549	0.359865	0.347740	
1790	0.344414	0.348078	0.347893	0.347898	0.338389	0.330985	0.352541	0.342241	0.363418	0.345182	
1795	0.344773	0.341823	0.349017	0.348547	0.342888	0.329504	0.354663	0.345550	0.363616	0.345085	
1800	0.342652	0.346210	0.351761	0.350793	0.341080	0.334250	0.354685	0.343560	0.369289	0.344802	
1805	0.346585	0.347109	0.353006	0.344786	0.340639	0.337655	0.355455	0.346880	0.367316	0.345007	
1810	0.348389	0.348466	0.354843	0.344521	0.338573	0.337152	0.355979	0.349053	0.366231	0.344338	
1815	0.348838	0.345648	0.352083	0.345965	0.338137	0.341137	0.354415	0.345113	0.368083	0.344649	
1820	0.352657	0.345508	0.356004	0.344155	0.338498	0.344221	0.357133	0.349913	0.368713	0.343731	
1825	0.353572	0.344505	0.357987	0.343620	0.332802	0.348372	0.356606	0.350182	0.372326	0.341726	
1830	0.353428	0.337786	0.354665	0.339939	0.331902	0.347866	0.355244	0.351364	0.371921	0.349325	
1835	0.360611	0.335405	0.354603	0.344861	0.333353	0.346312	0.351964	0.348879	0.375140	0.348626	
1840	0.357798	0.333815	0.353218	0.345318	0.333681	0.353409	0.357075	0.346203	0.372509	0.348914	
1845	0.360316	0.333512	0.352909	0.339737	0.332275	0.355555	0.358793	0.342722	0.373608	0.347483	
1850	0.362895	0.332482	0.355866	0.338127	0.329126	0.353189	0.357119	0.345560	0.371491	0.347981	
1855	0.356960	0.332447	0.356776	0.336746	0.329900	0.354833	0.357969	0.346639	0.373107	0.342936	
1860	0.357075	0.336431	0.357011	0.341129	0.326615	0.355573	0.356992	0.349273	0.369060	0.341548	
1865	0.355522	0.334201	0.353705	0.344883	0.327848	0.352421	0.358260	0.345401	0.370752	0.339549	
1870	0.353926	0.334923	0.350351	0.343750	0.320865	0.353833	0.357379	0.341749	0.369501	0.340515	
1875	0.355997	0.332383	0.348128	0.339075	0.319917	0.359452	0.357631	0.344257	0.366100	0.341523	
1880	0.354337	0.336287	0.348303	0.344124	0.321865	0.362816	0.357785	0.345618	0.366653	0.345538	
1885	0.355398	0.333736	0.348357	0.344439	0.323908	0.361122	0.356117	0.345480	0.365590	0.344512	
1890	0.356681	0.335998	0.346425	0.345938	0.328317	0.361006	0.357641	0.345150	0.369928	0.347208	
1895	0.357642	0.333301	0.349038	0.342063	0.328891	0.361327	0.357960	0.347670	0.366501	0.346713	
1900	0.355093	0.334817	0.349120	0.338185	0.330088	0.359776	0.358966	0.346327	0.367339	0.343385	
1905	0.353947	0.333507	0.352327	0.338375	0.330789	0.361156	0.359707	0.344454	0.365744	0.343276	
1910	0.349309	0.333409	0.353792	0.341678	0.329055	0.359581	0.360915	0.347595	0.364702	0.344354	
1915	0.350849	0.334189	0.353829	0.341340	0.329909	0.360622	0.358041	0.351495	0.362040	0.344515	
1920	0.349209	0.336753	0.347463	0.343890	0.330262	0.359346	0.357835	0.350688	0.359605	0.342564	
1925	0.346980	0.337581	0.347812	0.343408	0.332023	0.366792	0.361336	0.354396	0.362309	0.341924	
1930	0.344477	0.339880	0.345066	0.344142	0.337955	0.363812	0.363327	0.357468	0.360156	0.344057	
1935	0.347117	0.344098	0.346997	0.341604	0.340119	0.367039	0.360315	0.358752	0.363481	0.341559	
1940	0.348156	0.345505	0.348061	0.339548	0.339484	0.366360	0.361506	0.359759	0.364419	0.342240	
1945	0.344327	0.347617	0.350710	0.341397	0.338965	0.370613	0.362136	0.357198	0.359773	0.342775	
1950	0.344619	0.343789	0.352899	0.342097	0.341369	0.376166	0.360007	0.356999	0.354742	0.346512	
1955	0.344262	0.346467	0.350836	0.344808	0.345174	0.374293	0.357452	0.352688	0.354959	0.348608	
1960	0.342593	0.345689	0.354231	0.350575	0.346414	0.369405	0.358384	0.346427	0.354593	0.346722	
1965	0.344233	0.346638	0.355975	0.352298	0.343923	0.371429	0.355332	0.349541	0.353994	0.343834	
1970	0.344022	0.345387	0.357191	0.349786	0.347434	0.371989	0.357739	0.350350	0.354194	0.349431	
1975	0.343332	0.345243	0.361285	0.349926	0.353725	0.372724	0.358276	0.348636	0.357684	0.347071	
1980	0.343609	0.346827	0.357907	0.344001	0.351000	0.371346	0.358552	0.346068	0.362364	0.351863	
1985	0.341919	0.343910	0.358285	0.346752	0.353774	0.369835	0.356461	0.348287	0.361722	0.352216	
1990	0.343533	0.341206	0.357434	0.347900	0.353323	0.369268	0.357207	0.351431	0.360410	0.356036	
1995	0.345049	0.344391	0.356410	0.346483	0.347879	0.366689	0.352990	0.351842	0.359338	0.357380	
2000	0.345629	0.350852	0.360380	0.346765	0.350050	0.365070	0.350336	0.352853	0.361459	0.356168	
2005	0.347939	0.353051	0.363347	0.347357	0.349386	0.364345	0.348673	0.349365	0.358689	0.359403	
2010	0.349819	0.354497	0.360556	0.346096	0.352794	0.364982	0.346665	0.348705	0.357165	0.357086	
2015	0.351210	0.354747	0.354608	0.343094	0.350634	0.368220	0.345833	0.349083	0.357255	0.353126	
2020	0.349527	0.354349	0.354183	0.344000	0.351373	0.367456	0.345227	0.345750	0.358350	0.349893	
2025	0.350106	0.353519	0.355746	0.347040	0.348358	0.366212	0.346150	0.347345	0.359116	0.346157	
2030	0.353007	0.351379	0.357168	0.346405	0.345252	0.370163	0.349077	0.348596	0.354281	0.343039	
2035	0.357016	0.347324	0.356397	0.344566	0.344637	0.367815	0.348304	0.351368	0.352640	0.342890	
2040	0.356713	0.349977	0.357205	0.346429	0.342454	0.369386	0.347192	0.356854	0.353240	0.340930	
2045	0.362532	0.345393	0.363615	0.346926	0.341107	0.367628	0.348354	0.351575	0.351806	0.338646	
2050	0.370642	0.339848	0.362930	0.350505	0.343258	0.366774	0.349656	0.352315	0.353190	0.339914	
2055	0.366969	0.334087	0.365522	0.345677	0.344733	0.362364	0.350224	0.348448	0.349231	0.334365	
2060	0.361964	0.335208	0.365381	0.338871	0.345874	0.361845	0.348230	0.347504	0.351563	0.332911	
2065	0.360738	0.333609	0.365841	0.338821	0.350003	0.367824	0.347031	0.349277	0.351859	0.327768	
2070	0.363252	0.335358	0.368276	0.343242	0.349488	0.364464	0.343902	0.347840	0.355524	0.327201	
2075	0.361649	0.337127	0.367398	0.341615	0.346293	0.369856	0.345410	0.350403	0.354644	0.324495	
2080	0.362109	0.338408	0.366923	0.347846	0.340721	0.369801	0.348909	0.348450	0.354644	0.329966	
2085	0.363744	0.338056	0.365281	0.344241	0.331502	0.369379	0.349923	0.349177	0.358047	0.331258	
2090	0.364561	0.336247	0.361088	0.342141	0.328377	0.369755	0.350435	0.351661	0.357283	0.330005	
2095	0.363462	0.335794	0.363014	0.339351	0.329645	0.373753	0.348282	0.348886	0.354406	0.329429	
2100	0.361883	0.331520	0.357211	0.337328	0.329936	0.370048	0.350663	0.351965	0.354363	0.330413	
2105	0.361668	0.331014	0.358970	0.334951	0.334668	0.367256	0.350805	0.346237	0.354715	0.327586	
2110	0.358478	0.330913	0.357239	0.334139	0.333144	0.367252	0.348992	0.346330	0.350403	0.333866	
2115	0.355602	0.330240	0.352155	0.332580	0.332246	0.366044	0.345546	0.345237	0.346949	0.334481	
2120	0.350459	0.334580	0.351508	0.337257	0.326009	0.369739	0.348745	0.346813	0.348668	0.326808	
2125	0.349200	0.334097	0.347278	0.337994	0.330704	0.370919	0.351356	0.344984	0.351694	0.332231	
2130	0.348750	0.338662	0.353022	0.339271	0.331612	0.366962	0.347652	0.342514	0.348877	0.332140	
2135	0.345995	0.341065	0.354915	0.344363	0.329781	0.365284	0.345203	0.342704	0.345930	0.334673	
2140	0.344685	0.339058	0.353156	0.347206	0.334977	0.362133	0.344851	0.340052	0.346798	0.332109	
2145	0.345802	0.341329	0.352946	0.346400	0.328653	0.362528	0.347568	0.339469	0.345792	0.333483	
2150	0.342248	0.340984	0.353093	0.349277	0.327373	0.360506	0.348122	0.338245	0.341028	0.335546	
2155	0.339700	0.344362	0.350298	0.353260	0.326857	0.363531	0.342903	0.339950	0.342146	0.336043	
2160	0.337878	0.345740	0.350518	0.347458	0.323951	0.365033	0.340459	0.334569	0.342709	0.337856	
2165	0.338699	0.349598	0.346264	0.346622	0.321781	0.367143	0.341439	0.337441	0.342109	0.339274	
2170	0.340080	0.347972	0.347531	0.345496	0.319502	0.362571	0.335410	0.343751	0.340284	0.337896	
2175	0.342935	0.349381	0.347583	0.343693	0.319364	0.359372	0.331944	0.345927	0.340479	0.333108	
2180	0.338579	0.347247	0.348854	0.342026	0.314313	0.366542	0.331514	0.348219	0.341701	0.336594	
2185	0.337998	0.346648	0.345114	0.344411	0.320167	0.369828	0.332370	0.344255	0.343230	0.337602	
2190	0.338088	0.350286	0.340161	0.344748	0.316258	0.369130	0.330331	0.349470	0.343906	0.334439	
2195	0.338368	0.346604	0.337996	0.343201	0.313333	0.367784	0.332417	0.345663	0.346247	0.337496	
2200	0.336128	0.346998	0.341175	0.344477	0.318152	0.366277	0.332446	0.343480	0.349850	0.337737	
2205	0.334709	0.350561	0.353805	0.345505	0.320130	0.367774	0.334583	0.342598	0.348757	0.337821	
2210	0.331870	0.351773	0.344117	0.346853	0.318030	0.370034	0.336809	0.339488	0.353219	0.337095	
2215	0.334104	0.352326	0.350080	0.350224	0.322464	0.369197	0.335998	0.336240	0.352726	0.333257	
2220	0.332524	0.350651	0.343452	0.349010	0.327451	0.365492	0.337970	0.334567	0.351555	0.337850	
2225	0.336018	0.349960	0.346366	0.347121	0.326032	0.361106	0.331144	0.336034	0.350646	0.331438	
2230	0.332783	0.349181	0.351336	0.350220	0.325770	0.355555	0.334248	0.334769	0.348728	0.331015	
2235	0.333784	0.353394	0.353509	0.350792	0.321646	0.356894	0.332529	0.332815	0.353176	0.332090	
2240	0.334305	0.353994	0.353682	0.350288	0.324120	0.350596	0.335495	0.337490	0.351517	0.332567	
2245	0.340927	0.352905	0.355364	0.355627	0.323954	0.351504	0.335674	0.331623	0.350978	0.333682	
2250	0.343852	0.352031	0.356285	0.356321	0.322556	0.345055	0.338015	0.333271	0.351529	0.326124	
2255	0.347929	0.354264	0.355775	0.355552	0.331858	0.347251	0.336488	0.332781	0.352661	0.327161	
2260	0.344736	0.358470	0.352464	0.351689	0.327934	0.350376	0.334968	0.333992	0.348787	0.334574	
2265	0.339626	0.364637	0.353975	0.349875	0.329093	0.350267	0.334792	0.329927	0.347516	0.335917	
2270	0.340082	0.361148	0.355311	0.351311	0.326473	0.347142	0.335190	0.328335	0.348950	0.335828	
2275	0.341028	0.359615	0.350432	0.354240	0.328373	0.347507	0.333041	0.331794	0.349307	0.328345	
2280	0.336943	0.360377	0.345539	0.354006	0.328387	0.350975	0.330601	0.328741	0.351431	0.324238	
2285	0.341047	0.362314	0.344120	0.354875	0.333246	0.352304	0.331035	0.329843	0.347356	0.328491	
2290	0.340258	0.360345	0.345479	0.353322	0.335437	0.348801	0.330189	0.330199	0.346819	0.323506	
2295	0.340338	0.358778	0.351308	0.352101	0.336888	0.347326	0.328456	0.327540	0.344826	0.320431	
2300	0.343217	0.357682	0.354199	0.353553	0.333968	0.342017	0.329113	0.326315	0.348803	0.317558	
2305	0.342728	0.358507	0.354110	0.353048	0.332633	0.338812	0.329240	0.331918	0.347264	0.314762	
2310	0.346100	0.358509	0.350274	0.357112	0.327779	0.340829	0.325778	0.332549	0.347494	0.316522	
2315	0.346326	0.360929	0.346249	0.357796	0.330309	0.339084	0.328831	0.333807	0.345332	0.313211	
2320	0.345995	0.360377	0.347220	0.357744	0.330389	0.335027	0.326394	0.336521	0.345151	0.312334	
2325	0.342366	0.361918	0.347358	0.357942	0.330817	0.336211	0.330059	0.338357	0.349318	0.312938	
2330	0.337775	0.362494	0.344886	0.357781	0.336367	0.328347	0.327378	0.334646	0.353380	0.308935	
2335	0.338967	0.359795	0.349461	0.357254	0.340552	0.323918	0.326376	0.332637	0.353530	0.307505	
2340	0.340861	0.363329	0.348538	0.356316	0.336321	0.324660	0.324412	0.335384	0.349599	0.308351	
2345	0.337897	0.364108	0.351033	0.353962	0.339392	0.326491	0.324976	0.334727	0.351979	0.315276	
2350	0.341243	0.362940	0.351355	0.357797	0.337781	0.321874	0.324096	0.330593	0.353884	0.312921	
2355	0.344357	0.362168	0.351484	0.356756	0.341267	0.318983	0.322581	0.328639	0.353966	0.317608	
2360	0.342557	0.361281	0.352342	0.359793	0.340418	0.320047	0.320086	0.330204	0.353539	0.316992	
2365	0.342267	0.361103	0.355894	0.360003	0.344339	0.319928	0.323696	0.330238	0.345124	0.320211	
2370	0.344782	0.360044	0.354185	0.360426	0.344593	0.317542	0.325260	0.332978	0.345454	0.318569	
2375	0.346124	0.358807	0.350308	0.358744	0.345202	0.314342	0.322250	0.333286	0.346686	0.319970	
2380	0.346058	0.360388	0.351690	0.362850	0.341626	0.312601	0.321776	0.333596	0.345293	0.321293	
2385	0.343034	0.362595	0.357729	0.358968	0.344699	0.311978	0.321916	0.334491	0.344272	0.320091	
2390	0.341196	0.364265	0.361399	0.362846	0.343963	0.326437	0.322136	0.332630	0.339719	0.326545	
2395	0.339833	0.361907	0.360787	0.362320	0.337786	0.330995	0.317508	0.333983	0.341511	0.328297	
2400	0.343391	0.363552	0.359853	0.367263	0.341660	0.336539	0.315233	0.334686	0.342390	0.326927	
2405	0.345622	0.365195	0.357662	0.364714	0.343046	0.341775	0.320804	0.341735	0.341848	0.328682	
2410	0.344109	0.367405	0.359550	0.368159	0.341731	0.344808	0.322816	0.346366	0.336080	0.333887	
2415	0.347615	0.368164	0.363167	0.367470	0.343930	0.343305	0.318684	0.344949	0.336772	0.332849	
2420	0.347100	0.373211	0.362601	0.366787	0.340469	0.341215	0.320360	0.343171	0.335283	0.333123	
2425	0.348444	0.371598	0.358950	0.365718	0.340822	0.341715	0.321994	0.344114	0.339004	0.335153	
2430	0.343710	0.375579	0.359639	0.361260	0.343513	0.338423	0.320529	0.345745	0.338351	0.338381	
2435	0.343258	0.371689	0.360361	0.364785	0.338921	0.342284	0.319422	0.344265	0.338049	0.338068	
2440	0.342148	0.373499	0.357825	0.365202	0.343649	0.344383	0.322486	0.340244	0.340865	0.338284	
2445	0.346329	0.371252	0.359647	0.367480	0.342609	0.343370	0.322096	0.341017	0.347146	0.340407	
2450	0.347829	0.370837	0.356164	0.362559	0.341257	0.342969	0.316884	0.343728	0.348593	0.337657	
2455	0.348405	0.372325	0.356457	0.363069	0.343052	0.346173	0.313508	0.343599	0.348050	0.341304	
2460	0.351699	0.372676	0.353781	0.360738	0.340603	0.348654	0.314722	0.346563	0.347033	0.341561	
2465	0.355620	0.369069	0.352985	0.360801	0.332552	0.344361	0.313186	0.343951	0.349443	0.340155	
2470	0.358884	0.371183	0.349256	0.359997	0.332100	0.345136	0.312793	0.344132	0.347155	0.344437	
2475	0.357027	0.367408	0.352356	0.361034	0.328409	0.342930	0.312557	0.349403	0.346240	0.346449	
2480	0.357512	0.368347	0.352325	0.364860	0.330315	0.344573	0.312596	0.347363	0.341141	0.351217	
2485	0.356383	0.367987	0.351040	0.367634	0.332744	0.350032	0.313300	0.345511	0.344117	0.348487	
2490	0.361864	0.368826	0.347176	0.370033	0.332773	0.349860	0.315632	0.344900	0.342216	0.350809	
2495	0.367507	0.366845	0.352442	0.365446	0.338557	0.345234	0.319075	0.345597	0.344139	0.350049	
2500	0.372190	0.362740	0.349768	0.368996	0.333849	0.339591	0.320611	0.343763	0.343024	0.350899	
2505	0.372488	0.365088	0.349421	0.368691	0.339173	0.339942	0.320058	0.342453	0.344372	0.352985	
2510	0.375314	0.364780	0.351476	0.369888	0.337085	0.344617	0.321791	0.337213	0.343312	0.352494	
2515	0.372061	0.363896	0.352322	0.368750	0.338433	0.345659	0.322084	0.337485	0.343584	0.355258	
2520	0.373791	0.364126	0.347664	0.365590	0.335450	0.345640	0.329140	0.333445	0.344170	0.355370	
2525	0.375680	0.360290	0.349019	0.364761	0.337595	0.348190	0.328244	0.331924	0.349763	0.350330	
2530	0.374774	0.358538	0.351352	0.367155	0.334195	0.347890	0.326798	0.328382	0.349664	0.349303	
2535	0.372063	0.352403	0.350329	0.366577	0.341973	0.350477	0.322333	0.329095	0.353922	0.352757	
2540	0.373484	0.355134	0.349099	0.367071	0.340535	0.351626	0.329543	0.328567	0.355009	0.348942	
2545	0.373239	0.351982	0.351403	0.366730	0.340812	0.351422	0.331511	0.336851	0.349764	0.348903	
2550	0.370860	0.356927	0.350832	0.360771	0.339387	0.354097	0.331874	0.338053	0.350224	0.348981	
2555	0.370373	0.359007	0.349204	0.359432	0.340249	0.355875	0.329686	0.337558	0.352951	0.349798	
2560	0.371138	0.358961	0.341612	0.356912	0.334518	0.357887	0.327692	0.338739	0.354197	0.351836	
2565	0.374476	0.356134	0.345204	0.355468	0.331669	0.361872	0.321051	0.336541	0.351340	0.352242	
2570	0.370185	0.353094	0.341564	0.356754	0.333719	0.364229	0.322819	0.331980	0.350937	0.356194	
2575	0.367846	0.350655	0.339648	0.357646	0.332443	0.367025	0.325352	0.330080	0.352582	0.356037	
2580	0.367519	0.352331	0.334866	0.357351	0.338456	0.367316	0.328744	0.331747	0.351441	0.354444	
2585	0.369827	0.353219	0.340660	0.354848	0.336239	0.371619	0.326074	0.329938	0.347180	0.360295	
2590	0.372997	0.352263	0.337664	0.358921	0.334454	0.374398	0.321628	0.327531	0.350447	0.363495	
2595	0.373397	0.351569	0.345879	0.362148	0.336015	0.373047	0.322800	0.325293	0.352226	0.364915	
2600	0.374119	0.355647	0.345454	0.363279	0.337047	0.370748	0.321396	0.324160	0.355423	0.364808	
2605	0.377318	0.346639	0.343586	0.363080	0.333537	0.371090	0.325133	0.325975	0.357593	0.366531	
2610	0.375390	0.347049	0.342538	0.356731	0.335747	0.371500	0.320977	0.327644	0.358147	0.370070	
2615	0.374700	0.350826	0.346966	0.355373	0.329723	0.369426	0.320334	0.333310	0.364585	0.368270	
2620	0.369553	0.351634	0.342146	0.360104	0.329976	0.374054	0.320991	0.335134	0.372354	0.365372	
2625	0.373601	0.352117	0.345140	0.359777	0.333685	0.372806	0.321743	0.338818	0.376305	0.365918	
2630	0.380984	0.353667	0.344424	0.358569	0.334564	0.370379	0.321876	0.343101	0.378198	0.365607	
2635	0.383962	0.354087	0.347546	0.359807	0.332299	0.366735	0.322715	0.342732	0.377999	0.369075	
2640	0.379807	0.355007	0.347507	0.358973	0.328552	0.366572	0.325261	0.342037	0.372537	0.366432	
2645	0.379509	0.356833	0.351222	0.359032	0.327399	0.365739	0.324013	0.341082	0.372901	0.366337	
2650	0.374195	0.354798	0.346844	0.361598	0.327310	0.366600	0.324836	0.343334	0.375788	0.368069	
2655	0.371304	0.356822	0.352471	0.359975	0.324305	0.366359	0.326890	0.338685	0.372818	0.366941	
2660	0.368241	0.356438	0.351255	0.357735	0.328527	0.367083	0.324000	0.339275	0.371466	0.364629	
2665	0.367213	0.356060	0.353012	0.356533	0.328375	0.364203	0.325186	0.343118	0.366923	0.362418	
2670	0.366758	0.360463	0.357702	0.354753	0.332810	0.368847	0.325447	0.347083	0.365810	0.362803	
2675	0.369288	0.363472	0.359099	0.355130	0.332540	0.371758	0.327059	0.346781	0.363576	0.362753	
2680	0.366812	0.366637	0.360290	0.349779	0.332542	0.373455	0.328635	0.346001	0.360534	0.360985	
2685	0.365111	0.370944	0.359708	0.354067	0.333259	0.370900	0.327819	0.343880	0.358851	0.359002	
2690	0.362538	0.373176	0.359619	0.351305	0.338098	0.372536	0.333569	0.341364	0.361622	0.359289	
2695	0.357337	0.374616	0.362314	0.351734	0.336064	0.371439	0.333218	0.341213	0.358532	0.356035	
2700	0.362595	0.378317	0.358761	0.349752	0.335763	0.367472	0.330591	0.337385	0.362513	0.355219	
2705	0.367031	0.379228	0.358672	0.345474	0.338224	0.366677	0.331442	0.340178	0.356126	0.351763	
2710	0.365800	0.379140	0.356640	0.347971	0.339220	0.365230	0.333166	0.340249	0.356747	0.353080	
2715	0.364987	0.375352	0.355855	0.348115	0.342017	0.361924	0.337764	0.339808	0.348057	0.350028	
2720	0.368028	0.372561	0.359164	0.346381	0.346043	0.364339	0.336482	0.338926	0.350438	0.351525	
2725	0.364218	0.374859	0.356842	0.345195	0.341612	0.357634	0.336711	0.333496	0.345323	0.354272	
2730	0.364072	0.373306	0.357269	0.342192	0.346433	0.355994	0.337281	0.335299	0.345873	0.358155	
2735	0.363767	0.367909	0.361901	0.336028	0.347129	0.353595	0.334810	0.332183	0.346606	0.356197	
2740	0.360440	0.366209	0.362118	0.332539	0.350190	0.355348	0.337251	0.333095	0.348814	0.356594	
2745	0.357170	0.365102	0.362778	0.333889	0.349690	0.357351	0.336226	0.330902	0.350019	0.357574	
2750	0.355654	0.363910	0.364662	0.331165	0.347691	0.358923	0.334699	0.333262	0.354833	0.354594	
2755	0.351619	0.360868	0.368002	0.332530	0.344279	0.355138	0.332110	0.339534	0.352566	0.354571	
2760	0.352061	0.364324	0.365007	0.332065	0.344479	0.353870	0.333880	0.339440	0.349574	0.355246	
2765	0.352294	0.364831	0.363513	0.324572	0.343447	0.349356	0.335611	0.343960	0.353898	0.354583	
2770	0.350364	0.365229	0.370143	0.320457	0.343804	0.346589	0.335108	0.341827	0.356448	0.354838	
2775	0.349528	0.361520	0.364795	0.326363	0.343098	0.348056	0.334701	0.347181	0.354107	0.350805	
2780	0.347328	0.358919	0.369592	0.327337	0.343229	0.342974	0.329072	0.347257	0.354275	0.353082	
2785	0.351895	0.357466	0.369104	0.319470	0.350653	0.343530	0.326976	0.343344	0.351401	0.348760	
2790	0.350119	0.359165	0.368264	0.311988	0.350126	0.342290	0.322605	0.348414	0.348552	0.347875	
2795	0.350622	0.363597	0.366302	0.304058	0.350050	0.344206	0.323688	0.346363	0.350666	0.350605	
2800	0.349554	0.366150	0.367419	0.303118	0.352095	0.346344	0.326350	0.347531	0.345691	0.352686	
2805	0.349593	0.367469	0.364006	0.306048	0.346761	0.349253	0.327200	0.350307	0.348581	0.352437	
2810	0.354440	0.364065	0.362864	0.303309	0.345649	0.348670	0.326981	0.351443	0.344090	0.352444	
2815	0.359170	0.368410	0.358365	0.312086	0.344170	0.347385	0.325233	0.348995	0.345300	0.350227	
2820	0.356544	0.367371	0.358157	0.311181	0.342260	0.349176	0.325518	0.343196	0.343108	0.351634	
2825	0.358135	0.369611	0.354744	0.316237	0.340047	0.347210	0.324480	0.343271	0.349591	0.354167	
2830	0.358624	0.367929	0.351285	0.317216	0.341494	0.346170	0.325837	0.342554	0.351555	0.355312	
2835	0.360379	0.364671	0.352650	0.320911	0.340249	0.345645	0.320653	0.341347	0.349187	0.353292	
2840	0.358286	0.369727	0.352234	0.322355	0.343861	0.348039	0.321187	0.338896	0.348361	0.353929	
2845	0.358611	0.370000	0.352708	0.324765	0.341907	0.347356	0.320560	0.339512	0.349675	0.352924	
2850	0.353615	0.365907	0.356100	0.325391	0.347533	0.347913	0.323250	0.346104	0.345794	0.356020	
2855	0.350754	0.362705	0.356601	0.324604	0.347641	0.350832	0.322475	0.348380	0.341253	0.350165	
2860	0.353015	0.365640	0.355205	0.333841	0.346067	0.348646	0.322641	0.349067	0.344847	0.343136	
2865	0.350371	0.366463	0.350686	0.335650	0.349322	0.345364	0.325588	0.346475	0.346885	0.346149	
2870	0.349322	0.368231	0.348769	0.334624	0.351257	0.349885	0.325022	0.343227	0.341235	0.350757	
2875	0.347416	0.361941	0.349587	0.334473	0.350144	0.350162	0.326418	0.339836	0.340208	0.350747	
2880	0.347621	0.364641	0.351414	0.339652	0.350730	0.352219	0.324422	0.335466	0.339590	0.350230	
2885	0.347408	0.365076	0.350537	0.346252	0.352486	0.356192	0.325879	0.335384	0.339012	0.348400	
2890	0.343724	0.362995	0.349682	0.340820	0.354856	0.355344	0.331177	0.335097	0.341578	0.342968	
2895	0.343259	0.362947	0.346852	0.340974	0.355876	0.356098	0.331479	0.332395	0.344436	0.346590	
2900	0.344748	0.358903	0.349460	0.343114	0.357498	0.354083	0.334712	0.332338	0.342922	0.343912	
2905	0.341296	0.361402	0.348935	0.341482	0.356549	0.351649	0.337344	0.326659	0.339613	0.343306	
2910	0.341873	0.360835	0.352175	0.334921	0.357095	0.352792	0.340811	0.330639	0.344237	0.345324	
2915	0.341763	0.361212	0.351029	0.332223	0.359807	0.355428	0.340161	0.328317	0.343824	0.346819	
2920	0.338068	0.361704	0.353155	0.337366	0.357812	0.358432	0.336803	0.329763	0.342185	0.347934	
2925	0.341086	0.362226	0.351325	0.336823	0.361466	0.360151	0.340486	0.324402	0.343495	0.352294	
2930	0.343579	0.353869	0.349006	0.336077	0.361259	0.361362	0.341419	0.325118	0.344413	0.352676	
2935	0.344268	0.350592	0.349094	0.337538	0.363416	0.360683	0.335635	0.319535	0.346164	0.349685	
2940	0.348491	0.350973	0.359112	0.328100	0.362463	0.356822	0.338154	0.320784	0.346049	0.348702	
2945	0.345642	0.347228	0.359273	0.332820	0.362897	0.355328	0.338894	0.319345	0.345482	0.351403	
2950	0.343482	0.342808	0.356566	0.338853	0.360746	0.358053	0.333662	0.323404	0.342813	0.350464	
2955	0.345859	0.342391	0.355618	0.334276	0.360186	0.358415	0.329687	0.323203	0.341527	0.352427	
2960	0.342521	0.342071	0.358275	0.332560	0.362572	0.358167	0.328402	0.326478	0.344480	0.355640	
2965	0.340737	0.341892	0.360624	0.329552	0.363114	0.357714	0.326414	0.327663	0.344590	0.357114	
2970	0.341913	0.349209	0.358578	0.327818	0.361575	0.354318	0.327772	0.332427	0.343335	0.358829	
2975	0.344470	0.347888	0.354352	0.330711	0.359688	0.353468	0.331376	0.332690	0.344800	0.353926	
2980	0.341936	0.349383	0.354672	0.334144	0.359271	0.354819	0.333678	0.331018	0.346199	0.360213	
2985	0.341902	0.349149	0.352348	0.337158	0.360114	0.355415	0.332033	0.330167	0.349924	0.359954	
2990	0.344731	0.351410	0.348700	0.337684	0.363337	0.351231	0.332158	0.329585	0.353141	0.357303	
2995	0.344166	0.350800	0.349027	0.336123	0.363833	0.346858	0.335735	0.334732	0.352570	0.356093	
3000	0.342137	0.346836	0.350382	0.332977	0.366334	0.347807	0.338702	0.334834	0.357155	0.359256	
