T	rep_1	rep_2	rep_3	rep_4	rep_5	rep_6	rep_7	rep_8	rep_9	rep_10
5	0.000000	0.000000	0.000000	0.000000	0.000000	0.000000	0.000000	0.000000	0.000000	0.000000	
10	0.000000	0.000000	0.000000	0.000000	0.000000	0.000000	0.000000	0.000000	0.000000	0.000000	
15	0.000000	0.000000	0.000000	0.000000	0.000000	0.000000	0.000000	0.000000	0.000000	0.000000	
20	0.000000	0.000000	0.000000	0.000000	0.000000	0.000000	0.000000	0.000000	0.000000	0.000000	
25	0.000000	0.000000	0.000000	0.000000	0.000000	0.000000	0.000000	0.000000	0.000000	0.000000	
30	0.000000	0.000000	0.000000	0.000000	0.000000	0.000000	0.000000	0.000000	0.000000	0.000000	
35	0.000000	0.000000	0.000000	0.000000	0.000000	0.000000	0.000000	0.000000	0.000000	0.000000	
40	0.000000	0.000000	0.000000	0.000000	0.000000	0.000000	0.000000	0.000000	0.000000	0.000000	
45	0.000000	0.000000	0.000000	0.000000	0.000000	0.000000	0.000000	0.000000	0.000000	0.000000	
50	0.000000	0.000000	0.000000	0.000000	0.000000	0.000000	0.000000	0.000000	0.000000	0.000000	
55	0.000000	0.000000	0.000000	0.000000	0.000000	0.000000	0.000000	0.000000	0.000000	0.000000	
60	0.000000	0.000000	0.000000	0.000000	0.000000	0.000000	0.000000	0.000000	0.000000	0.000000	
65	0.000000	0.000000	0.000000	0.000000	0.000000	0.000000	0.000000	0.000000	0.000000	0.000000	
70	0.000000	0.000000	0.000000	0.000000	0.000000	0.000000	0.000000	0.000000	0.000000	0.000000	
75	0.000000	0.000000	0.000000	0.000000	0.000000	0.000000	0.000000	0.000000	0.000000	0.000000	
80	0.000000	0.000000	0.000000	0.000000	0.000000	0.000000	0.000000	0.000000	0.000000	0.000000	
85	0.000000	0.000000	0.000000	0.000000	0.000000	0.000000	0.000000	0.000000	0.000000	0.000000	
90	0.000000	0.000000	0.000000	0.000000	0.000000	0.000000	0.000000	0.000000	0.000000	0.000000	
95	0.000000	0.000000	0.000000	0.000000	0.000000	0.000000	0.000000	0.000000	0.000000	0.000000	
100	0.000000	0.000000	0.000000	0.000000	0.000000	0.000000	0.000000	0.000000	0.000000	0.000000	
105	0.000000	0.000000	0.000000	0.000000	0.000000	0.000000	0.000000	0.000000	0.000000	0.000000	
110	0.000000	0.000000	0.000000	0.000000	0.000000	0.000000	0.000000	0.000000	0.000000	0.000000	
115	0.000000	0.000000	0.000000	0.000000	0.000000	0.000000	0.000000	0.000000	0.000000	0.000000	
120	0.000000	0.000000	0.000000	0.000000	0.000000	0.000000	0.000000	0.000000	0.000000	0.000000	
125	0.000000	0.000000	0.000000	0.000000	0.000000	0.000000	0.000000	0.000000	0.000000	0.000000	
130	0.000000	0.000000	0.000000	0.000000	0.000000	0.000000	0.000000	0.000000	0.000000	0.000000	
135	0.000000	0.000000	0.000000	0.000000	0.000000	0.000000	0.000000	0.000000	0.000000	0.000000	
140	0.000000	0.000000	0.000000	0.000000	0.000000	0.000000	0.000000	0.000000	0.000000	0.000000	
145	0.000000	0.000000	0.000000	0.000000	0.000000	0.000000	0.000000	0.000000	0.000000	0.000000	
150	0.000000	0.000000	0.000000	0.000000	0.000000	0.000000	0.000000	0.000000	0.000000	0.000000	
155	0.000000	0.000000	0.000000	0.000000	0.000000	0.000000	0.000000	0.000000	0.000000	0.000000	
160	0.000000	0.000000	0.000000	0.000000	0.000000	0.000000	0.000000	0.000000	0.000000	0.000000	
165	0.000000	0.000000	0.000000	0.000000	0.000000	0.000000	0.000000	0.000000	0.000000	0.000000	
170	0.000000	0.000000	0.000000	0.000000	0.000000	0.000000	0.000000	0.000000	0.000000	0.000000	
175	0.000000	0.000000	0.000000	0.000000	0.000000	0.000000	0.000000	0.000000	0.000000	0.000000	
180	0.000000	0.000000	0.000000	0.000000	0.000000	0.000000	0.000000	0.000000	0.000000	0.000000	
185	0.000000	0.000000	0.000000	0.000000	0.000000	0.000000	0.000000	0.000000	0.000000	0.000000	
190	0.000000	0.000000	0.000000	0.000000	0.000000	0.000000	0.000000	0.000000	0.000000	0.000000	
195	0.000000	0.000000	0.000000	0.000000	0.000000	0.000000	0.000000	0.000000	0.000000	0.000000	
200	0.000000	0.000000	0.000000	0.000000	0.000000	0.000000	0.000000	0.000000	0.000000	0.000000	
205	0.001461	0.001556	0.001120	0.001616	0.002027	0.001201	0.001245	0.002017	0.001180	0.001134	
210	0.002700	0.003948	0.002180	0.002605	0.003247	0.002197	0.002692	0.002524	0.002596	0.003451	
215	0.004301	0.005630	0.003588	0.004085	0.005673	0.002840	0.004767	0.003529	0.003503	0.003723	
220	0.007414	0.007041	0.004322	0.004874	0.006949	0.004087	0.005015	0.005960	0.005160	0.004890	
225	0.007316	0.008271	0.005176	0.007305	0.006855	0.006051	0.006405	0.006910	0.006527	0.006099	
230	0.010535	0.009536	0.007884	0.009069	0.008554	0.006071	0.008677	0.007194	0.006978	0.006384	
235	0.012905	0.011732	0.008322	0.009892	0.007813	0.008158	0.010613	0.007548	0.007407	0.008956	
240	0.015299	0.012438	0.009638	0.011987	0.009171	0.009618	0.012483	0.008352	0.010393	0.009446	
245	0.015169	0.012491	0.009187	0.014482	0.010430	0.010473	0.013461	0.011356	0.010781	0.010820	
250	0.016289	0.013523	0.011438	0.014111	0.012898	0.012385	0.013173	0.011604	0.010885	0.012583	
255	0.017901	0.013026	0.013351	0.016192	0.011981	0.014526	0.014937	0.013037	0.010657	0.011085	
260	0.018632	0.014427	0.013339	0.018348	0.012696	0.015376	0.016321	0.014843	0.012551	0.010293	
265	0.020131	0.015494	0.013729	0.021044	0.014039	0.018835	0.015905	0.015326	0.013483	0.011863	
270	0.020267	0.017987	0.014451	0.022419	0.014571	0.018158	0.016490	0.018828	0.016579	0.011341	
275	0.020507	0.019549	0.016137	0.023305	0.014374	0.019022	0.018593	0.019694	0.017221	0.012402	
280	0.021034	0.020140	0.017699	0.020679	0.015763	0.019068	0.021620	0.021805	0.018614	0.011870	
285	0.022099	0.021443	0.019354	0.021463	0.016633	0.022013	0.023293	0.023920	0.018335	0.012470	
290	0.021571	0.022255	0.019063	0.025756	0.017023	0.022359	0.023803	0.026060	0.021037	0.013952	
295	0.022321	0.024167	0.020069	0.027370	0.018373	0.021863	0.025498	0.026881	0.021407	0.012396	
300	0.024443	0.023605	0.021489	0.028377	0.018768	0.023683	0.026693	0.027371	0.024005	0.013804	
305	0.023156	0.025021	0.023749	0.026038	0.023164	0.022760	0.027638	0.026578	0.025903	0.014548	
310	0.025152	0.026347	0.025070	0.027384	0.023222	0.025474	0.029901	0.024965	0.026617	0.015455	
315	0.026223	0.027590	0.024239	0.028411	0.021012	0.025191	0.027999	0.025713	0.026062	0.015625	
320	0.027070	0.027403	0.022824	0.028771	0.022682	0.023411	0.030703	0.027933	0.027399	0.015748	
325	0.025889	0.028841	0.024187	0.027265	0.022913	0.023384	0.030775	0.028471	0.028455	0.015901	
330	0.026803	0.029878	0.025620	0.028266	0.023635	0.026018	0.029108	0.027870	0.027708	0.016461	
335	0.025155	0.029942	0.027017	0.029093	0.024946	0.026476	0.031126	0.026779	0.029903	0.016695	
340	0.025480	0.029566	0.027352	0.026492	0.026167	0.025838	0.032023	0.026192	0.030616	0.015994	
345	0.027803	0.031385	0.028267	0.023546	0.026101	0.026861	0.034228	0.028345	0.031452	0.018313	
350	0.028502	0.030822	0.027902	0.025054	0.026136	0.027483	0.035357	0.030634	0.029354	0.021050	
355	0.026457	0.029774	0.027401	0.025534	0.026857	0.028431	0.034259	0.028699	0.029838	0.021314	
360	0.027911	0.028582	0.026042	0.026608	0.028675	0.029015	0.036173	0.029598	0.030693	0.022336	
365	0.030268	0.031623	0.027953	0.027406	0.028901	0.029083	0.035873	0.030091	0.030662	0.022415	
370	0.028314	0.031209	0.026818	0.027024	0.030272	0.028929	0.035301	0.029811	0.030823	0.022872	
375	0.030288	0.032683	0.030491	0.028392	0.030160	0.031569	0.034894	0.030006	0.032544	0.024366	
380	0.030875	0.033650	0.029719	0.029936	0.031133	0.030556	0.035352	0.028697	0.032693	0.025352	
385	0.030776	0.034471	0.029004	0.027429	0.032321	0.031801	0.035834	0.027933	0.034513	0.022707	
390	0.032024	0.033561	0.027834	0.029621	0.033272	0.033462	0.035270	0.027693	0.036953	0.020864	
395	0.031183	0.034025	0.027962	0.027851	0.032077	0.033180	0.033018	0.026202	0.036507	0.022271	
400	0.030264	0.034842	0.025125	0.028878	0.034994	0.034986	0.032361	0.026768	0.036380	0.022423	
405	0.031037	0.035228	0.025472	0.028802	0.032328	0.035534	0.034188	0.027276	0.033707	0.024563	
410	0.030053	0.034533	0.025792	0.029988	0.031765	0.036391	0.033010	0.027736	0.034492	0.024528	
415	0.029354	0.033714	0.026380	0.030805	0.033677	0.036720	0.035187	0.027475	0.035391	0.022641	
420	0.029987	0.034460	0.027884	0.028831	0.034793	0.035374	0.033299	0.028073	0.036738	0.024167	
425	0.032038	0.031958	0.028652	0.029312	0.034746	0.032673	0.033160	0.029245	0.037458	0.026336	
430	0.032934	0.031186	0.028173	0.027691	0.035531	0.033378	0.031946	0.030147	0.036610	0.027187	
435	0.030608	0.032953	0.027825	0.027340	0.035129	0.032237	0.032424	0.028384	0.036284	0.028528	
440	0.031082	0.034487	0.028669	0.029899	0.034924	0.031125	0.032631	0.027326	0.034213	0.027260	
445	0.032592	0.034468	0.027764	0.030698	0.036450	0.031097	0.033338	0.026957	0.036741	0.028807	
450	0.033218	0.034784	0.028655	0.030903	0.034871	0.031010	0.035210	0.027144	0.038070	0.030754	
455	0.033567	0.032887	0.030483	0.031755	0.034652	0.031613	0.034545	0.025985	0.038560	0.030550	
460	0.033902	0.034354	0.030853	0.029808	0.035567	0.033548	0.036712	0.026851	0.037045	0.031148	
465	0.033621	0.034236	0.031047	0.030140	0.036317	0.032326	0.037275	0.028239	0.036469	0.031684	
470	0.033873	0.034518	0.030660	0.029014	0.034748	0.032798	0.036460	0.029408	0.037123	0.031727	
475	0.033279	0.033976	0.030861	0.029767	0.035132	0.032148	0.038316	0.029887	0.038187	0.029101	
480	0.033501	0.035133	0.028698	0.029577	0.035040	0.033023	0.036256	0.028297	0.037698	0.031673	
485	0.033202	0.034977	0.029811	0.029773	0.035943	0.032841	0.036195	0.025159	0.036665	0.032852	
490	0.033223	0.036341	0.031902	0.031304	0.034314	0.031861	0.035682	0.024735	0.035444	0.032941	
495	0.031838	0.036269	0.033133	0.029796	0.036277	0.032648	0.034942	0.024951	0.036197	0.034118	
500	0.030947	0.034626	0.032824	0.030953	0.035745	0.030625	0.034768	0.023999	0.036089	0.032819	
505	0.030912	0.033806	0.034179	0.031394	0.036610	0.031368	0.033269	0.024504	0.036407	0.035470	
510	0.030286	0.032523	0.035580	0.028766	0.035850	0.029521	0.034125	0.025556	0.033821	0.033515	
515	0.031424	0.034530	0.034477	0.029563	0.035505	0.029500	0.032708	0.027207	0.033529	0.031238	
520	0.033303	0.034156	0.033777	0.028723	0.033592	0.029934	0.033155	0.027286	0.034780	0.030792	
525	0.033198	0.032239	0.034685	0.032109	0.033941	0.031547	0.033389	0.027509	0.031466	0.028953	
530	0.033742	0.032960	0.037534	0.032233	0.034469	0.032697	0.034088	0.027505	0.032053	0.028380	
535	0.035368	0.033574	0.035575	0.032557	0.035962	0.033107	0.033534	0.027184	0.033221	0.028692	
540	0.035485	0.034043	0.034207	0.031852	0.036183	0.032851	0.031828	0.027027	0.033694	0.028209	
545	0.037763	0.033590	0.033611	0.030603	0.035189	0.030541	0.031286	0.027088	0.033179	0.029341	
550	0.035021	0.035118	0.033552	0.030777	0.036511	0.030898	0.033293	0.028205	0.034317	0.029124	
555	0.034381	0.033802	0.032765	0.028579	0.035792	0.033242	0.031045	0.027986	0.035439	0.030347	
560	0.032677	0.034850	0.033531	0.029954	0.033624	0.032095	0.031973	0.028536	0.034398	0.029808	
565	0.033207	0.036708	0.032065	0.030464	0.034028	0.031771	0.032102	0.028182	0.031445	0.028978	
570	0.034842	0.036891	0.032012	0.029833	0.032931	0.032439	0.031942	0.026929	0.030829	0.027279	
575	0.035572	0.034899	0.033748	0.029870	0.031983	0.031982	0.030765	0.027594	0.031861	0.026487	
580	0.036157	0.033987	0.035202	0.029204	0.033019	0.031995	0.032031	0.027644	0.031043	0.025207	
585	0.036483	0.034634	0.034874	0.029936	0.032793	0.032491	0.031617	0.026244	0.031698	0.025959	
590	0.035926	0.035960	0.033492	0.027834	0.032103	0.031902	0.033354	0.027843	0.031428	0.027814	
595	0.038474	0.037295	0.030684	0.028722	0.032239	0.029751	0.033740	0.027927	0.031932	0.028575	
600	0.035368	0.037787	0.031689	0.029509	0.032826	0.030670	0.031904	0.024873	0.032092	0.028872	
605	0.035302	0.035839	0.030752	0.029341	0.030967	0.029852	0.034257	0.026565	0.032369	0.027970	
610	0.033906	0.036793	0.030222	0.029207	0.031633	0.027973	0.032924	0.026331	0.031926	0.026822	
615	0.033088	0.035469	0.031647	0.029766	0.031921	0.029236	0.033430	0.028333	0.030893	0.026903	
620	0.031860	0.034816	0.032300	0.029146	0.031917	0.030030	0.033723	0.027308	0.029523	0.027341	
625	0.031927	0.035912	0.032325	0.030797	0.033303	0.030759	0.034551	0.030621	0.030952	0.025914	
630	0.033333	0.035792	0.030755	0.030886	0.033298	0.029194	0.033475	0.027808	0.030412	0.026159	
635	0.032076	0.034702	0.030763	0.031031	0.035178	0.030660	0.033394	0.027077	0.029092	0.024666	
640	0.033544	0.032437	0.030147	0.031078	0.033182	0.032455	0.032452	0.027445	0.028507	0.022949	
645	0.031537	0.034314	0.029700	0.031345	0.031139	0.032174	0.034851	0.027737	0.028634	0.026200	
650	0.031435	0.034476	0.029483	0.031285	0.031543	0.030956	0.033586	0.026359	0.028398	0.024777	
655	0.031611	0.033811	0.031868	0.031545	0.032666	0.028991	0.032395	0.025238	0.027016	0.025879	
660	0.032341	0.032800	0.032045	0.034485	0.032972	0.029030	0.030987	0.026166	0.027843	0.025980	
665	0.032174	0.032091	0.031253	0.033635	0.033191	0.029279	0.031017	0.026274	0.029551	0.028155	
670	0.032056	0.034532	0.030666	0.033563	0.033279	0.028699	0.032066	0.026986	0.029259	0.028462	
675	0.033665	0.034625	0.028693	0.032367	0.034622	0.029668	0.031563	0.025716	0.031198	0.028254	
680	0.033956	0.032548	0.028794	0.031857	0.034643	0.028583	0.033636	0.024312	0.029788	0.029048	
685	0.034592	0.032086	0.028907	0.030378	0.033267	0.029109	0.033227	0.024868	0.029800	0.027684	
690	0.033005	0.032961	0.030044	0.029714	0.031981	0.028300	0.032609	0.023828	0.031629	0.029063	
695	0.032235	0.032450	0.030323	0.030640	0.032447	0.029460	0.033838	0.024450	0.031266	0.028928	
700	0.032303	0.033457	0.030493	0.029398	0.030792	0.029202	0.034156	0.026422	0.029532	0.030131	
705	0.033196	0.034313	0.031860	0.031126	0.028900	0.028308	0.036310	0.025835	0.029319	0.029849	
710	0.032152	0.033712	0.031625	0.028757	0.028487	0.027566	0.035937	0.024720	0.027671	0.029207	
715	0.031488	0.033221	0.030253	0.029088	0.027838	0.027709	0.035460	0.026242	0.025480	0.029860	
720	0.032578	0.032956	0.028203	0.028872	0.027918	0.027465	0.034850	0.027198	0.026091	0.030271	
725	0.034336	0.031510	0.028842	0.029923	0.027592	0.027040	0.033685	0.026287	0.025850	0.031909	
730	0.035347	0.034217	0.028152	0.029094	0.027556	0.026937	0.032298	0.026975	0.025930	0.030823	
735	0.036930	0.034336	0.026939	0.028369	0.026239	0.028407	0.033504	0.027464	0.025329	0.029347	
740	0.036293	0.032753	0.026591	0.029087	0.026462	0.028040	0.031720	0.027485	0.025657	0.029085	
745	0.033867	0.033732	0.025647	0.029149	0.025402	0.028216	0.031313	0.024967	0.026099	0.028577	
750	0.032690	0.034833	0.025657	0.027294	0.024616	0.026593	0.031820	0.024477	0.027170	0.030291	
755	0.033791	0.033975	0.026711	0.028959	0.024930	0.027006	0.031544	0.025858	0.026138	0.030541	
760	0.033692	0.034077	0.025995	0.030574	0.026669	0.028374	0.032090	0.028189	0.026840	0.030055	
765	0.035455	0.035086	0.026607	0.031279	0.027140	0.027934	0.031645	0.027112	0.024366	0.029663	
770	0.034117	0.033994	0.027648	0.031150	0.026894	0.029171	0.030395	0.026396	0.024305	0.028207	
775	0.036226	0.034220	0.028291	0.028784	0.026678	0.030876	0.030501	0.024738	0.025635	0.027270	
780	0.033702	0.032504	0.028827	0.027713	0.025406	0.030906	0.029972	0.025469	0.025186	0.027788	
785	0.033548	0.033931	0.028345	0.028229	0.026236	0.031173	0.029766	0.025862	0.026001	0.028573	
790	0.033235	0.031158	0.028540	0.027900	0.027730	0.030353	0.029188	0.027833	0.027254	0.028562	
795	0.031038	0.030842	0.027361	0.027577	0.028700	0.028242	0.028991	0.028636	0.027710	0.028675	
800	0.031852	0.031568	0.028708	0.026450	0.029974	0.027954	0.028796	0.027552	0.028469	0.027838	
805	0.030426	0.031527	0.028092	0.027427	0.030364	0.028713	0.029732	0.027025	0.027291	0.027701	
810	0.031510	0.031946	0.026886	0.026838	0.032765	0.029784	0.030366	0.025229	0.027794	0.027740	
815	0.030640	0.030343	0.028214	0.028771	0.033245	0.030766	0.029204	0.026342	0.026617	0.029386	
820	0.032030	0.031511	0.028611	0.028225	0.033060	0.030697	0.029225	0.025838	0.025808	0.029149	
825	0.031435	0.031656	0.027525	0.027122	0.033822	0.030607	0.029053	0.024447	0.026038	0.029172	
830	0.031606	0.030840	0.027290	0.027280	0.033826	0.031104	0.030354	0.023639	0.026411	0.027906	
835	0.031958	0.031597	0.027995	0.027733	0.032459	0.031839	0.032281	0.024136	0.025952	0.029783	
840	0.033171	0.032009	0.029181	0.026620	0.032101	0.032539	0.033598	0.024931	0.024752	0.028927	
845	0.032432	0.029842	0.030629	0.025769	0.032687	0.033585	0.034835	0.025264	0.024645	0.027542	
850	0.031672	0.028985	0.027510	0.025612	0.032348	0.031079	0.035812	0.026168	0.023377	0.027119	
855	0.031676	0.029281	0.027367	0.026942	0.033628	0.031119	0.036958	0.026488	0.024147	0.027700	
860	0.032906	0.028043	0.025485	0.026725	0.034412	0.031850	0.035473	0.027063	0.022087	0.027536	
865	0.031869	0.028397	0.025199	0.027906	0.034349	0.028933	0.035946	0.027195	0.021117	0.027053	
870	0.030481	0.029465	0.025597	0.028760	0.031778	0.028361	0.036541	0.026187	0.021230	0.025511	
875	0.029337	0.030778	0.024909	0.028788	0.030348	0.028669	0.036284	0.025496	0.020326	0.025836	
880	0.029869	0.033293	0.024370	0.029078	0.031611	0.028640	0.034883	0.025124	0.022497	0.027966	
885	0.028789	0.032254	0.023575	0.028228	0.031562	0.026964	0.033480	0.026999	0.023137	0.026555	
890	0.028201	0.031623	0.023907	0.027516	0.031167	0.026275	0.033959	0.027542	0.023432	0.025830	
895	0.028827	0.031399	0.024016	0.027413	0.031121	0.025602	0.033407	0.028751	0.023614	0.026744	
900	0.029170	0.031743	0.025714	0.027013	0.031501	0.025495	0.033019	0.029367	0.024053	0.026279	
905	0.028854	0.032475	0.025342	0.027316	0.031566	0.025875	0.033889	0.032279	0.024044	0.026911	
910	0.028400	0.030526	0.025849	0.028310	0.030586	0.025827	0.033677	0.034398	0.023629	0.027765	
915	0.026186	0.031171	0.025247	0.026512	0.029769	0.026505	0.031817	0.035728	0.024134	0.028017	
920	0.026811	0.033314	0.025347	0.026932	0.030095	0.026854	0.032408	0.034210	0.025303	0.028200	
925	0.023813	0.032423	0.026137	0.026802	0.030803	0.026092	0.033446	0.033525	0.023017	0.030277	
930	0.025363	0.032353	0.025932	0.026552	0.031395	0.025114	0.031843	0.033448	0.022233	0.029759	
935	0.025065	0.034999	0.026790	0.025272	0.033052	0.024854	0.030820	0.034072	0.021657	0.029484	
940	0.025900	0.033151	0.027813	0.026771	0.031504	0.023882	0.029940	0.033859	0.023655	0.028641	
945	0.026638	0.032217	0.028971	0.027305	0.032856	0.024070	0.030104	0.033260	0.024366	0.029034	
950	0.025849	0.032453	0.030332	0.026588	0.031697	0.024801	0.030368	0.033289	0.026150	0.028463	
955	0.024202	0.032288	0.030471	0.025199	0.032154	0.024528	0.029575	0.034643	0.022936	0.030354	
960	0.025976	0.033109	0.029821	0.024947	0.033897	0.024309	0.030765	0.033234	0.022165	0.030869	
965	0.025335	0.034224	0.028896	0.025698	0.032904	0.024087	0.029828	0.032370	0.022307	0.030770	
970	0.026590	0.034073	0.029485	0.026778	0.034384	0.026091	0.030330	0.033114	0.022848	0.029916	
975	0.027634	0.034041	0.028402	0.025578	0.034841	0.024961	0.031733	0.033287	0.021409	0.030243	
980	0.026074	0.036177	0.028625	0.024208	0.032803	0.027510	0.031673	0.034550	0.020975	0.030223	
985	0.027733	0.034610	0.028509	0.024101	0.032716	0.027518	0.033193	0.033561	0.022195	0.029608	
990	0.028815	0.034770	0.030793	0.024514	0.032358	0.028566	0.034215	0.033160	0.022406	0.029713	
995	0.028090	0.033117	0.031200	0.025635	0.031036	0.028315	0.033898	0.034314	0.022833	0.031242	
1000	0.028343	0.030904	0.031345	0.025647	0.031348	0.028396	0.033796	0.033404	0.021794	0.029929	
1005	0.030538	0.031537	0.029345	0.025833	0.030607	0.026595	0.033324	0.033420	0.021621	0.027173	
1010	0.033736	0.032289	0.028946	0.025490	0.029309	0.026508	0.035349	0.031230	0.021528	0.029473	
1015	0.034977	0.032491	0.030776	0.027323	0.028984	0.027810	0.034432	0.030929	0.023538	0.029592	
1020	0.034027	0.031359	0.029606	0.027318	0.028749	0.028419	0.033726	0.030139	0.021037	0.029390	
1025	0.032758	0.031630	0.030940	0.028533	0.028271	0.028006	0.032652	0.028134	0.023599	0.028280	
1030	0.034375	0.032844	0.030766	0.028082	0.028281	0.029146	0.032130	0.030500	0.023732	0.027808	
1035	0.032866	0.032238	0.030917	0.029686	0.026484	0.028375	0.032627	0.030900	0.024006	0.028706	
1040	0.031260	0.031167	0.028798	0.029253	0.027832	0.027940	0.034122	0.031732	0.026565	0.030810	
1045	0.030789	0.030723	0.027780	0.030218	0.028330	0.028488	0.035665	0.030416	0.026731	0.030373	
1050	0.031376	0.030879	0.027609	0.028861	0.027706	0.027286	0.034781	0.031524	0.027376	0.031005	
1055	0.031543	0.032058	0.027699	0.027884	0.026332	0.028502	0.035174	0.031817	0.027515	0.030291	
1060	0.032614	0.029921	0.027302	0.029130	0.028953	0.028139	0.035198	0.030609	0.027621	0.031994	
1065	0.031005	0.030681	0.027597	0.028575	0.026599	0.026936	0.033444	0.030217	0.030357	0.030806	
1070	0.033741	0.029312	0.028167	0.030207	0.026274	0.028217	0.031506	0.029434	0.029567	0.031783	
1075	0.032666	0.029743	0.027477	0.030082	0.027469	0.028027	0.030308	0.028234	0.028739	0.032433	
1080	0.033027	0.029901	0.026580	0.031071	0.026168	0.028027	0.029914	0.030122	0.029595	0.031200	
1085	0.034670	0.030075	0.026811	0.027824	0.024801	0.027317	0.028654	0.029386	0.031552	0.030862	
1090	0.035172	0.028045	0.027263	0.028850	0.025956	0.028061	0.028526	0.029065	0.031754	0.031452	
1095	0.035851	0.028764	0.029288	0.029241	0.027403	0.028520	0.030748	0.028208	0.034096	0.032704	
1100	0.035978	0.027885	0.026730	0.030165	0.027143	0.029735	0.032418	0.027463	0.032280	0.033157	
1105	0.032545	0.028393	0.027045	0.028950	0.025225	0.028836	0.032276	0.027599	0.030680	0.032680	
1110	0.031502	0.029322	0.028336	0.028768	0.026462	0.028781	0.033517	0.028734	0.030854	0.031558	
1115	0.030702	0.028473	0.027960	0.029538	0.025830	0.029375	0.032883	0.028310	0.029057	0.031687	
1120	0.030656	0.027799	0.026670	0.029456	0.025786	0.030238	0.034999	0.029106	0.027928	0.031698	
1125	0.031756	0.029038	0.026842	0.030349	0.025456	0.029744	0.033000	0.029549	0.027142	0.031380	
1130	0.031713	0.030597	0.028226	0.029962	0.027008	0.029760	0.033250	0.029778	0.026018	0.032265	
1135	0.033319	0.030732	0.026783	0.027769	0.025983	0.029961	0.033629	0.031030	0.025372	0.030390	
1140	0.033592	0.032329	0.026020	0.025478	0.025887	0.029202	0.032998	0.031458	0.026399	0.031210	
1145	0.032642	0.031668	0.026831	0.025402	0.025512	0.029017	0.032795	0.033827	0.025333	0.030700	
1150	0.031758	0.031971	0.025909	0.025401	0.025960	0.028547	0.032357	0.032443	0.026046	0.030839	
1155	0.031848	0.031459	0.026031	0.025933	0.026137	0.030138	0.031925	0.032725	0.024414	0.029837	
1160	0.032829	0.030916	0.025486	0.027045	0.026207	0.030327	0.029217	0.032792	0.024003	0.029624	
1165	0.033462	0.029945	0.026916	0.027031	0.026604	0.031225	0.030811	0.033038	0.023290	0.030130	
1170	0.033812	0.030690	0.028232	0.029542	0.028672	0.031323	0.030753	0.032923	0.023559	0.030184	
1175	0.033401	0.029946	0.029380	0.028318	0.028063	0.032364	0.029533	0.034433	0.024560	0.030930	
1180	0.032528	0.030290	0.028122	0.028388	0.031081	0.034636	0.028787	0.034170	0.024800	0.030237	
1185	0.032924	0.029978	0.027806	0.029544	0.032413	0.033591	0.029762	0.033466	0.027835	0.029964	
1190	0.030317	0.031427	0.026640	0.030564	0.031983	0.034534	0.027408	0.034382	0.027102	0.028700	
1195	0.030135	0.031069	0.028269	0.029546	0.030679	0.036801	0.029384	0.032643	0.027401	0.026925	
1200	0.029862	0.032517	0.028521	0.028898	0.029724	0.035668	0.028588	0.032510	0.027729	0.028087	
1205	0.029553	0.033922	0.029745	0.026923	0.031765	0.035071	0.026742	0.033702	0.028594	0.027165	
1210	0.031143	0.032674	0.029664	0.029481	0.029175	0.034840	0.028109	0.033836	0.029342	0.026447	
1215	0.032092	0.032080	0.029253	0.029939	0.029908	0.034761	0.026851	0.032158	0.030787	0.026355	
1220	0.031702	0.030636	0.029484	0.030765	0.030590	0.034310	0.025071	0.030836	0.031240	0.026619	
1225	0.029126	0.030638	0.028394	0.031234	0.030966	0.032535	0.028091	0.031041	0.030964	0.027008	
1230	0.028767	0.030313	0.029092	0.029939	0.028279	0.033353	0.028105	0.032221	0.031449	0.028657	
1235	0.030243	0.029683	0.029371	0.028765	0.027787	0.031678	0.027988	0.032226	0.028765	0.028158	
1240	0.029564	0.030706	0.030675	0.027716	0.027748	0.031202	0.028340	0.032001	0.028435	0.027165	
1245	0.027620	0.029306	0.030485	0.028230	0.027726	0.031150	0.026937	0.031243	0.027823	0.025547	
1250	0.026697	0.028437	0.028910	0.029256	0.027306	0.032266	0.027287	0.031926	0.027911	0.025110	
1255	0.026878	0.028814	0.030806	0.029383	0.027066	0.031352	0.028804	0.030226	0.028872	0.023735	
1260	0.027960	0.029809	0.031185	0.030133	0.027538	0.031358	0.026699	0.029640	0.030201	0.022592	
1265	0.028912	0.030924	0.031387	0.029910	0.027997	0.032311	0.027329	0.030987	0.028289	0.024118	
1270	0.027438	0.032915	0.032888	0.028429	0.029083	0.031308	0.026205	0.031931	0.028201	0.023273	
1275	0.029783	0.032363	0.029729	0.027513	0.029399	0.031710	0.025390	0.031216	0.026957	0.023992	
1280	0.028263	0.031908	0.028086	0.026109	0.029022	0.032512	0.025072	0.031313	0.029637	0.022607	
1285	0.028414	0.033723	0.029987	0.024093	0.029644	0.030474	0.025383	0.029309	0.028260	0.021666	
1290	0.027662	0.032328	0.030046	0.025290	0.032030	0.029419	0.026514	0.026986	0.030984	0.022661	
1295	0.028017	0.031909	0.030080	0.026456	0.031651	0.029975	0.026121	0.027529	0.031256	0.024516	
1300	0.028814	0.033326	0.028218	0.027875	0.029023	0.031796	0.026779	0.027436	0.029094	0.023790	
1305	0.029955	0.031877	0.028341	0.027973	0.028026	0.031361	0.026952	0.027657	0.030381	0.024824	
1310	0.028889	0.030006	0.028335	0.029758	0.029435	0.031709	0.026609	0.028297	0.028825	0.022663	
1315	0.028594	0.027191	0.030237	0.028188	0.028145	0.031502	0.025747	0.028222	0.027321	0.024030	
1320	0.028041	0.027679	0.031034	0.029857	0.027802	0.030465	0.025248	0.027755	0.027974	0.024320	
1325	0.027529	0.027457	0.030582	0.030276	0.027456	0.029666	0.026018	0.028124	0.029590	0.023277	
1330	0.028819	0.026845	0.030484	0.031166	0.026152	0.031150	0.025995	0.027355	0.028995	0.021978	
1335	0.030142	0.028867	0.029504	0.031145	0.027202	0.031546	0.025311	0.026646	0.029000	0.024046	
1340	0.029570	0.027923	0.028867	0.031791	0.028525	0.031622	0.024977	0.026369	0.027587	0.024009	
1345	0.028799	0.027792	0.028552	0.031647	0.027798	0.031875	0.024959	0.028045	0.027279	0.024744	
1350	0.028642	0.027085	0.029825	0.031842	0.027692	0.029373	0.024987	0.030001	0.028401	0.025628	
1355	0.028776	0.028140	0.029405	0.030841	0.028775	0.029406	0.024402	0.030434	0.028897	0.025940	
1360	0.028151	0.029368	0.027161	0.030579	0.027779	0.029063	0.023504	0.028078	0.029206	0.026937	
1365	0.028097	0.030355	0.027478	0.030614	0.025199	0.027806	0.022178	0.029060	0.028852	0.027260	
1370	0.028854	0.029500	0.027652	0.029171	0.025644	0.027943	0.022537	0.028903	0.027780	0.028083	
1375	0.028531	0.030723	0.027964	0.027355	0.025257	0.027877	0.023462	0.028225	0.027299	0.027639	
1380	0.029043	0.032085	0.028469	0.027287	0.025227	0.028663	0.023083	0.029786	0.026250	0.028483	
1385	0.029315	0.032204	0.029302	0.027990	0.023135	0.029842	0.022175	0.029455	0.026462	0.031055	
1390	0.029664	0.032683	0.028415	0.027548	0.025136	0.028795	0.022393	0.030519	0.027438	0.030928	
1395	0.029929	0.031980	0.028425	0.028944	0.025673	0.026810	0.025698	0.031095	0.026829	0.030504	
1400	0.028184	0.029778	0.027005	0.027933	0.024835	0.028252	0.023908	0.031493	0.027760	0.032021	
1405	0.028741	0.029177	0.028320	0.028534	0.026203	0.027532	0.024522	0.033011	0.026864	0.031547	
1410	0.029949	0.031573	0.027913	0.028350	0.026941	0.028122	0.024095	0.032750	0.027211	0.031140	
1415	0.030723	0.029735	0.028074	0.030053	0.026655	0.027491	0.025429	0.031415	0.026719	0.031653	
1420	0.028905	0.030140	0.028767	0.027530	0.028548	0.028825	0.023656	0.031040	0.028136	0.033167	
1425	0.029721	0.029185	0.026801	0.028650	0.029589	0.028154	0.023720	0.034016	0.028426	0.033221	
1430	0.027354	0.029724	0.025819	0.027340	0.031090	0.028308	0.023718	0.033741	0.028259	0.032091	
1435	0.028103	0.029507	0.026429	0.027832	0.030916	0.027258	0.024422	0.033427	0.029444	0.031339	
1440	0.028397	0.029670	0.027161	0.027148	0.030231	0.028906	0.024679	0.033016	0.030286	0.032584	
1445	0.027827	0.030053	0.025981	0.028322	0.029441	0.029684	0.025092	0.032280	0.030903	0.033009	
1450	0.028457	0.031052	0.027837	0.029605	0.033029	0.030438	0.024283	0.034266	0.032841	0.031396	
1455	0.028999	0.030381	0.027487	0.029726	0.029032	0.030013	0.023703	0.032637	0.032166	0.029155	
1460	0.027068	0.029448	0.026530	0.028407	0.028904	0.030622	0.024660	0.033137	0.032360	0.028181	
1465	0.026371	0.029898	0.027152	0.028196	0.029969	0.030891	0.024127	0.031690	0.033214	0.028884	
1470	0.027067	0.027095	0.026429	0.026740	0.028658	0.029188	0.025703	0.031037	0.032297	0.028894	
1475	0.028117	0.027551	0.028917	0.027114	0.029863	0.030068	0.026041	0.032793	0.032288	0.029107	
1480	0.029274	0.026950	0.028821	0.027984	0.029863	0.030850	0.025179	0.031383	0.033019	0.029802	
1485	0.029454	0.028697	0.028767	0.029147	0.029479	0.030965	0.026383	0.031945	0.032009	0.028922	
1490	0.028398	0.030379	0.027270	0.031281	0.030200	0.031394	0.026970	0.029562	0.032341	0.028354	
1495	0.028452	0.029643	0.026329	0.030432	0.029828	0.032095	0.027214	0.028092	0.032330	0.026284	
1500	0.027677	0.030691	0.025929	0.029330	0.030256	0.030772	0.026397	0.028914	0.035559	0.025652	
1505	0.028175	0.032839	0.025984	0.028148	0.030155	0.030406	0.025097	0.030007	0.032365	0.026715	
1510	0.027420	0.032333	0.027436	0.028810	0.031959	0.030784	0.026186	0.029180	0.031993	0.024964	
1515	0.028224	0.032161	0.027891	0.029280	0.031939	0.030482	0.025116	0.030128	0.031247	0.026723	
1520	0.027030	0.033292	0.028521	0.030292	0.029144	0.031127	0.026048	0.029291	0.030389	0.026666	
1525	0.027887	0.033056	0.027622	0.030797	0.029090	0.029838	0.026062	0.029755	0.031030	0.027824	
1530	0.028135	0.034640	0.026630	0.030742	0.029013	0.028956	0.027947	0.029495	0.031627	0.028224	
1535	0.027732	0.033466	0.025471	0.030873	0.028325	0.029951	0.031076	0.028685	0.030896	0.028968	
1540	0.028336	0.033255	0.027093	0.028853	0.027373	0.031073	0.029759	0.027720	0.030678	0.026741	
1545	0.028304	0.034049	0.026687	0.026872	0.028097	0.030755	0.030581	0.027468	0.031725	0.024902	
1550	0.028631	0.031962	0.025694	0.027880	0.027700	0.031448	0.029473	0.027820	0.033559	0.025373	
1555	0.030375	0.032337	0.026492	0.027060	0.025015	0.029349	0.028751	0.027619	0.032859	0.025526	
1560	0.029548	0.031876	0.025656	0.027914	0.026506	0.029228	0.029285	0.026790	0.031904	0.025060	
1565	0.027831	0.032922	0.026364	0.026698	0.027504	0.028615	0.028986	0.027806	0.032579	0.024512	
1570	0.027648	0.032388	0.028300	0.027861	0.026398	0.030067	0.028617	0.027275	0.033458	0.026293	
1575	0.028324	0.031865	0.027134	0.029473	0.024519	0.030839	0.027469	0.026689	0.034607	0.026279	
1580	0.028980	0.032362	0.026423	0.028522	0.024102	0.029801	0.027962	0.027915	0.033619	0.027142	
1585	0.027387	0.033328	0.027073	0.028294	0.023777	0.030778	0.027951	0.029111	0.032735	0.026628	
1590	0.026610	0.034486	0.025867	0.030000	0.025340	0.030874	0.027386	0.026393	0.032196	0.025704	
1595	0.026580	0.032239	0.026886	0.030602	0.024041	0.032115	0.027712	0.026823	0.030540	0.024282	
1600	0.026230	0.030262	0.027038	0.031314	0.025435	0.031651	0.027641	0.026580	0.029364	0.025790	
1605	0.026985	0.031515	0.027149	0.030418	0.026385	0.032896	0.026706	0.027020	0.030938	0.027637	
1610	0.026691	0.031237	0.025187	0.031150	0.025635	0.030945	0.026040	0.026784	0.029462	0.029270	
1615	0.027282	0.029515	0.025027	0.030901	0.026067	0.030135	0.025640	0.024760	0.032381	0.029358	
1620	0.027317	0.028632	0.025536	0.030415	0.025909	0.030650	0.024828	0.025487	0.029452	0.030630	
1625	0.027193	0.030413	0.026590	0.032615	0.025477	0.031568	0.026876	0.027839	0.029328	0.029083	
1630	0.027121	0.029962	0.027728	0.033739	0.025266	0.033219	0.026325	0.026772	0.028395	0.026744	
1635	0.026896	0.029531	0.026522	0.033650	0.026653	0.030863	0.027085	0.025730	0.029383	0.026995	
1640	0.026956	0.029846	0.025387	0.030795	0.027151	0.030077	0.026417	0.026065	0.027390	0.026588	
1645	0.025842	0.029561	0.024513	0.029579	0.027015	0.027827	0.026899	0.027806	0.027627	0.027452	
1650	0.025209	0.030045	0.023265	0.030501	0.026456	0.027911	0.025393	0.027218	0.024985	0.029141	
1655	0.026496	0.029250	0.023348	0.028871	0.026351	0.028822	0.024737	0.026229	0.024714	0.029142	
1660	0.026477	0.029331	0.023121	0.028470	0.027680	0.029985	0.025615	0.027569	0.023171	0.029336	
1665	0.027876	0.029736	0.025267	0.029887	0.026210	0.030069	0.028216	0.030057	0.023843	0.028982	
1670	0.027869	0.030571	0.023949	0.030655	0.026205	0.029994	0.027275	0.028784	0.024638	0.028409	
1675	0.027101	0.031733	0.023829	0.030818	0.026915	0.029471	0.027157	0.028695	0.025172	0.028557	
1680	0.027732	0.031752	0.025474	0.031660	0.025731	0.031666	0.024917	0.026849	0.026680	0.028746	
1685	0.026452	0.029467	0.026034	0.031717	0.025988	0.029349	0.025292	0.025924	0.026185	0.028647	
1690	0.026887	0.031253	0.025885	0.032096	0.026344	0.028524	0.023366	0.023972	0.025624	0.028113	
1695	0.028979	0.029062	0.026124	0.032160	0.026500	0.029329	0.023681	0.024153	0.027705	0.027129	
1700	0.026817	0.028729	0.026469	0.031105	0.027455	0.027169	0.024033	0.025023	0.027116	0.024903	
1705	0.025921	0.029657	0.027581	0.031533	0.027683	0.028858	0.024268	0.025000	0.028248	0.026667	
1710	0.025008	0.030271	0.029539	0.030176	0.025857	0.030442	0.026070	0.024919	0.029887	0.026283	
1715	0.025780	0.031796	0.029813	0.030886	0.025093	0.029001	0.025361	0.027096	0.032026	0.027197	
1720	0.025260	0.032001	0.028457	0.030360	0.024868	0.029160	0.025943	0.028130	0.032107	0.028707	
1725	0.027458	0.030941	0.028272	0.032399	0.022967	0.031312	0.023995	0.025607	0.032492	0.026305	
1730	0.026214	0.031903	0.027798	0.031624	0.025776	0.029188	0.024684	0.025493	0.033627	0.026697	
1735	0.025606	0.031927	0.028199	0.029222	0.027485	0.029676	0.023003	0.024274	0.033835	0.025060	
1740	0.025878	0.031980	0.025932	0.030000	0.027924	0.029550	0.023924	0.026602	0.032964	0.025905	
1745	0.025964	0.031240	0.025742	0.029350	0.027847	0.028713	0.024341	0.026287	0.032035	0.025347	
1750	0.026099	0.030503	0.026451	0.029594	0.028464	0.027927	0.025044	0.026713	0.032249	0.024758	
1755	0.028448	0.031332	0.025917	0.029392	0.028414	0.029845	0.027157	0.026469	0.032337	0.025065	
1760	0.028200	0.031667	0.026228	0.028808	0.028729	0.028564	0.026863	0.026132	0.032112	0.026174	
1765	0.028316	0.031530	0.026907	0.027008	0.026880	0.030381	0.027009	0.026164	0.029522	0.026175	
1770	0.028444	0.031655	0.026528	0.028420	0.026938	0.030002	0.029274	0.026529	0.029448	0.025126	
1775	0.029446	0.031656	0.026551	0.028735	0.026145	0.029696	0.029068	0.025599	0.028867	0.026875	
1780	0.029922	0.032566	0.026763	0.030382	0.025819	0.029142	0.029754	0.023989	0.029266	0.026422	
1785	0.030477	0.032070	0.026063	0.029733	0.026310	0.029343	0.027540	0.024487	0.031427	0.025073	
1790	0.027272	0.029964	0.025161	0.029815	0.027621	0.027718	0.025370	0.025035	0.032804	0.026421	
1795	0.026903	0.029191	0.026305	0.031232	0.026699	0.028049	0.025650	0.025971	0.032171	0.027893	
1800	0.026287	0.029429	0.025549	0.031524	0.025950	0.029046	0.026886	0.025730	0.031491	0.029251	
1805	0.026754	0.028081	0.025967	0.032196	0.024104	0.029721	0.025260	0.026906	0.031327	0.028704	
1810	0.027389	0.029064	0.027755	0.031330	0.025133	0.029908	0.025591	0.024369	0.031414	0.029359	
1815	0.025098	0.028545	0.028406	0.032102	0.025204	0.029200	0.025624	0.025296	0.032130	0.030561	
1820	0.025890	0.028844	0.028449	0.030729	0.027360	0.028825	0.026848	0.024932	0.031493	0.029824	
1825	0.025451	0.031833	0.029524	0.030951	0.029371	0.027770	0.027021	0.024519	0.031715	0.031233	
1830	0.026336	0.030875	0.027258	0.031400	0.029681	0.030167	0.027762	0.026904	0.031018	0.030412	
1835	0.027453	0.031085	0.024875	0.031221	0.029886	0.030783	0.029537	0.025109	0.031680	0.030299	
1840	0.027189	0.032946	0.024519	0.030391	0.029606	0.028760	0.030592	0.026744	0.031958	0.031573	
1845	0.025595	0.032829	0.024723	0.030792	0.028677	0.029562	0.029525	0.025607	0.034973	0.032689	
1850	0.023259	0.032236	0.025751	0.031045	0.028771	0.028010	0.029997	0.026755	0.031486	0.032350	
1855	0.024155	0.032588	0.025939	0.031163	0.030225	0.026967	0.029596	0.026686	0.030918	0.031767	
1860	0.025340	0.032125	0.025299	0.030179	0.031484	0.027262	0.030218	0.026737	0.031322	0.031213	
1865	0.025263	0.030335	0.026072	0.028487	0.028460	0.029249	0.028955	0.025513	0.030495	0.031229	
1870	0.024488	0.030938	0.026192	0.029342	0.027494	0.029069	0.028770	0.024179	0.031862	0.031536	
1875	0.024073	0.030599	0.027310	0.029843	0.028803	0.028764	0.029219	0.023217	0.034627	0.032147	
1880	0.023559	0.028554	0.026847	0.031136	0.029204	0.027822	0.030675	0.023459	0.031688	0.032924	
1885	0.023632	0.027860	0.026313	0.030009	0.028988	0.025703	0.029892	0.026228	0.030616	0.032706	
1890	0.022354	0.027199	0.026287	0.030338	0.030688	0.025793	0.029065	0.026581	0.030260	0.032093	
1895	0.022368	0.028041	0.029414	0.029079	0.031926	0.025757	0.028980	0.025457	0.029891	0.029976	
1900	0.024050	0.028121	0.027924	0.028396	0.030974	0.025124	0.030441	0.026921	0.028567	0.029621	
1905	0.023639	0.026152	0.026633	0.027304	0.030821	0.025421	0.031384	0.027310	0.027740	0.030565	
1910	0.025628	0.026785	0.027431	0.027118	0.029724	0.024970	0.030944	0.029296	0.027382	0.030677	
1915	0.026508	0.028151	0.028894	0.028332	0.029904	0.026338	0.031631	0.029544	0.028180	0.029549	
1920	0.026305	0.027522	0.029718	0.029703	0.028878	0.024959	0.030851	0.028111	0.027603	0.028483	
1925	0.027173	0.027332	0.028689	0.029936	0.027889	0.023803	0.031390	0.027337	0.028549	0.028912	
1930	0.027929	0.027911	0.028640	0.031024	0.027624	0.022916	0.031015	0.026518	0.031363	0.028744	
1935	0.028398	0.027003	0.028327	0.030197	0.028911	0.022353	0.031136	0.028228	0.031981	0.026659	
1940	0.028612	0.026762	0.030337	0.031309	0.031023	0.023359	0.030036	0.030515	0.030674	0.027525	
1945	0.028207	0.025661	0.029238	0.032449	0.029947	0.024493	0.030315	0.030514	0.031391	0.027967	
1950	0.028869	0.027619	0.029934	0.033740	0.030995	0.023878	0.030831	0.030559	0.031250	0.028723	
1955	0.030088	0.026626	0.031389	0.034818	0.030231	0.024555	0.029309	0.030882	0.029853	0.027758	
1960	0.030520	0.024806	0.030828	0.032001	0.028080	0.024773	0.028636	0.031737	0.030578	0.029304	
1965	0.031288	0.025563	0.029349	0.028778	0.029634	0.024166	0.027857	0.030527	0.030355	0.026184	
1970	0.030413	0.025785	0.031961	0.027906	0.031045	0.025077	0.028261	0.031607	0.031682	0.026510	
1975	0.029434	0.026182	0.030241	0.028569	0.031062	0.024988	0.028057	0.030181	0.030611	0.026253	
1980	0.028932	0.024252	0.030466	0.030025	0.029810	0.024977	0.028437	0.032001	0.031718	0.024766	
1985	0.028390	0.023890	0.032018	0.031073	0.032527	0.024950	0.028919	0.031491	0.029068	0.024397	
1990	0.028226	0.025114	0.030265	0.030155	0.033209	0.024756	0.029311	0.029887	0.029441	0.025462	
1995	0.027928	0.026623	0.028347	0.028274	0.032374	0.024841	0.028697	0.031030	0.030055	0.025163	
2000	0.028695	0.027242	0.028105	0.029861	0.030369	0.023530	0.029081	0.031590	0.029618	0.024291	
2005	0.028395	0.027965	0.028565	0.030327	0.029600	0.023362	0.029096	0.030927	0.029076	0.023620	
2010	0.029711	0.028377	0.029290	0.029967	0.029520	0.023277	0.029748	0.031543	0.029505	0.025160	
2015	0.030012	0.029870	0.030192	0.029738	0.029613	0.025513	0.028297	0.030760	0.030094	0.025068	
2020	0.030433	0.027454	0.031809	0.030499	0.030375	0.025505	0.027796	0.029234	0.029933	0.024664	
2025	0.032403	0.025617	0.032337	0.031979	0.030745	0.025265	0.029295	0.030689	0.032682	0.024938	
2030	0.033184	0.026319	0.030868	0.032119	0.032285	0.026365	0.028125	0.031786	0.030352	0.026102	
2035	0.033764	0.025155	0.029197	0.030002	0.030421	0.026323	0.026139	0.032976	0.029487	0.024721	
2040	0.034080	0.025428	0.029630	0.028992	0.028742	0.025876	0.027343	0.032337	0.028901	0.022868	
2045	0.034315	0.025006	0.028203	0.028546	0.029168	0.026088	0.028243	0.031931	0.027534	0.023645	
2050	0.035305	0.026032	0.028294	0.029816	0.030213	0.025770	0.027291	0.030968	0.026020	0.023168	
2055	0.033602	0.026789	0.028725	0.029443	0.031038	0.026044	0.025990	0.032145	0.025573	0.025485	
2060	0.034085	0.029120	0.027608	0.027892	0.029596	0.025264	0.025291	0.031037	0.026612	0.027416	
2065	0.032730	0.028559	0.028304	0.028220	0.030274	0.026175	0.025462	0.029727	0.025645	0.027948	
2070	0.031117	0.028497	0.028534	0.027068	0.032312	0.028389	0.026715	0.029616	0.025925	0.027868	
2075	0.031750	0.027734	0.028787	0.027636	0.032752	0.025941	0.025694	0.030032	0.026354	0.027620	
2080	0.031981	0.026587	0.027333	0.028339	0.034404	0.028499	0.028075	0.030089	0.025658	0.026965	
2085	0.032403	0.026278	0.025564	0.027660	0.033877	0.027796	0.029658	0.029864	0.024413	0.025733	
2090	0.031755	0.025578	0.027304	0.028372	0.032343	0.028755	0.027959	0.028770	0.025023	0.026296	
2095	0.031826	0.025395	0.025621	0.026382	0.030601	0.029101	0.028602	0.028360	0.026803	0.025364	
2100	0.031612	0.025211	0.026617	0.024655	0.031561	0.028768	0.027954	0.029681	0.028512	0.027747	
2105	0.030748	0.025176	0.024995	0.023823	0.032844	0.030174	0.026440	0.030838	0.027400	0.027460	
2110	0.030149	0.027001	0.024682	0.024893	0.034615	0.029494	0.027848	0.030662	0.025016	0.026525	
2115	0.032359	0.027090	0.025728	0.025730	0.032796	0.028874	0.026709	0.030622	0.025057	0.027701	
2120	0.031519	0.027769	0.025036	0.024582	0.033885	0.028573	0.027018	0.030356	0.025292	0.026822	
2125	0.029063	0.026202	0.025226	0.026599	0.030609	0.028340	0.026944	0.031150	0.023238	0.026341	
2130	0.027736	0.026394	0.026461	0.028588	0.031251	0.029316	0.027185	0.031194	0.022722	0.027436	
2135	0.027333	0.026360	0.026174	0.028060	0.032569	0.029694	0.026373	0.029575	0.026753	0.030417	
2140	0.027064	0.028084	0.024968	0.026670	0.031960	0.029365	0.026472	0.029763	0.027231	0.028807	
2145	0.028621	0.029905	0.023989	0.024718	0.031184	0.028005	0.026965	0.028379	0.026496	0.029271	
2150	0.028437	0.029036	0.025067	0.026482	0.029679	0.025957	0.028678	0.029379	0.027134	0.028649	
2155	0.026888	0.027524	0.024545	0.027266	0.030490	0.026103	0.028216	0.029506	0.027072	0.028736	
2160	0.026711	0.027649	0.022638	0.027105	0.030775	0.026786	0.026555	0.029420	0.027271	0.030008	
2165	0.027354	0.028308	0.022755	0.027376	0.030683	0.027751	0.027070	0.029834	0.027347	0.029370	
2170	0.028270	0.028597	0.024153	0.029058	0.028963	0.028571	0.024719	0.029185	0.028203	0.030622	
2175	0.027618	0.029186	0.024443	0.027824	0.028817	0.027675	0.026317	0.029175	0.027832	0.030113	
2180	0.025644	0.029117	0.023694	0.027353	0.028605	0.027335	0.027688	0.030186	0.027442	0.029420	
2185	0.027242	0.029715	0.026571	0.030114	0.029944	0.026996	0.027494	0.031328	0.028552	0.028463	
2190	0.026452	0.030922	0.027931	0.030466	0.028529	0.026167	0.027556	0.032364	0.030200	0.028642	
2195	0.027341	0.031994	0.026708	0.028286	0.027807	0.025749	0.027577	0.033234	0.032609	0.030092	
2200	0.027906	0.032296	0.027301	0.029164	0.027305	0.026300	0.027155	0.034798	0.033727	0.030569	
2205	0.029256	0.031107	0.027332	0.029561	0.027941	0.025024	0.026964	0.036091	0.031929	0.029255	
2210	0.029326	0.031230	0.026958	0.029602	0.027600	0.024699	0.028308	0.033942	0.032373	0.028728	
2215	0.028318	0.031005	0.025877	0.029944	0.029281	0.023763	0.029206	0.032923	0.032243	0.028171	
2220	0.027605	0.032119	0.027623	0.028508	0.028221	0.025403	0.027613	0.033687	0.032418	0.030042	
2225	0.028722	0.031803	0.027062	0.028886	0.028135	0.024849	0.028385	0.032594	0.033489	0.029532	
2230	0.029722	0.032156	0.026875	0.029126	0.028617	0.025184	0.027190	0.032420	0.033630	0.028952	
2235	0.028576	0.030895	0.026047	0.028357	0.030424	0.025524	0.027691	0.031692	0.032664	0.030284	
2240	0.030238	0.031385	0.025444	0.030394	0.030072	0.025927	0.028255	0.031008	0.033186	0.030913	
2245	0.027936	0.032127	0.026365	0.030138	0.032142	0.027348	0.027477	0.031894	0.032227	0.030013	
2250	0.028059	0.033060	0.026239	0.029515	0.032203	0.024790	0.027153	0.031450	0.031547	0.030666	
2255	0.027105	0.032400	0.026954	0.027344	0.032208	0.026601	0.027979	0.034745	0.032011	0.030591	
2260	0.027052	0.034059	0.026555	0.028598	0.032109	0.026382	0.027894	0.032867	0.032888	0.031216	
2265	0.027247	0.034802	0.025820	0.028801	0.032942	0.026505	0.026907	0.032797	0.032107	0.033812	
2270	0.026654	0.032674	0.026526	0.030618	0.032804	0.026754	0.027863	0.032577	0.032176	0.032440	
2275	0.026236	0.031491	0.026254	0.030264	0.033296	0.027129	0.029422	0.031015	0.031813	0.031578	
2280	0.025692	0.031678	0.025830	0.031381	0.032870	0.025336	0.029173	0.030792	0.030949	0.031719	
2285	0.026161	0.032170	0.026317	0.031922	0.033041	0.025259	0.029918	0.031383	0.031008	0.032661	
2290	0.026177	0.031962	0.026120	0.032112	0.033979	0.025500	0.030589	0.030567	0.030844	0.030248	
2295	0.028485	0.030969	0.027655	0.031259	0.035092	0.023582	0.029876	0.028416	0.029332	0.030642	
2300	0.029575	0.029481	0.027404	0.032062	0.035280	0.021944	0.030786	0.027408	0.030024	0.029531	
2305	0.028695	0.029822	0.028129	0.030626	0.036217	0.023696	0.030893	0.026407	0.028254	0.028023	
2310	0.029258	0.028722	0.029356	0.030169	0.034074	0.026049	0.031320	0.025788	0.027353	0.028143	
2315	0.030615	0.028244	0.028291	0.030982	0.034631	0.027137	0.031731	0.026984	0.027604	0.028731	
2320	0.030790	0.028303	0.028990	0.029878	0.036798	0.024889	0.033063	0.027716	0.028604	0.029640	
2325	0.031568	0.030153	0.028252	0.027995	0.036564	0.025724	0.035100	0.029628	0.029203	0.031548	
2330	0.031985	0.030086	0.028443	0.027400	0.036914	0.027697	0.036625	0.029344	0.030055	0.029286	
2335	0.032667	0.031394	0.028089	0.026948	0.035004	0.029524	0.038797	0.032454	0.029527	0.030412	
2340	0.032085	0.030975	0.026521	0.026490	0.034383	0.028972	0.037085	0.032102	0.030737	0.028506	
2345	0.033581	0.032635	0.026849	0.028250	0.032435	0.028835	0.037135	0.031464	0.031685	0.027215	
2350	0.032851	0.032014	0.027472	0.027923	0.032195	0.029004	0.037417	0.030167	0.029667	0.028493	
2355	0.031671	0.030085	0.030585	0.028651	0.032748	0.028577	0.038674	0.032001	0.028110	0.030670	
2360	0.030451	0.029611	0.028926	0.028302	0.031853	0.028693	0.038471	0.031255	0.028198	0.030465	
2365	0.029691	0.030492	0.029514	0.028350	0.032573	0.027365	0.038308	0.030512	0.030257	0.030818	
2370	0.029158	0.033016	0.029171	0.028818	0.031170	0.027244	0.037816	0.031330	0.032084	0.030971	
2375	0.029224	0.032829	0.029904	0.029267	0.032877	0.027149	0.036498	0.029198	0.031311	0.029838	
2380	0.028280	0.032214	0.031183	0.029010	0.033637	0.028855	0.036435	0.031614	0.032206	0.029469	
2385	0.028346	0.034062	0.030766	0.029847	0.035700	0.027285	0.036717	0.032402	0.033532	0.031322	
2390	0.029141	0.032327	0.031348	0.028859	0.035298	0.026651	0.037295	0.032727	0.032216	0.033711	
2395	0.028754	0.033284	0.033358	0.028911	0.036276	0.027947	0.034065	0.030267	0.033141	0.031929	
2400	0.027442	0.031793	0.033327	0.028111	0.038085	0.029457	0.035168	0.032481	0.034120	0.031628	
2405	0.029724	0.031696	0.032054	0.028778	0.036005	0.029280	0.035703	0.031968	0.033324	0.030403	
2410	0.029213	0.031355	0.030857	0.027887	0.034334	0.029210	0.032130	0.029847	0.032684	0.029658	
2415	0.028062	0.031114	0.031653	0.026232	0.034470	0.029920	0.031107	0.030496	0.034829	0.031370	
2420	0.028810	0.030844	0.031424	0.026876	0.033202	0.030545	0.032063	0.031140	0.034500	0.031224	
2425	0.029969	0.030085	0.031872	0.026090	0.033901	0.029749	0.030067	0.029894	0.035508	0.031536	
2430	0.030420	0.030763	0.031090	0.025566	0.034649	0.026914	0.029089	0.029707	0.037207	0.031421	
2435	0.031851	0.030574	0.031229	0.025881	0.033563	0.029155	0.029282	0.029880	0.037959	0.030582	
2440	0.031305	0.030935	0.031432	0.026551	0.033273	0.030363	0.030478	0.030527	0.038122	0.030962	
2445	0.030213	0.027733	0.031509	0.026129	0.033032	0.030282	0.031059	0.030122	0.034355	0.029704	
2450	0.028727	0.026011	0.033040	0.026702	0.033757	0.029936	0.029076	0.029860	0.031046	0.029595	
2455	0.029947	0.026572	0.031498	0.029447	0.033428	0.030099	0.028475	0.028639	0.032397	0.028890	
2460	0.030165	0.026605	0.031466	0.028734	0.031681	0.029463	0.028996	0.029280	0.031600	0.028829	
2465	0.031611	0.027145	0.031275	0.028271	0.032970	0.029158	0.029581	0.028622	0.031091	0.029580	
2470	0.030695	0.025257	0.030309	0.028460	0.033159	0.028247	0.030921	0.028142	0.032939	0.030452	
2475	0.028268	0.025414	0.031312	0.029460	0.032447	0.030185	0.029997	0.029316	0.030837	0.030220	
2480	0.027170	0.026529	0.033880	0.030169	0.032672	0.030197	0.028438	0.029845	0.030366	0.030741	
2485	0.025735	0.026042	0.032551	0.029263	0.032492	0.029272	0.030355	0.031403	0.028800	0.030871	
2490	0.028229	0.027925	0.033756	0.029409	0.032765	0.030757	0.030357	0.031464	0.029723	0.032932	
2495	0.029137	0.028165	0.032572	0.030751	0.034787	0.030511	0.031171	0.032057	0.029693	0.033942	
2500	0.029571	0.027983	0.033394	0.028036	0.035331	0.029574	0.032088	0.032237	0.028025	0.032121	
2505	0.028219	0.027326	0.031559	0.029415	0.034400	0.028257	0.030917	0.032376	0.028542	0.032781	
2510	0.029679	0.026401	0.030460	0.029847	0.035237	0.027809	0.029543	0.032786	0.029064	0.034164	
2515	0.028642	0.025478	0.029305	0.032668	0.034132	0.026988	0.029602	0.031275	0.029665	0.034242	
2520	0.026389	0.024797	0.031060	0.033131	0.035346	0.028613	0.031729	0.030576	0.031075	0.034806	
2525	0.024952	0.024764	0.029969	0.032162	0.033223	0.029817	0.030011	0.031165	0.030414	0.033233	
2530	0.025789	0.023609	0.029583	0.031938	0.034395	0.029505	0.032105	0.032210	0.031029	0.033334	
2535	0.026762	0.022976	0.029809	0.030273	0.033897	0.028670	0.032414	0.032876	0.029555	0.032536	
2540	0.024708	0.023219	0.029585	0.031005	0.032740	0.028239	0.030721	0.031670	0.028346	0.031490	
2545	0.026394	0.023483	0.029993	0.031274	0.032667	0.028884	0.030155	0.034928	0.027365	0.031830	
2550	0.026136	0.025037	0.028887	0.031332	0.035333	0.027935	0.029982	0.034898	0.028349	0.031808	
2555	0.027693	0.024471	0.027987	0.029060	0.035137	0.025965	0.030388	0.033469	0.028009	0.032046	
2560	0.027546	0.024840	0.027986	0.030409	0.035393	0.026560	0.030806	0.032527	0.027695	0.032792	
2565	0.027394	0.025071	0.027281	0.029896	0.037549	0.027786	0.030792	0.030823	0.028970	0.033016	
2570	0.025796	0.025632	0.027942	0.029726	0.038912	0.025795	0.030147	0.029605	0.030488	0.034439	
2575	0.027099	0.028133	0.028388	0.030513	0.036959	0.026216	0.031922	0.028746	0.030794	0.034729	
2580	0.026313	0.028120	0.027915	0.032270	0.036801	0.026430	0.032891	0.029343	0.032370	0.034726	
2585	0.025740	0.026904	0.026909	0.031407	0.035048	0.025847	0.032861	0.030363	0.032596	0.034637	
2590	0.027009	0.026286	0.027130	0.030597	0.034464	0.025988	0.033432	0.029951	0.031384	0.033663	
2595	0.027358	0.028202	0.026703	0.031476	0.033944	0.026356	0.032346	0.028276	0.031052	0.031328	
2600	0.028293	0.026292	0.026380	0.031028	0.032849	0.028347	0.030655	0.028921	0.031880	0.031666	
2605	0.027249	0.026367	0.027705	0.031416	0.034773	0.026961	0.031009	0.029032	0.031602	0.031893	
2610	0.027790	0.026721	0.028059	0.030770	0.033080	0.026237	0.030448	0.029620	0.030096	0.030990	
2615	0.025567	0.026984	0.026525	0.030599	0.031874	0.027050	0.030887	0.030276	0.029152	0.031568	
2620	0.025751	0.027041	0.026854	0.031718	0.033086	0.027095	0.030250	0.030786	0.027654	0.032285	
2625	0.024590	0.027218	0.028576	0.031496	0.031550	0.026597	0.031253	0.030363	0.028715	0.033135	
2630	0.023589	0.026244	0.027207	0.030493	0.029961	0.027355	0.032512	0.029303	0.028076	0.032643	
2635	0.024317	0.026862	0.026855	0.027871	0.030247	0.027598	0.030746	0.030791	0.028807	0.034133	
2640	0.023193	0.027287	0.027186	0.029378	0.029390	0.027294	0.032192	0.031397	0.027718	0.035559	
2645	0.023245	0.026681	0.027758	0.030013	0.029905	0.028262	0.031474	0.032177	0.026717	0.035370	
2650	0.024195	0.026998	0.029877	0.026802	0.030255	0.028392	0.028640	0.031487	0.026533	0.035390	
2655	0.023286	0.026957	0.030389	0.026736	0.030194	0.028680	0.028666	0.032716	0.026262	0.035022	
2660	0.024473	0.028663	0.030500	0.025688	0.029530	0.028583	0.027733	0.031248	0.026583	0.034642	
2665	0.025037	0.028875	0.029554	0.024960	0.030031	0.029256	0.029604	0.031094	0.026907	0.035306	
2670	0.025130	0.030274	0.028250	0.027802	0.029961	0.028770	0.030906	0.029893	0.026603	0.033709	
2675	0.023035	0.030716	0.028241	0.026110	0.031115	0.028518	0.032235	0.028891	0.026725	0.034586	
2680	0.022937	0.030217	0.029393	0.026995	0.030585	0.027999	0.030501	0.028349	0.025454	0.035213	
2685	0.024610	0.028854	0.027786	0.029174	0.029595	0.028276	0.028604	0.029300	0.024620	0.033340	
2690	0.024690	0.030517	0.027132	0.028323	0.030162	0.028500	0.031264	0.028536	0.024279	0.034716	
2695	0.023805	0.028643	0.026469	0.029258	0.030002	0.031085	0.031553	0.030146	0.023866	0.033489	
2700	0.024860	0.028455	0.028860	0.027619	0.030742	0.030765	0.032510	0.028409	0.023299	0.032530	
2705	0.024919	0.029325	0.027632	0.026603	0.028469	0.029157	0.032558	0.028098	0.025847	0.033871	
2710	0.023587	0.029940	0.028787	0.028038	0.030320	0.028070	0.032634	0.028376	0.025252	0.034634	
2715	0.024731	0.031147	0.031154	0.028957	0.029383	0.024573	0.031600	0.031439	0.026576	0.034596	
2720	0.023358	0.032451	0.029466	0.029164	0.028234	0.025782	0.031943	0.030907	0.027768	0.035116	
2725	0.023576	0.030930	0.029615	0.028666	0.028237	0.026896	0.032522	0.028557	0.027897	0.035923	
2730	0.024585	0.030114	0.028597	0.027881	0.028676	0.027073	0.031242	0.030704	0.026348	0.035695	
2735	0.025628	0.029762	0.027725	0.027031	0.029184	0.028355	0.032376	0.032296	0.026268	0.035986	
2740	0.026235	0.029467	0.026176	0.027367	0.029319	0.027022	0.032602	0.032528	0.025898	0.036465	
2745	0.027403	0.030072	0.027754	0.027143	0.028581	0.026739	0.031665	0.031028	0.025567	0.037197	
2750	0.026905	0.030698	0.025634	0.027397	0.028273	0.027732	0.032899	0.032061	0.026856	0.039279	
2755	0.027192	0.031794	0.024945	0.030619	0.029265	0.027800	0.033397	0.030984	0.025680	0.037751	
2760	0.025488	0.030665	0.026138	0.028758	0.027400	0.028656	0.031759	0.028616	0.026107	0.036813	
2765	0.025289	0.028800	0.026392	0.030114	0.028826	0.029184	0.033382	0.029528	0.026544	0.036471	
2770	0.026215	0.029017	0.027184	0.027715	0.027713	0.026929	0.033556	0.029758	0.025993	0.035313	
2775	0.027522	0.028577	0.027268	0.027575	0.027424	0.027947	0.034818	0.030210	0.025318	0.034298	
2780	0.026220	0.029524	0.026591	0.028147	0.027496	0.027823	0.035049	0.030303	0.024250	0.033229	
2785	0.025826	0.029168	0.027164	0.030631	0.029227	0.028642	0.035567	0.030563	0.024755	0.033924	
2790	0.025932	0.031556	0.026603	0.030523	0.030855	0.029077	0.035573	0.030236	0.025619	0.034235	
2795	0.027386	0.030983	0.026142	0.034402	0.030513	0.028849	0.034371	0.031682	0.025425	0.034815	
2800	0.026625	0.030783	0.025768	0.031023	0.031728	0.028595	0.034929	0.031453	0.026191	0.033510	
2805	0.026256	0.030623	0.027661	0.029586	0.029845	0.027898	0.033318	0.031875	0.028078	0.034462	
2810	0.026113	0.029811	0.028256	0.029391	0.031753	0.026974	0.033429	0.032173	0.028638	0.032502	
2815	0.026274	0.028387	0.027998	0.027893	0.029911	0.027711	0.032336	0.033329	0.028729	0.031759	
2820	0.025798	0.029087	0.028431	0.028409	0.030614	0.029193	0.031620	0.033754	0.029453	0.031944	
2825	0.026498	0.029827	0.026765	0.030715	0.030380	0.029232	0.030946	0.034543	0.031600	0.031642	
2830	0.027133	0.030402	0.028684	0.031297	0.029890	0.028416	0.031952	0.034477	0.029814	0.032198	
2835	0.026383	0.029345	0.027277	0.030815	0.030051	0.027982	0.033037	0.033983	0.028823	0.032476	
2840	0.025976	0.031002	0.028448	0.030766	0.033470	0.028078	0.033993	0.033243	0.029611	0.033194	
2845	0.026187	0.030719	0.026526	0.029400	0.033028	0.026935	0.033078	0.032523	0.028694	0.031237	
2850	0.024557	0.030533	0.025443	0.029781	0.033382	0.026749	0.033361	0.033193	0.028872	0.031842	
2855	0.025103	0.029908	0.027091	0.030813	0.031555	0.027103	0.032407	0.033749	0.030258	0.032487	
2860	0.026059	0.029551	0.027331	0.027994	0.031211	0.027293	0.032283	0.035296	0.031254	0.032931	
2865	0.025375	0.030596	0.028350	0.027421	0.031928	0.029266	0.032571	0.036310	0.031017	0.034919	
2870	0.027670	0.029324	0.028700	0.026134	0.031444	0.028229	0.032596	0.036017	0.031219	0.034100	
2875	0.025919	0.029956	0.028977	0.026784	0.031977	0.028555	0.034379	0.036659	0.031740	0.032224	
2880	0.027379	0.031691	0.028944	0.025636	0.030809	0.028878	0.033709	0.036075	0.032877	0.032392	
2885	0.027706	0.032197	0.030087	0.026235	0.030204	0.027701	0.033211	0.037038	0.033602	0.032026	
2890	0.028178	0.032040	0.030251	0.027073	0.030785	0.027042	0.032665	0.037436	0.032674	0.032579	
2895	0.027493	0.031907	0.030951	0.027323	0.029707	0.025804	0.032077	0.037423	0.030295	0.033251	
2900	0.028236	0.031163	0.030443	0.027186	0.029970	0.025325	0.032102	0.037947	0.031082	0.031915	
2905	0.027346	0.031312	0.029137	0.026170	0.029951	0.026001	0.032174	0.037433	0.030489	0.029854	
2910	0.025436	0.032099	0.029051	0.026446	0.030600	0.026736	0.030506	0.034589	0.029738	0.030168	
2915	0.025488	0.030607	0.027668	0.027458	0.031906	0.026044	0.031281	0.035124	0.029362	0.030023	
2920	0.027483	0.029116	0.029102	0.026712	0.032575	0.026849	0.032559	0.035331	0.030424	0.030120	
2925	0.027139	0.029174	0.029500	0.027725	0.032455	0.025017	0.032115	0.035608	0.030355	0.027219	
2930	0.028272	0.028074	0.029978	0.026129	0.033293	0.024689	0.030898	0.037738	0.029824	0.028940	
2935	0.027088	0.028244	0.029973	0.026737	0.031468	0.024662	0.029725	0.039866	0.030487	0.029350	
2940	0.027640	0.029505	0.030333	0.027047	0.030368	0.024585	0.031743	0.039430	0.029249	0.027632	
2945	0.027024	0.029196	0.032105	0.029163	0.028806	0.025756	0.032281	0.038640	0.028387	0.027967	
2950	0.026695	0.031726	0.029702	0.029666	0.029860	0.027143	0.031435	0.036822	0.029479	0.029396	
2955	0.027547	0.031781	0.029563	0.029472	0.032339	0.025540	0.031339	0.037430	0.028396	0.030718	
2960	0.027224	0.031725	0.029903	0.028325	0.031984	0.026052	0.030176	0.037189	0.027350	0.030335	
2965	0.025553	0.034295	0.030574	0.026804	0.030161	0.027440	0.028945	0.036283	0.029029	0.028714	
2970	0.025406	0.033820	0.031866	0.028291	0.030850	0.024389	0.029259	0.035392	0.028427	0.029566	
2975	0.023314	0.031935	0.031181	0.027817	0.030666	0.023844	0.029765	0.034811	0.028260	0.030735	
2980	0.022891	0.032329	0.031831	0.030382	0.032145	0.024621	0.030201	0.034248	0.029879	0.030883	
2985	0.023980	0.034808	0.032030	0.030908	0.033201	0.025143	0.029556	0.034968	0.027501	0.030706	
2990	0.025631	0.032143	0.030692	0.031733	0.032271	0.024687	0.029968	0.035168	0.027620	0.030231	
2995	0.026882	0.032612	0.030856	0.032398	0.032513	0.024356	0.028015	0.033196	0.026094	0.028317	
3000	0.026163	0.031062	0.031229	0.033130	0.031342	0.024735	0.027504	0.034723	0.024823	0.026343	
