T	rep_1	rep_2	rep_3	rep_4	rep_5	rep_6	rep_7	rep_8	rep_9	rep_10
5	0.077701	0.099083	0.101659	0.090244	0.098123	0.062424	0.072368	0.102226	0.088334	0.084499	
10	0.143939	0.248723	0.216852	0.156811	0.204774	0.192788	0.217798	0.213003	0.211764	0.221773	
15	0.223342	0.334788	0.286624	0.257629	0.276426	0.264991	0.306945	0.275833	0.316288	0.269951	
20	0.329178	0.396551	0.334320	0.394855	0.358891	0.323871	0.397288	0.379955	0.374236	0.322313	
25	0.419512	0.462382	0.379851	0.474790	0.425142	0.400675	0.490224	0.449982	0.509296	0.379486	
30	0.468944	0.557127	0.462931	0.535647	0.470490	0.461814	0.558257	0.501547	0.684283	0.444234	
35	0.513307	0.638579	0.552956	0.575100	0.520765	0.515912	0.610935	0.544362	0.743076	0.515042	
40	0.566163	0.701565	0.619335	0.612059	0.577334	0.587695	0.655244	0.584260	0.765716	0.580004	
45	0.638746	0.737927	0.666153	0.667474	0.649110	0.655098	0.683680	0.622387	0.778142	0.625431	
50	0.703596	0.766940	0.698043	0.718929	0.709915	0.694375	0.711672	0.656175	0.790216	0.674890	
55	0.750937	0.793293	0.728714	0.773609	0.758399	0.721814	0.738903	0.691767	0.801722	0.712796	
60	0.792980	0.814790	0.755756	0.813619	0.790802	0.741939	0.770324	0.716669	0.811607	0.747059	
65	0.819952	0.832584	0.779984	0.839054	0.816497	0.757307	0.796121	0.741381	0.821593	0.773145	
70	0.847302	0.843492	0.796814	0.847621	0.827167	0.776486	0.813790	0.764935	0.831164	0.785616	
75	0.859261	0.852681	0.817815	0.855101	0.838247	0.789949	0.833615	0.780741	0.840219	0.806690	
80	0.866083	0.856313	0.825947	0.858111	0.846936	0.809537	0.844506	0.798326	0.843940	0.825268	
85	0.864734	0.856164	0.833702	0.859605	0.851737	0.825437	0.852578	0.812052	0.848558	0.839763	
90	0.866165	0.856334	0.844565	0.869504	0.857540	0.842636	0.851649	0.825109	0.849129	0.850490	
95	0.872921	0.857578	0.852027	0.869985	0.858309	0.846406	0.850685	0.840444	0.852165	0.854689	
100	0.875802	0.859769	0.852175	0.874107	0.856864	0.852685	0.854141	0.846886	0.859977	0.858844	
105	0.872762	0.864126	0.851960	0.873600	0.860510	0.857034	0.862635	0.851144	0.864555	0.861242	
110	0.872733	0.867981	0.856192	0.873730	0.860286	0.864662	0.865277	0.857345	0.866280	0.863129	
115	0.878298	0.864741	0.854621	0.870302	0.863348	0.864452	0.858722	0.858885	0.861821	0.869978	
120	0.874167	0.856994	0.856196	0.866429	0.860133	0.859096	0.856285	0.859037	0.858384	0.857074	
125	0.863392	0.852323	0.846442	0.857473	0.852962	0.852894	0.846842	0.852161	0.851697	0.848084	
130	0.850101	0.836033	0.841153	0.845966	0.845923	0.849710	0.842324	0.841703	0.846250	0.830071	
135	0.837081	0.825276	0.829923	0.827395	0.829601	0.840712	0.827446	0.823810	0.833801	0.818163	
140	0.820519	0.812769	0.813367	0.815379	0.813476	0.827194	0.816970	0.807166	0.815331	0.806194	
145	0.799755	0.800520	0.799901	0.802094	0.795384	0.811483	0.805203	0.788786	0.807660	0.795005	
150	0.790701	0.791424	0.789721	0.791251	0.784876	0.797285	0.795585	0.768232	0.800821	0.781648	
155	0.780434	0.778984	0.779979	0.779285	0.774157	0.788258	0.780450	0.766212	0.791923	0.773828	
160	0.770031	0.770561	0.770487	0.773128	0.763991	0.781211	0.767607	0.747088	0.782059	0.761869	
165	0.761402	0.762839	0.756196	0.764096	0.748986	0.772991	0.756309	0.741110	0.775731	0.752709	
170	0.758306	0.760317	0.752235	0.765053	0.742916	0.766956	0.755609	0.732034	0.769465	0.741570	
175	0.745738	0.752796	0.746146	0.752639	0.730675	0.758953	0.747792	0.724958	0.762716	0.739088	
180	0.744921	0.741527	0.734568	0.748914	0.725223	0.748820	0.747135	0.721425	0.759130	0.733569	
185	0.736742	0.736340	0.723061	0.744608	0.721314	0.740277	0.740633	0.714558	0.756593	0.724246	
190	0.734063	0.730512	0.720175	0.735205	0.714073	0.736446	0.738128	0.701023	0.751728	0.711505	
195	0.731503	0.722174	0.716188	0.732640	0.709859	0.734010	0.735902	0.699579	0.747744	0.711381	
200	0.726701	0.716825	0.713971	0.721722	0.702744	0.731307	0.730685	0.694413	0.744337	0.708843	
205	0.717412	0.709646	0.710232	0.710792	0.697284	0.720747	0.730419	0.690487	0.740331	0.709147	
210	0.713727	0.702753	0.702793	0.706203	0.694541	0.715134	0.724906	0.687310	0.735838	0.703164	
215	0.711851	0.703279	0.693515	0.704012	0.693882	0.712833	0.717755	0.681818	0.729057	0.695056	
220	0.707266	0.696205	0.686257	0.698723	0.684824	0.706994	0.717227	0.677530	0.723091	0.687707	
225	0.700798	0.686730	0.686299	0.702288	0.679696	0.698849	0.715403	0.671682	0.719204	0.687399	
230	0.689779	0.680247	0.679029	0.695964	0.675149	0.694147	0.715805	0.670546	0.713032	0.683395	
235	0.686808	0.675944	0.674807	0.688406	0.675732	0.693014	0.712146	0.667258	0.708104	0.676712	
240	0.678593	0.672643	0.672696	0.680027	0.668816	0.685295	0.708100	0.663813	0.703288	0.673222	
245	0.678832	0.668453	0.667449	0.680029	0.665103	0.679336	0.705097	0.662432	0.701349	0.670198	
250	0.677954	0.666741	0.666189	0.677270	0.666142	0.676892	0.701157	0.657162	0.691024	0.667246	
255	0.674419	0.666445	0.661844	0.675987	0.663215	0.676711	0.695547	0.658685	0.688347	0.666576	
260	0.674081	0.659475	0.659921	0.672136	0.662546	0.677837	0.697215	0.654788	0.685542	0.666131	
265	0.668194	0.654917	0.660036	0.672734	0.657631	0.670504	0.693802	0.653761	0.678651	0.662899	
270	0.663298	0.651205	0.653819	0.670723	0.655970	0.667870	0.689921	0.650065	0.679506	0.661754	
275	0.656538	0.650017	0.649569	0.667936	0.653672	0.667971	0.683599	0.648889	0.679495	0.656852	
280	0.652665	0.645215	0.649071	0.662576	0.651484	0.660812	0.680081	0.649035	0.674210	0.652499	
285	0.648742	0.644187	0.647590	0.664464	0.649557	0.651395	0.676127	0.648004	0.670148	0.651160	
290	0.648067	0.635572	0.644484	0.661424	0.650118	0.649892	0.675626	0.643077	0.668395	0.649531	
295	0.648737	0.632183	0.644449	0.660587	0.648233	0.650922	0.672217	0.641171	0.663869	0.643747	
300	0.652659	0.633289	0.645527	0.660970	0.645646	0.644702	0.669169	0.636581	0.665408	0.645931	
305	0.654989	0.626149	0.643514	0.660708	0.641881	0.644665	0.667989	0.639538	0.663133	0.645994	
310	0.655442	0.628770	0.641153	0.662066	0.639021	0.645285	0.663834	0.638292	0.662731	0.640552	
315	0.652576	0.628076	0.638760	0.660442	0.634269	0.647695	0.664646	0.634747	0.658747	0.641516	
320	0.650119	0.625086	0.643075	0.659542	0.632741	0.646332	0.659161	0.636905	0.655858	0.636148	
325	0.647825	0.625655	0.641876	0.660101	0.636463	0.647328	0.657351	0.637304	0.657041	0.636613	
330	0.647208	0.627914	0.640552	0.659913	0.636379	0.646456	0.651751	0.639490	0.655355	0.634118	
335	0.646562	0.629582	0.642655	0.657545	0.632548	0.644078	0.648184	0.638245	0.655167	0.628386	
340	0.646237	0.629229	0.638196	0.657237	0.637566	0.640414	0.646241	0.627793	0.653780	0.632969	
345	0.637402	0.630464	0.633160	0.659054	0.635548	0.640993	0.645766	0.628849	0.659507	0.631628	
350	0.636750	0.624665	0.632633	0.660507	0.635541	0.640611	0.648679	0.637724	0.656494	0.632825	
355	0.634331	0.625338	0.631934	0.662381	0.636654	0.640196	0.649915	0.633032	0.660179	0.635620	
360	0.630277	0.626325	0.631875	0.664559	0.637167	0.638878	0.644474	0.634776	0.659658	0.637777	
365	0.627912	0.625181	0.635048	0.662568	0.633666	0.636432	0.640275	0.637834	0.660600	0.636792	
370	0.629365	0.625560	0.638177	0.659670	0.633968	0.636306	0.637273	0.636804	0.659377	0.638229	
375	0.630577	0.622716	0.635368	0.660285	0.632419	0.636627	0.639055	0.634620	0.660157	0.636777	
380	0.630522	0.626795	0.635028	0.656355	0.627911	0.629931	0.639968	0.637340	0.658862	0.635187	
385	0.634457	0.630442	0.633525	0.655887	0.626960	0.631355	0.635648	0.641255	0.660703	0.637131	
390	0.637708	0.629738	0.634726	0.658093	0.633192	0.632498	0.640508	0.641789	0.663274	0.639515	
395	0.641783	0.628181	0.640781	0.660028	0.632286	0.634472	0.642580	0.637571	0.662907	0.635423	
400	0.640406	0.630047	0.647434	0.657822	0.631940	0.634374	0.644006	0.639585	0.665772	0.631554	
405	0.645891	0.631486	0.653482	0.657210	0.631758	0.635855	0.642865	0.639416	0.661794	0.632781	
410	0.643423	0.634567	0.651327	0.654887	0.635593	0.636082	0.642238	0.640719	0.660056	0.631178	
415	0.643475	0.634498	0.648249	0.655133	0.633341	0.639640	0.640360	0.641566	0.661952	0.627158	
420	0.639986	0.635796	0.651395	0.653877	0.634171	0.640523	0.638282	0.645452	0.664723	0.626473	
425	0.645133	0.635425	0.651301	0.659346	0.636056	0.639722	0.636109	0.644798	0.665961	0.628508	
430	0.646430	0.633427	0.645735	0.659713	0.638232	0.637177	0.637305	0.644604	0.662567	0.627772	
435	0.640948	0.632407	0.647728	0.657541	0.639181	0.639758	0.640851	0.647687	0.661885	0.629603	
440	0.641895	0.631472	0.651484	0.657679	0.635691	0.641520	0.636018	0.648533	0.659854	0.629686	
445	0.642857	0.631631	0.650296	0.656418	0.634517	0.640900	0.636558	0.647213	0.656394	0.634932	
450	0.646636	0.630767	0.650101	0.656965	0.632795	0.640545	0.640549	0.650081	0.650968	0.638103	
455	0.649301	0.634177	0.652037	0.656733	0.636104	0.643637	0.644046	0.642729	0.652166	0.640724	
460	0.654884	0.629966	0.653703	0.657564	0.631956	0.644797	0.643290	0.645147	0.650930	0.638682	
465	0.654563	0.630488	0.651474	0.653891	0.630969	0.641363	0.641976	0.644048	0.652272	0.641263	
470	0.652412	0.628958	0.653584	0.655122	0.635661	0.643794	0.639012	0.648340	0.651453	0.645202	
475	0.648028	0.628355	0.652958	0.654410	0.632161	0.643264	0.639050	0.651655	0.652802	0.647132	
480	0.646730	0.627605	0.649800	0.651734	0.631369	0.641878	0.637480	0.652017	0.657137	0.645870	
485	0.649158	0.634646	0.650662	0.657168	0.633456	0.641978	0.641038	0.651647	0.657216	0.641054	
490	0.653983	0.637784	0.649724	0.653544	0.629405	0.638491	0.642175	0.649762	0.659860	0.645016	
495	0.654248	0.631713	0.654769	0.655938	0.632939	0.637886	0.644322	0.651516	0.658261	0.642152	
500	0.654044	0.637236	0.656528	0.653929	0.631345	0.637693	0.643336	0.649738	0.659112	0.643618	
505	0.654778	0.638990	0.654407	0.653576	0.631698	0.643501	0.643624	0.654949	0.657672	0.643468	
510	0.655660	0.640696	0.661070	0.652678	0.635618	0.640672	0.642805	0.660088	0.655789	0.645027	
515	0.653203	0.639588	0.660021	0.656461	0.637046	0.639558	0.643736	0.660885	0.654602	0.644470	
520	0.655089	0.640177	0.657522	0.660162	0.636788	0.640203	0.643692	0.655040	0.654812	0.641517	
525	0.649150	0.639420	0.654331	0.660232	0.640620	0.638159	0.639469	0.654617	0.656556	0.643451	
530	0.647016	0.642061	0.654954	0.665393	0.646064	0.640585	0.640416	0.655590	0.657258	0.644939	
535	0.647073	0.640160	0.651933	0.664889	0.646559	0.638155	0.639245	0.648555	0.660220	0.642014	
540	0.653845	0.641143	0.651830	0.669539	0.645248	0.635277	0.636837	0.644294	0.657439	0.643044	
545	0.654376	0.638854	0.650062	0.668927	0.645348	0.642116	0.637252	0.642110	0.654532	0.641543	
550	0.651781	0.642091	0.654835	0.664039	0.647725	0.643564	0.640232	0.641971	0.654210	0.643804	
555	0.655221	0.648344	0.656079	0.665123	0.647748	0.649230	0.638018	0.641334	0.655197	0.644346	
560	0.653118	0.646986	0.659785	0.663497	0.642988	0.645409	0.639131	0.640793	0.655713	0.643847	
565	0.653810	0.648968	0.660728	0.666908	0.645076	0.648312	0.638564	0.639921	0.652147	0.643704	
570	0.657330	0.644725	0.655297	0.666110	0.646812	0.650224	0.640525	0.636892	0.652420	0.641275	
575	0.653070	0.643546	0.653153	0.666493	0.648066	0.647459	0.640265	0.638160	0.649365	0.645051	
580	0.649878	0.642588	0.649367	0.668342	0.648336	0.646117	0.642892	0.639209	0.646105	0.642689	
585	0.649001	0.644952	0.650525	0.663966	0.645283	0.644966	0.641837	0.642016	0.645132	0.641289	
590	0.649585	0.646981	0.649537	0.664764	0.644955	0.646083	0.643424	0.637092	0.644956	0.642231	
595	0.651427	0.642372	0.644711	0.662575	0.644088	0.647289	0.645268	0.635355	0.645888	0.643610	
600	0.645732	0.640006	0.643010	0.662249	0.643341	0.648503	0.643947	0.635530	0.642219	0.643431	
605	0.646679	0.640657	0.643155	0.662621	0.641497	0.649767	0.644769	0.636109	0.638918	0.642086	
610	0.651653	0.640537	0.644206	0.664501	0.646945	0.646117	0.642921	0.635361	0.638745	0.643706	
615	0.654781	0.637584	0.649632	0.661536	0.644887	0.645259	0.640404	0.639907	0.637942	0.645104	
620	0.651231	0.637261	0.648614	0.660343	0.642463	0.644384	0.641292	0.639272	0.636969	0.642433	
625	0.649994	0.634947	0.648914	0.665667	0.641933	0.641874	0.637547	0.639137	0.637562	0.642657	
630	0.651876	0.639205	0.649815	0.663231	0.644214	0.641585	0.638902	0.640490	0.635913	0.640705	
635	0.648959	0.637522	0.651811	0.661878	0.649828	0.643547	0.636467	0.638881	0.638089	0.639498	
640	0.652005	0.635562	0.648868	0.659229	0.648472	0.643614	0.634980	0.639795	0.645103	0.641864	
645	0.645312	0.632247	0.648739	0.660402	0.648009	0.645249	0.639047	0.641733	0.646613	0.643939	
650	0.644862	0.633771	0.649380	0.659096	0.650725	0.643574	0.636685	0.641796	0.641874	0.644635	
655	0.649533	0.633606	0.652709	0.657246	0.649389	0.643733	0.636589	0.639492	0.646682	0.645141	
660	0.653738	0.632425	0.651577	0.655590	0.646754	0.645839	0.635372	0.639951	0.651312	0.649811	
665	0.655440	0.631666	0.651011	0.656083	0.645790	0.643620	0.633725	0.640492	0.651315	0.653923	
670	0.655720	0.635731	0.649376	0.655446	0.646774	0.645797	0.631612	0.640561	0.651872	0.656729	
675	0.653222	0.639739	0.647281	0.654247	0.647125	0.646258	0.633096	0.639309	0.653535	0.658385	
680	0.653362	0.638337	0.648231	0.654643	0.647065	0.646614	0.630990	0.638315	0.654060	0.655905	
685	0.655950	0.638082	0.647669	0.650791	0.647960	0.646805	0.634036	0.643551	0.653211	0.656324	
690	0.652717	0.633989	0.646944	0.650285	0.647808	0.645637	0.634235	0.645914	0.652737	0.653974	
695	0.653710	0.635403	0.653320	0.651644	0.648355	0.645404	0.635873	0.651372	0.656868	0.651393	
700	0.654132	0.632920	0.651586	0.655951	0.646917	0.648022	0.634448	0.649469	0.654417	0.652361	
705	0.657107	0.633207	0.655646	0.652339	0.644690	0.647582	0.632665	0.650366	0.653672	0.652175	
710	0.655067	0.635852	0.653625	0.648709	0.646116	0.646619	0.635590	0.648352	0.653853	0.656675	
715	0.654546	0.636417	0.653962	0.643636	0.645615	0.646711	0.635623	0.648333	0.653961	0.656475	
720	0.654443	0.633658	0.651229	0.643633	0.648010	0.647550	0.633307	0.644070	0.654650	0.656610	
725	0.654966	0.635816	0.649118	0.645201	0.648338	0.645533	0.636531	0.641743	0.652401	0.655155	
730	0.652399	0.637378	0.648996	0.652984	0.644445	0.642519	0.636071	0.635298	0.651839	0.651654	
735	0.657860	0.635182	0.650278	0.651478	0.645481	0.642426	0.634336	0.632651	0.654487	0.654184	
740	0.659116	0.634931	0.646018	0.650256	0.644042	0.645446	0.634020	0.633475	0.653689	0.654205	
745	0.655293	0.637525	0.648059	0.652935	0.647079	0.649580	0.633049	0.633833	0.654478	0.654738	
750	0.654897	0.636770	0.647437	0.652230	0.645322	0.647605	0.631208	0.631480	0.650823	0.657619	
755	0.656992	0.636120	0.646017	0.652879	0.643419	0.647338	0.634129	0.632997	0.651448	0.658657	
760	0.661691	0.636740	0.649050	0.653926	0.642707	0.648570	0.629240	0.638596	0.654135	0.661331	
765	0.655654	0.635309	0.645771	0.655212	0.641791	0.645962	0.628572	0.633366	0.648845	0.660167	
770	0.659438	0.631210	0.645130	0.653988	0.643016	0.643183	0.629740	0.640765	0.648355	0.656301	
775	0.656231	0.631364	0.641378	0.652629	0.642941	0.642865	0.629865	0.637419	0.650227	0.656162	
780	0.655835	0.628074	0.641199	0.651822	0.642601	0.643188	0.630936	0.636936	0.654182	0.660268	
785	0.656287	0.626079	0.639945	0.649599	0.646932	0.639593	0.633813	0.638987	0.654963	0.660138	
790	0.651273	0.626094	0.639724	0.650857	0.645927	0.639081	0.634268	0.637310	0.656982	0.662588	
795	0.651803	0.622550	0.639799	0.648939	0.647443	0.640279	0.630158	0.639416	0.653957	0.659542	
800	0.650643	0.621448	0.636361	0.652536	0.646856	0.646602	0.632730	0.643492	0.651784	0.661710	
805	0.651271	0.624029	0.638360	0.653944	0.647451	0.645174	0.630921	0.648131	0.648803	0.663544	
810	0.647774	0.624852	0.635507	0.653530	0.646353	0.647561	0.627505	0.648745	0.645544	0.664033	
815	0.646531	0.625869	0.639398	0.652805	0.646444	0.649929	0.628837	0.651486	0.643712	0.660445	
820	0.643948	0.629624	0.639314	0.651414	0.648502	0.647650	0.628298	0.652881	0.643790	0.662659	
825	0.643315	0.633277	0.642028	0.652730	0.649004	0.651143	0.625648	0.651688	0.643319	0.662723	
830	0.637473	0.632235	0.643027	0.651365	0.648429	0.653900	0.628067	0.649058	0.640503	0.664650	
835	0.639761	0.634724	0.648837	0.649737	0.647141	0.650625	0.629094	0.648807	0.641851	0.660949	
840	0.639586	0.634473	0.652013	0.650336	0.651967	0.648930	0.631325	0.646708	0.642277	0.657873	
845	0.639679	0.639556	0.653537	0.648570	0.650242	0.648823	0.631293	0.648127	0.640293	0.656583	
850	0.638792	0.640001	0.652884	0.648149	0.650370	0.646501	0.631843	0.652679	0.643139	0.659896	
855	0.639673	0.639973	0.654100	0.649375	0.651716	0.648216	0.627961	0.653520	0.643714	0.662769	
860	0.637001	0.635388	0.655533	0.650301	0.649190	0.651684	0.626708	0.653582	0.642821	0.659096	
865	0.633639	0.634465	0.653826	0.652852	0.651431	0.650646	0.627214	0.652960	0.644483	0.652256	
870	0.640443	0.633994	0.656855	0.654676	0.650419	0.648697	0.630693	0.656085	0.644043	0.658694	
875	0.641874	0.638562	0.656961	0.649929	0.646540	0.647740	0.628457	0.657483	0.643379	0.658513	
880	0.643203	0.640409	0.657503	0.643988	0.652247	0.647472	0.624133	0.659709	0.643843	0.659287	
885	0.641484	0.640151	0.656117	0.647143	0.651283	0.647640	0.629872	0.657843	0.643343	0.659693	
890	0.641846	0.637851	0.656460	0.648928	0.647085	0.645859	0.633645	0.661376	0.642450	0.659006	
895	0.638793	0.643673	0.654564	0.648474	0.648045	0.645885	0.636442	0.661523	0.640168	0.662402	
900	0.640498	0.643706	0.657270	0.647141	0.647033	0.644223	0.637298	0.661546	0.640368	0.661349	
905	0.641184	0.643059	0.653636	0.648372	0.647679	0.651858	0.635684	0.664662	0.645094	0.660671	
910	0.643683	0.642999	0.653051	0.650464	0.647693	0.649616	0.635268	0.663230	0.642571	0.659172	
915	0.645720	0.639615	0.650672	0.649367	0.649583	0.647610	0.632715	0.661394	0.644214	0.659402	
920	0.645579	0.641709	0.654759	0.649408	0.652090	0.641319	0.632556	0.662076	0.645382	0.657641	
925	0.651695	0.648583	0.654369	0.647096	0.646891	0.648715	0.631792	0.660470	0.642863	0.654485	
930	0.650682	0.649192	0.652760	0.646204	0.646391	0.654853	0.630701	0.662020	0.642055	0.655088	
935	0.650755	0.649566	0.653527	0.648376	0.645290	0.655259	0.630869	0.668415	0.645471	0.655032	
940	0.647940	0.649778	0.651285	0.645280	0.647753	0.652266	0.630341	0.668014	0.640497	0.657796	
945	0.650309	0.648079	0.649302	0.647926	0.644872	0.651758	0.631730	0.663468	0.637149	0.652614	
950	0.644664	0.646280	0.644839	0.648130	0.644198	0.650622	0.639420	0.661574	0.639962	0.649879	
955	0.642041	0.647764	0.645074	0.650253	0.642303	0.652334	0.634686	0.664020	0.642416	0.648088	
960	0.641491	0.648270	0.644949	0.652288	0.638314	0.654282	0.638509	0.663553	0.646030	0.646506	
965	0.638992	0.645919	0.647993	0.655608	0.634452	0.649994	0.635167	0.664258	0.646723	0.648763	
970	0.639540	0.648824	0.647477	0.651628	0.632033	0.652165	0.631822	0.664602	0.650590	0.646978	
975	0.640940	0.650212	0.647471	0.650390	0.631981	0.651196	0.629288	0.660686	0.648611	0.647399	
980	0.641992	0.650183	0.647098	0.652491	0.631478	0.650595	0.635273	0.662331	0.651409	0.641920	
985	0.646588	0.651032	0.647674	0.647660	0.633727	0.652272	0.634412	0.663532	0.651079	0.643349	
990	0.642553	0.648981	0.649727	0.652286	0.633138	0.647560	0.635328	0.663647	0.648069	0.644544	
995	0.641560	0.645894	0.653063	0.650630	0.631857	0.647782	0.637842	0.662675	0.652025	0.644548	
1000	0.642076	0.646552	0.649478	0.652378	0.632772	0.648231	0.637775	0.661363	0.652502	0.643405	
1005	0.646357	0.647672	0.649481	0.648747	0.632700	0.652115	0.641418	0.662934	0.650128	0.646935	
1010	0.646368	0.650807	0.648180	0.647602	0.635444	0.650414	0.638773	0.667680	0.657553	0.650101	
1015	0.648371	0.649507	0.649029	0.647561	0.637988	0.655615	0.638447	0.668392	0.656841	0.650946	
1020	0.649978	0.649104	0.646323	0.646378	0.643327	0.653922	0.638653	0.667727	0.658607	0.650183	
1025	0.651627	0.647586	0.649224	0.649621	0.644900	0.649945	0.643331	0.662621	0.664257	0.651345	
1030	0.651506	0.651271	0.649568	0.647824	0.647348	0.645352	0.642160	0.660485	0.661775	0.648581	
1035	0.653188	0.647618	0.649715	0.652289	0.645102	0.644450	0.640183	0.660039	0.661166	0.647219	
1040	0.655056	0.642538	0.651329	0.651702	0.648118	0.641601	0.637222	0.653873	0.663577	0.651293	
1045	0.654439	0.644027	0.648539	0.655663	0.645790	0.645271	0.636131	0.653107	0.663890	0.653407	
1050	0.657710	0.648325	0.647375	0.654686	0.647048	0.646264	0.635288	0.654417	0.663808	0.652100	
1055	0.654339	0.649374	0.650271	0.657309	0.646730	0.647195	0.636736	0.655328	0.665241	0.648228	
1060	0.653044	0.648398	0.653310	0.650657	0.646841	0.644319	0.638303	0.654245	0.669001	0.650612	
1065	0.655443	0.651165	0.651866	0.649312	0.649388	0.645193	0.637552	0.652770	0.660825	0.650142	
1070	0.658218	0.649514	0.645613	0.652249	0.651222	0.644972	0.637084	0.654476	0.663563	0.646292	
1075	0.658137	0.649284	0.649699	0.654113	0.651436	0.640119	0.631689	0.655312	0.665345	0.644363	
1080	0.657759	0.651860	0.649975	0.654570	0.652471	0.642554	0.628274	0.653464	0.668233	0.645192	
1085	0.656629	0.656919	0.651254	0.652832	0.644647	0.644741	0.631332	0.652895	0.666345	0.647899	
1090	0.660370	0.653671	0.653415	0.654717	0.644610	0.649991	0.632524	0.649468	0.665940	0.650393	
1095	0.658498	0.655609	0.656510	0.653492	0.640928	0.649184	0.627344	0.653463	0.666220	0.652230	
1100	0.656378	0.657282	0.660511	0.655319	0.638417	0.648212	0.626857	0.652029	0.665168	0.649746	
1105	0.656253	0.655366	0.661224	0.656855	0.636844	0.645869	0.626381	0.652425	0.662348	0.648880	
1110	0.657464	0.654152	0.662119	0.649958	0.633058	0.641283	0.626369	0.655021	0.663436	0.646654	
1115	0.657316	0.653796	0.662528	0.654574	0.635180	0.640738	0.625326	0.656195	0.663717	0.647408	
1120	0.661394	0.652578	0.662451	0.651058	0.636450	0.638404	0.627254	0.655779	0.664585	0.647751	
1125	0.657189	0.655820	0.662743	0.654767	0.642047	0.636761	0.624365	0.656524	0.660616	0.646897	
1130	0.658300	0.657013	0.658938	0.655389	0.644787	0.637300	0.623988	0.655122	0.660645	0.646673	
1135	0.658040	0.656929	0.661351	0.656012	0.641146	0.635326	0.624087	0.653486	0.658510	0.649866	
1140	0.656847	0.657403	0.659150	0.651249	0.635914	0.634704	0.630643	0.652570	0.667083	0.648288	
1145	0.663090	0.655931	0.660789	0.652494	0.639513	0.636816	0.631614	0.651981	0.667149	0.648466	
1150	0.660824	0.652662	0.662409	0.656183	0.638066	0.637969	0.632112	0.653496	0.672303	0.648741	
1155	0.663083	0.652329	0.658480	0.656672	0.639461	0.637601	0.635874	0.652543	0.667058	0.650064	
1160	0.656292	0.650938	0.658573	0.651263	0.642762	0.639838	0.634597	0.653318	0.669710	0.649268	
1165	0.655236	0.653844	0.657841	0.659005	0.647680	0.636700	0.639369	0.652075	0.666728	0.653419	
1170	0.654036	0.652196	0.655465	0.658168	0.646490	0.636997	0.638736	0.649638	0.666677	0.650157	
1175	0.652422	0.653608	0.656395	0.660611	0.640065	0.639776	0.635443	0.652170	0.664798	0.647331	
1180	0.652383	0.654096	0.656139	0.656471	0.637369	0.642997	0.640253	0.653565	0.664800	0.652347	
1185	0.652886	0.653135	0.655580	0.656632	0.639605	0.646730	0.640824	0.647758	0.667195	0.652488	
1190	0.653669	0.649723	0.653397	0.656141	0.640676	0.647646	0.640714	0.649917	0.667419	0.651483	
1195	0.651688	0.650626	0.651188	0.658735	0.640378	0.641529	0.644886	0.651119	0.663509	0.655722	
1200	0.649662	0.652090	0.648995	0.661702	0.639424	0.642766	0.645098	0.652563	0.666785	0.654716	
1205	0.648850	0.650081	0.650508	0.662120	0.640065	0.643822	0.644173	0.654813	0.672314	0.653835	
1210	0.645971	0.648189	0.650740	0.661113	0.637885	0.643746	0.645498	0.655556	0.668214	0.657422	
1215	0.645709	0.644641	0.651049	0.656720	0.636259	0.648134	0.644639	0.653404	0.668498	0.658746	
1220	0.645392	0.643648	0.649082	0.659484	0.637399	0.646090	0.644956	0.653294	0.667932	0.660641	
1225	0.642719	0.644228	0.646333	0.657227	0.636873	0.647336	0.639061	0.653032	0.668006	0.660998	
1230	0.644677	0.643312	0.647680	0.653637	0.636871	0.645732	0.636262	0.654376	0.665599	0.657276	
1235	0.641384	0.647433	0.646829	0.655717	0.633980	0.644640	0.635765	0.655471	0.660499	0.657875	
1240	0.642983	0.646912	0.648324	0.653326	0.635694	0.642910	0.637791	0.656369	0.655702	0.657599	
1245	0.646011	0.650200	0.649594	0.649770	0.636281	0.642163	0.635975	0.653530	0.656041	0.653257	
1250	0.644825	0.645676	0.646985	0.651720	0.641918	0.639653	0.637089	0.653468	0.653149	0.657537	
1255	0.645881	0.647368	0.644432	0.654159	0.643423	0.639480	0.639939	0.658573	0.655678	0.654276	
1260	0.645525	0.642584	0.643015	0.656268	0.645653	0.640773	0.640287	0.661630	0.656056	0.656649	
1265	0.649319	0.642549	0.648242	0.656372	0.648119	0.646552	0.637320	0.663929	0.650536	0.659033	
1270	0.653168	0.643556	0.648235	0.651420	0.646993	0.648700	0.638825	0.664498	0.655880	0.662212	
1275	0.656970	0.645810	0.646109	0.654987	0.649420	0.644852	0.636358	0.667756	0.658437	0.660514	
1280	0.650816	0.645351	0.646875	0.655287	0.647390	0.641726	0.637867	0.666674	0.654648	0.657684	
1285	0.648717	0.647980	0.646246	0.653247	0.646931	0.641258	0.640956	0.667162	0.659721	0.655379	
1290	0.645709	0.646822	0.646987	0.652465	0.649587	0.642858	0.643825	0.668102	0.663058	0.656222	
1295	0.644096	0.646820	0.647980	0.652542	0.650127	0.643139	0.641730	0.667750	0.659366	0.654127	
1300	0.643050	0.648247	0.651193	0.650786	0.646943	0.639907	0.640506	0.667810	0.658730	0.654616	
1305	0.644091	0.648494	0.657115	0.651745	0.646754	0.642145	0.636817	0.663441	0.658521	0.653197	
1310	0.647739	0.652290	0.659520	0.649232	0.647077	0.642603	0.635320	0.665067	0.659929	0.645675	
1315	0.648620	0.648756	0.661538	0.649054	0.645812	0.638769	0.632080	0.663744	0.658453	0.648377	
1320	0.654392	0.653006	0.659203	0.649846	0.642079	0.638213	0.633733	0.658755	0.659170	0.653659	
1325	0.653344	0.653361	0.659153	0.648569	0.645738	0.638102	0.632947	0.660436	0.658942	0.655030	
1330	0.651300	0.656055	0.658315	0.645940	0.644098	0.634036	0.633754	0.658538	0.659100	0.655140	
1335	0.650296	0.657102	0.658406	0.642072	0.644778	0.634422	0.632775	0.659396	0.660927	0.660259	
1340	0.645228	0.654923	0.655512	0.637469	0.647381	0.636138	0.630136	0.659549	0.665687	0.657126	
1345	0.647835	0.657138	0.653115	0.635049	0.646311	0.636828	0.632677	0.663123	0.661582	0.655389	
1350	0.646452	0.656345	0.650563	0.636385	0.646338	0.635021	0.633623	0.666091	0.663335	0.652929	
1355	0.647426	0.655214	0.648154	0.637089	0.648953	0.634360	0.633843	0.666842	0.660782	0.653157	
1360	0.649296	0.655024	0.651259	0.643297	0.649693	0.635627	0.637200	0.667706	0.661903	0.654208	
1365	0.647602	0.656316	0.648415	0.643606	0.651103	0.636810	0.637717	0.665910	0.660745	0.654134	
1370	0.646016	0.656445	0.648815	0.640928	0.655341	0.639758	0.636313	0.666573	0.654795	0.657568	
1375	0.641512	0.655317	0.646751	0.643284	0.657050	0.641825	0.637134	0.669101	0.657155	0.660512	
1380	0.643033	0.657289	0.646417	0.650549	0.653352	0.639690	0.639766	0.674010	0.653591	0.661033	
1385	0.646424	0.657791	0.648579	0.648808	0.653580	0.639808	0.645205	0.670448	0.655516	0.660988	
1390	0.643332	0.657422	0.644966	0.645977	0.655043	0.636663	0.642073	0.669682	0.655362	0.659261	
1395	0.639518	0.656397	0.643286	0.644817	0.655449	0.636911	0.638731	0.667794	0.654130	0.659411	
1400	0.642210	0.656783	0.643490	0.644175	0.652555	0.640960	0.635593	0.667514	0.650924	0.658509	
1405	0.641428	0.654382	0.641980	0.643388	0.651455	0.642069	0.637001	0.668319	0.647835	0.655011	
1410	0.642720	0.652101	0.639162	0.645042	0.652603	0.644696	0.635329	0.664759	0.644064	0.648738	
1415	0.642113	0.653829	0.640041	0.642244	0.651371	0.642676	0.637543	0.663201	0.644984	0.649476	
1420	0.641876	0.655093	0.636325	0.642618	0.650498	0.636131	0.635349	0.666480	0.653197	0.651184	
1425	0.643947	0.661949	0.636789	0.643102	0.646474	0.639241	0.638592	0.667307	0.650169	0.648487	
1430	0.645209	0.662271	0.634990	0.638074	0.648553	0.642300	0.642977	0.666341	0.651543	0.646113	
1435	0.643571	0.662791	0.636621	0.638115	0.648221	0.639041	0.640271	0.665786	0.646837	0.645856	
1440	0.643038	0.661465	0.640949	0.641619	0.647824	0.636922	0.643257	0.663490	0.641951	0.644685	
1445	0.643734	0.661548	0.640300	0.638072	0.645731	0.639333	0.644654	0.667333	0.643854	0.644473	
1450	0.642070	0.658953	0.640228	0.638340	0.645979	0.638845	0.648624	0.665296	0.646181	0.642256	
1455	0.644764	0.657363	0.643679	0.638569	0.646627	0.639312	0.646991	0.664324	0.648246	0.641921	
1460	0.648991	0.655445	0.639461	0.639448	0.650174	0.641798	0.640181	0.665484	0.650787	0.643088	
1465	0.648171	0.656268	0.638854	0.638124	0.656748	0.639584	0.642792	0.665863	0.648420	0.643152	
1470	0.645286	0.655832	0.642543	0.637932	0.655472	0.639998	0.644013	0.665594	0.647155	0.639803	
1475	0.641927	0.656311	0.648460	0.640865	0.650569	0.640408	0.647023	0.660042	0.647028	0.633387	
1480	0.640463	0.658040	0.648596	0.641663	0.646685	0.644265	0.650334	0.660965	0.650456	0.638197	
1485	0.642929	0.655552	0.647594	0.638495	0.647728	0.642580	0.649928	0.660724	0.651873	0.638749	
1490	0.641028	0.654473	0.651422	0.638117	0.648435	0.642038	0.650616	0.660594	0.648962	0.638247	
1495	0.640388	0.655471	0.655795	0.643800	0.649491	0.640128	0.654578	0.660389	0.653206	0.638450	
1500	0.641536	0.658998	0.654627	0.643453	0.649418	0.639652	0.657518	0.662942	0.654304	0.639995	
1505	0.642659	0.654622	0.657827	0.643328	0.645740	0.641806	0.658851	0.662198	0.652637	0.638992	
1510	0.642630	0.654993	0.655486	0.644593	0.646715	0.644077	0.661927	0.661643	0.646805	0.639175	
1515	0.645579	0.653895	0.655609	0.646285	0.649436	0.640854	0.661121	0.661080	0.647270	0.635776	
1520	0.640701	0.656261	0.649212	0.642271	0.647187	0.637682	0.664160	0.665883	0.648775	0.633326	
1525	0.643519	0.653899	0.645209	0.643628	0.642432	0.637057	0.662806	0.660933	0.650645	0.632943	
1530	0.646579	0.653803	0.648398	0.642988	0.643964	0.637539	0.661963	0.663784	0.653612	0.636925	
1535	0.646238	0.653167	0.642469	0.640750	0.640491	0.640339	0.663145	0.660282	0.652421	0.638924	
1540	0.643894	0.654689	0.640998	0.643338	0.642930	0.640423	0.662788	0.658649	0.651504	0.646089	
1545	0.645508	0.651622	0.642568	0.645442	0.647512	0.642967	0.665610	0.657544	0.651821	0.641750	
1550	0.646554	0.653188	0.642488	0.650270	0.646889	0.645166	0.667470	0.657122	0.651114	0.642750	
1555	0.647494	0.655360	0.641048	0.649618	0.645118	0.648757	0.670175	0.651978	0.652471	0.640475	
1560	0.645194	0.652899	0.643977	0.650539	0.646167	0.646058	0.669237	0.650893	0.651796	0.639206	
1565	0.646168	0.650406	0.644091	0.651629	0.641168	0.649838	0.662170	0.655530	0.652542	0.643148	
1570	0.648666	0.652557	0.644338	0.650579	0.643147	0.648308	0.661954	0.657710	0.649479	0.640450	
1575	0.652653	0.655140	0.641672	0.649386	0.642367	0.646832	0.664947	0.655821	0.647330	0.640591	
1580	0.650353	0.656154	0.639279	0.646023	0.644326	0.642889	0.661577	0.650482	0.649978	0.641006	
1585	0.649506	0.653722	0.641700	0.646955	0.647103	0.642225	0.661509	0.654878	0.649346	0.641558	
1590	0.650790	0.656772	0.644699	0.646113	0.646390	0.643473	0.662699	0.657085	0.649633	0.641091	
1595	0.650034	0.655442	0.642209	0.642986	0.644187	0.646077	0.661714	0.652931	0.650661	0.639053	
1600	0.649323	0.656025	0.643896	0.647876	0.647183	0.648938	0.660756	0.654881	0.646327	0.640144	
1605	0.652780	0.654873	0.644714	0.646191	0.645644	0.652201	0.660329	0.654415	0.643426	0.642730	
1610	0.651727	0.650354	0.643495	0.649012	0.645483	0.654851	0.660536	0.656613	0.644988	0.646866	
1615	0.651075	0.654270	0.644784	0.649498	0.645666	0.658690	0.660565	0.655235	0.647537	0.651148	
1620	0.647956	0.651365	0.641767	0.646951	0.645138	0.657654	0.656246	0.654384	0.646009	0.657906	
1625	0.651276	0.653687	0.642356	0.647236	0.645107	0.653154	0.657705	0.651111	0.641720	0.655363	
1630	0.648426	0.657802	0.647153	0.644932	0.641732	0.654538	0.657952	0.648702	0.635828	0.655259	
1635	0.646927	0.653382	0.646937	0.642070	0.643331	0.658013	0.658469	0.649494	0.641606	0.656069	
1640	0.649931	0.646732	0.644418	0.644608	0.647576	0.657011	0.661334	0.648353	0.642459	0.656323	
1645	0.649201	0.639363	0.646343	0.640854	0.641032	0.658080	0.663290	0.648970	0.642868	0.662810	
1650	0.648813	0.644311	0.649793	0.642350	0.641269	0.656722	0.663355	0.647788	0.646959	0.661415	
1655	0.651164	0.643631	0.644779	0.643098	0.640036	0.659589	0.665346	0.646067	0.646090	0.657968	
1660	0.651340	0.647780	0.641975	0.648015	0.637158	0.659050	0.664931	0.643701	0.646456	0.656283	
1665	0.652133	0.641674	0.639129	0.645117	0.642562	0.660192	0.663385	0.646474	0.646192	0.653678	
1670	0.651467	0.642941	0.636762	0.646493	0.647519	0.660600	0.663367	0.648048	0.651572	0.650891	
1675	0.650811	0.644647	0.635837	0.646519	0.645963	0.658125	0.659010	0.648467	0.652944	0.654518	
1680	0.652485	0.641693	0.636961	0.646585	0.643973	0.656170	0.662729	0.646867	0.653409	0.651135	
1685	0.651704	0.643562	0.633312	0.640997	0.644021	0.660184	0.662797	0.646038	0.651917	0.653351	
1690	0.648343	0.641271	0.633558	0.645034	0.644177	0.658182	0.662498	0.649487	0.647517	0.652182	
1695	0.650466	0.639650	0.634529	0.647230	0.645649	0.654894	0.658729	0.647816	0.649870	0.648362	
1700	0.650892	0.638502	0.632674	0.646905	0.646739	0.655008	0.656824	0.645958	0.649067	0.645166	
1705	0.647193	0.636231	0.631661	0.649235	0.648955	0.656540	0.656439	0.644451	0.650425	0.644543	
1710	0.642995	0.640887	0.632845	0.649575	0.650101	0.659962	0.658483	0.643588	0.648346	0.640998	
1715	0.646521	0.644341	0.634091	0.644995	0.646913	0.659205	0.656199	0.640174	0.642091	0.642133	
1720	0.648677	0.643592	0.633829	0.644631	0.653585	0.658746	0.659091	0.642304	0.642175	0.643359	
1725	0.650497	0.640782	0.634680	0.650269	0.653506	0.660432	0.654362	0.641734	0.638318	0.648289	
1730	0.651479	0.641478	0.637253	0.649864	0.654591	0.660446	0.653632	0.640460	0.642280	0.649912	
1735	0.653139	0.644305	0.644255	0.652790	0.656695	0.661753	0.653547	0.641330	0.644162	0.648510	
1740	0.651378	0.640816	0.643034	0.654401	0.656778	0.660945	0.656638	0.639978	0.640340	0.644899	
1745	0.652899	0.640328	0.641246	0.648988	0.655800	0.660720	0.654705	0.645010	0.639812	0.643366	
1750	0.651852	0.637548	0.639962	0.652952	0.655579	0.652290	0.655879	0.644962	0.640188	0.643741	
1755	0.653898	0.636802	0.639117	0.653482	0.660714	0.651792	0.658872	0.645169	0.637104	0.644753	
1760	0.661309	0.635295	0.640401	0.649858	0.659106	0.651841	0.661239	0.643799	0.634010	0.644466	
1765	0.657089	0.636990	0.640671	0.649029	0.662654	0.650900	0.661398	0.640788	0.634010	0.647030	
1770	0.659956	0.636215	0.638516	0.649541	0.661683	0.652976	0.658672	0.641624	0.634821	0.645615	
1775	0.657974	0.637625	0.635025	0.649382	0.660688	0.652076	0.655293	0.643928	0.633999	0.644521	
1780	0.657662	0.642130	0.636707	0.653628	0.660317	0.657044	0.658230	0.642933	0.635600	0.649582	
1785	0.654780	0.644447	0.635785	0.654257	0.658705	0.653507	0.656424	0.643393	0.640347	0.648256	
1790	0.656066	0.641368	0.635930	0.653593	0.659009	0.650196	0.659333	0.644156	0.639720	0.647041	
1795	0.657350	0.642563	0.635292	0.649561	0.662847	0.649851	0.654482	0.645769	0.641272	0.647913	
1800	0.661337	0.636727	0.637011	0.647895	0.659854	0.651583	0.652418	0.644138	0.640469	0.646922	
1805	0.661360	0.637992	0.632953	0.649473	0.662260	0.649389	0.653356	0.645786	0.638308	0.650706	
1810	0.657520	0.635906	0.636906	0.645564	0.659416	0.649668	0.655264	0.647721	0.638291	0.645951	
1815	0.659038	0.640997	0.636495	0.647398	0.659817	0.648695	0.661050	0.648673	0.634549	0.650048	
1820	0.655057	0.645032	0.634374	0.650164	0.658337	0.650717	0.660249	0.644748	0.633808	0.650010	
1825	0.656893	0.643020	0.636429	0.647167	0.659361	0.651463	0.662749	0.642658	0.632638	0.650873	
1830	0.657479	0.642055	0.635701	0.648349	0.663396	0.651635	0.659666	0.643489	0.635949	0.656220	
1835	0.656295	0.643113	0.635434	0.650007	0.664662	0.648284	0.656237	0.641677	0.641481	0.653730	
1840	0.654772	0.641508	0.636016	0.648774	0.662764	0.644204	0.658770	0.641377	0.644408	0.656911	
1845	0.648620	0.643223	0.637192	0.648135	0.661097	0.643756	0.660313	0.640325	0.643703	0.656334	
1850	0.648276	0.638687	0.639585	0.649179	0.661724	0.649393	0.655488	0.645064	0.644282	0.656357	
1855	0.649458	0.636320	0.640714	0.647976	0.662852	0.647946	0.653250	0.639697	0.642020	0.656173	
1860	0.649400	0.634259	0.638173	0.647279	0.660557	0.644237	0.653447	0.640590	0.643513	0.655629	
1865	0.651393	0.634232	0.633842	0.647239	0.657259	0.642451	0.650604	0.639127	0.645853	0.655565	
1870	0.650105	0.634336	0.634936	0.649184	0.656633	0.643874	0.647058	0.636987	0.645921	0.656158	
1875	0.649186	0.631767	0.636072	0.651643	0.654218	0.643084	0.650084	0.642167	0.646891	0.653122	
1880	0.651898	0.630446	0.635628	0.648986	0.651149	0.646421	0.647421	0.639049	0.649269	0.651127	
1885	0.653647	0.634703	0.638777	0.648199	0.658268	0.647813	0.645340	0.637217	0.651242	0.649942	
1890	0.651458	0.635156	0.636307	0.642850	0.660139	0.651610	0.645216	0.635628	0.649474	0.648838	
1895	0.649317	0.632411	0.637301	0.643308	0.654856	0.653026	0.646368	0.644726	0.650099	0.644736	
1900	0.649498	0.633383	0.637131	0.642882	0.653846	0.652289	0.647811	0.642288	0.648138	0.642368	
1905	0.648772	0.634790	0.636713	0.645564	0.660272	0.649873	0.648789	0.645289	0.644697	0.645621	
1910	0.648195	0.635059	0.640028	0.645629	0.657719	0.648693	0.653983	0.641343	0.640988	0.648194	
1915	0.649601	0.634958	0.641984	0.645430	0.655241	0.643719	0.653330	0.645283	0.640891	0.647857	
1920	0.644275	0.637707	0.640675	0.644096	0.652453	0.643440	0.653519	0.649660	0.644591	0.644317	
1925	0.649494	0.637146	0.640807	0.646629	0.656661	0.649900	0.646858	0.653418	0.649366	0.642923	
1930	0.648741	0.638315	0.641716	0.642825	0.656721	0.653072	0.648647	0.656793	0.648042	0.641996	
1935	0.653035	0.638342	0.642619	0.642136	0.661486	0.654569	0.648276	0.654386	0.646744	0.646186	
1940	0.648671	0.640056	0.634936	0.639917	0.660322	0.656003	0.648908	0.654197	0.645493	0.642398	
1945	0.649821	0.638851	0.633666	0.640992	0.662247	0.655609	0.647412	0.654134	0.643760	0.642887	
1950	0.651165	0.639422	0.636742	0.639716	0.664189	0.656169	0.649844	0.653928	0.643364	0.649230	
1955	0.650849	0.640652	0.638038	0.637119	0.669154	0.655113	0.648702	0.652153	0.644584	0.645456	
1960	0.652740	0.640972	0.636624	0.642831	0.665556	0.652068	0.648567	0.659525	0.644723	0.647825	
1965	0.650883	0.638788	0.640499	0.643048	0.662039	0.654306	0.649594	0.660274	0.649134	0.646625	
1970	0.650600	0.639736	0.646455	0.643286	0.659159	0.659328	0.645839	0.658324	0.649579	0.648736	
1975	0.647561	0.638222	0.644518	0.640347	0.659131	0.656708	0.647932	0.657620	0.647768	0.649368	
1980	0.652930	0.636082	0.646876	0.641925	0.656204	0.653478	0.651190	0.660378	0.644735	0.642437	
1985	0.653382	0.639245	0.647105	0.639398	0.655359	0.657582	0.654783	0.660077	0.644693	0.645317	
1990	0.654340	0.637597	0.649020	0.642825	0.659194	0.659972	0.653575	0.658899	0.644544	0.644048	
1995	0.655156	0.638928	0.647828	0.642545	0.661079	0.652753	0.654668	0.657820	0.645534	0.643270	
2000	0.650821	0.640569	0.647287	0.642189	0.660102	0.654781	0.648538	0.654177	0.646761	0.646215	
2005	0.649831	0.641514	0.651801	0.640856	0.658327	0.656747	0.647589	0.653317	0.644358	0.649759	
2010	0.650422	0.638593	0.652403	0.638567	0.655405	0.651248	0.650640	0.655933	0.647272	0.649639	
2015	0.650922	0.638614	0.646760	0.635389	0.654024	0.650984	0.648962	0.659225	0.650326	0.648115	
2020	0.648204	0.639708	0.648973	0.635202	0.656626	0.653314	0.642646	0.658177	0.650421	0.645484	
2025	0.647554	0.640756	0.649397	0.636826	0.661051	0.651538	0.641406	0.656593	0.650468	0.642899	
2030	0.643676	0.642640	0.649156	0.635792	0.660248	0.651636	0.646323	0.657994	0.647505	0.646214	
2035	0.648068	0.642951	0.647274	0.638421	0.661301	0.651811	0.648448	0.655694	0.649485	0.646169	
2040	0.649835	0.645433	0.643221	0.641943	0.658661	0.653267	0.645339	0.655059	0.649389	0.644142	
2045	0.649576	0.647284	0.642682	0.642385	0.659854	0.652183	0.639961	0.657533	0.654635	0.643858	
2050	0.653211	0.646603	0.638670	0.639903	0.657472	0.643486	0.643981	0.657988	0.650814	0.641260	
2055	0.657776	0.649600	0.640142	0.645007	0.659840	0.648141	0.642297	0.659124	0.650070	0.638325	
2060	0.659201	0.645902	0.641751	0.643734	0.663129	0.647021	0.642519	0.655387	0.650892	0.640805	
2065	0.654732	0.646248	0.637382	0.642840	0.663846	0.646641	0.635790	0.653030	0.649980	0.638362	
2070	0.655188	0.655083	0.641671	0.644082	0.659662	0.643636	0.640122	0.653060	0.652065	0.636145	
2075	0.654544	0.651444	0.641905	0.642437	0.658432	0.644318	0.644122	0.651782	0.650455	0.635983	
2080	0.656659	0.647389	0.640984	0.643265	0.657157	0.643371	0.644890	0.654231	0.652504	0.638384	
2085	0.658882	0.647575	0.641816	0.644315	0.665755	0.644517	0.640785	0.651856	0.659177	0.637652	
2090	0.657158	0.647398	0.641372	0.643055	0.659625	0.646275	0.641073	0.651077	0.656063	0.633877	
2095	0.659365	0.649145	0.636979	0.641236	0.663658	0.646229	0.641287	0.651262	0.654310	0.632912	
2100	0.656310	0.652442	0.641523	0.642259	0.660020	0.647225	0.641048	0.646150	0.654898	0.633763	
2105	0.652059	0.650476	0.645255	0.648701	0.659820	0.645730	0.638854	0.645013	0.657451	0.634923	
2110	0.653681	0.646108	0.646821	0.648183	0.663907	0.644140	0.638188	0.640885	0.659818	0.638659	
2115	0.649686	0.643697	0.645253	0.648359	0.661948	0.640427	0.638581	0.642510	0.656352	0.634534	
2120	0.651621	0.644485	0.650716	0.646542	0.658096	0.645419	0.643340	0.642857	0.655368	0.642141	
2125	0.655451	0.645676	0.650046	0.648117	0.658881	0.647322	0.646670	0.647740	0.653604	0.642816	
2130	0.655398	0.648073	0.649507	0.645338	0.656195	0.646980	0.642755	0.647078	0.657143	0.640789	
2135	0.656656	0.654823	0.652616	0.649170	0.661005	0.645994	0.643081	0.643405	0.657979	0.640003	
2140	0.654034	0.649914	0.653942	0.647906	0.660485	0.648682	0.645278	0.646699	0.655643	0.634645	
2145	0.656878	0.643385	0.654776	0.649037	0.658021	0.649299	0.643983	0.643231	0.660023	0.638434	
2150	0.657253	0.644615	0.657716	0.649496	0.656407	0.647499	0.645621	0.644004	0.663324	0.638028	
2155	0.657615	0.649167	0.657257	0.650143	0.654692	0.648365	0.643289	0.647204	0.663234	0.636619	
2160	0.658818	0.654340	0.658757	0.648661	0.654057	0.650482	0.645308	0.646808	0.662415	0.636542	
2165	0.660949	0.656164	0.657509	0.649834	0.650083	0.647667	0.650815	0.648075	0.663708	0.639496	
2170	0.659018	0.657067	0.655502	0.650132	0.649976	0.655745	0.653395	0.649156	0.664142	0.637519	
2175	0.658265	0.658260	0.651709	0.651875	0.652557	0.651282	0.650347	0.651256	0.667664	0.637405	
2180	0.660887	0.656580	0.650920	0.654291	0.653489	0.648297	0.652836	0.652834	0.669419	0.639290	
2185	0.663708	0.658173	0.653069	0.656962	0.652397	0.647797	0.648709	0.653798	0.671217	0.638407	
2190	0.664569	0.659390	0.652565	0.659963	0.649830	0.650858	0.651088	0.648879	0.670324	0.636467	
2195	0.663725	0.663896	0.654009	0.656219	0.646063	0.653404	0.650496	0.647941	0.671331	0.635480	
2200	0.659489	0.661902	0.651903	0.652516	0.647613	0.650157	0.651748	0.650869	0.670560	0.633517	
2205	0.664412	0.662326	0.650495	0.651121	0.645942	0.647196	0.651382	0.654419	0.671130	0.631907	
2210	0.659829	0.661440	0.651459	0.649163	0.641896	0.647730	0.648858	0.647362	0.671838	0.634240	
2215	0.657598	0.664353	0.653171	0.649079	0.642106	0.646259	0.650591	0.650556	0.663664	0.633202	
2220	0.659818	0.660107	0.652875	0.649276	0.641900	0.647457	0.649714	0.655057	0.665748	0.636784	
2225	0.657845	0.662930	0.652454	0.653531	0.645902	0.642855	0.648079	0.650687	0.669890	0.637331	
2230	0.661239	0.665391	0.651105	0.654877	0.648959	0.640280	0.648152	0.651166	0.669431	0.641698	
2235	0.658308	0.664652	0.650778	0.651105	0.649375	0.643769	0.648632	0.651449	0.669350	0.643079	
2240	0.657396	0.662301	0.650086	0.653194	0.651094	0.642104	0.646922	0.651757	0.666505	0.639710	
2245	0.655800	0.661006	0.646916	0.651589	0.649295	0.641804	0.647677	0.655286	0.667789	0.640240	
2250	0.657056	0.661766	0.649325	0.648984	0.652006	0.642714	0.644556	0.657776	0.670206	0.641633	
2255	0.654140	0.657673	0.649430	0.653115	0.649223	0.640894	0.643428	0.656814	0.667635	0.640081	
2260	0.655209	0.656827	0.646925	0.653564	0.645695	0.645804	0.642548	0.652417	0.666633	0.639139	
2265	0.655832	0.656126	0.648950	0.652380	0.646610	0.645573	0.645312	0.652659	0.668662	0.640049	
2270	0.655848	0.654372	0.645323	0.653610	0.650277	0.641619	0.646164	0.652353	0.666417	0.641836	
2275	0.653294	0.656793	0.645487	0.652187	0.650264	0.640941	0.648291	0.655345	0.664368	0.641051	
2280	0.654197	0.653482	0.648486	0.651593	0.652487	0.645078	0.646256	0.652461	0.667056	0.642182	
2285	0.656470	0.651329	0.648168	0.651404	0.654846	0.645174	0.644433	0.650925	0.665377	0.639913	
2290	0.663054	0.655293	0.648088	0.651626	0.654278	0.645824	0.643442	0.650515	0.665006	0.639926	
2295	0.660971	0.654993	0.647732	0.650503	0.652702	0.642448	0.644800	0.647466	0.664523	0.643511	
2300	0.660868	0.651912	0.652570	0.648257	0.654351	0.641977	0.646936	0.647852	0.667272	0.640495	
2305	0.658981	0.653894	0.650666	0.647783	0.652565	0.643081	0.651054	0.646963	0.668481	0.647260	
2310	0.662707	0.653649	0.652053	0.645233	0.652846	0.642489	0.650159	0.651772	0.667988	0.648677	
2315	0.662536	0.655479	0.655625	0.645649	0.648724	0.650784	0.651696	0.646448	0.666981	0.649439	
2320	0.659750	0.655976	0.654652	0.648065	0.647106	0.650005	0.655708	0.648569	0.665200	0.645545	
2325	0.656117	0.656242	0.652794	0.644094	0.648478	0.649865	0.652354	0.646246	0.666682	0.651574	
2330	0.655219	0.657559	0.652126	0.645238	0.646652	0.647194	0.653801	0.646576	0.666382	0.654452	
2335	0.659009	0.659987	0.648762	0.643176	0.646490	0.642860	0.650353	0.647676	0.662882	0.661362	
2340	0.662201	0.659932	0.648058	0.641870	0.643892	0.644639	0.652816	0.647644	0.659464	0.655360	
2345	0.659823	0.662310	0.647666	0.644540	0.640978	0.641640	0.657327	0.647614	0.658834	0.655010	
2350	0.655824	0.666612	0.649965	0.643604	0.641792	0.644269	0.649161	0.645659	0.659036	0.653134	
2355	0.655227	0.662986	0.651914	0.643351	0.645603	0.644883	0.650701	0.648063	0.658611	0.653690	
2360	0.654110	0.659183	0.651858	0.646073	0.644653	0.645404	0.650125	0.649601	0.654434	0.651107	
2365	0.655409	0.660894	0.648683	0.648372	0.650788	0.643175	0.651332	0.648637	0.654057	0.650271	
2370	0.657216	0.656611	0.648612	0.653817	0.652089	0.645923	0.647081	0.644500	0.653899	0.647192	
2375	0.657127	0.654424	0.652609	0.653772	0.653416	0.643519	0.648690	0.647188	0.651381	0.649937	
2380	0.655635	0.658212	0.651682	0.655444	0.651691	0.642768	0.646493	0.650534	0.648548	0.648558	
2385	0.659220	0.660502	0.655911	0.655407	0.648762	0.644198	0.647856	0.653272	0.648896	0.646614	
2390	0.661428	0.659741	0.654951	0.655095	0.648916	0.643679	0.650094	0.647854	0.650181	0.647559	
2395	0.661764	0.659326	0.657198	0.656238	0.646321	0.645000	0.645605	0.647494	0.650226	0.644126	
2400	0.664717	0.657162	0.655668	0.656808	0.646567	0.641105	0.643612	0.649310	0.652909	0.642653	
2405	0.662661	0.654465	0.658095	0.655900	0.644668	0.642836	0.643409	0.651993	0.650807	0.643841	
2410	0.659622	0.654236	0.658772	0.660126	0.645989	0.643443	0.647770	0.650112	0.649873	0.645769	
2415	0.662433	0.655095	0.656527	0.660137	0.648489	0.645512	0.643748	0.652167	0.648307	0.645106	
2420	0.661069	0.655660	0.653743	0.656139	0.647403	0.642162	0.642757	0.649565	0.651529	0.641498	
2425	0.659803	0.658846	0.654988	0.654479	0.647063	0.636678	0.640379	0.650471	0.651515	0.640614	
2430	0.654768	0.658345	0.651590	0.652500	0.648680	0.638068	0.640901	0.649605	0.652000	0.641533	
2435	0.656715	0.657117	0.655329	0.653753	0.644787	0.637832	0.646474	0.655283	0.655893	0.641591	
2440	0.655940	0.657547	0.655460	0.655215	0.643020	0.637026	0.648482	0.652979	0.661337	0.641934	
2445	0.654460	0.654208	0.656159	0.653925	0.642828	0.640112	0.650030	0.648846	0.660947	0.640200	
2450	0.651280	0.654585	0.655403	0.653093	0.645717	0.643023	0.650420	0.648429	0.657304	0.642750	
2455	0.657234	0.655277	0.651495	0.652366	0.647484	0.638520	0.648504	0.647593	0.657318	0.643075	
2460	0.655767	0.654093	0.653859	0.651543	0.645100	0.643566	0.646601	0.647314	0.654311	0.643646	
2465	0.656607	0.655288	0.651961	0.651256	0.646252	0.643127	0.648310	0.647915	0.655803	0.647621	
2470	0.656370	0.654496	0.652074	0.651038	0.646117	0.640293	0.649217	0.648935	0.654701	0.644591	
2475	0.654872	0.653751	0.652828	0.652593	0.647380	0.636475	0.650543	0.649199	0.651007	0.645655	
2480	0.648923	0.658096	0.657335	0.656657	0.649873	0.641199	0.652530	0.649685	0.650689	0.650011	
2485	0.645433	0.658139	0.656935	0.652860	0.649541	0.647186	0.651214	0.646476	0.647692	0.643716	
2490	0.648134	0.658431	0.652694	0.652007	0.649430	0.644928	0.653972	0.647521	0.649223	0.642645	
2495	0.648232	0.652669	0.658100	0.653735	0.647090	0.647773	0.650574	0.648195	0.651098	0.638662	
2500	0.650513	0.651572	0.657155	0.653963	0.646515	0.645767	0.652148	0.644221	0.648630	0.635526	
2505	0.651439	0.645840	0.655722	0.654684	0.643642	0.642454	0.653280	0.642022	0.644907	0.641550	
2510	0.651016	0.645451	0.656639	0.653447	0.641125	0.641619	0.653903	0.641364	0.645556	0.641056	
2515	0.651967	0.643062	0.653773	0.655632	0.640609	0.643234	0.652279	0.643775	0.652157	0.643001	
2520	0.652859	0.642319	0.655484	0.658338	0.638658	0.643677	0.648403	0.644738	0.651821	0.642783	
2525	0.654192	0.643422	0.653465	0.655733	0.643985	0.643980	0.645579	0.641175	0.655937	0.640269	
2530	0.654987	0.646345	0.650511	0.657069	0.646580	0.640794	0.642315	0.642299	0.653077	0.640998	
2535	0.656734	0.648410	0.648479	0.659681	0.648327	0.641453	0.645666	0.644192	0.652719	0.639807	
2540	0.656376	0.648611	0.653363	0.656370	0.649009	0.645648	0.647359	0.643258	0.655010	0.644937	
2545	0.656052	0.649598	0.651964	0.660171	0.651458	0.646595	0.645301	0.646244	0.653586	0.644027	
2550	0.654777	0.654828	0.651545	0.659343	0.654303	0.645092	0.650182	0.644413	0.652488	0.645705	
2555	0.649549	0.651945	0.648254	0.655793	0.651664	0.646382	0.650617	0.644822	0.651908	0.645191	
2560	0.645944	0.652933	0.647556	0.657360	0.650679	0.646270	0.649459	0.644201	0.648155	0.644465	
2565	0.647033	0.657605	0.649367	0.661442	0.649819	0.640362	0.648774	0.644013	0.644901	0.643229	
2570	0.647710	0.655423	0.645427	0.661154	0.647922	0.638422	0.644726	0.642666	0.646880	0.641493	
2575	0.644737	0.654698	0.644062	0.657573	0.651058	0.641655	0.646876	0.643083	0.650281	0.641654	
2580	0.644081	0.653145	0.644250	0.658538	0.652713	0.641237	0.646670	0.644867	0.652879	0.642813	
2585	0.642545	0.654900	0.643985	0.659929	0.655302	0.641195	0.651385	0.643115	0.649423	0.637219	
2590	0.642664	0.658967	0.644095	0.661253	0.656336	0.640972	0.653686	0.650368	0.647885	0.644499	
2595	0.643337	0.652625	0.643589	0.659643	0.654323	0.645079	0.648957	0.651547	0.646931	0.639556	
2600	0.641652	0.653590	0.643036	0.658947	0.653978	0.646150	0.652219	0.651960	0.647555	0.636405	
2605	0.643398	0.651268	0.645073	0.659170	0.649213	0.648789	0.651551	0.652629	0.648220	0.636413	
2610	0.640081	0.650394	0.644531	0.657872	0.647019	0.651959	0.653453	0.650943	0.647975	0.640321	
2615	0.641954	0.653603	0.643622	0.660390	0.642775	0.650643	0.651780	0.650468	0.646846	0.643030	
2620	0.641158	0.652160	0.642911	0.661895	0.646177	0.648465	0.652709	0.648770	0.647895	0.645521	
2625	0.638230	0.650782	0.644460	0.659836	0.647937	0.648066	0.647692	0.652184	0.647641	0.645428	
2630	0.636178	0.648380	0.647076	0.656290	0.642473	0.645660	0.647504	0.651786	0.649138	0.645493	
2635	0.633513	0.648621	0.645921	0.653602	0.643500	0.648794	0.645370	0.652659	0.644148	0.645951	
2640	0.635605	0.648587	0.646026	0.652888	0.640304	0.648838	0.649564	0.649967	0.648225	0.645367	
2645	0.638133	0.649108	0.647090	0.653594	0.641938	0.647539	0.648787	0.652595	0.645569	0.645250	
2650	0.637617	0.645492	0.651060	0.653795	0.641117	0.644774	0.645619	0.655860	0.647173	0.645494	
2655	0.637978	0.646994	0.649430	0.652866	0.637256	0.645828	0.646601	0.659037	0.646629	0.643516	
2660	0.640915	0.647191	0.647265	0.655292	0.637488	0.647876	0.647580	0.657182	0.649036	0.642396	
2665	0.643302	0.648105	0.648670	0.657126	0.639949	0.649448	0.645726	0.652618	0.649540	0.644870	
2670	0.641483	0.646559	0.648440	0.653664	0.643176	0.651518	0.646693	0.652688	0.651622	0.644339	
2675	0.639338	0.647807	0.648050	0.653740	0.642091	0.647707	0.646758	0.657446	0.655601	0.644706	
2680	0.639938	0.650458	0.647454	0.652526	0.643240	0.646123	0.649593	0.662909	0.652125	0.644512	
2685	0.642963	0.654786	0.647517	0.649478	0.642642	0.649518	0.647560	0.660138	0.654029	0.641494	
2690	0.640957	0.651213	0.640927	0.649369	0.642163	0.654171	0.646447	0.659020	0.654955	0.641100	
2695	0.641034	0.651699	0.638013	0.647985	0.641437	0.656432	0.645996	0.655724	0.648585	0.640912	
2700	0.640613	0.655566	0.637420	0.644658	0.645717	0.655749	0.640847	0.655810	0.650546	0.640969	
2705	0.639174	0.654706	0.636477	0.645790	0.651429	0.658998	0.640619	0.653918	0.653266	0.637350	
2710	0.635410	0.654785	0.635481	0.642433	0.648603	0.657721	0.641162	0.654036	0.653095	0.641573	
2715	0.636937	0.654825	0.633627	0.640264	0.650257	0.657427	0.639555	0.656058	0.654535	0.644608	
2720	0.638669	0.653667	0.634036	0.642165	0.653857	0.653612	0.641219	0.650716	0.659142	0.645841	
2725	0.639596	0.658984	0.635111	0.641589	0.652455	0.650218	0.637472	0.651797	0.654253	0.644007	
2730	0.640045	0.659905	0.638288	0.641117	0.653410	0.650252	0.639739	0.657801	0.649910	0.646772	
2735	0.646958	0.663001	0.634745	0.640413	0.655831	0.646785	0.637596	0.655209	0.653782	0.645963	
2740	0.645641	0.657472	0.633262	0.636960	0.652434	0.643869	0.639850	0.653432	0.652756	0.646776	
2745	0.642765	0.655545	0.639634	0.635442	0.651534	0.644326	0.640814	0.652712	0.651956	0.645768	
2750	0.642882	0.655237	0.639810	0.636789	0.652028	0.646778	0.640036	0.651978	0.654588	0.643584	
2755	0.640342	0.655888	0.638224	0.639350	0.656323	0.652087	0.637042	0.654601	0.660967	0.648282	
2760	0.640357	0.651606	0.638060	0.641301	0.654935	0.651243	0.639832	0.654997	0.659435	0.648546	
2765	0.641959	0.648687	0.637923	0.642443	0.652725	0.647832	0.640228	0.655268	0.658834	0.644091	
2770	0.641848	0.647258	0.636050	0.642493	0.655091	0.647538	0.640042	0.650650	0.660026	0.639251	
2775	0.639908	0.646972	0.638026	0.643286	0.655226	0.647927	0.638971	0.650879	0.660230	0.638592	
2780	0.645045	0.644896	0.636616	0.645689	0.653831	0.648098	0.637926	0.651883	0.660923	0.638882	
2785	0.646916	0.646410	0.636554	0.642517	0.656516	0.648881	0.639919	0.653023	0.659101	0.639404	
2790	0.647227	0.645268	0.633674	0.641290	0.656578	0.654237	0.642961	0.652518	0.660059	0.640789	
2795	0.645614	0.642523	0.635641	0.644041	0.655043	0.646857	0.643279	0.650189	0.659200	0.640927	
2800	0.651023	0.639932	0.639291	0.643643	0.656704	0.644473	0.641198	0.649059	0.657591	0.640091	
2805	0.653620	0.643213	0.643571	0.643565	0.661339	0.644264	0.641251	0.652808	0.654686	0.640637	
2810	0.652198	0.642619	0.643764	0.640607	0.658802	0.642847	0.643009	0.651726	0.657429	0.645714	
2815	0.651448	0.646440	0.639010	0.646466	0.660203	0.643223	0.643512	0.653756	0.652990	0.643678	
2820	0.648773	0.643386	0.638911	0.644588	0.662199	0.647109	0.647481	0.656544	0.655525	0.644654	
2825	0.652721	0.638221	0.642778	0.647540	0.662701	0.644626	0.645592	0.654763	0.650190	0.640626	
2830	0.654031	0.643194	0.641705	0.647864	0.660719	0.646228	0.647579	0.654464	0.651408	0.638668	
2835	0.654706	0.640846	0.643387	0.642517	0.662488	0.643889	0.647055	0.656337	0.651514	0.636980	
2840	0.652558	0.640738	0.645614	0.642376	0.660505	0.646175	0.645750	0.657574	0.647563	0.635575	
2845	0.650317	0.645323	0.640928	0.642670	0.658270	0.647478	0.648163	0.658861	0.645637	0.640212	
2850	0.646363	0.647347	0.637573	0.641938	0.657242	0.649488	0.650395	0.656612	0.643699	0.639270	
2855	0.652781	0.650489	0.637727	0.638157	0.653318	0.646976	0.650949	0.657788	0.642239	0.642238	
2860	0.650434	0.652003	0.640278	0.643403	0.655791	0.647796	0.652167	0.658206	0.640751	0.642834	
2865	0.645389	0.651630	0.639652	0.646819	0.650173	0.650446	0.642534	0.663142	0.641989	0.648531	
2870	0.649832	0.653716	0.645373	0.646135	0.649791	0.645620	0.646068	0.660803	0.640843	0.649946	
2875	0.649477	0.654555	0.647412	0.650540	0.647238	0.642872	0.647722	0.657454	0.642116	0.648968	
2880	0.650002	0.656616	0.648521	0.652047	0.644837	0.640048	0.649461	0.656656	0.642698	0.648069	
2885	0.650207	0.655756	0.643346	0.650616	0.647022	0.641661	0.647731	0.654215	0.644777	0.650417	
2890	0.655048	0.659572	0.639259	0.648875	0.647711	0.645087	0.648322	0.656538	0.643776	0.650084	
2895	0.654963	0.657661	0.640474	0.646230	0.648633	0.643195	0.650029	0.654582	0.643616	0.648977	
2900	0.651665	0.656364	0.646429	0.645608	0.647987	0.639050	0.652943	0.656795	0.646758	0.647258	
2905	0.656825	0.655417	0.645629	0.644599	0.653143	0.639479	0.652455	0.656759	0.648465	0.644915	
2910	0.658731	0.654478	0.649222	0.647090	0.652846	0.642443	0.652982	0.657075	0.650760	0.645757	
2915	0.662324	0.652436	0.646613	0.642861	0.650927	0.649161	0.647045	0.655326	0.652975	0.645324	
2920	0.664006	0.658503	0.642122	0.643267	0.649229	0.649414	0.650380	0.655851	0.648573	0.643394	
2925	0.666108	0.658554	0.641641	0.641342	0.650804	0.645001	0.648555	0.654969	0.651706	0.642677	
2930	0.659090	0.655345	0.645573	0.642276	0.653016	0.645883	0.651435	0.654423	0.651020	0.643732	
2935	0.663704	0.654981	0.647066	0.641254	0.652357	0.646732	0.651404	0.655384	0.650152	0.644333	
2940	0.664491	0.651936	0.651652	0.638944	0.652377	0.648091	0.651622	0.656927	0.653959	0.646705	
2945	0.661889	0.650606	0.653484	0.641503	0.649932	0.649377	0.651275	0.656220	0.654514	0.646125	
2950	0.664255	0.649452	0.655402	0.637973	0.654186	0.649082	0.652774	0.652483	0.656472	0.642126	
2955	0.659414	0.651169	0.661498	0.639782	0.654679	0.650845	0.647724	0.647797	0.655377	0.647957	
2960	0.660901	0.650769	0.660999	0.641682	0.654903	0.644648	0.645653	0.650191	0.655834	0.648858	
2965	0.662125	0.651240	0.659897	0.645774	0.652635	0.643120	0.646337	0.647688	0.655387	0.655258	
2970	0.663313	0.650993	0.661171	0.645177	0.652911	0.643334	0.648228	0.646979	0.652526	0.656457	
2975	0.660115	0.647933	0.664368	0.643831	0.650124	0.648808	0.651252	0.649050	0.648778	0.658259	
2980	0.662001	0.651472	0.661738	0.643880	0.648127	0.648762	0.652136	0.649960	0.649328	0.660745	
2985	0.662433	0.650881	0.663049	0.644327	0.649257	0.648325	0.651618	0.645335	0.648352	0.659590	
2990	0.662278	0.647608	0.662085	0.646168	0.651792	0.646700	0.655285	0.645894	0.645471	0.660972	
2995	0.658546	0.651288	0.666124	0.644221	0.651976	0.646174	0.649865	0.643921	0.650565	0.655322	
3000	0.660763	0.650883	0.663109	0.646109	0.651616	0.647513	0.654618	0.639153	0.649819	0.653241	
