T	rep_1	rep_2	rep_3	rep_4	rep_5	rep_6	rep_7	rep_8	rep_9	rep_10
5	0.000000	0.000000	0.000000	0.000000	0.000000	0.000000	0.000000	0.000000	0.000000	0.000000	
10	0.000000	0.000000	0.000000	0.000000	0.000000	0.000000	0.000000	0.000000	0.000000	0.000000	
15	0.000000	0.000000	0.000000	0.000000	0.000000	0.000000	0.000000	0.000000	0.000000	0.000000	
20	0.000000	0.000000	0.000000	0.000000	0.000000	0.000000	0.000000	0.000000	0.000000	0.000000	
25	0.000000	0.000000	0.000000	0.000000	0.000000	0.000000	0.000000	0.000000	0.000000	0.000000	
30	0.000000	0.000000	0.000000	0.000000	0.000000	0.000000	0.000000	0.000000	0.000000	0.000000	
35	0.000000	0.000000	0.000000	0.000000	0.000000	0.000000	0.000000	0.000000	0.000000	0.000000	
40	0.000000	0.000000	0.000000	0.000000	0.000000	0.000000	0.000000	0.000000	0.000000	0.000000	
45	0.000000	0.000000	0.000000	0.000000	0.000000	0.000000	0.000000	0.000000	0.000000	0.000000	
50	0.000000	0.000000	0.000000	0.000000	0.000000	0.000000	0.000000	0.000000	0.000000	0.000000	
55	0.000000	0.000000	0.000000	0.000000	0.000000	0.000000	0.000000	0.000000	0.000000	0.000000	
60	0.000000	0.000000	0.000000	0.000000	0.000000	0.000000	0.000000	0.000000	0.000000	0.000000	
65	0.000000	0.000000	0.000000	0.000000	0.000000	0.000000	0.000000	0.000000	0.000000	0.000000	
70	0.000000	0.000000	0.000000	0.000000	0.000000	0.000000	0.000000	0.000000	0.000000	0.000000	
75	0.000000	0.000000	0.000000	0.000000	0.000000	0.000000	0.000000	0.000000	0.000000	0.000000	
80	0.000000	0.000000	0.000000	0.000000	0.000000	0.000000	0.000000	0.000000	0.000000	0.000000	
85	0.000000	0.000000	0.000000	0.000000	0.000000	0.000000	0.000000	0.000000	0.000000	0.000000	
90	0.000000	0.000000	0.000000	0.000000	0.000000	0.000000	0.000000	0.000000	0.000000	0.000000	
95	0.000000	0.000000	0.000000	0.000000	0.000000	0.000000	0.000000	0.000000	0.000000	0.000000	
100	0.000000	0.000000	0.000000	0.000000	0.000000	0.000000	0.000000	0.000000	0.000000	0.000000	
105	0.001633	0.001386	0.001615	0.001441	0.001513	0.001370	0.001543	0.001736	0.001514	0.001418	
110	0.003988	0.002942	0.004733	0.004361	0.005781	0.003920	0.003739	0.005380	0.005396	0.006222	
115	0.009175	0.007223	0.009866	0.008066	0.013913	0.007406	0.007450	0.010859	0.009109	0.011574	
120	0.017435	0.014488	0.016168	0.015615	0.022656	0.013893	0.012808	0.018636	0.018358	0.018768	
125	0.026304	0.024033	0.026008	0.025128	0.035323	0.021504	0.024139	0.029903	0.032275	0.028387	
130	0.041264	0.036911	0.035622	0.040936	0.050550	0.030744	0.040928	0.047044	0.044657	0.042431	
135	0.056737	0.050741	0.048943	0.056767	0.069588	0.043357	0.056261	0.060683	0.060760	0.060422	
140	0.068190	0.065375	0.060593	0.070067	0.086219	0.060437	0.069899	0.071140	0.072014	0.069556	
145	0.077905	0.076092	0.071682	0.083504	0.096825	0.076461	0.084347	0.079571	0.079616	0.078141	
150	0.087388	0.084245	0.082232	0.093816	0.102998	0.089805	0.092201	0.086329	0.085866	0.085184	
155	0.098995	0.091822	0.086598	0.101013	0.111167	0.094945	0.099305	0.090585	0.093729	0.091221	
160	0.102349	0.094725	0.090542	0.107985	0.119613	0.099483	0.108024	0.095157	0.101188	0.092282	
165	0.104998	0.100714	0.096198	0.110627	0.121840	0.106329	0.111551	0.098530	0.108498	0.097456	
170	0.109245	0.104122	0.096191	0.115936	0.124455	0.110873	0.113351	0.102183	0.111001	0.096037	
175	0.112940	0.108029	0.102330	0.118850	0.127987	0.113835	0.117298	0.104249	0.114336	0.096271	
180	0.117839	0.113804	0.106263	0.121019	0.133710	0.113201	0.127568	0.110762	0.114543	0.097208	
185	0.119419	0.119360	0.111221	0.125140	0.136830	0.115701	0.136139	0.114320	0.120758	0.095631	
190	0.122668	0.119729	0.110659	0.125926	0.139438	0.116040	0.139297	0.116247	0.124595	0.098407	
195	0.125208	0.125496	0.114528	0.126797	0.142165	0.120229	0.140812	0.119553	0.129813	0.103656	
200	0.128255	0.127187	0.119401	0.126082	0.143765	0.125257	0.150065	0.123718	0.131073	0.106543	
205	0.133285	0.131575	0.121384	0.127153	0.149267	0.123515	0.155882	0.125642	0.133885	0.110493	
210	0.136067	0.133088	0.120299	0.129746	0.151019	0.123291	0.164645	0.127128	0.136585	0.114016	
215	0.136557	0.135110	0.120691	0.135364	0.154584	0.125229	0.165119	0.132343	0.137404	0.114126	
220	0.141780	0.132728	0.121311	0.136582	0.155856	0.125269	0.168901	0.132082	0.141006	0.118516	
225	0.145375	0.135762	0.125472	0.136722	0.152727	0.126641	0.172782	0.135581	0.142160	0.122445	
230	0.148595	0.136629	0.127957	0.138558	0.152885	0.131404	0.176362	0.137734	0.142026	0.122772	
235	0.150486	0.137814	0.130611	0.138422	0.154665	0.135833	0.179100	0.139316	0.148757	0.121632	
240	0.152944	0.139773	0.130801	0.142539	0.158289	0.137143	0.176882	0.140385	0.151188	0.122673	
245	0.154497	0.140490	0.131956	0.146462	0.166059	0.139381	0.176937	0.140587	0.154142	0.126464	
250	0.158010	0.143864	0.132863	0.147702	0.170424	0.140193	0.173929	0.142251	0.154044	0.129432	
255	0.162898	0.145855	0.134730	0.151103	0.169584	0.143117	0.173136	0.144262	0.159048	0.131785	
260	0.164299	0.147012	0.135420	0.151397	0.170833	0.144998	0.177278	0.143627	0.163417	0.132892	
265	0.168128	0.146885	0.134516	0.149851	0.174616	0.149223	0.180203	0.143919	0.164550	0.135304	
270	0.168720	0.148497	0.134961	0.152885	0.179571	0.148309	0.181401	0.151107	0.165863	0.137377	
275	0.168120	0.151160	0.137844	0.155107	0.181302	0.150122	0.179634	0.152946	0.167447	0.140253	
280	0.172509	0.157184	0.140404	0.161066	0.184359	0.150136	0.180262	0.156592	0.172187	0.142288	
285	0.175027	0.160390	0.138584	0.160395	0.190405	0.149484	0.180782	0.162955	0.173579	0.141830	
290	0.174186	0.160882	0.138510	0.159467	0.190804	0.149805	0.179721	0.159993	0.177361	0.145615	
295	0.178897	0.161025	0.137300	0.163180	0.196716	0.155281	0.182552	0.162773	0.180587	0.150807	
300	0.181593	0.162301	0.138878	0.161095	0.197122	0.156150	0.182504	0.166167	0.181734	0.153462	
305	0.183554	0.164695	0.138766	0.161399	0.195974	0.160687	0.185071	0.166380	0.180662	0.155173	
310	0.186954	0.167460	0.142378	0.160314	0.193444	0.159759	0.183039	0.164982	0.181056	0.155028	
315	0.188983	0.165837	0.143308	0.163509	0.193416	0.158493	0.183189	0.167498	0.181841	0.156006	
320	0.192261	0.165422	0.145365	0.162117	0.193436	0.157236	0.185472	0.170688	0.183610	0.158771	
325	0.189760	0.166825	0.149255	0.164346	0.195934	0.159220	0.183680	0.172810	0.185009	0.157702	
330	0.191397	0.165188	0.152001	0.167111	0.197174	0.158516	0.186654	0.169695	0.187158	0.157163	
335	0.191709	0.165417	0.152515	0.164073	0.193462	0.161247	0.186816	0.170978	0.188733	0.156682	
340	0.193017	0.167231	0.156222	0.168076	0.192024	0.160931	0.186426	0.173886	0.189393	0.160928	
345	0.192692	0.170082	0.152616	0.170333	0.191224	0.161696	0.185386	0.174996	0.192882	0.160139	
350	0.194189	0.173366	0.154093	0.169697	0.190249	0.162276	0.185637	0.179889	0.193978	0.162651	
355	0.197136	0.172599	0.160683	0.171909	0.193866	0.161680	0.184309	0.182950	0.195768	0.167652	
360	0.196963	0.174581	0.161891	0.174282	0.193487	0.163797	0.184504	0.180698	0.194787	0.170280	
365	0.194766	0.172421	0.162914	0.176235	0.194827	0.164190	0.182961	0.181674	0.200712	0.168609	
370	0.193426	0.168438	0.165735	0.181350	0.199532	0.162505	0.185561	0.181534	0.199939	0.167601	
375	0.191316	0.166980	0.168231	0.183717	0.195542	0.164190	0.184501	0.183377	0.197507	0.169252	
380	0.192264	0.167698	0.167645	0.186689	0.198123	0.163299	0.186356	0.184860	0.196497	0.170053	
385	0.193980	0.170546	0.173268	0.186067	0.193802	0.162858	0.186623	0.186620	0.197612	0.172212	
390	0.192808	0.172076	0.174848	0.186318	0.194701	0.163382	0.188187	0.185496	0.195968	0.171503	
395	0.191482	0.173131	0.180755	0.186650	0.194409	0.165591	0.188165	0.185740	0.198125	0.173081	
400	0.193531	0.174318	0.177479	0.185420	0.196040	0.166756	0.188887	0.186160	0.198369	0.172469	
405	0.195576	0.175827	0.178528	0.193033	0.195185	0.167392	0.192374	0.185687	0.199189	0.175023	
410	0.197387	0.177221	0.179049	0.191116	0.195186	0.168446	0.191099	0.185683	0.200920	0.178175	
415	0.198265	0.182262	0.183826	0.186465	0.197829	0.169130	0.193317	0.184546	0.199892	0.179916	
420	0.196401	0.187317	0.180964	0.188879	0.202515	0.169105	0.193108	0.182694	0.199168	0.181602	
425	0.195959	0.188877	0.176549	0.187782	0.203786	0.169341	0.192876	0.182588	0.202691	0.185123	
430	0.196787	0.191715	0.179067	0.185851	0.201617	0.170254	0.196108	0.181216	0.204609	0.186419	
435	0.199450	0.192671	0.178271	0.184239	0.200433	0.169369	0.194810	0.182611	0.208615	0.183599	
440	0.197823	0.191949	0.175832	0.187376	0.200149	0.171856	0.197968	0.179691	0.206727	0.184784	
445	0.197648	0.192512	0.172031	0.191936	0.198451	0.175861	0.198583	0.177930	0.206056	0.188362	
450	0.199751	0.194562	0.173899	0.194432	0.197097	0.176271	0.200835	0.178942	0.207528	0.189720	
455	0.198749	0.195691	0.174326	0.196440	0.196621	0.177774	0.200462	0.184293	0.212662	0.188016	
460	0.199017	0.189269	0.175649	0.199349	0.194980	0.175300	0.199339	0.186313	0.209990	0.187119	
465	0.201936	0.190010	0.176096	0.199816	0.193983	0.175912	0.199772	0.186997	0.210163	0.188932	
470	0.203283	0.187358	0.170879	0.199787	0.193144	0.175817	0.196896	0.185796	0.208046	0.195246	
475	0.201672	0.185773	0.173254	0.202858	0.193196	0.178607	0.199638	0.190058	0.206458	0.194215	
480	0.204376	0.187915	0.177713	0.200356	0.195953	0.180305	0.201107	0.186038	0.204086	0.192275	
485	0.202439	0.190974	0.180820	0.201579	0.194823	0.176868	0.200118	0.182524	0.204992	0.193411	
490	0.197214	0.191429	0.186881	0.199716	0.193343	0.176406	0.201157	0.184342	0.201471	0.193621	
495	0.196741	0.190575	0.187704	0.195832	0.192754	0.177508	0.201527	0.182725	0.202765	0.195885	
500	0.195539	0.191246	0.190275	0.197284	0.195127	0.181664	0.197909	0.184854	0.201142	0.193916	
505	0.194614	0.193759	0.190905	0.200640	0.190571	0.182664	0.195991	0.188163	0.202430	0.190923	
510	0.197625	0.194545	0.190474	0.199476	0.193313	0.178594	0.196669	0.191957	0.206270	0.191618	
515	0.200226	0.197096	0.191743	0.202756	0.195258	0.179099	0.196160	0.193711	0.205907	0.190468	
520	0.199187	0.196071	0.187609	0.199776	0.193757	0.181051	0.195683	0.195902	0.202294	0.191335	
525	0.202510	0.196564	0.188403	0.201467	0.193328	0.185132	0.198979	0.198783	0.199869	0.188831	
530	0.200118	0.197097	0.188807	0.205018	0.194595	0.183459	0.200253	0.198387	0.199262	0.187651	
535	0.200085	0.193749	0.188250	0.205255	0.196785	0.187804	0.202912	0.198733	0.198758	0.188100	
540	0.198555	0.190074	0.192353	0.207368	0.197419	0.190277	0.202748	0.203212	0.197742	0.186401	
545	0.197758	0.189926	0.190011	0.204090	0.198323	0.189085	0.203925	0.202138	0.194232	0.190578	
550	0.200236	0.189028	0.189307	0.206484	0.195916	0.188349	0.205085	0.204033	0.192298	0.192364	
555	0.200725	0.189854	0.188258	0.202248	0.195185	0.187665	0.204859	0.205439	0.189811	0.193833	
560	0.198564	0.191600	0.187112	0.198281	0.196208	0.187537	0.206716	0.204979	0.188687	0.195970	
565	0.198577	0.193379	0.187946	0.200044	0.195468	0.186662	0.207630	0.204247	0.191347	0.198410	
570	0.200458	0.190376	0.184562	0.201439	0.196974	0.182505	0.207844	0.209391	0.195104	0.197427	
575	0.205740	0.187077	0.186961	0.201998	0.197427	0.184768	0.205337	0.206871	0.197486	0.196985	
580	0.206526	0.189420	0.190502	0.205356	0.197546	0.186195	0.207385	0.208020	0.197446	0.199169	
585	0.203273	0.191154	0.193261	0.206015	0.199386	0.187847	0.205712	0.204480	0.199340	0.200011	
590	0.204175	0.190901	0.191431	0.204143	0.203660	0.188049	0.209031	0.207108	0.195182	0.202905	
595	0.205796	0.190969	0.191574	0.206627	0.202551	0.189120	0.207000	0.211287	0.192065	0.203493	
600	0.208131	0.194457	0.195272	0.205792	0.202911	0.190897	0.209244	0.211887	0.191433	0.202866	
605	0.208671	0.196854	0.192087	0.206788	0.201513	0.189947	0.208487	0.215660	0.190388	0.202713	
610	0.205125	0.198586	0.194612	0.207586	0.201724	0.194484	0.206355	0.216045	0.191504	0.206761	
615	0.203976	0.199791	0.193566	0.203347	0.200852	0.189178	0.208196	0.212889	0.190195	0.207240	
620	0.203390	0.201380	0.196664	0.202831	0.201259	0.191495	0.208257	0.212602	0.192728	0.204254	
625	0.204459	0.196622	0.195247	0.203091	0.202783	0.193556	0.206347	0.210929	0.193193	0.202282	
630	0.203412	0.198390	0.195477	0.203730	0.201968	0.193118	0.208578	0.210501	0.192527	0.204051	
635	0.204463	0.196091	0.195499	0.200779	0.200082	0.192465	0.208918	0.207999	0.190662	0.204651	
640	0.205199	0.198257	0.194004	0.202015	0.199473	0.193021	0.206482	0.213089	0.194337	0.204010	
645	0.206997	0.199957	0.194414	0.201328	0.199235	0.192436	0.206145	0.208208	0.193481	0.203141	
650	0.206462	0.197740	0.197623	0.203529	0.196898	0.191061	0.206459	0.206764	0.194004	0.207782	
655	0.207717	0.195865	0.201279	0.201869	0.198494	0.191501	0.207273	0.207801	0.193116	0.208231	
660	0.207923	0.192638	0.204359	0.206106	0.200184	0.192047	0.206444	0.204481	0.191526	0.207800	
665	0.208156	0.192708	0.203946	0.205308	0.199292	0.192014	0.207226	0.203636	0.190943	0.206499	
670	0.211195	0.194757	0.199306	0.206916	0.201258	0.191479	0.204908	0.201056	0.189075	0.206113	
675	0.217254	0.194803	0.201261	0.209431	0.199870	0.190483	0.204825	0.201021	0.190085	0.201949	
680	0.215234	0.196012	0.201270	0.209155	0.198663	0.192691	0.205085	0.200810	0.188463	0.198437	
685	0.214171	0.196241	0.203558	0.209452	0.203170	0.191123	0.206367	0.200337	0.188893	0.197105	
690	0.212035	0.190089	0.201046	0.207682	0.198789	0.191436	0.210575	0.201708	0.186044	0.197674	
695	0.215902	0.186453	0.201774	0.205082	0.199346	0.189752	0.213657	0.201862	0.188843	0.200177	
700	0.213727	0.190762	0.204965	0.204252	0.199851	0.188104	0.213292	0.198017	0.188447	0.200135	
705	0.213916	0.192865	0.206372	0.205336	0.196748	0.187221	0.215160	0.198460	0.190563	0.200509	
710	0.214741	0.196328	0.208136	0.206765	0.199745	0.187180	0.215637	0.198605	0.193925	0.199872	
715	0.215227	0.198530	0.209778	0.203899	0.199807	0.190327	0.213957	0.199602	0.193024	0.204910	
720	0.219192	0.200412	0.212937	0.206292	0.199912	0.187573	0.213286	0.197639	0.192024	0.202064	
725	0.220346	0.199101	0.211364	0.206845	0.199716	0.189229	0.213649	0.196793	0.190586	0.200918	
730	0.221878	0.199144	0.209581	0.204566	0.198867	0.188537	0.214222	0.195859	0.191618	0.203281	
735	0.225800	0.196157	0.209611	0.212031	0.192858	0.192839	0.216380	0.197748	0.192918	0.201202	
740	0.222760	0.198773	0.211992	0.213117	0.192454	0.193049	0.216026	0.201329	0.193881	0.205935	
745	0.219184	0.197341	0.213845	0.209265	0.193516	0.191545	0.213036	0.199934	0.195097	0.204383	
750	0.220199	0.197412	0.214696	0.208136	0.192068	0.197681	0.212587	0.197123	0.195326	0.206183	
755	0.219737	0.199531	0.215734	0.206975	0.195210	0.196906	0.213136	0.195313	0.197109	0.207257	
760	0.222105	0.196745	0.214014	0.205858	0.194663	0.199315	0.213449	0.197949	0.198972	0.210720	
765	0.219854	0.194974	0.213763	0.204643	0.196036	0.200623	0.210896	0.198089	0.197732	0.207681	
770	0.217285	0.198947	0.208378	0.204334	0.198026	0.201190	0.210856	0.200860	0.197727	0.210135	
775	0.218704	0.202679	0.209499	0.207473	0.196628	0.205517	0.209320	0.197123	0.194097	0.208916	
780	0.220190	0.204982	0.210349	0.207796	0.196274	0.204711	0.207198	0.197417	0.194616	0.212401	
785	0.217913	0.203543	0.211560	0.208560	0.196185	0.205126	0.208530	0.198564	0.195379	0.213842	
790	0.215422	0.203576	0.210576	0.210398	0.195398	0.205516	0.211462	0.200522	0.194792	0.217101	
795	0.210733	0.201843	0.216329	0.209644	0.197236	0.207461	0.211086	0.203524	0.191305	0.216560	
800	0.214191	0.198551	0.216802	0.212162	0.199417	0.207878	0.212007	0.202441	0.191107	0.217182	
805	0.214740	0.199724	0.220054	0.214620	0.200939	0.208824	0.214274	0.202045	0.190000	0.212432	
810	0.215979	0.199817	0.222220	0.212654	0.202500	0.207281	0.214127	0.198726	0.189271	0.215269	
815	0.210799	0.199838	0.217253	0.209685	0.201099	0.208575	0.214071	0.200544	0.186232	0.213073	
820	0.209284	0.196483	0.218849	0.208214	0.199733	0.203268	0.209806	0.200875	0.187628	0.215570	
825	0.206772	0.197915	0.214075	0.205422	0.201307	0.208399	0.209459	0.203364	0.192494	0.215823	
830	0.205245	0.195895	0.216483	0.204301	0.202125	0.210367	0.208666	0.203011	0.193663	0.215138	
835	0.205233	0.197340	0.215110	0.206538	0.201059	0.209757	0.208341	0.204977	0.192143	0.216519	
840	0.203468	0.197761	0.212153	0.206115	0.199289	0.209551	0.207264	0.204348	0.194446	0.216194	
845	0.204401	0.200565	0.215159	0.205294	0.199870	0.207510	0.206661	0.201476	0.192053	0.218884	
850	0.209228	0.200354	0.216024	0.208270	0.199497	0.203112	0.207496	0.202830	0.192705	0.224654	
855	0.211223	0.197440	0.213020	0.207054	0.201073	0.205109	0.207101	0.203744	0.196586	0.227067	
860	0.211456	0.199616	0.213281	0.207111	0.203322	0.204206	0.207570	0.199191	0.200096	0.225097	
865	0.210261	0.201871	0.207928	0.207638	0.195476	0.203268	0.206976	0.200374	0.202029	0.222842	
870	0.213269	0.202932	0.213604	0.207866	0.199344	0.203820	0.209087	0.200228	0.201993	0.217775	
875	0.218100	0.205637	0.212790	0.205461	0.198079	0.209047	0.212696	0.199623	0.197741	0.216167	
880	0.218269	0.208705	0.209898	0.207711	0.200139	0.211527	0.212821	0.196056	0.197543	0.215444	
885	0.216681	0.213008	0.208851	0.209274	0.200493	0.209233	0.209926	0.194825	0.201014	0.215084	
890	0.218481	0.211804	0.207152	0.208023	0.203702	0.208575	0.210350	0.192080	0.200677	0.214031	
895	0.214536	0.211263	0.209779	0.206788	0.203884	0.208428	0.209628	0.190611	0.202134	0.214468	
900	0.212227	0.208832	0.209300	0.205300	0.198742	0.204644	0.208503	0.192508	0.199845	0.210846	
905	0.211471	0.205759	0.209713	0.206742	0.197990	0.203318	0.210657	0.191197	0.202045	0.211235	
910	0.213822	0.204127	0.208432	0.208424	0.199924	0.206204	0.211525	0.186928	0.203066	0.216087	
915	0.214305	0.204031	0.207664	0.206997	0.198581	0.206178	0.212047	0.189252	0.204917	0.213191	
920	0.219301	0.205175	0.211074	0.208556	0.199502	0.206685	0.212338	0.194870	0.206479	0.213139	
925	0.220694	0.206838	0.209687	0.210707	0.199473	0.204546	0.215127	0.197369	0.201442	0.214303	
930	0.221011	0.202199	0.212638	0.210639	0.195417	0.204266	0.215089	0.201454	0.201200	0.213907	
935	0.221031	0.200272	0.216785	0.211624	0.198947	0.202582	0.212358	0.203610	0.201193	0.217215	
940	0.220233	0.200055	0.212389	0.214102	0.203073	0.205251	0.215411	0.204747	0.197098	0.219887	
945	0.219333	0.202102	0.214010	0.212531	0.204121	0.206722	0.213240	0.204852	0.198704	0.217888	
950	0.217399	0.196643	0.213822	0.211505	0.204493	0.207470	0.214346	0.203553	0.196644	0.219443	
955	0.216784	0.199041	0.211244	0.209804	0.205717	0.211208	0.216444	0.202628	0.198073	0.219038	
960	0.213153	0.202173	0.213102	0.207037	0.204798	0.213924	0.214191	0.201986	0.198397	0.219734	
965	0.211147	0.202609	0.213721	0.209203	0.207767	0.217008	0.213504	0.203966	0.204736	0.221875	
970	0.209229	0.205306	0.212807	0.208616	0.207024	0.214384	0.211540	0.201736	0.204581	0.218771	
975	0.213651	0.205905	0.210899	0.207963	0.209865	0.215604	0.214421	0.202129	0.204053	0.217608	
980	0.214109	0.202875	0.212996	0.209323	0.208725	0.214939	0.212085	0.204637	0.203096	0.215627	
985	0.215905	0.202150	0.211209	0.206663	0.208487	0.211084	0.210138	0.203181	0.202887	0.214761	
990	0.211427	0.200150	0.208622	0.207879	0.211227	0.211393	0.210772	0.199689	0.200613	0.214065	
995	0.213972	0.203326	0.209418	0.213191	0.210305	0.209700	0.208834	0.202665	0.200703	0.211556	
1000	0.212267	0.202848	0.206574	0.213648	0.206734	0.209836	0.206435	0.204710	0.199911	0.209662	
1005	0.212697	0.201644	0.203482	0.211423	0.206824	0.208601	0.204797	0.199843	0.200879	0.207432	
1010	0.218888	0.203404	0.200391	0.214242	0.205879	0.207194	0.206611	0.202934	0.196605	0.211195	
1015	0.220993	0.201114	0.198797	0.214490	0.205616	0.204965	0.205681	0.199140	0.196941	0.212408	
1020	0.217548	0.203150	0.197040	0.214700	0.205449	0.207148	0.208256	0.197733	0.198229	0.209876	
1025	0.217808	0.202292	0.199487	0.212462	0.205445	0.207238	0.207894	0.195936	0.197148	0.210657	
1030	0.218348	0.200374	0.197675	0.212457	0.208198	0.210063	0.208691	0.195149	0.199067	0.212414	
1035	0.217145	0.199653	0.194069	0.211103	0.205062	0.209597	0.207807	0.195484	0.200192	0.207865	
1040	0.214605	0.203232	0.197216	0.211976	0.204937	0.210928	0.208283	0.196617	0.197219	0.208904	
1045	0.217997	0.204488	0.195281	0.212648	0.203873	0.212137	0.210943	0.198211	0.199498	0.207388	
1050	0.214694	0.205276	0.197739	0.211666	0.201124	0.210983	0.212178	0.197792	0.198796	0.209517	
1055	0.215229	0.201724	0.195704	0.211460	0.201036	0.210202	0.210515	0.197641	0.199272	0.210197	
1060	0.215861	0.201435	0.195785	0.207619	0.202081	0.209641	0.213227	0.199975	0.201855	0.207584	
1065	0.213831	0.199607	0.201477	0.203995	0.201178	0.212144	0.212631	0.199176	0.199909	0.205815	
1070	0.211960	0.202759	0.202289	0.203754	0.203591	0.212786	0.214923	0.197035	0.202942	0.205079	
1075	0.214588	0.200355	0.203535	0.203589	0.201850	0.212066	0.217694	0.201568	0.205591	0.204335	
1080	0.218810	0.201171	0.205156	0.202494	0.201247	0.207583	0.215772	0.200459	0.204168	0.206591	
1085	0.218964	0.201379	0.208404	0.200786	0.198871	0.203856	0.216059	0.204682	0.199312	0.208457	
1090	0.217000	0.204146	0.207573	0.202609	0.202550	0.200536	0.215647	0.206180	0.200830	0.208523	
1095	0.214403	0.203275	0.207439	0.203433	0.200671	0.198989	0.216898	0.207805	0.202889	0.206577	
1100	0.215492	0.207047	0.205230	0.204041	0.198703	0.195364	0.216277	0.205813	0.207446	0.206740	
1105	0.216885	0.207239	0.206298	0.204820	0.198375	0.196940	0.213675	0.201759	0.208138	0.207362	
1110	0.215687	0.208317	0.206093	0.207048	0.199481	0.196642	0.211136	0.200387	0.204931	0.208001	
1115	0.208155	0.206538	0.206342	0.205398	0.199520	0.196098	0.210742	0.203238	0.206346	0.210366	
1120	0.209646	0.205536	0.204953	0.209826	0.198792	0.194314	0.216071	0.200823	0.206477	0.208132	
1125	0.207902	0.205439	0.203394	0.208302	0.192978	0.197392	0.210897	0.204413	0.208640	0.208827	
1130	0.210345	0.205639	0.205230	0.205867	0.195005	0.198910	0.207743	0.207601	0.207594	0.210493	
1135	0.211778	0.204866	0.203951	0.206967	0.194341	0.201214	0.206737	0.206600	0.208711	0.212406	
1140	0.209428	0.207512	0.200521	0.207250	0.190555	0.200371	0.204763	0.204293	0.206332	0.212599	
1145	0.208434	0.204798	0.203077	0.208744	0.188076	0.199098	0.201981	0.206999	0.206146	0.213264	
1150	0.210958	0.204938	0.208559	0.207258	0.187355	0.200361	0.200862	0.205631	0.209508	0.208207	
1155	0.212147	0.206034	0.205015	0.205228	0.189439	0.200987	0.200483	0.202940	0.215879	0.207646	
1160	0.208311	0.206906	0.208248	0.199905	0.190128	0.202417	0.202454	0.203918	0.218543	0.206896	
1165	0.210906	0.209381	0.211216	0.205794	0.189529	0.205873	0.201558	0.207731	0.219572	0.204325	
1170	0.212844	0.209168	0.214753	0.205880	0.192374	0.208449	0.199291	0.213792	0.219110	0.205052	
1175	0.210684	0.209713	0.215899	0.204372	0.192562	0.205773	0.198800	0.215393	0.216967	0.202761	
1180	0.211892	0.207874	0.219074	0.205073	0.193089	0.209712	0.201148	0.214354	0.215080	0.205327	
1185	0.213677	0.206525	0.220375	0.205696	0.190445	0.210432	0.201530	0.215218	0.214565	0.204308	
1190	0.216844	0.205348	0.217117	0.205893	0.192012	0.211912	0.198666	0.213160	0.215731	0.201964	
1195	0.214964	0.206594	0.218233	0.208005	0.194499	0.209965	0.199179	0.215243	0.215075	0.203511	
1200	0.213608	0.211134	0.218569	0.206219	0.196601	0.210522	0.197113	0.215224	0.217135	0.205845	
1205	0.211691	0.216634	0.217046	0.204404	0.194179	0.207807	0.196243	0.220900	0.221891	0.206237	
1210	0.212551	0.221158	0.220352	0.204301	0.194157	0.207966	0.197892	0.222883	0.222220	0.208338	
1215	0.212499	0.219704	0.223710	0.204615	0.197404	0.204972	0.196297	0.220935	0.219208	0.206969	
1220	0.214822	0.217804	0.226307	0.201342	0.196974	0.206220	0.194952	0.221159	0.223598	0.204607	
1225	0.217829	0.216334	0.222417	0.203381	0.197357	0.209857	0.196639	0.222798	0.224924	0.205367	
1230	0.216842	0.210828	0.222576	0.204733	0.204409	0.213404	0.197506	0.223359	0.224821	0.198590	
1235	0.213828	0.211973	0.217908	0.203695	0.201910	0.214715	0.203604	0.219570	0.225198	0.199796	
1240	0.210955	0.210163	0.219369	0.204106	0.204111	0.216205	0.205538	0.220131	0.223356	0.201715	
1245	0.213296	0.208890	0.217561	0.202934	0.204374	0.220293	0.202869	0.219123	0.224256	0.203795	
1250	0.217789	0.208590	0.216536	0.201826	0.201744	0.219430	0.203164	0.218784	0.223908	0.205374	
1255	0.217354	0.212541	0.214722	0.198113	0.200082	0.217267	0.203866	0.216097	0.228398	0.202905	
1260	0.212680	0.215747	0.214566	0.198100	0.199844	0.214227	0.202164	0.214496	0.230176	0.197877	
1265	0.217796	0.214856	0.212660	0.200218	0.200182	0.214314	0.198406	0.216414	0.231616	0.197471	
1270	0.216315	0.211575	0.212481	0.202347	0.197516	0.209969	0.196499	0.215512	0.233431	0.196166	
1275	0.216888	0.208735	0.213334	0.204342	0.196367	0.215772	0.191905	0.217510	0.232991	0.198498	
1280	0.216917	0.209242	0.212910	0.203544	0.197561	0.215287	0.188118	0.219669	0.228885	0.201482	
1285	0.220620	0.207478	0.212245	0.206296	0.196202	0.218604	0.185979	0.221154	0.226174	0.204569	
1290	0.220108	0.209974	0.212213	0.203818	0.194197	0.222212	0.187543	0.223269	0.228051	0.209244	
1295	0.221869	0.208077	0.210415	0.205591	0.192087	0.223691	0.187118	0.223885	0.228559	0.210366	
1300	0.220720	0.210083	0.208414	0.209366	0.192260	0.224989	0.188269	0.221478	0.228953	0.212676	
1305	0.220072	0.207979	0.210963	0.211879	0.191535	0.228251	0.192802	0.221575	0.227289	0.209678	
1310	0.220581	0.205044	0.213691	0.207629	0.195822	0.227668	0.193605	0.218837	0.226040	0.209319	
1315	0.223571	0.205849	0.213900	0.207710	0.197321	0.228417	0.197480	0.220090	0.231605	0.209933	
1320	0.223563	0.204851	0.218177	0.206488	0.195594	0.228033	0.198283	0.218894	0.231339	0.208809	
1325	0.221656	0.204260	0.217825	0.203703	0.195497	0.223379	0.198294	0.219297	0.233429	0.207630	
1330	0.220366	0.203056	0.216381	0.205306	0.200887	0.226237	0.193405	0.220339	0.233321	0.211108	
1335	0.217650	0.207959	0.211421	0.204413	0.199536	0.228799	0.195006	0.218355	0.233997	0.207470	
1340	0.215805	0.209689	0.208244	0.206242	0.196935	0.232974	0.192240	0.215177	0.231373	0.205919	
1345	0.216876	0.206766	0.203989	0.210263	0.197639	0.229540	0.191170	0.215345	0.231785	0.204404	
1350	0.220541	0.208120	0.206417	0.210122	0.197629	0.225834	0.192149	0.214316	0.235882	0.203991	
1355	0.217752	0.203300	0.203788	0.210327	0.197245	0.225810	0.190621	0.213872	0.236786	0.207384	
1360	0.219006	0.203466	0.203202	0.212486	0.197822	0.227122	0.190724	0.213577	0.238138	0.208312	
1365	0.214010	0.205269	0.202896	0.210705	0.200861	0.229803	0.189019	0.218361	0.234179	0.210099	
1370	0.214635	0.206275	0.205842	0.209462	0.199450	0.226376	0.188844	0.220125	0.234134	0.208730	
1375	0.216575	0.210686	0.207977	0.206275	0.196062	0.222962	0.190413	0.217554	0.232940	0.209684	
1380	0.215468	0.211353	0.209119	0.204775	0.194486	0.221077	0.189660	0.214967	0.231002	0.208040	
1385	0.215052	0.209716	0.208514	0.205262	0.192937	0.221158	0.191321	0.215435	0.233246	0.210515	
1390	0.213993	0.207161	0.209240	0.209262	0.193108	0.220793	0.189663	0.217727	0.230419	0.209202	
1395	0.217305	0.202671	0.204333	0.211378	0.192707	0.218788	0.191965	0.216534	0.228829	0.208540	
1400	0.215440	0.199338	0.204839	0.211626	0.194738	0.220813	0.190428	0.217073	0.231389	0.206718	
1405	0.214438	0.198236	0.206414	0.209664	0.197930	0.225014	0.190156	0.217760	0.227866	0.201733	
1410	0.215271	0.199240	0.204466	0.207731	0.195099	0.223000	0.191500	0.216723	0.225662	0.202007	
1415	0.213712	0.203211	0.206580	0.204052	0.193314	0.225169	0.193428	0.216253	0.224267	0.202552	
1420	0.211022	0.203454	0.201682	0.203974	0.196319	0.225348	0.194348	0.212562	0.224343	0.200985	
1425	0.206997	0.200982	0.201297	0.205328	0.195582	0.223119	0.195288	0.212853	0.218463	0.205665	
1430	0.208169	0.201185	0.200273	0.205553	0.199053	0.224998	0.197480	0.210813	0.220986	0.204706	
1435	0.205430	0.200244	0.199400	0.205275	0.201055	0.225377	0.195704	0.209126	0.222877	0.202050	
1440	0.202368	0.200264	0.205031	0.205528	0.201416	0.226610	0.198521	0.209324	0.220455	0.201273	
1445	0.204595	0.198481	0.204652	0.204635	0.202474	0.225169	0.204180	0.213891	0.217306	0.202826	
1450	0.205159	0.202958	0.207571	0.204100	0.201856	0.226336	0.205925	0.211369	0.214350	0.202015	
1455	0.204902	0.204110	0.207953	0.206616	0.201426	0.228544	0.206613	0.207752	0.214030	0.202779	
1460	0.204827	0.201628	0.208648	0.203557	0.205547	0.232323	0.209623	0.206201	0.216441	0.201324	
1465	0.202847	0.200421	0.209529	0.200784	0.207333	0.229918	0.209319	0.207580	0.213241	0.203306	
1470	0.205391	0.201176	0.212165	0.204167	0.207270	0.235727	0.211093	0.208579	0.212621	0.203287	
1475	0.207005	0.203632	0.211597	0.205593	0.204932	0.235861	0.207806	0.206556	0.215225	0.204794	
1480	0.208514	0.203420	0.210416	0.206022	0.199663	0.231844	0.209732	0.203469	0.216124	0.204631	
1485	0.207056	0.205641	0.209580	0.209060	0.196197	0.232344	0.207786	0.202674	0.214211	0.205092	
1490	0.207398	0.207217	0.208562	0.211119	0.196705	0.230294	0.206286	0.201119	0.214240	0.204941	
1495	0.207657	0.205546	0.211596	0.209852	0.198118	0.229917	0.206368	0.198677	0.210927	0.202890	
1500	0.211656	0.204975	0.212849	0.204556	0.197742	0.231017	0.207661	0.200284	0.213527	0.204396	
1505	0.216160	0.207042	0.210072	0.203413	0.199332	0.224872	0.210139	0.202770	0.213349	0.203462	
1510	0.216834	0.208633	0.210251	0.203194	0.199719	0.223265	0.209357	0.202703	0.216045	0.202883	
1515	0.220127	0.208256	0.206316	0.202961	0.199927	0.220789	0.207729	0.204366	0.215734	0.201272	
1520	0.221873	0.208127	0.209593	0.206992	0.199889	0.221794	0.204343	0.207618	0.211854	0.201597	
1525	0.222160	0.207152	0.210868	0.206806	0.200569	0.220132	0.206968	0.206025	0.214501	0.204730	
1530	0.223435	0.208356	0.211130	0.208031	0.199444	0.218918	0.209159	0.207499	0.213405	0.203857	
1535	0.221686	0.208805	0.211063	0.205951	0.200418	0.221488	0.211224	0.211130	0.214595	0.202452	
1540	0.217866	0.211868	0.210957	0.205577	0.200407	0.220184	0.212325	0.207494	0.214657	0.203362	
1545	0.217757	0.210468	0.210777	0.211162	0.205106	0.219142	0.213834	0.203196	0.211798	0.205290	
1550	0.215833	0.206193	0.208600	0.211781	0.208005	0.218047	0.213324	0.206054	0.210676	0.203704	
1555	0.217437	0.208545	0.210802	0.210395	0.207787	0.221253	0.212847	0.209705	0.210442	0.200966	
1560	0.216779	0.205827	0.211773	0.212124	0.208443	0.217776	0.213637	0.207860	0.211705	0.201043	
1565	0.214126	0.205387	0.211812	0.209302	0.209154	0.217060	0.215093	0.210555	0.211763	0.201734	
1570	0.213808	0.203751	0.211421	0.208769	0.208109	0.217594	0.210896	0.210394	0.210585	0.203958	
1575	0.211383	0.205189	0.211944	0.206823	0.209305	0.219370	0.213800	0.210782	0.208570	0.204466	
1580	0.212116	0.204628	0.210118	0.207396	0.210061	0.220345	0.211883	0.207385	0.206810	0.203862	
1585	0.213185	0.204510	0.209890	0.210848	0.211496	0.222586	0.213080	0.208726	0.209168	0.201966	
1590	0.215563	0.207093	0.209245	0.212245	0.212714	0.221948	0.216283	0.207118	0.205769	0.199448	
1595	0.218656	0.206235	0.210055	0.212501	0.213112	0.221371	0.214026	0.208576	0.207867	0.203014	
1600	0.215425	0.202792	0.211217	0.211964	0.211026	0.220687	0.210693	0.207349	0.206063	0.201375	
1605	0.219050	0.204032	0.207577	0.218520	0.211179	0.219921	0.214049	0.202179	0.207354	0.202075	
1610	0.217803	0.201654	0.204660	0.216211	0.208566	0.221332	0.214509	0.203219	0.206960	0.203327	
1615	0.219086	0.204101	0.205557	0.214814	0.205648	0.222340	0.212332	0.201382	0.205639	0.201449	
1620	0.223501	0.200225	0.212235	0.209519	0.209732	0.222988	0.211269	0.200338	0.205151	0.203589	
1625	0.223417	0.202713	0.213294	0.210377	0.213002	0.225948	0.210628	0.199437	0.206811	0.201639	
1630	0.223662	0.202497	0.212138	0.211914	0.209909	0.223442	0.212148	0.199883	0.206185	0.204292	
1635	0.223109	0.205966	0.211596	0.209982	0.208040	0.223512	0.211742	0.197531	0.206184	0.204914	
1640	0.222228	0.206756	0.218323	0.211944	0.205990	0.223628	0.213099	0.200749	0.209937	0.203137	
1645	0.222254	0.204111	0.218480	0.215403	0.209465	0.222695	0.210992	0.202860	0.210929	0.203135	
1650	0.223476	0.205625	0.219815	0.214041	0.211498	0.220413	0.211204	0.203922	0.213954	0.204278	
1655	0.222864	0.204308	0.220176	0.213782	0.211911	0.221073	0.212979	0.199989	0.216450	0.202863	
1660	0.221143	0.205870	0.219175	0.211282	0.214649	0.218850	0.208803	0.201931	0.217250	0.203512	
1665	0.221418	0.206260	0.219647	0.212278	0.217257	0.219357	0.210441	0.203103	0.211685	0.199844	
1670	0.219254	0.208953	0.218425	0.213044	0.215445	0.221870	0.209398	0.201784	0.209123	0.200792	
1675	0.222209	0.209496	0.220246	0.212202	0.217695	0.223045	0.206993	0.200875	0.212659	0.204378	
1680	0.224282	0.208533	0.222382	0.210612	0.218986	0.223785	0.207681	0.199860	0.214677	0.202200	
1685	0.223883	0.202542	0.218511	0.209741	0.218369	0.222426	0.210847	0.198808	0.215352	0.204899	
1690	0.222019	0.202939	0.218597	0.207230	0.219658	0.223249	0.212894	0.199885	0.214838	0.201762	
1695	0.224862	0.201910	0.217324	0.208789	0.221803	0.222551	0.212166	0.200931	0.215661	0.200868	
1700	0.224805	0.202810	0.208165	0.209821	0.224167	0.223206	0.213376	0.204660	0.215572	0.201104	
1705	0.220106	0.206474	0.206037	0.207946	0.219553	0.224775	0.214118	0.201475	0.215437	0.203279	
1710	0.219667	0.205606	0.206650	0.205772	0.216218	0.221331	0.214291	0.199930	0.217692	0.203784	
1715	0.221718	0.205140	0.207602	0.209376	0.214074	0.220237	0.216326	0.197337	0.214651	0.205894	
1720	0.223764	0.206167	0.204648	0.207544	0.212611	0.221625	0.216956	0.197472	0.215435	0.208212	
1725	0.225403	0.205511	0.202881	0.203860	0.213611	0.221718	0.220149	0.197508	0.213562	0.210630	
1730	0.224725	0.205768	0.201594	0.205128	0.214077	0.227090	0.215723	0.199758	0.212417	0.209828	
1735	0.223890	0.206133	0.199307	0.205204	0.212846	0.228616	0.215030	0.199780	0.212409	0.206784	
1740	0.221065	0.206551	0.200146	0.202467	0.212920	0.225364	0.215814	0.198681	0.209201	0.211262	
1745	0.220607	0.205906	0.197487	0.204033	0.210506	0.227797	0.211798	0.197629	0.211868	0.211627	
1750	0.224398	0.206684	0.196306	0.202472	0.212731	0.225368	0.210691	0.200261	0.210480	0.210567	
1755	0.222679	0.205189	0.198566	0.203561	0.215302	0.223968	0.212388	0.201293	0.208496	0.210360	
1760	0.222100	0.206759	0.197092	0.203841	0.212508	0.221016	0.212134	0.201013	0.208484	0.212613	
1765	0.217430	0.203433	0.198687	0.202760	0.215335	0.218653	0.208992	0.199896	0.212432	0.214934	
1770	0.218665	0.204764	0.198482	0.201929	0.218690	0.218058	0.208869	0.197542	0.210338	0.212987	
1775	0.220736	0.203364	0.196909	0.201483	0.219229	0.218645	0.211412	0.197898	0.211796	0.212116	
1780	0.224810	0.202225	0.199332	0.201374	0.219703	0.219123	0.218325	0.195395	0.209171	0.214501	
1785	0.222960	0.198624	0.199095	0.201998	0.221375	0.215159	0.219381	0.194494	0.209914	0.213912	
1790	0.222304	0.200254	0.195646	0.205020	0.219540	0.210899	0.220441	0.193903	0.207293	0.210162	
1795	0.222611	0.201446	0.197873	0.204018	0.217980	0.209697	0.219808	0.195098	0.202864	0.209237	
1800	0.219645	0.203096	0.202178	0.202737	0.221341	0.214049	0.218904	0.195622	0.200293	0.210932	
1805	0.218860	0.199942	0.200642	0.201607	0.222624	0.215938	0.219532	0.195138	0.205978	0.210708	
1810	0.220664	0.200810	0.203661	0.201196	0.222065	0.217239	0.218099	0.196636	0.205433	0.210431	
1815	0.219811	0.202929	0.204234	0.203060	0.223171	0.215943	0.217994	0.199714	0.206825	0.203770	
1820	0.219511	0.203333	0.203186	0.201121	0.223570	0.215091	0.219011	0.198857	0.208459	0.203144	
1825	0.220070	0.202383	0.207047	0.201179	0.223536	0.215233	0.216014	0.199754	0.207166	0.202200	
1830	0.220972	0.200756	0.207855	0.199689	0.222468	0.217907	0.218703	0.204982	0.208581	0.206205	
1835	0.217436	0.201719	0.204875	0.203397	0.218393	0.217691	0.220434	0.202268	0.208033	0.206279	
1840	0.218368	0.205762	0.207596	0.205454	0.219371	0.218947	0.219928	0.202241	0.208670	0.205698	
1845	0.219255	0.201354	0.207498	0.206195	0.222044	0.221047	0.219393	0.203331	0.207669	0.204859	
1850	0.220599	0.204570	0.205503	0.205556	0.220359	0.218785	0.221323	0.203805	0.208675	0.207515	
1855	0.215901	0.204253	0.201153	0.203907	0.221121	0.221219	0.218322	0.206196	0.204320	0.209204	
1860	0.216134	0.203427	0.201092	0.204396	0.221105	0.220503	0.213189	0.203749	0.204458	0.212157	
1865	0.216243	0.205040	0.207274	0.203846	0.220776	0.218641	0.210911	0.199779	0.206508	0.214706	
1870	0.216059	0.204230	0.210468	0.202180	0.221091	0.219311	0.206305	0.200887	0.209051	0.215875	
1875	0.215067	0.205595	0.214020	0.200702	0.221074	0.220256	0.205084	0.199873	0.208812	0.213961	
1880	0.217204	0.206619	0.213139	0.200856	0.224427	0.219079	0.205126	0.203065	0.212176	0.216499	
1885	0.215026	0.206785	0.211873	0.199826	0.229375	0.220003	0.202393	0.204890	0.207981	0.219176	
1890	0.210824	0.206682	0.212668	0.203596	0.227687	0.218328	0.202632	0.206610	0.205453	0.215898	
1895	0.208850	0.206739	0.213713	0.202908	0.230189	0.219511	0.204477	0.207285	0.205910	0.214482	
1900	0.210579	0.208780	0.214704	0.203329	0.227527	0.224924	0.204539	0.207604	0.204861	0.211947	
1905	0.207817	0.208925	0.212824	0.201608	0.228562	0.228606	0.205330	0.210195	0.202995	0.216771	
1910	0.206434	0.207384	0.217943	0.202711	0.230270	0.230813	0.205072	0.212432	0.202728	0.218438	
1915	0.208726	0.202954	0.213467	0.205077	0.230880	0.232685	0.206249	0.211689	0.204973	0.220295	
1920	0.210351	0.205915	0.211559	0.204467	0.228639	0.233631	0.202985	0.212552	0.203637	0.219469	
1925	0.207348	0.206290	0.215664	0.201340	0.229789	0.231772	0.203932	0.211082	0.204493	0.218201	
1930	0.206529	0.204012	0.216384	0.202149	0.228281	0.233106	0.203547	0.214394	0.203260	0.214367	
1935	0.204195	0.205286	0.219099	0.203074	0.228154	0.234817	0.202521	0.212458	0.206338	0.215940	
1940	0.208542	0.203691	0.218643	0.201310	0.228030	0.229677	0.204082	0.213816	0.205565	0.218508	
1945	0.206854	0.205260	0.216348	0.205282	0.225352	0.232904	0.205591	0.216636	0.205697	0.216536	
1950	0.207883	0.203586	0.217442	0.201985	0.224089	0.228105	0.208358	0.220487	0.204984	0.220862	
1955	0.207481	0.207625	0.214118	0.201713	0.223380	0.225913	0.206568	0.219118	0.206471	0.218889	
1960	0.206281	0.207177	0.213934	0.202304	0.223190	0.223898	0.210098	0.215132	0.204551	0.220932	
1965	0.205437	0.209018	0.214672	0.201353	0.224857	0.222908	0.208575	0.216285	0.207721	0.219474	
1970	0.206210	0.209574	0.213554	0.202437	0.223057	0.223098	0.207415	0.214550	0.207620	0.217561	
1975	0.210031	0.209264	0.211348	0.202622	0.219927	0.220930	0.206032	0.217353	0.207799	0.216368	
1980	0.206568	0.206859	0.211343	0.203166	0.219099	0.221828	0.207963	0.217648	0.205353	0.219675	
1985	0.207635	0.209141	0.209823	0.203539	0.220499	0.220525	0.211996	0.219003	0.206480	0.219912	
1990	0.209193	0.203576	0.209744	0.204083	0.216385	0.221998	0.208586	0.215515	0.207166	0.218628	
1995	0.211868	0.205411	0.206472	0.206957	0.219571	0.221621	0.209202	0.215106	0.209722	0.216888	
2000	0.210683	0.205033	0.202423	0.208645	0.219881	0.223966	0.210557	0.215448	0.208447	0.212427	
2005	0.214768	0.206829	0.201613	0.209650	0.222706	0.224564	0.210268	0.213041	0.208738	0.215835	
2010	0.216956	0.209413	0.202545	0.210211	0.220700	0.220199	0.209851	0.215647	0.205252	0.213640	
2015	0.214052	0.208053	0.198838	0.211069	0.221486	0.223163	0.207713	0.213882	0.200992	0.218477	
2020	0.212682	0.207698	0.200276	0.209811	0.221644	0.223365	0.206197	0.212388	0.196734	0.224339	
2025	0.215089	0.211765	0.204019	0.210274	0.223996	0.224722	0.204218	0.212211	0.198682	0.223626	
2030	0.214678	0.212583	0.205948	0.210799	0.221523	0.226146	0.201432	0.210633	0.198444	0.221682	
2035	0.213088	0.212738	0.208054	0.213689	0.223900	0.228100	0.202782	0.209441	0.199234	0.222188	
2040	0.209802	0.218640	0.211565	0.214940	0.221804	0.226416	0.204384	0.209721	0.191454	0.220093	
2045	0.209642	0.219287	0.213462	0.215643	0.217823	0.223149	0.204980	0.208453	0.193042	0.219552	
2050	0.208129	0.221018	0.214546	0.219136	0.215884	0.223712	0.207180	0.213234	0.191505	0.223564	
2055	0.210508	0.218820	0.213871	0.220944	0.216229	0.223906	0.205508	0.214125	0.191323	0.221948	
2060	0.208761	0.217251	0.213274	0.222141	0.220832	0.224391	0.205008	0.213468	0.189437	0.219333	
2065	0.205806	0.216235	0.215742	0.218529	0.221381	0.227397	0.204805	0.211461	0.191663	0.217611	
2070	0.206208	0.215032	0.215770	0.216056	0.219119	0.223384	0.203851	0.213694	0.193411	0.217967	
2075	0.205414	0.215286	0.213824	0.212660	0.213971	0.221506	0.204938	0.213792	0.195398	0.213976	
2080	0.204098	0.216444	0.215184	0.212091	0.213659	0.221005	0.205958	0.213718	0.194491	0.214553	
2085	0.207794	0.216799	0.218115	0.214318	0.213423	0.221028	0.208266	0.212108	0.195062	0.211917	
2090	0.208777	0.211110	0.216442	0.213674	0.216442	0.217713	0.206404	0.208341	0.196479	0.211336	
2095	0.206319	0.211554	0.216295	0.209348	0.216565	0.220871	0.205948	0.207565	0.196331	0.211183	
2100	0.206150	0.213437	0.219083	0.207576	0.212824	0.221082	0.207720	0.208247	0.198239	0.212561	
2105	0.206438	0.214994	0.221277	0.206457	0.212745	0.221581	0.207915	0.205101	0.197174	0.216645	
2110	0.206546	0.212812	0.219627	0.207823	0.214320	0.220849	0.206991	0.203675	0.196739	0.215726	
2115	0.205293	0.210811	0.217063	0.202278	0.212280	0.216762	0.207928	0.205927	0.201060	0.214989	
2120	0.205514	0.216200	0.217219	0.201049	0.211607	0.219780	0.207156	0.205299	0.200751	0.213197	
2125	0.210146	0.210644	0.219711	0.205015	0.209783	0.222315	0.210917	0.205275	0.202473	0.217387	
2130	0.209937	0.211390	0.222056	0.208976	0.209914	0.223835	0.212772	0.205135	0.203831	0.217874	
2135	0.214046	0.213741	0.217756	0.209860	0.209807	0.220982	0.211118	0.205937	0.202933	0.221380	
2140	0.213885	0.216693	0.218121	0.207198	0.208897	0.220042	0.205198	0.204870	0.203315	0.221182	
2145	0.213412	0.213430	0.216132	0.204372	0.205833	0.219902	0.200214	0.206063	0.203041	0.216975	
2150	0.212799	0.213805	0.216750	0.203748	0.204945	0.218739	0.200338	0.208909	0.200363	0.216217	
2155	0.213640	0.215175	0.212352	0.207519	0.205205	0.218277	0.201859	0.212966	0.204036	0.218682	
2160	0.213439	0.215229	0.212677	0.209620	0.204426	0.220518	0.196590	0.216365	0.203369	0.215590	
2165	0.212919	0.210709	0.211808	0.211870	0.208349	0.225378	0.199734	0.217139	0.203317	0.214776	
2170	0.210513	0.209118	0.210346	0.209133	0.208257	0.226156	0.196285	0.213851	0.201360	0.214370	
2175	0.209468	0.207844	0.209959	0.209426	0.208334	0.223077	0.196081	0.208693	0.199408	0.216303	
2180	0.208775	0.209886	0.211081	0.208516	0.206940	0.223685	0.193648	0.209197	0.196265	0.217559	
2185	0.208294	0.207620	0.207693	0.210152	0.208156	0.218359	0.188911	0.201980	0.195863	0.217579	
2190	0.204380	0.210150	0.207045	0.208651	0.205551	0.220008	0.188962	0.202631	0.195103	0.216462	
2195	0.206933	0.207983	0.205458	0.205287	0.205726	0.221541	0.191917	0.205910	0.199821	0.216716	
2200	0.201342	0.206537	0.204974	0.203459	0.208801	0.218663	0.190421	0.204861	0.198594	0.218317	
2205	0.198446	0.205089	0.205757	0.204859	0.209349	0.218348	0.190558	0.202996	0.194145	0.213746	
2210	0.199066	0.207401	0.205037	0.205601	0.210825	0.219624	0.193296	0.203134	0.194513	0.214686	
2215	0.198693	0.204488	0.208933	0.204861	0.204574	0.222591	0.196938	0.202946	0.190107	0.218980	
2220	0.197765	0.201108	0.205600	0.201467	0.208448	0.220206	0.198127	0.201178	0.190923	0.221518	
2225	0.198317	0.203720	0.205426	0.200445	0.206357	0.216142	0.196289	0.203497	0.189896	0.218606	
2230	0.200576	0.205910	0.204973	0.203788	0.203164	0.212139	0.198818	0.208606	0.190892	0.217579	
2235	0.202746	0.204511	0.202965	0.202904	0.203506	0.206041	0.196465	0.208644	0.192898	0.223224	
2240	0.197801	0.206911	0.198613	0.205857	0.202687	0.203805	0.196665	0.206931	0.190847	0.224900	
2245	0.197974	0.206006	0.200397	0.202790	0.203617	0.203037	0.197381	0.204870	0.190253	0.225142	
2250	0.197741	0.210076	0.200134	0.201215	0.204365	0.201703	0.198907	0.207263	0.190109	0.220926	
2255	0.199437	0.209651	0.204207	0.202112	0.203482	0.198758	0.203128	0.208447	0.188776	0.224067	
2260	0.202037	0.210411	0.208069	0.203449	0.200632	0.202586	0.201617	0.205672	0.192276	0.223630	
2265	0.201772	0.212594	0.209151	0.202565	0.198786	0.200247	0.204431	0.207480	0.194091	0.225592	
2270	0.207266	0.209848	0.210917	0.201625	0.194518	0.203460	0.204036	0.208760	0.193520	0.224208	
2275	0.207683	0.210552	0.209016	0.201366	0.195861	0.202148	0.203707	0.208662	0.191957	0.222439	
2280	0.208659	0.213683	0.209380	0.201112	0.189409	0.199588	0.202050	0.206390	0.192285	0.219697	
2285	0.206828	0.214610	0.211126	0.199468	0.192257	0.201247	0.200756	0.203328	0.195899	0.215677	
2290	0.201804	0.216251	0.209286	0.201762	0.194112	0.204132	0.197933	0.198838	0.194612	0.213211	
2295	0.201092	0.219773	0.208347	0.200610	0.197153	0.202958	0.198590	0.196712	0.198950	0.216155	
2300	0.202269	0.217659	0.207068	0.197004	0.198684	0.203998	0.200282	0.197617	0.196450	0.217852	
2305	0.201279	0.218845	0.202589	0.198004	0.195790	0.202891	0.199373	0.193803	0.195372	0.221254	
2310	0.199607	0.219299	0.202569	0.198629	0.195345	0.206079	0.195823	0.192445	0.194208	0.217374	
2315	0.196857	0.219828	0.200781	0.199520	0.199209	0.203114	0.192537	0.194101	0.188121	0.217958	
2320	0.195764	0.217064	0.201212	0.197959	0.198886	0.201351	0.194353	0.197554	0.186098	0.221535	
2325	0.197304	0.216382	0.200678	0.202469	0.197562	0.201274	0.195744	0.199135	0.191075	0.221392	
2330	0.200220	0.213665	0.202659	0.202023	0.197769	0.198822	0.197834	0.200757	0.194216	0.222551	
2335	0.203146	0.215224	0.199599	0.201751	0.198470	0.199245	0.198789	0.199217	0.195963	0.222338	
2340	0.206480	0.214645	0.201096	0.198803	0.196840	0.199500	0.198876	0.200743	0.195621	0.223024	
2345	0.210865	0.212786	0.205896	0.198877	0.200771	0.195979	0.197627	0.200964	0.194485	0.219575	
2350	0.209883	0.215049	0.205472	0.198831	0.199560	0.196782	0.197267	0.199403	0.194864	0.221239	
2355	0.210369	0.216313	0.206817	0.195766	0.202861	0.198558	0.195275	0.198397	0.193376	0.221078	
2360	0.207766	0.218789	0.210087	0.197265	0.200377	0.195693	0.194132	0.196671	0.195495	0.219258	
2365	0.208437	0.216759	0.211454	0.197835	0.199759	0.196047	0.195296	0.198258	0.199318	0.222075	
2370	0.210675	0.214711	0.210900	0.198052	0.201780	0.195088	0.195174	0.195437	0.200223	0.220045	
2375	0.211656	0.214942	0.213126	0.199651	0.203140	0.193609	0.196447	0.201760	0.202468	0.219404	
2380	0.212073	0.213734	0.213577	0.199784	0.199191	0.194409	0.198628	0.203054	0.201349	0.220135	
2385	0.211266	0.212358	0.213021	0.203356	0.199786	0.195390	0.199016	0.203746	0.203231	0.223035	
2390	0.210878	0.212552	0.216699	0.204374	0.202176	0.192019	0.198642	0.199267	0.207815	0.224687	
2395	0.210734	0.215522	0.213697	0.204503	0.201507	0.189566	0.199120	0.202137	0.208324	0.222934	
2400	0.208503	0.211759	0.213713	0.200643	0.204215	0.188530	0.198184	0.202106	0.209600	0.221532	
2405	0.208786	0.211052	0.213349	0.201309	0.204582	0.189229	0.201367	0.197251	0.208710	0.220295	
2410	0.216166	0.213208	0.212795	0.203002	0.203827	0.187820	0.199187	0.203171	0.204388	0.220303	
2415	0.217974	0.212310	0.216685	0.203704	0.202792	0.190716	0.195677	0.195596	0.206084	0.219618	
2420	0.218082	0.210169	0.216337	0.202013	0.207939	0.194750	0.192459	0.199096	0.207703	0.223588	
2425	0.218263	0.209892	0.217752	0.201809	0.207399	0.194352	0.195279	0.200087	0.205331	0.223266	
2430	0.217010	0.211238	0.211985	0.201900	0.203086	0.193950	0.197433	0.199635	0.205419	0.222235	
2435	0.213813	0.211927	0.213131	0.203116	0.203852	0.191101	0.198609	0.204185	0.204287	0.220148	
2440	0.208737	0.214259	0.217370	0.204609	0.200170	0.190960	0.201351	0.202962	0.203355	0.222285	
2445	0.211810	0.214904	0.216243	0.204244	0.204673	0.191131	0.198517	0.201149	0.206119	0.222684	
2450	0.208128	0.212135	0.215165	0.205038	0.206921	0.192559	0.197461	0.199251	0.205080	0.222996	
2455	0.199109	0.211905	0.214824	0.205659	0.209443	0.196886	0.191415	0.198934	0.207579	0.222655	
2460	0.199488	0.217173	0.213067	0.206640	0.212027	0.200528	0.192882	0.198879	0.208900	0.220687	
2465	0.200197	0.214755	0.211512	0.208467	0.209574	0.204108	0.192873	0.200052	0.207569	0.218758	
2470	0.202176	0.215018	0.213411	0.206745	0.208354	0.204318	0.198501	0.202314	0.208717	0.218627	
2475	0.203143	0.213534	0.213386	0.207401	0.206229	0.204201	0.198335	0.202855	0.210650	0.218845	
2480	0.205831	0.216728	0.211511	0.207072	0.208585	0.207464	0.196524	0.202139	0.211287	0.215060	
2485	0.203780	0.215901	0.208359	0.206625	0.208386	0.208407	0.197269	0.200338	0.212039	0.215304	
2490	0.203493	0.212849	0.209972	0.203809	0.206039	0.208388	0.192710	0.202978	0.209997	0.217887	
2495	0.204001	0.212309	0.208470	0.203489	0.201665	0.211736	0.193100	0.199830	0.211446	0.217246	
2500	0.204734	0.212944	0.207539	0.203772	0.205120	0.214533	0.192520	0.200750	0.211756	0.217640	
2505	0.202465	0.213759	0.205370	0.204270	0.203666	0.214414	0.196093	0.201802	0.210949	0.215429	
2510	0.201847	0.212808	0.204873	0.201299	0.202283	0.211861	0.195746	0.200694	0.213888	0.215024	
2515	0.202519	0.208262	0.204141	0.201212	0.201882	0.209056	0.198223	0.200026	0.213839	0.209387	
2520	0.202931	0.207583	0.201627	0.201912	0.203980	0.206619	0.196980	0.201341	0.215065	0.213286	
2525	0.203769	0.208048	0.203372	0.199139	0.204615	0.208576	0.200757	0.202169	0.210080	0.211016	
2530	0.204256	0.209175	0.202192	0.201232	0.203984	0.213082	0.202187	0.202336	0.209759	0.211903	
2535	0.203355	0.208499	0.202767	0.201382	0.205440	0.214703	0.198472	0.203785	0.208902	0.217759	
2540	0.205290	0.214002	0.203235	0.200082	0.205826	0.215538	0.197474	0.210217	0.207848	0.215384	
2545	0.206375	0.210725	0.207709	0.201005	0.206521	0.213253	0.201305	0.207446	0.207796	0.213692	
2550	0.207525	0.213364	0.208972	0.199811	0.205956	0.208777	0.200709	0.203885	0.207333	0.215149	
2555	0.207375	0.214053	0.209934	0.199278	0.212569	0.210794	0.204030	0.207217	0.204636	0.216526	
2560	0.208573	0.206907	0.211373	0.198992	0.210886	0.209956	0.201206	0.209738	0.209797	0.219015	
2565	0.208883	0.205968	0.209138	0.198729	0.211300	0.214626	0.205897	0.208008	0.204545	0.223017	
2570	0.208819	0.207958	0.206668	0.200479	0.210217	0.215848	0.206263	0.205956	0.206297	0.224431	
2575	0.215092	0.207690	0.205134	0.200537	0.207712	0.216949	0.204105	0.206207	0.206366	0.223814	
2580	0.211051	0.208229	0.208570	0.200818	0.208093	0.217381	0.203454	0.204849	0.208361	0.225361	
2585	0.209771	0.208296	0.215558	0.204555	0.209211	0.217872	0.203023	0.205785	0.206174	0.220089	
2590	0.210187	0.205461	0.217296	0.204467	0.207552	0.213519	0.201008	0.201552	0.211148	0.222138	
2595	0.207866	0.206143	0.214537	0.205392	0.207376	0.211633	0.198185	0.201720	0.206649	0.226662	
2600	0.205889	0.204167	0.214936	0.205841	0.209612	0.211421	0.198987	0.201025	0.209034	0.228021	
2605	0.204850	0.203667	0.213359	0.203982	0.214007	0.211015	0.198100	0.203790	0.207121	0.223407	
2610	0.204840	0.202251	0.214341	0.203009	0.213546	0.209561	0.196025	0.204965	0.204878	0.225959	
2615	0.202280	0.202888	0.215083	0.202686	0.214311	0.208933	0.196238	0.205028	0.206089	0.222584	
2620	0.205663	0.202695	0.218788	0.201464	0.210347	0.208976	0.191837	0.205016	0.205602	0.223844	
2625	0.210179	0.203717	0.217432	0.201623	0.212219	0.212702	0.190309	0.203730	0.205019	0.220963	
2630	0.212955	0.202245	0.214956	0.201494	0.214911	0.212421	0.196029	0.202741	0.204690	0.222095	
2635	0.212810	0.204136	0.217322	0.199104	0.211256	0.212194	0.197050	0.203739	0.201740	0.218516	
2640	0.213017	0.201324	0.219428	0.199620	0.210994	0.211291	0.192667	0.204597	0.205190	0.218518	
2645	0.211602	0.203781	0.222329	0.198669	0.209007	0.210978	0.191296	0.205609	0.208631	0.216574	
2650	0.214503	0.201054	0.217144	0.196848	0.210413	0.210144	0.193051	0.207090	0.213955	0.216314	
2655	0.214356	0.200624	0.216986	0.198935	0.213374	0.206575	0.194972	0.207589	0.216129	0.218932	
2660	0.213908	0.197725	0.220320	0.199064	0.211999	0.206448	0.195616	0.205337	0.219988	0.221874	
2665	0.214017	0.197505	0.217782	0.197605	0.212919	0.206018	0.201706	0.202741	0.222414	0.222155	
2670	0.211488	0.198839	0.215866	0.198375	0.212115	0.204598	0.202412	0.204549	0.217499	0.219743	
2675	0.217751	0.198604	0.215954	0.202423	0.212084	0.206721	0.203841	0.202788	0.219159	0.218460	
2680	0.215613	0.196078	0.215855	0.200896	0.211762	0.208691	0.207542	0.201102	0.213240	0.217560	
2685	0.219541	0.195592	0.218526	0.201451	0.210681	0.205993	0.208478	0.202320	0.213093	0.217428	
2690	0.217773	0.198589	0.221833	0.204267	0.212342	0.206167	0.209740	0.202151	0.219440	0.215889	
2695	0.214375	0.202167	0.222811	0.206682	0.212474	0.205066	0.203416	0.202098	0.219417	0.214683	
2700	0.218375	0.200545	0.221169	0.207280	0.214996	0.204876	0.204385	0.204612	0.219574	0.213955	
2705	0.218002	0.200901	0.221948	0.204776	0.212906	0.200979	0.207221	0.204171	0.215925	0.215264	
2710	0.217428	0.202793	0.220671	0.200851	0.214097	0.199006	0.208260	0.203907	0.218613	0.210750	
2715	0.218052	0.204795	0.219578	0.203345	0.213645	0.201933	0.209131	0.209224	0.214908	0.210916	
2720	0.214682	0.208558	0.216101	0.207055	0.213541	0.196575	0.208109	0.208165	0.212003	0.212254	
2725	0.213843	0.206528	0.215818	0.206802	0.213637	0.198874	0.208201	0.206013	0.215809	0.206643	
2730	0.210999	0.206036	0.211654	0.204097	0.213408	0.199678	0.207146	0.205923	0.214640	0.208809	
2735	0.211415	0.205512	0.212440	0.203069	0.210450	0.203912	0.205743	0.210706	0.214022	0.210439	
2740	0.213094	0.207958	0.209827	0.205606	0.210775	0.204831	0.206368	0.212161	0.210682	0.205351	
2745	0.211893	0.207378	0.211788	0.207701	0.211693	0.201753	0.207790	0.212595	0.213513	0.207887	
2750	0.213038	0.209184	0.209889	0.208779	0.212882	0.204394	0.210787	0.213902	0.220542	0.209019	
2755	0.212449	0.206713	0.213240	0.209373	0.214243	0.203664	0.212209	0.211405	0.215247	0.208999	
2760	0.211987	0.209219	0.208848	0.209265	0.208528	0.202410	0.212088	0.204469	0.217067	0.212161	
2765	0.214411	0.211122	0.209776	0.211475	0.205694	0.207278	0.211750	0.200291	0.212853	0.212821	
2770	0.216962	0.208738	0.208122	0.209709	0.205837	0.204252	0.212829	0.201967	0.213464	0.212083	
2775	0.218138	0.207228	0.205411	0.213073	0.209945	0.201065	0.211112	0.199637	0.217715	0.211099	
2780	0.219842	0.206255	0.207667	0.213982	0.208241	0.201662	0.209356	0.197238	0.216148	0.210240	
2785	0.220001	0.204925	0.206054	0.218089	0.207862	0.204011	0.211595	0.197092	0.214639	0.208214	
2790	0.220065	0.205550	0.207100	0.218736	0.213076	0.206183	0.208207	0.196651	0.219084	0.211040	
2795	0.219362	0.208142	0.208958	0.220982	0.212907	0.204748	0.208227	0.196288	0.219836	0.213185	
2800	0.221951	0.211332	0.212090	0.219594	0.209150	0.201896	0.208600	0.196773	0.217981	0.209465	
2805	0.218823	0.210894	0.211180	0.219831	0.211238	0.204188	0.211572	0.199111	0.213400	0.208550	
2810	0.218442	0.213106	0.211215	0.219758	0.207807	0.200842	0.216362	0.200866	0.211047	0.206635	
2815	0.220261	0.213035	0.213027	0.219970	0.206526	0.201900	0.214869	0.200946	0.205331	0.206750	
2820	0.223160	0.214704	0.212165	0.218643	0.205624	0.199396	0.214255	0.198693	0.204722	0.205388	
2825	0.221376	0.218213	0.212784	0.222504	0.201465	0.203456	0.216729	0.196854	0.204759	0.209762	
2830	0.217503	0.218808	0.213911	0.217134	0.200869	0.204794	0.215066	0.197039	0.209708	0.208289	
2835	0.220112	0.217768	0.212523	0.218346	0.199700	0.205985	0.212558	0.197805	0.209382	0.207428	
2840	0.220111	0.214849	0.211823	0.217500	0.199234	0.204942	0.211019	0.199574	0.203284	0.209672	
2845	0.217582	0.216439	0.213449	0.215097	0.197659	0.206732	0.207500	0.199329	0.201075	0.211679	
2850	0.214159	0.219121	0.214010	0.210409	0.195422	0.206312	0.211215	0.200845	0.202851	0.211682	
2855	0.212759	0.215210	0.213142	0.210252	0.192511	0.208962	0.212366	0.198290	0.203182	0.211395	
2860	0.214536	0.215931	0.211615	0.207776	0.191565	0.213307	0.211569	0.198677	0.201594	0.211219	
2865	0.209110	0.216733	0.211562	0.204099	0.193687	0.211438	0.208585	0.197926	0.198832	0.211173	
2870	0.209041	0.216238	0.211577	0.201720	0.194700	0.211308	0.211405	0.198673	0.195961	0.213017	
2875	0.204386	0.216302	0.212922	0.200514	0.193626	0.210036	0.210020	0.201654	0.197272	0.218897	
2880	0.206082	0.217277	0.210138	0.199436	0.194918	0.208078	0.205327	0.202295	0.198928	0.218979	
2885	0.206891	0.220094	0.205982	0.198993	0.198306	0.210842	0.207321	0.200732	0.198396	0.217243	
2890	0.207155	0.218691	0.205628	0.196860	0.198143	0.210596	0.209139	0.200493	0.199011	0.217354	
2895	0.207746	0.221160	0.209140	0.199989	0.201986	0.211110	0.207983	0.202374	0.196884	0.218290	
2900	0.212352	0.221211	0.211993	0.206073	0.200834	0.212107	0.206936	0.200947	0.197293	0.216679	
2905	0.213974	0.223273	0.215534	0.208532	0.200282	0.213748	0.211654	0.202695	0.203341	0.218077	
2910	0.210710	0.222291	0.214978	0.210658	0.202228	0.211090	0.211561	0.205044	0.205088	0.221218	
2915	0.214137	0.222589	0.214682	0.212090	0.199451	0.211236	0.211091	0.204870	0.202822	0.220538	
2920	0.215042	0.220980	0.215302	0.213110	0.199110	0.214249	0.212102	0.205689	0.204197	0.219918	
2925	0.215716	0.221231	0.210940	0.208919	0.195363	0.216322	0.211797	0.207218	0.206340	0.214889	
2930	0.215875	0.219438	0.211915	0.210658	0.193523	0.218405	0.210015	0.208213	0.206328	0.212752	
2935	0.216873	0.217784	0.210325	0.210044	0.188060	0.217228	0.206462	0.210393	0.208953	0.216754	
2940	0.219664	0.217407	0.208633	0.210080	0.188587	0.215559	0.205143	0.214392	0.209466	0.220674	
2945	0.215446	0.220237	0.209014	0.213711	0.185712	0.213211	0.207974	0.211781	0.208342	0.220156	
2950	0.213337	0.219781	0.207478	0.210176	0.188396	0.214738	0.204818	0.215358	0.214715	0.219875	
2955	0.216141	0.219886	0.209902	0.211289	0.187700	0.215752	0.204089	0.215935	0.214309	0.219729	
2960	0.216664	0.216653	0.205968	0.207605	0.188994	0.218090	0.197714	0.214743	0.212471	0.218431	
2965	0.215900	0.216431	0.211227	0.208853	0.190643	0.218436	0.194547	0.212096	0.212389	0.216284	
2970	0.216451	0.219238	0.212311	0.210884	0.193226	0.220374	0.194087	0.211020	0.212280	0.216481	
2975	0.213564	0.218683	0.212565	0.212648	0.194377	0.221171	0.192759	0.207140	0.210509	0.218636	
2980	0.209632	0.218631	0.214244	0.214044	0.197932	0.220858	0.190931	0.208472	0.212053	0.215823	
2985	0.209775	0.219892	0.211508	0.211049	0.197387	0.221752	0.191010	0.204335	0.207110	0.217577	
2990	0.206459	0.218333	0.207597	0.209142	0.200027	0.220009	0.192016	0.205857	0.208427	0.216078	
2995	0.205083	0.218908	0.208748	0.211447	0.200679	0.222002	0.191299	0.206224	0.210569	0.219962	
3000	0.203026	0.217559	0.202032	0.212856	0.202048	0.220542	0.195007	0.205397	0.210483	0.217161	
