T	rep_1	rep_2	rep_3	rep_4	rep_5	rep_6	rep_7	rep_8	rep_9	rep_10
5	0.095804	0.103788	0.082716	0.094594	0.079629	0.095330	0.083635	0.103038	0.088818	0.089795	
10	0.235403	0.200288	0.185635	0.264027	0.222699	0.225076	0.207367	0.200940	0.201363	0.268294	
15	0.304950	0.284793	0.300498	0.330361	0.294350	0.327513	0.304710	0.282626	0.293073	0.381889	
20	0.368420	0.386388	0.423283	0.413550	0.394961	0.467594	0.357755	0.376358	0.391071	0.429613	
25	0.456094	0.441799	0.483845	0.498718	0.481809	0.580119	0.437852	0.438207	0.476958	0.469325	
30	0.533858	0.485163	0.553586	0.584834	0.530270	0.640770	0.529004	0.492339	0.551949	0.523822	
35	0.584922	0.545565	0.630335	0.673741	0.566486	0.687080	0.585828	0.550082	0.600501	0.581629	
40	0.627303	0.635849	0.693199	0.724819	0.603580	0.727237	0.628585	0.612706	0.630559	0.625995	
45	0.672613	0.734463	0.737813	0.758829	0.649808	0.763289	0.668695	0.687925	0.652384	0.662464	
50	0.719406	0.794080	0.767814	0.778601	0.697813	0.793319	0.711822	0.754977	0.679561	0.696353	
55	0.762595	0.829940	0.794495	0.793951	0.750597	0.820292	0.751758	0.802755	0.714776	0.728574	
60	0.793150	0.851310	0.819319	0.806640	0.793789	0.839008	0.780712	0.829268	0.742257	0.760809	
65	0.814394	0.860608	0.835114	0.818356	0.819231	0.852863	0.805686	0.853336	0.774605	0.784470	
70	0.828831	0.866344	0.845730	0.824774	0.835670	0.863294	0.823242	0.860560	0.800122	0.802891	
75	0.844288	0.872942	0.849491	0.834550	0.845559	0.864110	0.831898	0.865026	0.820894	0.816770	
80	0.853200	0.874077	0.854436	0.841164	0.857229	0.868356	0.845910	0.868159	0.835139	0.829386	
85	0.860211	0.877731	0.860469	0.842637	0.859633	0.870563	0.849665	0.873850	0.846577	0.841675	
90	0.860719	0.878261	0.865926	0.846470	0.862404	0.873819	0.852290	0.876481	0.854580	0.850880	
95	0.863154	0.876978	0.868579	0.846434	0.863541	0.878225	0.857006	0.879755	0.860525	0.855470	
100	0.866603	0.879728	0.870066	0.851889	0.866376	0.872335	0.860644	0.878950	0.863037	0.861360	
105	0.868013	0.880334	0.872336	0.854100	0.866389	0.872702	0.862915	0.876377	0.866653	0.861812	
110	0.867774	0.875895	0.871409	0.852895	0.864155	0.867987	0.862693	0.877064	0.866406	0.857967	
115	0.865734	0.874468	0.868758	0.853034	0.862282	0.866522	0.861892	0.872936	0.866370	0.857339	
120	0.865663	0.872898	0.865773	0.850424	0.862606	0.861644	0.858837	0.871209	0.865176	0.855737	
125	0.863851	0.872104	0.863335	0.853291	0.861499	0.860932	0.858176	0.864870	0.863183	0.856699	
130	0.862559	0.866872	0.863157	0.851331	0.857511	0.859972	0.857067	0.864156	0.859324	0.854634	
135	0.861808	0.865304	0.858973	0.848637	0.855127	0.858998	0.855974	0.864494	0.859914	0.850743	
140	0.858413	0.862653	0.855515	0.844736	0.853908	0.855059	0.849264	0.862047	0.858356	0.852936	
145	0.851543	0.860022	0.847926	0.841198	0.849274	0.853139	0.846584	0.860672	0.856716	0.850926	
150	0.848850	0.857985	0.849433	0.839489	0.848347	0.851300	0.839673	0.855198	0.856412	0.847887	
155	0.849586	0.855145	0.846955	0.837689	0.848227	0.848274	0.840381	0.851000	0.850950	0.847930	
160	0.847813	0.852160	0.844028	0.838043	0.847720	0.844931	0.834138	0.853048	0.848453	0.845631	
165	0.844097	0.848402	0.841664	0.836121	0.847392	0.839634	0.832570	0.850643	0.845816	0.843973	
170	0.840650	0.842549	0.839310	0.834989	0.848526	0.836201	0.830671	0.846870	0.844362	0.840150	
175	0.839375	0.839542	0.837674	0.833738	0.842408	0.832520	0.829031	0.840774	0.842120	0.837564	
180	0.835387	0.835813	0.835493	0.826897	0.842208	0.829573	0.828244	0.834907	0.839234	0.839080	
185	0.832593	0.833349	0.835591	0.824231	0.837529	0.823897	0.827168	0.834374	0.833487	0.833774	
190	0.828348	0.832463	0.834822	0.818063	0.836367	0.824891	0.824363	0.832235	0.834261	0.831124	
195	0.829118	0.832241	0.830198	0.819503	0.833521	0.822932	0.822987	0.833076	0.831994	0.830237	
200	0.826047	0.832231	0.830605	0.812736	0.829157	0.821643	0.825010	0.829114	0.834811	0.826126	
205	0.825468	0.832351	0.826872	0.807209	0.825712	0.817705	0.819971	0.826944	0.833703	0.821712	
210	0.819758	0.829905	0.822959	0.805017	0.822629	0.815158	0.817603	0.820467	0.832043	0.818504	
215	0.816387	0.822782	0.820307	0.802228	0.818793	0.813385	0.811540	0.814842	0.825597	0.815183	
220	0.816010	0.824528	0.819749	0.799114	0.816832	0.809395	0.809048	0.811865	0.822887	0.814455	
225	0.815617	0.819882	0.818661	0.794895	0.812068	0.809817	0.806669	0.808322	0.819832	0.814408	
230	0.816302	0.815196	0.815536	0.793206	0.809369	0.808417	0.804396	0.807617	0.819613	0.813234	
235	0.816071	0.815811	0.815966	0.791534	0.806049	0.806968	0.805155	0.806485	0.818060	0.810002	
240	0.812341	0.812920	0.816808	0.789162	0.803871	0.806894	0.806364	0.801889	0.809672	0.805553	
245	0.812141	0.810794	0.813017	0.788436	0.804209	0.806477	0.803263	0.805146	0.806375	0.802121	
250	0.812198	0.811364	0.812310	0.787209	0.804670	0.804744	0.802751	0.799920	0.802874	0.798651	
255	0.810364	0.810867	0.808814	0.786002	0.802164	0.804499	0.799218	0.798690	0.802574	0.796417	
260	0.808087	0.802398	0.807756	0.786751	0.805926	0.801675	0.795749	0.796018	0.802247	0.793294	
265	0.805168	0.799470	0.807000	0.782809	0.803008	0.801214	0.795933	0.790960	0.798160	0.789603	
270	0.805779	0.792414	0.806049	0.783800	0.801389	0.799150	0.797290	0.788933	0.793981	0.784796	
275	0.800953	0.793925	0.804707	0.784612	0.800014	0.797802	0.793992	0.791700	0.792628	0.786804	
280	0.798453	0.789790	0.804664	0.781739	0.799911	0.797063	0.791363	0.792463	0.791401	0.784418	
285	0.796297	0.784963	0.802050	0.778575	0.800542	0.792369	0.790861	0.791021	0.789033	0.781479	
290	0.795517	0.779858	0.794924	0.772991	0.799292	0.789015	0.789369	0.789031	0.787668	0.781814	
295	0.791249	0.775590	0.793093	0.771173	0.796170	0.783811	0.787281	0.782943	0.784792	0.779640	
300	0.790761	0.778945	0.791918	0.769937	0.794865	0.783503	0.788091	0.779232	0.783569	0.772539	
305	0.788115	0.777890	0.792539	0.770332	0.791524	0.781063	0.787890	0.774402	0.782030	0.767129	
310	0.785337	0.775557	0.790682	0.773913	0.786702	0.783815	0.787676	0.776503	0.782007	0.767333	
315	0.784677	0.769736	0.787872	0.771822	0.783137	0.784055	0.784773	0.772971	0.779671	0.768323	
320	0.780275	0.768878	0.787211	0.770505	0.782001	0.778587	0.780297	0.770178	0.775553	0.769349	
325	0.779878	0.761222	0.786920	0.769662	0.773640	0.780356	0.779715	0.772676	0.775919	0.766916	
330	0.780688	0.760170	0.785808	0.768404	0.776530	0.782138	0.777205	0.771422	0.776482	0.763021	
335	0.777017	0.755612	0.785206	0.766286	0.773930	0.776519	0.777000	0.767963	0.768844	0.759331	
340	0.776801	0.752522	0.783690	0.766690	0.771295	0.771456	0.773813	0.761007	0.766330	0.759124	
345	0.777869	0.750733	0.780084	0.759433	0.770445	0.767884	0.772450	0.761774	0.766387	0.752473	
350	0.774375	0.750006	0.779574	0.757285	0.766149	0.762580	0.769151	0.759803	0.762018	0.754287	
355	0.768588	0.746197	0.779130	0.755091	0.762236	0.759725	0.769203	0.759599	0.759729	0.751531	
360	0.765516	0.748140	0.779335	0.756951	0.757297	0.760784	0.771150	0.762791	0.760891	0.746636	
365	0.759482	0.748340	0.775418	0.752628	0.752806	0.757427	0.771621	0.761364	0.756756	0.750375	
370	0.754560	0.745612	0.775608	0.754498	0.753160	0.759256	0.772700	0.756828	0.754518	0.749603	
375	0.750494	0.744356	0.772715	0.751710	0.753987	0.759713	0.769634	0.758612	0.753948	0.746027	
380	0.750217	0.743054	0.772518	0.748866	0.750306	0.756103	0.768728	0.759061	0.750577	0.744820	
385	0.749104	0.742949	0.768029	0.748575	0.750251	0.755148	0.765561	0.759771	0.750140	0.742367	
390	0.747360	0.741149	0.765633	0.746590	0.748446	0.754443	0.764594	0.761702	0.746460	0.740225	
395	0.750853	0.740562	0.764598	0.745364	0.750154	0.752326	0.762456	0.760966	0.742965	0.738098	
400	0.748721	0.739084	0.760010	0.737510	0.746457	0.749014	0.760692	0.756094	0.743239	0.736304	
405	0.750963	0.742034	0.758702	0.739522	0.745340	0.744586	0.757592	0.754052	0.741830	0.737399	
410	0.747401	0.740913	0.756916	0.739981	0.744934	0.749454	0.759093	0.750248	0.742708	0.738083	
415	0.745435	0.735887	0.757525	0.736232	0.743430	0.751985	0.756552	0.750240	0.739109	0.731882	
420	0.743743	0.735645	0.759234	0.733424	0.743254	0.749327	0.752944	0.748372	0.735900	0.731829	
425	0.741587	0.732368	0.752641	0.734927	0.744715	0.745666	0.748939	0.749449	0.730357	0.726292	
430	0.746971	0.732377	0.752487	0.736931	0.744712	0.748457	0.748189	0.749107	0.733499	0.726015	
435	0.744328	0.731949	0.750358	0.734423	0.742563	0.749393	0.748635	0.747023	0.734084	0.728601	
440	0.740682	0.729492	0.748633	0.734613	0.741406	0.743370	0.745072	0.745990	0.733702	0.722439	
445	0.741753	0.728928	0.746857	0.732558	0.734890	0.738117	0.742776	0.742036	0.729370	0.718619	
450	0.739617	0.723931	0.743035	0.732142	0.735211	0.738178	0.741475	0.738732	0.731929	0.720902	
455	0.737090	0.719398	0.743632	0.738318	0.735222	0.737045	0.741844	0.739799	0.729811	0.723029	
460	0.731627	0.714985	0.737915	0.737747	0.732106	0.735317	0.742423	0.736114	0.729218	0.717554	
465	0.729860	0.710952	0.735129	0.737867	0.730682	0.734074	0.744048	0.739112	0.726563	0.716331	
470	0.727327	0.715808	0.737635	0.733259	0.732440	0.732001	0.738073	0.739904	0.726576	0.712821	
475	0.726196	0.718013	0.732412	0.732814	0.731622	0.731571	0.736841	0.737314	0.724673	0.713336	
480	0.719131	0.714092	0.731938	0.731795	0.732167	0.728904	0.736354	0.735923	0.723255	0.718694	
485	0.717373	0.713295	0.727846	0.733043	0.730533	0.728340	0.736495	0.736336	0.722062	0.718964	
490	0.715016	0.710935	0.726633	0.733709	0.728254	0.726005	0.736945	0.729998	0.721838	0.718463	
495	0.714447	0.709941	0.725905	0.731817	0.724972	0.726275	0.739714	0.729426	0.718000	0.719515	
500	0.710943	0.711129	0.721958	0.728111	0.721756	0.725995	0.740880	0.729281	0.716879	0.720256	
505	0.709120	0.708287	0.721841	0.728707	0.723389	0.726126	0.743922	0.731557	0.715808	0.721356	
510	0.711338	0.707279	0.722564	0.726077	0.721022	0.721922	0.745280	0.729766	0.715846	0.720772	
515	0.710344	0.701579	0.720976	0.729398	0.720310	0.717335	0.742674	0.732050	0.717596	0.723222	
520	0.710277	0.704841	0.714552	0.726276	0.720354	0.721370	0.738276	0.734605	0.717321	0.722271	
525	0.710257	0.705733	0.712793	0.727971	0.721048	0.721265	0.735749	0.736167	0.716347	0.720036	
530	0.712863	0.704358	0.711890	0.726841	0.722770	0.719679	0.733404	0.735706	0.716862	0.720146	
535	0.714193	0.703721	0.709085	0.723949	0.723162	0.716658	0.732399	0.735103	0.717208	0.719302	
540	0.714847	0.702360	0.705643	0.720230	0.722169	0.709820	0.733371	0.728924	0.719152	0.719171	
545	0.711876	0.698868	0.704014	0.721458	0.722415	0.705672	0.730453	0.731492	0.720390	0.715374	
550	0.709838	0.699400	0.704300	0.719466	0.724282	0.702056	0.731772	0.728389	0.715929	0.714703	
555	0.704642	0.696389	0.702692	0.719658	0.716588	0.704820	0.728528	0.728507	0.717624	0.712609	
560	0.703332	0.696711	0.701396	0.714892	0.715844	0.702222	0.727550	0.730886	0.715621	0.711514	
565	0.698707	0.695894	0.702775	0.717858	0.713417	0.702602	0.725608	0.730967	0.712933	0.713209	
570	0.700817	0.693354	0.704414	0.716958	0.718309	0.702251	0.720211	0.734169	0.712720	0.716527	
575	0.701077	0.695389	0.704192	0.717696	0.715257	0.700039	0.723596	0.730534	0.713432	0.717015	
580	0.701587	0.694188	0.703999	0.716358	0.710969	0.697644	0.722205	0.726960	0.711126	0.720023	
585	0.701819	0.696158	0.698756	0.715972	0.712080	0.698658	0.721637	0.722681	0.707645	0.718668	
590	0.704144	0.693631	0.698164	0.715161	0.711144	0.697768	0.718348	0.723025	0.707060	0.717154	
595	0.702234	0.693687	0.699222	0.717081	0.701842	0.697497	0.718290	0.722896	0.706650	0.713774	
600	0.706568	0.694629	0.697677	0.716949	0.701054	0.695912	0.719903	0.721294	0.704347	0.711564	
605	0.707116	0.694385	0.701890	0.716881	0.701761	0.693587	0.724559	0.717632	0.704985	0.712013	
610	0.710787	0.694290	0.700513	0.715273	0.700317	0.689579	0.728469	0.715953	0.702671	0.708016	
615	0.711761	0.695562	0.695958	0.713358	0.700830	0.689338	0.728728	0.715860	0.705304	0.707914	
620	0.709889	0.698285	0.697655	0.714675	0.705622	0.685792	0.728874	0.715891	0.710121	0.709335	
625	0.713325	0.699081	0.695266	0.711971	0.706305	0.682952	0.726355	0.717954	0.705622	0.707230	
630	0.712829	0.697758	0.699440	0.713393	0.708274	0.684680	0.722785	0.716218	0.709731	0.707933	
635	0.716256	0.692811	0.700660	0.712866	0.710680	0.679688	0.718908	0.714011	0.713433	0.706644	
640	0.713919	0.692704	0.701229	0.710067	0.707785	0.674529	0.716179	0.714477	0.712911	0.709054	
645	0.713091	0.690158	0.703288	0.712861	0.708754	0.671184	0.718594	0.711742	0.713747	0.706756	
650	0.712768	0.690538	0.698356	0.710202	0.706926	0.666164	0.715786	0.707196	0.710305	0.709885	
655	0.710382	0.689400	0.698928	0.709341	0.702025	0.664147	0.720701	0.703622	0.710757	0.707101	
660	0.710035	0.687603	0.696032	0.710497	0.700963	0.671072	0.720281	0.705213	0.707958	0.705820	
665	0.709456	0.689833	0.703027	0.707470	0.700752	0.671408	0.716637	0.704693	0.706674	0.709763	
670	0.709744	0.690798	0.698116	0.708928	0.698976	0.672732	0.714897	0.704839	0.712415	0.706777	
675	0.707659	0.692188	0.694763	0.707881	0.693926	0.676125	0.713531	0.704424	0.712139	0.702226	
680	0.707560	0.692802	0.696106	0.706868	0.692544	0.678707	0.708433	0.701480	0.708765	0.702329	
685	0.704852	0.693075	0.695035	0.708115	0.690910	0.678818	0.708337	0.699542	0.709615	0.700601	
690	0.704495	0.692697	0.699528	0.709054	0.692511	0.676693	0.705678	0.701212	0.711994	0.700436	
695	0.700583	0.689783	0.700384	0.709088	0.691060	0.682151	0.706988	0.703796	0.704861	0.702086	
700	0.697708	0.691347	0.704581	0.711229	0.687373	0.675324	0.707669	0.702199	0.709195	0.700808	
705	0.698457	0.689572	0.707263	0.715347	0.691092	0.671604	0.709794	0.702863	0.708791	0.703606	
710	0.696878	0.688816	0.709101	0.712623	0.692525	0.667741	0.709810	0.704018	0.710583	0.701473	
715	0.693637	0.687516	0.707134	0.709720	0.687786	0.665070	0.707867	0.702956	0.711912	0.702527	
720	0.696987	0.681394	0.704050	0.709705	0.685849	0.667849	0.703798	0.701134	0.714330	0.694366	
725	0.702025	0.688187	0.707838	0.710302	0.685274	0.662960	0.704800	0.703526	0.716108	0.693961	
730	0.704233	0.684793	0.703641	0.708126	0.686713	0.664127	0.704823	0.701786	0.719159	0.692202	
735	0.703437	0.691557	0.705194	0.708201	0.688221	0.665000	0.698924	0.697593	0.717407	0.692707	
740	0.703521	0.688969	0.704763	0.708664	0.688049	0.665847	0.697345	0.695348	0.715885	0.694582	
745	0.701649	0.692154	0.705088	0.712964	0.688219	0.666905	0.696060	0.693761	0.712687	0.696527	
750	0.698975	0.695213	0.704686	0.716151	0.685588	0.666748	0.694542	0.690857	0.712783	0.695301	
755	0.699503	0.701361	0.704725	0.715846	0.685755	0.669133	0.693334	0.691373	0.709159	0.694679	
760	0.701032	0.699843	0.703478	0.707554	0.684327	0.664710	0.695569	0.689191	0.705523	0.692704	
765	0.703827	0.699713	0.702026	0.706646	0.684495	0.664266	0.695428	0.691075	0.703368	0.689973	
770	0.706327	0.700248	0.700392	0.704514	0.685023	0.663547	0.696574	0.689846	0.704155	0.687138	
775	0.702283	0.696687	0.701408	0.701467	0.684016	0.662949	0.696122	0.687158	0.701662	0.687580	
780	0.704859	0.694213	0.699108	0.704965	0.684142	0.665767	0.692420	0.682737	0.696388	0.686928	
785	0.700448	0.692987	0.696365	0.704904	0.680069	0.666668	0.689878	0.683791	0.693749	0.685968	
790	0.699452	0.689466	0.693443	0.705971	0.680461	0.663841	0.690133	0.683904	0.690627	0.686603	
795	0.701704	0.689636	0.694540	0.703354	0.678862	0.664653	0.687236	0.682581	0.694135	0.686194	
800	0.705455	0.691366	0.691450	0.708352	0.681300	0.663983	0.686371	0.683509	0.692518	0.684485	
805	0.706788	0.688519	0.694307	0.712013	0.679702	0.665102	0.683229	0.679494	0.692124	0.682759	
810	0.708700	0.691879	0.696212	0.711928	0.682036	0.655352	0.686010	0.680323	0.691333	0.682193	
815	0.712206	0.691934	0.694902	0.712972	0.678465	0.657794	0.687597	0.678408	0.690762	0.684837	
820	0.711206	0.692140	0.694474	0.712381	0.678136	0.658168	0.689455	0.683120	0.689148	0.683897	
825	0.707207	0.688131	0.696670	0.710031	0.676847	0.659081	0.687840	0.684882	0.690512	0.680686	
830	0.707633	0.688481	0.694940	0.710526	0.675148	0.663771	0.686764	0.683776	0.691618	0.681341	
835	0.707500	0.680812	0.700252	0.705289	0.673289	0.661316	0.686123	0.683081	0.689121	0.678106	
840	0.703309	0.686808	0.705254	0.702015	0.677048	0.664364	0.687573	0.684377	0.691110	0.678388	
845	0.705549	0.691350	0.706641	0.702259	0.678298	0.667619	0.687931	0.683237	0.689624	0.679732	
850	0.702785	0.683737	0.705938	0.699301	0.680871	0.662935	0.685333	0.685537	0.688300	0.678901	
855	0.701618	0.680992	0.709957	0.700865	0.677715	0.662299	0.685385	0.686089	0.685048	0.681289	
860	0.703968	0.683533	0.714600	0.701225	0.679734	0.662674	0.687050	0.687451	0.682189	0.679929	
865	0.699651	0.683374	0.720388	0.698517	0.677716	0.659663	0.689942	0.686782	0.683570	0.679915	
870	0.700868	0.681729	0.721128	0.699337	0.677467	0.659138	0.687468	0.686774	0.680813	0.681513	
875	0.699519	0.682264	0.721786	0.696265	0.679213	0.653600	0.688502	0.681449	0.683041	0.682858	
880	0.698314	0.685699	0.721299	0.694973	0.679538	0.655187	0.696288	0.683640	0.684486	0.689348	
885	0.697345	0.686700	0.720022	0.697853	0.682644	0.658267	0.693818	0.684772	0.686804	0.690573	
890	0.696631	0.687651	0.719745	0.694366	0.683874	0.664904	0.691921	0.685157	0.688667	0.689089	
895	0.698594	0.690057	0.716548	0.693448	0.683355	0.665951	0.688967	0.687356	0.689724	0.687052	
900	0.695997	0.685688	0.714822	0.690434	0.685893	0.668080	0.688236	0.690194	0.691363	0.684104	
905	0.695595	0.685942	0.712348	0.689318	0.683199	0.669914	0.690911	0.690477	0.692125	0.683707	
910	0.696077	0.688338	0.707445	0.694596	0.681485	0.667026	0.684885	0.689007	0.689796	0.683313	
915	0.695350	0.690176	0.701698	0.696275	0.681217	0.661719	0.683143	0.688109	0.688045	0.681223	
920	0.690359	0.686786	0.704712	0.697703	0.681347	0.657233	0.681544	0.685117	0.685922	0.681698	
925	0.690091	0.683673	0.704808	0.696791	0.681710	0.657291	0.678509	0.686559	0.685796	0.683705	
930	0.691731	0.684453	0.704916	0.695717	0.678485	0.662900	0.679614	0.687425	0.687961	0.682375	
935	0.686626	0.687181	0.707190	0.694367	0.676873	0.662392	0.675192	0.684754	0.686032	0.682300	
940	0.690760	0.684571	0.708165	0.698094	0.676724	0.663576	0.678877	0.684613	0.681506	0.683076	
945	0.693406	0.683483	0.709968	0.699065	0.677016	0.660223	0.677681	0.682464	0.684954	0.678462	
950	0.697435	0.679029	0.710398	0.703956	0.677070	0.658511	0.680594	0.682567	0.680951	0.682580	
955	0.696780	0.679164	0.716719	0.704731	0.678172	0.661672	0.673530	0.683004	0.680062	0.678324	
960	0.697295	0.678489	0.718742	0.700612	0.676703	0.663776	0.670589	0.685767	0.680201	0.683362	
965	0.696642	0.674786	0.719113	0.700383	0.676593	0.663649	0.675665	0.682913	0.680140	0.683211	
970	0.694731	0.672318	0.720949	0.699670	0.676512	0.663800	0.673024	0.683666	0.679701	0.681575	
975	0.691039	0.675255	0.717571	0.698392	0.672312	0.659273	0.680414	0.681818	0.677083	0.681527	
980	0.696864	0.674579	0.715477	0.697915	0.671794	0.662304	0.681620	0.681688	0.680108	0.682455	
985	0.695229	0.674184	0.712577	0.700186	0.673401	0.663930	0.684370	0.681840	0.682973	0.680719	
990	0.695968	0.674093	0.714288	0.696436	0.677966	0.665308	0.684810	0.680102	0.684599	0.682265	
995	0.697308	0.675633	0.715507	0.698410	0.677300	0.665874	0.687745	0.684284	0.683579	0.682756	
1000	0.701496	0.675019	0.716166	0.700931	0.677822	0.665793	0.687465	0.681987	0.681751	0.684969	
1005	0.698710	0.675499	0.714656	0.703239	0.676241	0.668495	0.683483	0.683134	0.678734	0.682374	
1010	0.705849	0.677474	0.716923	0.706315	0.674136	0.672810	0.684489	0.680416	0.677727	0.682646	
1015	0.705469	0.675703	0.717101	0.702806	0.674787	0.673272	0.684624	0.682499	0.678119	0.684057	
1020	0.706294	0.673389	0.711789	0.707130	0.673949	0.670625	0.685137	0.683071	0.676350	0.687431	
1025	0.710650	0.672197	0.714273	0.707501	0.672055	0.672542	0.688636	0.683424	0.675224	0.686795	
1030	0.710974	0.673889	0.713252	0.707122	0.673072	0.679647	0.687092	0.681418	0.672173	0.681676	
1035	0.710881	0.671121	0.712638	0.702829	0.675522	0.681779	0.687674	0.675792	0.671340	0.682842	
1040	0.710404	0.669434	0.711716	0.700085	0.672792	0.681919	0.687513	0.670642	0.673423	0.682086	
1045	0.709101	0.667402	0.708702	0.697769	0.671029	0.681530	0.684874	0.669177	0.671127	0.683689	
1050	0.707200	0.668020	0.705927	0.697386	0.674885	0.679974	0.684463	0.670799	0.670591	0.682624	
1055	0.710439	0.671890	0.710952	0.697361	0.674423	0.685852	0.684255	0.674320	0.675902	0.681779	
1060	0.705985	0.668948	0.710874	0.702398	0.676190	0.687792	0.684447	0.671033	0.678309	0.684356	
1065	0.704040	0.669583	0.712379	0.703650	0.678944	0.687364	0.679458	0.672606	0.678341	0.686379	
1070	0.703342	0.668298	0.710001	0.705111	0.678975	0.689903	0.681576	0.669259	0.676411	0.685421	
1075	0.701156	0.669289	0.707591	0.705764	0.680213	0.688892	0.680724	0.669708	0.673197	0.685208	
1080	0.700236	0.671718	0.706976	0.706428	0.676770	0.688133	0.677730	0.672458	0.675148	0.682415	
1085	0.700282	0.670319	0.707109	0.703388	0.673837	0.687882	0.675428	0.670973	0.674483	0.678289	
1090	0.703219	0.672941	0.712540	0.698752	0.671543	0.685107	0.679399	0.672845	0.675189	0.676881	
1095	0.705384	0.668328	0.718409	0.696679	0.671919	0.683570	0.676770	0.672923	0.673822	0.673394	
1100	0.703228	0.672561	0.717604	0.701738	0.671130	0.682778	0.674840	0.675755	0.679173	0.669833	
1105	0.703138	0.672209	0.713575	0.702997	0.675166	0.677213	0.674448	0.674503	0.680683	0.671989	
1110	0.702587	0.675654	0.708241	0.705767	0.672940	0.677440	0.676294	0.676714	0.680683	0.667544	
1115	0.703183	0.679057	0.706126	0.703494	0.670862	0.674584	0.672596	0.676969	0.680508	0.669701	
1120	0.704658	0.676268	0.707283	0.703686	0.669886	0.672323	0.674768	0.677541	0.680889	0.674057	
1125	0.705178	0.675500	0.705804	0.703239	0.670050	0.671410	0.672419	0.677898	0.681378	0.676967	
1130	0.701069	0.680978	0.708306	0.701411	0.670292	0.671789	0.671885	0.681179	0.680815	0.680545	
1135	0.701683	0.677714	0.708825	0.697632	0.668821	0.668456	0.670069	0.685381	0.676924	0.680079	
1140	0.705597	0.677559	0.701902	0.699451	0.674406	0.665213	0.670144	0.684704	0.678502	0.678314	
1145	0.706754	0.674829	0.699584	0.699742	0.672133	0.666039	0.665413	0.683908	0.678464	0.679306	
1150	0.705127	0.672237	0.696185	0.702115	0.672849	0.664306	0.668956	0.681777	0.676677	0.683324	
1155	0.706601	0.669074	0.698154	0.701694	0.668906	0.666431	0.667831	0.680639	0.678189	0.683183	
1160	0.708676	0.671636	0.697185	0.706681	0.670720	0.665732	0.667755	0.677895	0.684272	0.687260	
1165	0.705639	0.670057	0.699125	0.706400	0.670427	0.663530	0.667328	0.677420	0.686337	0.687007	
1170	0.709942	0.668498	0.697932	0.704956	0.671344	0.667653	0.667095	0.677936	0.686665	0.688400	
1175	0.705903	0.665412	0.701807	0.705605	0.671164	0.666845	0.667770	0.677263	0.688203	0.687123	
1180	0.707443	0.663371	0.697889	0.701537	0.671762	0.665580	0.666012	0.682637	0.687120	0.686035	
1185	0.706839	0.661368	0.696786	0.696735	0.674090	0.666589	0.666048	0.686557	0.690357	0.685860	
1190	0.706598	0.662973	0.700352	0.694071	0.670174	0.667082	0.665466	0.687738	0.690367	0.684483	
1195	0.706930	0.666521	0.696330	0.696331	0.669924	0.670460	0.665525	0.689863	0.689293	0.682596	
1200	0.701981	0.664617	0.696842	0.704956	0.670769	0.670990	0.662572	0.687690	0.690359	0.682370	
1205	0.700236	0.663138	0.696237	0.703559	0.672612	0.670048	0.664883	0.685499	0.690490	0.683164	
1210	0.696845	0.668786	0.692553	0.699561	0.675631	0.674331	0.663762	0.687613	0.689002	0.678085	
1215	0.701153	0.668560	0.690649	0.700122	0.675277	0.671680	0.662592	0.685838	0.686640	0.674553	
1220	0.700390	0.661809	0.691870	0.699748	0.674660	0.674252	0.665791	0.683851	0.686215	0.670161	
1225	0.702561	0.658817	0.692037	0.703201	0.672746	0.674488	0.663952	0.681863	0.687635	0.668335	
1230	0.702947	0.661677	0.692960	0.703892	0.673383	0.674101	0.666129	0.681581	0.686883	0.668526	
1235	0.701221	0.665863	0.690510	0.705304	0.671503	0.675139	0.663817	0.682009	0.687278	0.668088	
1240	0.699175	0.668292	0.687757	0.703961	0.671447	0.673158	0.667770	0.682561	0.686633	0.667184	
1245	0.699601	0.672742	0.689321	0.703851	0.668378	0.670482	0.668213	0.683107	0.687675	0.667697	
1250	0.699759	0.671877	0.689235	0.703148	0.666836	0.673357	0.670363	0.682964	0.689214	0.661926	
1255	0.694751	0.669679	0.692733	0.701847	0.667417	0.672228	0.671136	0.685402	0.688063	0.658990	
1260	0.692464	0.667678	0.694854	0.703228	0.667632	0.674858	0.671354	0.690520	0.685007	0.659602	
1265	0.689803	0.667705	0.696011	0.701498	0.670102	0.673087	0.671150	0.690939	0.685082	0.657062	
1270	0.694455	0.665412	0.692562	0.701359	0.672645	0.678425	0.671061	0.692145	0.685101	0.659258	
1275	0.696414	0.667085	0.694121	0.703155	0.671308	0.679356	0.668877	0.691303	0.685591	0.664105	
1280	0.693001	0.667100	0.693616	0.705815	0.671666	0.678133	0.666823	0.694636	0.689911	0.658776	
1285	0.689466	0.673509	0.693638	0.707677	0.670233	0.676201	0.668722	0.693940	0.690121	0.659413	
1290	0.691701	0.672125	0.688920	0.706836	0.670931	0.678599	0.671345	0.693545	0.687119	0.658990	
1295	0.691641	0.669668	0.691692	0.706538	0.673758	0.680431	0.672964	0.688914	0.695338	0.662852	
1300	0.691197	0.667015	0.691254	0.708767	0.673938	0.680008	0.671073	0.686819	0.692314	0.664020	
1305	0.692624	0.669502	0.690451	0.706242	0.673666	0.680152	0.668777	0.689686	0.693143	0.660871	
1310	0.689090	0.672382	0.691326	0.705764	0.671266	0.681861	0.671289	0.687207	0.689411	0.661138	
1315	0.689380	0.671187	0.690015	0.702329	0.674925	0.678939	0.673732	0.683977	0.687985	0.661166	
1320	0.689670	0.672687	0.687069	0.703337	0.673608	0.678624	0.669447	0.683275	0.687043	0.663011	
1325	0.688000	0.676557	0.689687	0.702953	0.675425	0.680188	0.670860	0.683237	0.689203	0.664890	
1330	0.688294	0.676921	0.688614	0.705549	0.674864	0.679974	0.666538	0.682792	0.689369	0.665302	
1335	0.689593	0.676401	0.687763	0.710492	0.678408	0.677219	0.665553	0.681647	0.692264	0.662650	
1340	0.691340	0.680051	0.691998	0.706234	0.679861	0.680258	0.665882	0.683027	0.692260	0.662645	
1345	0.688402	0.680381	0.693824	0.704171	0.678588	0.685782	0.666111	0.679813	0.692219	0.662874	
1350	0.684728	0.678742	0.695186	0.705599	0.678305	0.688774	0.666325	0.677778	0.692399	0.662391	
1355	0.688605	0.683433	0.687583	0.705616	0.682444	0.687895	0.665776	0.678820	0.689156	0.663045	
1360	0.688110	0.680296	0.691561	0.706196	0.677957	0.688453	0.665979	0.680486	0.690318	0.666256	
1365	0.684742	0.679258	0.686211	0.706786	0.677387	0.687603	0.665724	0.681232	0.689968	0.667395	
1370	0.685057	0.677793	0.688769	0.701913	0.674892	0.685784	0.666894	0.685385	0.688000	0.667731	
1375	0.688454	0.680562	0.687051	0.701655	0.674406	0.683906	0.667760	0.689032	0.685850	0.666031	
1380	0.688047	0.685490	0.686588	0.704225	0.673866	0.683274	0.666691	0.686214	0.681646	0.666698	
1385	0.687585	0.682752	0.688473	0.702847	0.675959	0.682157	0.664186	0.685116	0.684006	0.662632	
1390	0.685573	0.677580	0.689331	0.702093	0.679894	0.679537	0.662737	0.685727	0.685128	0.662261	
1395	0.685250	0.675667	0.688590	0.703258	0.680364	0.684103	0.663997	0.682416	0.687464	0.663606	
1400	0.685236	0.675013	0.689130	0.703445	0.685624	0.682711	0.662086	0.682381	0.685353	0.664104	
1405	0.682615	0.675284	0.687152	0.704489	0.681326	0.681844	0.657204	0.682142	0.688150	0.664630	
1410	0.684622	0.672950	0.685696	0.704624	0.684312	0.682585	0.655693	0.684739	0.690381	0.667360	
1415	0.681777	0.671556	0.685222	0.701625	0.686067	0.680594	0.652910	0.683276	0.690032	0.666489	
1420	0.682043	0.671102	0.686031	0.701571	0.684993	0.685972	0.657084	0.681875	0.688785	0.666401	
1425	0.681287	0.675844	0.681507	0.702649	0.685053	0.685428	0.656737	0.675743	0.693494	0.667228	
1430	0.680312	0.669810	0.678811	0.695904	0.684093	0.678999	0.655475	0.676243	0.689956	0.667770	
1435	0.681545	0.670036	0.682095	0.692078	0.686207	0.679934	0.653722	0.679420	0.692483	0.667675	
1440	0.685039	0.670066	0.680741	0.692044	0.689704	0.679795	0.650672	0.680180	0.699849	0.665623	
1445	0.686858	0.672133	0.681938	0.694962	0.689974	0.681385	0.650358	0.677586	0.696639	0.662782	
1450	0.684316	0.673971	0.685567	0.692294	0.690457	0.683355	0.651292	0.677167	0.700300	0.660433	
1455	0.688192	0.673983	0.685108	0.693137	0.691621	0.683935	0.648817	0.678806	0.700050	0.661890	
1460	0.688986	0.674428	0.682418	0.691965	0.689626	0.686056	0.649178	0.678878	0.696459	0.663115	
1465	0.685067	0.674140	0.681963	0.693545	0.692348	0.686575	0.654334	0.675965	0.693122	0.661353	
1470	0.683251	0.673044	0.681269	0.694831	0.692262	0.684739	0.656158	0.672661	0.694604	0.662725	
1475	0.683042	0.673924	0.679426	0.695343	0.693354	0.680640	0.658351	0.673418	0.692843	0.658599	
1480	0.682432	0.672984	0.680002	0.692377	0.692160	0.680310	0.656993	0.675223	0.691303	0.657332	
1485	0.686657	0.672044	0.681396	0.694099	0.686512	0.680470	0.657170	0.677009	0.690873	0.658373	
1490	0.680901	0.673158	0.677403	0.690950	0.688330	0.682359	0.657705	0.675267	0.688090	0.655135	
1495	0.679195	0.673909	0.678648	0.691029	0.686636	0.680894	0.658708	0.674750	0.688836	0.656860	
1500	0.677524	0.675044	0.681898	0.692586	0.689308	0.680561	0.658216	0.676947	0.683255	0.655710	
1505	0.676149	0.676847	0.682428	0.687782	0.686559	0.683923	0.660708	0.675355	0.683313	0.654821	
1510	0.676171	0.678188	0.684771	0.684488	0.685128	0.685114	0.657851	0.674294	0.685438	0.656152	
1515	0.672843	0.677643	0.684744	0.686741	0.683750	0.687429	0.658982	0.671470	0.681916	0.658712	
1520	0.675455	0.680797	0.686255	0.688062	0.681099	0.683223	0.661602	0.671787	0.682533	0.658391	
1525	0.677720	0.682556	0.687476	0.685373	0.683295	0.680474	0.664024	0.668603	0.684167	0.656799	
1530	0.679548	0.686895	0.690361	0.679443	0.687380	0.680493	0.663070	0.668102	0.681767	0.654922	
1535	0.675411	0.684980	0.689191	0.674763	0.687652	0.678947	0.663215	0.669256	0.672573	0.656043	
1540	0.673183	0.686747	0.691618	0.674284	0.691267	0.674015	0.662956	0.668133	0.671448	0.659036	
1545	0.679197	0.686558	0.690226	0.671027	0.690263	0.674908	0.660986	0.669694	0.671128	0.658333	
1550	0.678214	0.690745	0.689662	0.672009	0.689662	0.674535	0.660900	0.670703	0.669466	0.661360	
1555	0.674800	0.689959	0.688735	0.672397	0.687359	0.674062	0.661010	0.669157	0.673566	0.660994	
1560	0.677210	0.691491	0.688072	0.672065	0.687171	0.671122	0.661476	0.672302	0.674857	0.660767	
1565	0.676339	0.690393	0.687800	0.670409	0.689030	0.668355	0.663782	0.673477	0.674952	0.662111	
1570	0.676449	0.692452	0.685172	0.673083	0.686976	0.670220	0.662783	0.670722	0.673632	0.663028	
1575	0.677707	0.690730	0.682257	0.677106	0.690867	0.669412	0.658582	0.669537	0.677111	0.664111	
1580	0.677912	0.690016	0.683717	0.677788	0.692405	0.666236	0.657395	0.669469	0.675892	0.663655	
1585	0.675888	0.689723	0.681375	0.675561	0.691632	0.666795	0.656109	0.670317	0.671897	0.662007	
1590	0.674145	0.689153	0.678840	0.673857	0.687870	0.663967	0.654915	0.666734	0.673183	0.664200	
1595	0.675102	0.690455	0.679795	0.676417	0.689176	0.664792	0.654333	0.665724	0.676316	0.663060	
1600	0.676594	0.686264	0.677217	0.675072	0.689913	0.663978	0.654890	0.669657	0.676233	0.661801	
1605	0.675476	0.686019	0.674875	0.677489	0.690154	0.666333	0.651766	0.674143	0.679288	0.662345	
1610	0.678050	0.688692	0.665964	0.678452	0.691071	0.665046	0.651161	0.671604	0.680233	0.661187	
1615	0.680491	0.685019	0.663024	0.681148	0.691195	0.665367	0.650714	0.675833	0.683168	0.660602	
1620	0.678551	0.687850	0.660976	0.679130	0.689337	0.664252	0.651944	0.678542	0.682825	0.664157	
1625	0.679422	0.685930	0.663238	0.681320	0.689511	0.661889	0.649901	0.675531	0.682060	0.665152	
1630	0.679539	0.688445	0.664047	0.679931	0.685405	0.661598	0.649358	0.669914	0.685248	0.663744	
1635	0.679685	0.688852	0.665484	0.677440	0.681118	0.661701	0.651458	0.668154	0.682100	0.660512	
1640	0.677950	0.688375	0.662017	0.677626	0.681964	0.660340	0.652840	0.670496	0.684559	0.661619	
1645	0.680620	0.682978	0.658480	0.676145	0.679845	0.663615	0.656613	0.673002	0.685318	0.662503	
1650	0.676160	0.682210	0.662567	0.676537	0.678260	0.664650	0.659026	0.670916	0.687019	0.664543	
1655	0.671615	0.683455	0.659915	0.670198	0.677897	0.661904	0.657613	0.674110	0.686678	0.666179	
1660	0.671609	0.683782	0.664624	0.666701	0.677999	0.662782	0.656880	0.673546	0.687426	0.667206	
1665	0.672061	0.688806	0.660608	0.666940	0.677841	0.663008	0.654705	0.671128	0.691781	0.669588	
1670	0.664112	0.685248	0.658852	0.669324	0.677339	0.667524	0.653428	0.674388	0.691930	0.673908	
1675	0.662415	0.686939	0.660089	0.673759	0.678663	0.668455	0.653218	0.673182	0.692282	0.677775	
1680	0.659260	0.685083	0.661054	0.678930	0.677306	0.667742	0.654346	0.679049	0.686615	0.673784	
1685	0.659616	0.686339	0.660387	0.670899	0.674120	0.665977	0.652040	0.680589	0.690185	0.673258	
1690	0.660550	0.688481	0.658370	0.673271	0.673714	0.665023	0.655305	0.675763	0.690626	0.674382	
1695	0.663303	0.692200	0.657460	0.677590	0.675467	0.666188	0.662012	0.674231	0.691226	0.674696	
1700	0.667232	0.690956	0.655693	0.682575	0.676869	0.668798	0.664095	0.672093	0.691660	0.674331	
1705	0.669321	0.688345	0.658082	0.682785	0.674689	0.670310	0.664906	0.671061	0.691914	0.672931	
1710	0.669789	0.691425	0.658635	0.682472	0.675446	0.671128	0.665918	0.666408	0.687622	0.672269	
1715	0.665423	0.693932	0.658245	0.682536	0.675438	0.670024	0.662658	0.663711	0.689431	0.675576	
1720	0.665418	0.696523	0.661205	0.682064	0.677393	0.669585	0.661600	0.662359	0.688111	0.673019	
1725	0.664159	0.700810	0.658096	0.679354	0.677908	0.667377	0.664282	0.657685	0.685968	0.670807	
1730	0.665623	0.697467	0.657071	0.683642	0.676138	0.669370	0.666295	0.659400	0.686143	0.674117	
1735	0.667676	0.698086	0.653159	0.683445	0.674597	0.668923	0.667312	0.660218	0.682680	0.669771	
1740	0.668949	0.698264	0.654734	0.688216	0.677818	0.666943	0.669306	0.660134	0.683025	0.667393	
1745	0.668337	0.695379	0.656609	0.688234	0.679678	0.668097	0.671957	0.663285	0.681981	0.664813	
1750	0.668069	0.694766	0.658765	0.690777	0.679084	0.669920	0.672006	0.660373	0.680305	0.665036	
1755	0.667928	0.698418	0.657799	0.696194	0.676786	0.667441	0.672966	0.658029	0.682256	0.665595	
1760	0.666753	0.698711	0.653902	0.695494	0.671492	0.665987	0.677529	0.661400	0.680087	0.668748	
1765	0.665384	0.698544	0.653701	0.694857	0.677888	0.668905	0.674261	0.660688	0.680128	0.664407	
1770	0.664075	0.697904	0.654312	0.696217	0.677822	0.668553	0.672472	0.657281	0.676800	0.658845	
1775	0.665326	0.698920	0.655380	0.690160	0.678424	0.670498	0.669239	0.661163	0.678360	0.658761	
1780	0.661355	0.692862	0.655196	0.685203	0.680826	0.666961	0.667751	0.664804	0.674870	0.656524	
1785	0.662655	0.691168	0.655120	0.685371	0.682336	0.665646	0.670460	0.665720	0.677578	0.657726	
1790	0.662495	0.692648	0.650243	0.685612	0.683917	0.664125	0.672129	0.667840	0.677628	0.657658	
1795	0.664433	0.689779	0.652766	0.683956	0.678310	0.667239	0.675785	0.669826	0.676048	0.660347	
1800	0.667924	0.688238	0.654429	0.683079	0.678501	0.669152	0.674412	0.667972	0.676222	0.663141	
1805	0.666371	0.688056	0.655810	0.683344	0.677808	0.669858	0.672724	0.664891	0.678607	0.663173	
1810	0.662151	0.687922	0.654051	0.681928	0.680222	0.668414	0.672446	0.663594	0.683233	0.662379	
1815	0.661556	0.685592	0.653995	0.683436	0.683514	0.672266	0.673337	0.665508	0.680721	0.662598	
1820	0.662293	0.684103	0.651982	0.680644	0.683675	0.672572	0.675295	0.664294	0.678378	0.665801	
1825	0.660109	0.679989	0.653275	0.681443	0.679089	0.670456	0.673193	0.662245	0.683044	0.666794	
1830	0.660952	0.676374	0.650337	0.678388	0.683315	0.672631	0.670543	0.659288	0.685135	0.668682	
1835	0.657541	0.678994	0.652530	0.672262	0.681558	0.670808	0.672463	0.663950	0.688479	0.670477	
1840	0.656666	0.678599	0.655577	0.674190	0.676882	0.670831	0.671518	0.668791	0.685888	0.673389	
1845	0.656532	0.679125	0.652647	0.673602	0.675046	0.673530	0.668544	0.667597	0.687212	0.670263	
1850	0.655481	0.679328	0.652099	0.674861	0.674351	0.674615	0.665348	0.669079	0.685974	0.668953	
1855	0.652421	0.677592	0.654927	0.674393	0.676892	0.673262	0.661139	0.669394	0.685889	0.669896	
1860	0.652183	0.676859	0.657780	0.673387	0.676055	0.678363	0.661680	0.668397	0.681821	0.670673	
1865	0.650567	0.677658	0.662658	0.673318	0.673562	0.675007	0.657584	0.666649	0.683958	0.671903	
1870	0.651202	0.680110	0.663314	0.674477	0.677356	0.675884	0.656498	0.668902	0.679233	0.672739	
1875	0.653662	0.679365	0.664046	0.677483	0.674945	0.677529	0.656020	0.668599	0.680571	0.669145	
1880	0.651980	0.678605	0.667422	0.675995	0.676755	0.682492	0.654825	0.667658	0.682523	0.668652	
1885	0.646156	0.676619	0.666693	0.671666	0.674142	0.685490	0.650088	0.671553	0.678797	0.671790	
1890	0.646528	0.678156	0.663496	0.670354	0.676892	0.683207	0.648882	0.674533	0.682599	0.669766	
1895	0.647243	0.677736	0.667948	0.672096	0.672154	0.680581	0.647165	0.678923	0.678869	0.666902	
1900	0.648132	0.676270	0.668419	0.670479	0.675362	0.680245	0.649595	0.677951	0.674752	0.672796	
1905	0.645952	0.675162	0.668771	0.672065	0.682530	0.675373	0.649800	0.677708	0.673244	0.672329	
1910	0.649368	0.673319	0.669363	0.673574	0.681538	0.679726	0.648952	0.681402	0.674382	0.672471	
1915	0.648308	0.676147	0.669946	0.671765	0.686697	0.679113	0.651866	0.676220	0.675624	0.671576	
1920	0.650716	0.676215	0.668167	0.673585	0.689594	0.683411	0.653420	0.675792	0.672540	0.670649	
1925	0.648456	0.676645	0.667027	0.671912	0.691458	0.682639	0.654725	0.674969	0.667349	0.668581	
1930	0.651734	0.674292	0.666112	0.672935	0.693664	0.680946	0.656368	0.675585	0.666064	0.670283	
1935	0.649789	0.673023	0.666819	0.673756	0.695103	0.677082	0.656901	0.675069	0.665610	0.667463	
1940	0.647550	0.672414	0.664714	0.671885	0.693211	0.676612	0.655498	0.674169	0.664924	0.669167	
1945	0.646934	0.676487	0.661877	0.672067	0.686858	0.674962	0.654122	0.670562	0.660942	0.665641	
1950	0.645434	0.678241	0.668070	0.670845	0.684916	0.676427	0.653260	0.668592	0.657665	0.663241	
1955	0.649617	0.674800	0.663403	0.674066	0.689643	0.679285	0.653198	0.673724	0.658502	0.663878	
1960	0.652510	0.671243	0.665389	0.676895	0.693513	0.682597	0.656811	0.675549	0.655605	0.665176	
1965	0.653867	0.676121	0.665871	0.675303	0.691669	0.685186	0.653049	0.675178	0.658540	0.661306	
1970	0.653500	0.675769	0.664547	0.675324	0.691856	0.683781	0.650974	0.677103	0.659555	0.663279	
1975	0.656475	0.675784	0.668115	0.673344	0.690149	0.680840	0.650947	0.679761	0.660055	0.665714	
1980	0.656199	0.672623	0.671064	0.676064	0.688536	0.683477	0.651719	0.680769	0.658334	0.665279	
1985	0.651993	0.673269	0.665605	0.677304	0.690943	0.682244	0.650095	0.685192	0.656547	0.668409	
1990	0.653610	0.670693	0.666737	0.681083	0.692271	0.682937	0.650801	0.686444	0.658710	0.664785	
1995	0.657646	0.671993	0.664753	0.678152	0.693331	0.681371	0.650566	0.687946	0.658472	0.672476	
2000	0.664312	0.676099	0.663009	0.678054	0.697593	0.676992	0.650942	0.687061	0.664902	0.675314	
2005	0.661111	0.675856	0.666222	0.676234	0.696362	0.678629	0.649635	0.686398	0.664067	0.678423	
2010	0.659957	0.676568	0.668589	0.683003	0.695379	0.679591	0.648115	0.684708	0.669373	0.676327	
2015	0.661755	0.675251	0.670601	0.683318	0.695212	0.681176	0.649258	0.684733	0.665672	0.673245	
2020	0.662177	0.671903	0.670921	0.682943	0.699411	0.683162	0.645015	0.688271	0.669552	0.673058	
2025	0.658981	0.672032	0.669414	0.684664	0.701179	0.682884	0.650310	0.689968	0.668033	0.673541	
2030	0.657633	0.673284	0.668800	0.684702	0.699649	0.680116	0.647114	0.688132	0.672540	0.675160	
2035	0.656060	0.671171	0.668125	0.681195	0.696479	0.677030	0.646891	0.692500	0.676722	0.679719	
2040	0.651137	0.671877	0.670188	0.679322	0.696502	0.679108	0.646337	0.692006	0.671417	0.681833	
2045	0.654062	0.674951	0.664151	0.679511	0.698846	0.675947	0.645085	0.692960	0.672833	0.683863	
2050	0.653127	0.674669	0.661909	0.675411	0.697515	0.675234	0.640962	0.693886	0.669604	0.684163	
2055	0.653538	0.676434	0.659770	0.675552	0.694728	0.669295	0.644177	0.695636	0.666010	0.681108	
2060	0.656339	0.677156	0.659376	0.671315	0.692922	0.667647	0.646101	0.694721	0.673238	0.685464	
2065	0.656261	0.675307	0.656540	0.671179	0.695691	0.667581	0.649679	0.694670	0.676187	0.680292	
2070	0.654242	0.675255	0.654765	0.669007	0.697918	0.671962	0.650098	0.698500	0.678319	0.679225	
2075	0.654049	0.677521	0.654349	0.671452	0.699916	0.674066	0.649769	0.698952	0.676095	0.678874	
2080	0.653464	0.676299	0.656379	0.673962	0.700385	0.673226	0.647119	0.701918	0.674910	0.678876	
2085	0.655062	0.677521	0.655693	0.669880	0.696476	0.672447	0.643200	0.700473	0.683225	0.680319	
2090	0.654846	0.679662	0.655433	0.668702	0.690804	0.671429	0.645744	0.699904	0.682905	0.682214	
2095	0.653444	0.682456	0.655085	0.670177	0.688650	0.669940	0.646447	0.698503	0.681185	0.680991	
2100	0.657201	0.685620	0.654642	0.673767	0.685863	0.669703	0.649510	0.697366	0.682121	0.677392	
2105	0.660484	0.684444	0.654957	0.676500	0.690238	0.674459	0.648881	0.701297	0.680344	0.675128	
2110	0.658216	0.685510	0.654914	0.676178	0.690645	0.672559	0.646163	0.702858	0.686426	0.676845	
2115	0.656561	0.680996	0.656635	0.677853	0.691080	0.674653	0.644977	0.701908	0.688951	0.678757	
2120	0.657106	0.676826	0.656055	0.677065	0.690999	0.677609	0.640949	0.700772	0.688500	0.676272	
2125	0.659701	0.674064	0.653914	0.674242	0.689881	0.675200	0.642023	0.695356	0.686743	0.681655	
2130	0.663092	0.676898	0.654114	0.676049	0.688045	0.675665	0.637789	0.699402	0.685080	0.682119	
2135	0.662316	0.678443	0.656377	0.677091	0.687567	0.673434	0.637484	0.699380	0.682936	0.680039	
2140	0.662242	0.677586	0.655306	0.676112	0.691801	0.672566	0.639869	0.693067	0.683453	0.678966	
2145	0.660324	0.679148	0.649510	0.677621	0.690849	0.669605	0.638995	0.695936	0.690708	0.681534	
2150	0.662374	0.682258	0.648925	0.680200	0.693355	0.668756	0.639895	0.697115	0.692963	0.680586	
2155	0.664577	0.682108	0.646613	0.684507	0.697434	0.671632	0.638803	0.698729	0.690192	0.679590	
2160	0.667608	0.683583	0.645489	0.683162	0.693751	0.669749	0.635498	0.696850	0.691698	0.676648	
2165	0.664708	0.684221	0.647225	0.684479	0.690875	0.667961	0.637538	0.697272	0.690926	0.679345	
2170	0.666021	0.684519	0.646495	0.687134	0.690464	0.668694	0.642681	0.698973	0.690692	0.680058	
2175	0.666630	0.684589	0.652089	0.686246	0.690571	0.667353	0.640066	0.696933	0.692574	0.677025	
2180	0.667960	0.690620	0.648896	0.685480	0.690329	0.668719	0.640765	0.696285	0.697764	0.677938	
2185	0.666411	0.686729	0.651549	0.682733	0.687603	0.673497	0.642701	0.694900	0.693869	0.676796	
2190	0.666411	0.679983	0.652072	0.681653	0.688115	0.673340	0.645070	0.696400	0.692713	0.674525	
2195	0.667764	0.683810	0.658759	0.687780	0.687797	0.668799	0.643383	0.699186	0.688437	0.676922	
2200	0.668206	0.683953	0.658408	0.690836	0.690551	0.666496	0.642219	0.700357	0.687635	0.674951	
2205	0.672616	0.678422	0.658675	0.691101	0.692441	0.667131	0.643219	0.704028	0.686743	0.676445	
2210	0.671598	0.679970	0.656616	0.686723	0.691889	0.669647	0.643834	0.702830	0.686769	0.676561	
2215	0.670864	0.673973	0.658105	0.684432	0.692703	0.671402	0.644265	0.703005	0.687167	0.676157	
2220	0.670075	0.670192	0.652750	0.679952	0.693041	0.669255	0.646672	0.703377	0.688445	0.678891	
2225	0.669331	0.668855	0.652869	0.679207	0.688941	0.667564	0.647061	0.701232	0.685383	0.677540	
2230	0.668073	0.669645	0.655120	0.681365	0.686428	0.666123	0.646506	0.700102	0.692670	0.676206	
2235	0.670406	0.668331	0.653169	0.679992	0.689940	0.661409	0.650187	0.698835	0.690852	0.675565	
2240	0.672416	0.671039	0.650748	0.680041	0.688953	0.660255	0.648394	0.701237	0.691812	0.676030	
2245	0.672097	0.672139	0.652925	0.680428	0.685524	0.659991	0.650025	0.704894	0.689001	0.680751	
2250	0.673980	0.676266	0.653909	0.682454	0.683291	0.662517	0.647028	0.704278	0.689334	0.682067	
2255	0.672356	0.680497	0.657575	0.683222	0.687206	0.659160	0.650844	0.703716	0.692410	0.681950	
2260	0.672293	0.682768	0.653570	0.684502	0.684687	0.655411	0.652748	0.704203	0.694600	0.679351	
2265	0.670507	0.678718	0.655669	0.686774	0.685793	0.652816	0.652786	0.706567	0.690437	0.675621	
2270	0.670882	0.677934	0.657916	0.689184	0.684564	0.655419	0.652671	0.705714	0.692505	0.675031	
2275	0.672731	0.671000	0.658981	0.689024	0.680227	0.658675	0.654349	0.704106	0.693061	0.673397	
2280	0.671191	0.664868	0.661895	0.688234	0.681880	0.663834	0.654644	0.703967	0.691409	0.671177	
2285	0.669337	0.664104	0.662329	0.688126	0.685083	0.660715	0.652356	0.703506	0.694889	0.668956	
2290	0.670251	0.666371	0.661736	0.687286	0.684057	0.661509	0.653452	0.704058	0.692518	0.671792	
2295	0.670154	0.666784	0.663107	0.688441	0.684978	0.661530	0.653152	0.705440	0.689898	0.672802	
2300	0.670490	0.668338	0.663230	0.688554	0.683382	0.657898	0.656644	0.702128	0.686911	0.673604	
2305	0.669432	0.670527	0.666479	0.683228	0.681274	0.661317	0.654733	0.701652	0.689396	0.673472	
2310	0.668362	0.670755	0.666851	0.684272	0.678829	0.665968	0.657497	0.699064	0.684657	0.674021	
2315	0.670097	0.668305	0.665307	0.684363	0.679788	0.663763	0.656308	0.699009	0.687005	0.671530	
2320	0.671022	0.663220	0.663068	0.689853	0.677496	0.664650	0.653218	0.694388	0.681223	0.669032	
2325	0.670363	0.662939	0.660188	0.686897	0.677258	0.662261	0.654563	0.698775	0.682901	0.667738	
2330	0.673051	0.664658	0.662819	0.688262	0.682099	0.666368	0.651994	0.701455	0.683471	0.669912	
2335	0.676865	0.668317	0.660875	0.686332	0.683425	0.667542	0.652887	0.701189	0.678508	0.665549	
2340	0.669686	0.666621	0.663315	0.684087	0.683065	0.666060	0.655133	0.701655	0.678496	0.668296	
2345	0.672399	0.663992	0.664441	0.681680	0.685974	0.666925	0.653125	0.697594	0.678279	0.668021	
2350	0.672228	0.666752	0.661291	0.685239	0.687823	0.667583	0.657460	0.701221	0.675644	0.668533	
2355	0.667245	0.662828	0.659267	0.683080	0.693619	0.669785	0.652845	0.696737	0.674059	0.667478	
2360	0.668757	0.661391	0.659928	0.684339	0.695108	0.672286	0.654863	0.691675	0.676825	0.670538	
2365	0.669777	0.659041	0.661909	0.682215	0.698730	0.675231	0.657155	0.698313	0.678783	0.670490	
2370	0.670539	0.658760	0.666323	0.675706	0.698501	0.671077	0.657616	0.697527	0.680933	0.671287	
2375	0.670902	0.661815	0.666080	0.675218	0.695118	0.670396	0.659686	0.697848	0.682844	0.671490	
2380	0.670395	0.659373	0.666001	0.672759	0.692264	0.671339	0.658998	0.697199	0.683815	0.672759	
2385	0.672454	0.658283	0.660041	0.669855	0.691811	0.670247	0.660257	0.696902	0.674801	0.672877	
2390	0.671481	0.662272	0.663992	0.671120	0.690528	0.670877	0.659753	0.697002	0.670141	0.672536	
2395	0.676853	0.660057	0.665783	0.670632	0.688239	0.665978	0.662274	0.695024	0.665026	0.672092	
2400	0.674786	0.657577	0.667683	0.675850	0.689375	0.666668	0.661134	0.699055	0.666884	0.668446	
2405	0.675985	0.654381	0.665539	0.675890	0.687050	0.674786	0.664646	0.699283	0.671542	0.663556	
2410	0.678710	0.653416	0.666446	0.673233	0.689418	0.675239	0.666148	0.692598	0.674883	0.663746	
2415	0.678971	0.653433	0.661880	0.674289	0.689659	0.674772	0.668476	0.695427	0.671502	0.663056	
2420	0.682377	0.656195	0.659334	0.676159	0.691267	0.675000	0.669764	0.690367	0.674532	0.663414	
2425	0.686572	0.651558	0.667083	0.677470	0.684448	0.675564	0.673281	0.690842	0.676614	0.658335	
2430	0.686241	0.650372	0.671975	0.677964	0.682551	0.676766	0.674415	0.688328	0.678727	0.661374	
2435	0.687666	0.646678	0.671061	0.677079	0.680563	0.675614	0.671718	0.685896	0.676893	0.662496	
2440	0.687879	0.644990	0.672529	0.675720	0.681264	0.679560	0.676033	0.687809	0.677861	0.662562	
2445	0.686097	0.646036	0.675784	0.673440	0.679671	0.681015	0.673864	0.685165	0.677495	0.658506	
2450	0.686660	0.647271	0.677668	0.674032	0.679904	0.678323	0.672537	0.687353	0.676521	0.656780	
2455	0.687538	0.641897	0.676313	0.675657	0.682155	0.677720	0.669987	0.691507	0.673272	0.662882	
2460	0.688195	0.642244	0.677170	0.677481	0.681212	0.677620	0.669697	0.690743	0.676358	0.665554	
2465	0.690145	0.643959	0.672751	0.675953	0.681700	0.679395	0.665562	0.694911	0.673085	0.668122	
2470	0.694616	0.642521	0.676221	0.673080	0.681942	0.677388	0.664428	0.693670	0.672632	0.667530	
2475	0.697757	0.640599	0.671863	0.676605	0.678867	0.678436	0.660665	0.689970	0.673251	0.668196	
2480	0.697459	0.638004	0.669578	0.674417	0.677263	0.679530	0.659783	0.690412	0.676557	0.667593	
2485	0.699776	0.641244	0.670628	0.674650	0.673009	0.678162	0.658258	0.690805	0.676433	0.669126	
2490	0.701579	0.645968	0.670548	0.675024	0.669825	0.678438	0.662942	0.689378	0.674961	0.667519	
2495	0.704029	0.650474	0.673814	0.678454	0.674128	0.679910	0.660997	0.690740	0.674809	0.667389	
2500	0.707362	0.656749	0.674714	0.680103	0.675155	0.683833	0.661535	0.690218	0.673757	0.668745	
2505	0.706144	0.657094	0.677455	0.679603	0.672644	0.687163	0.659996	0.688017	0.673850	0.671302	
2510	0.708305	0.659289	0.679701	0.679076	0.677678	0.691164	0.655283	0.689320	0.674069	0.671462	
2515	0.708680	0.654222	0.676053	0.678180	0.672131	0.690281	0.652481	0.688782	0.675784	0.671576	
2520	0.706585	0.654924	0.678577	0.681310	0.669418	0.687590	0.657138	0.684463	0.676628	0.671440	
2525	0.706745	0.660414	0.682680	0.681303	0.667376	0.685152	0.657518	0.683021	0.676052	0.674214	
2530	0.709370	0.657458	0.686535	0.686148	0.666587	0.683049	0.659723	0.684191	0.673409	0.676742	
2535	0.707690	0.656988	0.683541	0.685287	0.670222	0.683167	0.660666	0.682224	0.674694	0.674407	
2540	0.704767	0.656267	0.686132	0.687810	0.666065	0.682370	0.661446	0.684116	0.671460	0.671927	
2545	0.706741	0.655420	0.687892	0.688192	0.669190	0.684249	0.663568	0.683659	0.670691	0.672147	
2550	0.706824	0.653481	0.685370	0.689707	0.671261	0.684949	0.662664	0.679184	0.674174	0.670356	
2555	0.706080	0.650883	0.679918	0.691317	0.671927	0.682641	0.660452	0.683688	0.673193	0.670173	
2560	0.705399	0.646008	0.677266	0.690208	0.671137	0.687837	0.659805	0.682597	0.670605	0.671310	
2565	0.704668	0.645072	0.680166	0.686292	0.671290	0.683637	0.656154	0.682321	0.672674	0.670710	
2570	0.708978	0.641568	0.679892	0.682822	0.681188	0.685018	0.655384	0.681038	0.673419	0.666482	
2575	0.705109	0.643794	0.677826	0.679735	0.677417	0.682783	0.656598	0.679849	0.673417	0.667793	
2580	0.710254	0.641993	0.679380	0.676972	0.676234	0.681308	0.658196	0.679141	0.671923	0.670734	
2585	0.705653	0.638977	0.681815	0.676662	0.671793	0.680345	0.660409	0.681572	0.671715	0.666996	
2590	0.703271	0.638758	0.675166	0.675706	0.674774	0.680802	0.662489	0.681497	0.666173	0.668842	
2595	0.701836	0.645682	0.676020	0.671777	0.676978	0.678849	0.662176	0.679152	0.665059	0.661002	
2600	0.703449	0.648385	0.674363	0.672908	0.673926	0.682529	0.662013	0.680902	0.664094	0.662125	
2605	0.702542	0.648382	0.674573	0.669766	0.676521	0.680287	0.663616	0.682069	0.668539	0.665764	
2610	0.698588	0.645446	0.671932	0.672617	0.675221	0.678610	0.664063	0.681066	0.664543	0.667211	
2615	0.699805	0.643313	0.671150	0.672270	0.672564	0.680647	0.664132	0.677900	0.666923	0.665292	
2620	0.699863	0.643501	0.672110	0.670001	0.668423	0.680543	0.661454	0.678951	0.672023	0.664513	
2625	0.699074	0.648012	0.666018	0.668211	0.663810	0.680709	0.663387	0.678808	0.678796	0.663157	
2630	0.701283	0.647838	0.666354	0.664455	0.662008	0.675404	0.665912	0.678744	0.677796	0.657143	
2635	0.699329	0.644533	0.666479	0.661184	0.664239	0.677128	0.665009	0.679232	0.675369	0.656075	
2640	0.698154	0.647722	0.670629	0.659378	0.660498	0.675644	0.664616	0.677603	0.675962	0.654374	
2645	0.695741	0.648363	0.671031	0.658170	0.657978	0.677005	0.660353	0.681854	0.678670	0.656435	
2650	0.696837	0.648236	0.668591	0.655092	0.657337	0.677098	0.662583	0.678441	0.676883	0.661095	
2655	0.697767	0.652897	0.669117	0.656064	0.662627	0.675262	0.661815	0.680609	0.674062	0.661437	
2660	0.699461	0.652658	0.668451	0.653636	0.659613	0.675099	0.665063	0.681325	0.671028	0.662164	
2665	0.696341	0.652342	0.672347	0.651274	0.660079	0.675168	0.662452	0.686591	0.669890	0.662598	
2670	0.692130	0.657267	0.669173	0.651115	0.658196	0.680809	0.664417	0.686977	0.669426	0.662511	
2675	0.694429	0.655548	0.664418	0.651718	0.659122	0.678032	0.664338	0.689904	0.671324	0.662053	
2680	0.694489	0.652987	0.666278	0.652469	0.654445	0.679665	0.664043	0.684291	0.672715	0.662162	
2685	0.692363	0.656437	0.665982	0.656217	0.654314	0.680083	0.665002	0.689026	0.669023	0.661862	
2690	0.693184	0.655637	0.668373	0.651095	0.656388	0.681692	0.667720	0.690724	0.672908	0.664082	
2695	0.696286	0.658197	0.669926	0.653387	0.658574	0.680424	0.669074	0.691966	0.664124	0.664348	
2700	0.697407	0.660719	0.668808	0.655931	0.658239	0.679094	0.670636	0.693114	0.665767	0.662430	
2705	0.695951	0.660955	0.667167	0.656819	0.656967	0.679286	0.670112	0.692358	0.666537	0.662685	
2710	0.694717	0.663454	0.671769	0.655290	0.662334	0.679725	0.669358	0.691528	0.669960	0.663743	
2715	0.699956	0.662318	0.670933	0.656033	0.665154	0.677651	0.668676	0.695224	0.670061	0.663374	
2720	0.697321	0.662661	0.669918	0.655685	0.669300	0.677989	0.667762	0.698498	0.669228	0.665666	
2725	0.691685	0.661112	0.668010	0.658193	0.664933	0.679703	0.670472	0.698052	0.664560	0.669155	
2730	0.691665	0.660104	0.671001	0.661565	0.663154	0.682249	0.668331	0.701190	0.665380	0.671378	
2735	0.690169	0.658391	0.670308	0.663485	0.662381	0.681097	0.670316	0.701431	0.667800	0.668448	
2740	0.691910	0.657163	0.671291	0.662880	0.663940	0.682957	0.672863	0.702346	0.665567	0.663066	
2745	0.692275	0.656925	0.674211	0.659398	0.667895	0.681120	0.672161	0.702944	0.658857	0.663356	
2750	0.694182	0.652222	0.670912	0.658030	0.668094	0.682664	0.673048	0.709321	0.661642	0.663221	
2755	0.692031	0.654626	0.669089	0.659445	0.668993	0.679326	0.672235	0.710890	0.664046	0.661997	
2760	0.691331	0.650928	0.673904	0.658094	0.669886	0.677660	0.669864	0.704162	0.664370	0.657806	
2765	0.692285	0.651577	0.670862	0.662575	0.669829	0.678197	0.671060	0.701651	0.667692	0.660221	
2770	0.689320	0.652513	0.673113	0.664141	0.672368	0.674368	0.669713	0.698199	0.667475	0.658923	
2775	0.687357	0.652403	0.674504	0.661855	0.675866	0.677370	0.666594	0.697596	0.672844	0.662794	
2780	0.684402	0.652491	0.677899	0.664543	0.676135	0.673304	0.667107	0.700914	0.672531	0.663588	
2785	0.681515	0.651556	0.679535	0.661472	0.672277	0.672943	0.663494	0.699627	0.674700	0.665656	
2790	0.683609	0.654809	0.681201	0.661811	0.673099	0.673875	0.662908	0.701941	0.674903	0.666784	
2795	0.679832	0.658544	0.683992	0.660762	0.669891	0.672242	0.667637	0.703969	0.667377	0.666266	
2800	0.678038	0.654991	0.685705	0.659641	0.668367	0.669140	0.667637	0.704219	0.666050	0.667279	
2805	0.676983	0.653181	0.687780	0.660272	0.666172	0.668932	0.668126	0.706742	0.665974	0.665162	
2810	0.676300	0.651085	0.687111	0.658963	0.664548	0.665830	0.668549	0.709095	0.668541	0.660710	
2815	0.676119	0.650912	0.684733	0.658460	0.665542	0.661871	0.670165	0.711206	0.667654	0.660249	
2820	0.680016	0.645371	0.684290	0.657947	0.663341	0.660743	0.669396	0.711728	0.667582	0.664235	
2825	0.683458	0.648619	0.682741	0.658709	0.665298	0.660703	0.667360	0.712681	0.671913	0.664475	
2830	0.686330	0.648724	0.681537	0.660664	0.662889	0.662531	0.668577	0.715847	0.670972	0.663349	
2835	0.680019	0.650955	0.681820	0.655307	0.663541	0.659454	0.668383	0.714389	0.669934	0.665387	
2840	0.681232	0.654132	0.682925	0.656608	0.662062	0.657601	0.668085	0.712331	0.668344	0.664560	
2845	0.677291	0.649641	0.682010	0.650876	0.663174	0.657158	0.668102	0.712333	0.667215	0.667605	
2850	0.673477	0.653816	0.680250	0.647197	0.665889	0.660436	0.667749	0.709565	0.671072	0.669187	
2855	0.672545	0.653754	0.680584	0.650301	0.664176	0.661107	0.664675	0.710774	0.671529	0.667470	
2860	0.674538	0.655529	0.681500	0.651086	0.664401	0.659610	0.665789	0.709648	0.672093	0.667015	
2865	0.675339	0.656116	0.677931	0.650015	0.667240	0.660077	0.666941	0.710328	0.675678	0.665841	
2870	0.676653	0.656152	0.676250	0.649949	0.666259	0.661345	0.665532	0.707452	0.680323	0.663635	
2875	0.676071	0.656632	0.673919	0.657068	0.668600	0.661001	0.667972	0.705963	0.681262	0.665962	
2880	0.673495	0.652494	0.675518	0.656563	0.669129	0.661731	0.667583	0.708881	0.677238	0.668883	
2885	0.673567	0.651589	0.672784	0.656893	0.667903	0.659627	0.670607	0.710251	0.675216	0.673914	
2890	0.672464	0.650883	0.672049	0.658485	0.667871	0.658969	0.669640	0.707782	0.676614	0.667643	
2895	0.675054	0.651365	0.668371	0.658559	0.661924	0.661448	0.669382	0.705154	0.673947	0.669356	
2900	0.675595	0.650970	0.667610	0.654579	0.663341	0.657909	0.670627	0.708907	0.676055	0.668565	
2905	0.672726	0.653507	0.667147	0.656533	0.664422	0.658566	0.674199	0.703452	0.674197	0.671870	
2910	0.668868	0.653760	0.666837	0.656688	0.659988	0.658962	0.676231	0.701417	0.676318	0.671574	
2915	0.671040	0.651128	0.664969	0.658182	0.658612	0.657759	0.676930	0.701857	0.676794	0.669866	
2920	0.665621	0.649170	0.662011	0.661816	0.661036	0.654634	0.677439	0.702590	0.675850	0.671487	
2925	0.663754	0.653986	0.664440	0.662068	0.662703	0.656466	0.681371	0.697278	0.677683	0.672654	
2930	0.663322	0.659583	0.666713	0.662066	0.658288	0.655084	0.680673	0.702436	0.674255	0.670003	
2935	0.665839	0.660161	0.669252	0.660024	0.661959	0.653795	0.678655	0.699596	0.675068	0.672901	
2940	0.667974	0.664437	0.674000	0.656311	0.661942	0.656935	0.679130	0.700312	0.683764	0.674886	
2945	0.670531	0.663706	0.671891	0.653457	0.663533	0.659227	0.676067	0.700239	0.684420	0.674290	
2950	0.673037	0.664719	0.669670	0.653244	0.662325	0.656902	0.675494	0.701058	0.687204	0.668036	
2955	0.668501	0.667867	0.669529	0.653931	0.665684	0.657252	0.678744	0.701052	0.687810	0.668112	
2960	0.665996	0.667487	0.670041	0.655293	0.664268	0.656242	0.678706	0.701900	0.683448	0.665540	
2965	0.665237	0.662726	0.669602	0.658713	0.662387	0.653861	0.680006	0.699255	0.680907	0.665840	
2970	0.665690	0.658974	0.670696	0.657015	0.662598	0.656602	0.678432	0.692242	0.681313	0.672450	
2975	0.667722	0.655718	0.671276	0.662016	0.659292	0.657799	0.676182	0.689438	0.677869	0.670001	
2980	0.667730	0.660276	0.671069	0.658969	0.655087	0.656218	0.677109	0.687927	0.680399	0.674812	
2985	0.671620	0.660899	0.673618	0.657879	0.657645	0.651809	0.677236	0.687186	0.682633	0.676810	
2990	0.673564	0.661017	0.674233	0.658002	0.656395	0.652403	0.677520	0.684873	0.681821	0.675080	
2995	0.672455	0.660635	0.676205	0.657901	0.656252	0.653736	0.679754	0.686417	0.681477	0.677940	
3000	0.672365	0.659779	0.672750	0.660164	0.660631	0.656251	0.680779	0.685887	0.683233	0.679185	
