T	rep_1	rep_2	rep_3	rep_4	rep_5	rep_6	rep_7	rep_8	rep_9	rep_10
5	0.000000	0.000000	0.000000	0.000000	0.000000	0.000000	0.000000	0.000000	0.000000	0.000000	
10	0.000000	0.000000	0.000000	0.000000	0.000000	0.000000	0.000000	0.000000	0.000000	0.000000	
15	0.000000	0.000000	0.000000	0.000000	0.000000	0.000000	0.000000	0.000000	0.000000	0.000000	
20	0.000000	0.000000	0.000000	0.000000	0.000000	0.000000	0.000000	0.000000	0.000000	0.000000	
25	0.000000	0.000000	0.000000	0.000000	0.000000	0.000000	0.000000	0.000000	0.000000	0.000000	
30	0.000000	0.000000	0.000000	0.000000	0.000000	0.000000	0.000000	0.000000	0.000000	0.000000	
35	0.000000	0.000000	0.000000	0.000000	0.000000	0.000000	0.000000	0.000000	0.000000	0.000000	
40	0.000000	0.000000	0.000000	0.000000	0.000000	0.000000	0.000000	0.000000	0.000000	0.000000	
45	0.000000	0.000000	0.000000	0.000000	0.000000	0.000000	0.000000	0.000000	0.000000	0.000000	
50	0.000000	0.000000	0.000000	0.000000	0.000000	0.000000	0.000000	0.000000	0.000000	0.000000	
55	0.000000	0.000000	0.000000	0.000000	0.000000	0.000000	0.000000	0.000000	0.000000	0.000000	
60	0.000000	0.000000	0.000000	0.000000	0.000000	0.000000	0.000000	0.000000	0.000000	0.000000	
65	0.000000	0.000000	0.000000	0.000000	0.000000	0.000000	0.000000	0.000000	0.000000	0.000000	
70	0.000000	0.000000	0.000000	0.000000	0.000000	0.000000	0.000000	0.000000	0.000000	0.000000	
75	0.000000	0.000000	0.000000	0.000000	0.000000	0.000000	0.000000	0.000000	0.000000	0.000000	
80	0.000000	0.000000	0.000000	0.000000	0.000000	0.000000	0.000000	0.000000	0.000000	0.000000	
85	0.000000	0.000000	0.000000	0.000000	0.000000	0.000000	0.000000	0.000000	0.000000	0.000000	
90	0.000000	0.000000	0.000000	0.000000	0.000000	0.000000	0.000000	0.000000	0.000000	0.000000	
95	0.000000	0.000000	0.000000	0.000000	0.000000	0.000000	0.000000	0.000000	0.000000	0.000000	
100	0.000000	0.000000	0.000000	0.000000	0.000000	0.000000	0.000000	0.000000	0.000000	0.000000	
105	0.002339	0.001915	0.001901	0.002391	0.002033	0.001676	0.001745	0.002070	0.001666	0.001608	
110	0.005081	0.006602	0.004970	0.005436	0.004272	0.004667	0.006173	0.005554	0.004072	0.003397	
115	0.008414	0.011301	0.008166	0.010466	0.008706	0.009728	0.012492	0.010029	0.008427	0.008448	
120	0.014242	0.017196	0.014051	0.016587	0.014580	0.015306	0.019780	0.014112	0.014313	0.012815	
125	0.023413	0.026481	0.020088	0.025168	0.021414	0.023411	0.030302	0.021168	0.022031	0.018821	
130	0.035134	0.037500	0.025842	0.033378	0.030598	0.033104	0.041086	0.028427	0.029710	0.028525	
135	0.048341	0.047944	0.031599	0.042970	0.042812	0.045022	0.046687	0.038021	0.035987	0.036989	
140	0.060577	0.062963	0.040646	0.048410	0.055256	0.055979	0.055298	0.045039	0.044303	0.042392	
145	0.070926	0.074900	0.048147	0.060625	0.066562	0.067143	0.063028	0.054608	0.052307	0.050296	
150	0.075227	0.083158	0.054088	0.071478	0.080149	0.080535	0.069831	0.064554	0.060960	0.061474	
155	0.078224	0.088314	0.064849	0.080365	0.091017	0.089951	0.078990	0.072479	0.071311	0.069519	
160	0.084402	0.098922	0.071870	0.092159	0.098598	0.102292	0.088781	0.079511	0.079425	0.080530	
165	0.090512	0.104694	0.080929	0.101980	0.105624	0.113424	0.096690	0.087842	0.088788	0.093662	
170	0.094108	0.113830	0.095822	0.110006	0.110255	0.125904	0.106425	0.096810	0.096258	0.102498	
175	0.098505	0.119870	0.110586	0.121509	0.119323	0.136745	0.113415	0.102395	0.100295	0.110572	
180	0.106479	0.129494	0.125234	0.133305	0.125554	0.151606	0.120719	0.111940	0.104576	0.120610	
185	0.114124	0.137313	0.136771	0.143787	0.134058	0.159404	0.126430	0.120932	0.109289	0.127991	
190	0.123175	0.148602	0.145219	0.157306	0.141464	0.167452	0.132912	0.125811	0.112889	0.139173	
195	0.135146	0.157597	0.153553	0.168764	0.150210	0.176924	0.140708	0.132813	0.116536	0.147540	
200	0.150127	0.169486	0.164053	0.179900	0.159958	0.181301	0.146751	0.141090	0.119685	0.155317	
205	0.165994	0.182266	0.171199	0.189753	0.166982	0.189658	0.150605	0.144934	0.123963	0.163526	
210	0.176446	0.195849	0.175317	0.201571	0.173317	0.190404	0.154950	0.147089	0.127980	0.169930	
215	0.187797	0.207140	0.181993	0.221215	0.181704	0.192274	0.161989	0.150629	0.129533	0.177077	
220	0.195891	0.212744	0.186805	0.234271	0.187244	0.193787	0.166849	0.154998	0.131740	0.182651	
225	0.204188	0.217236	0.188819	0.252173	0.191956	0.196756	0.171759	0.160783	0.134166	0.186386	
230	0.206164	0.219569	0.192131	0.262850	0.195862	0.199613	0.176826	0.164130	0.139640	0.190713	
235	0.215296	0.224512	0.193154	0.275167	0.199631	0.202347	0.181008	0.170073	0.145320	0.192988	
240	0.222014	0.232160	0.197451	0.284312	0.199500	0.209519	0.188760	0.173436	0.153808	0.195802	
245	0.229667	0.238009	0.199990	0.289405	0.205178	0.213267	0.194111	0.181521	0.162950	0.199857	
250	0.235007	0.243278	0.203889	0.294830	0.208562	0.215588	0.196700	0.188713	0.176183	0.209801	
255	0.241350	0.246485	0.204972	0.299780	0.210323	0.221202	0.199965	0.194505	0.188935	0.215184	
260	0.248617	0.248484	0.210885	0.301537	0.213525	0.225251	0.200925	0.202108	0.201637	0.224327	
265	0.255238	0.252071	0.212840	0.307628	0.220970	0.229850	0.205029	0.210667	0.208805	0.231816	
270	0.264341	0.258178	0.218551	0.314598	0.225083	0.234447	0.211098	0.219214	0.220096	0.236825	
275	0.269206	0.264414	0.223046	0.318884	0.229976	0.236205	0.215562	0.225854	0.224808	0.238139	
280	0.273609	0.265939	0.221254	0.324634	0.232094	0.245760	0.220319	0.229156	0.231263	0.245053	
285	0.279456	0.270125	0.226133	0.325766	0.236337	0.250596	0.226012	0.237572	0.239242	0.253147	
290	0.284370	0.269738	0.230863	0.325599	0.239124	0.255837	0.227946	0.244457	0.243186	0.258641	
295	0.285059	0.269847	0.230107	0.324337	0.238684	0.259855	0.229467	0.246054	0.246782	0.264799	
300	0.285513	0.265605	0.234675	0.320257	0.243499	0.261559	0.234940	0.254586	0.248100	0.271655	
305	0.282071	0.262136	0.236832	0.324555	0.241428	0.265228	0.236686	0.257775	0.244231	0.273382	
310	0.277496	0.258340	0.240497	0.321489	0.242020	0.273250	0.238978	0.263422	0.247320	0.272987	
315	0.270964	0.257220	0.244930	0.315772	0.244371	0.279710	0.241129	0.265703	0.246215	0.272577	
320	0.265499	0.253717	0.242966	0.312756	0.246207	0.284550	0.242715	0.268320	0.242449	0.270918	
325	0.263371	0.248273	0.245519	0.307508	0.245770	0.287904	0.241280	0.264897	0.245550	0.269001	
330	0.258260	0.249257	0.248635	0.299098	0.245797	0.290661	0.241379	0.261195	0.240812	0.258283	
335	0.250805	0.247980	0.249851	0.291284	0.247958	0.295473	0.241092	0.263941	0.232391	0.250885	
340	0.243474	0.244825	0.254379	0.284235	0.250803	0.297569	0.239353	0.262277	0.227797	0.242541	
345	0.235789	0.243164	0.256792	0.277588	0.250511	0.297273	0.239291	0.257602	0.219252	0.239833	
350	0.232372	0.242762	0.254768	0.271118	0.249400	0.295810	0.234222	0.256844	0.214482	0.236899	
355	0.226954	0.243198	0.252011	0.265276	0.247492	0.291306	0.229173	0.258142	0.208415	0.229213	
360	0.227604	0.245970	0.245106	0.261310	0.246797	0.289626	0.222631	0.260686	0.207202	0.225480	
365	0.219715	0.243555	0.244661	0.254875	0.239297	0.287659	0.219398	0.263147	0.204587	0.217896	
370	0.213524	0.243780	0.238356	0.251516	0.235932	0.282611	0.218997	0.257317	0.203226	0.209841	
375	0.211328	0.238689	0.232084	0.246385	0.231911	0.280638	0.215377	0.252619	0.195355	0.209031	
380	0.209082	0.234037	0.228861	0.244439	0.229040	0.271735	0.211465	0.248830	0.190636	0.207214	
385	0.207357	0.234542	0.226103	0.242454	0.224517	0.263066	0.202924	0.246552	0.189350	0.205442	
390	0.207243	0.239462	0.227630	0.240524	0.218766	0.262070	0.195317	0.253404	0.187981	0.203026	
395	0.208868	0.241830	0.224504	0.240179	0.217050	0.255497	0.192771	0.253469	0.182996	0.196917	
400	0.208294	0.242343	0.220087	0.237667	0.210330	0.250282	0.189980	0.246895	0.185241	0.197031	
405	0.209596	0.242446	0.219086	0.232860	0.211177	0.246557	0.189941	0.246205	0.182986	0.196649	
410	0.207972	0.236914	0.212053	0.235470	0.209167	0.243648	0.191511	0.242861	0.182670	0.197722	
415	0.206983	0.240618	0.209406	0.236110	0.209298	0.239139	0.188515	0.241462	0.176159	0.199460	
420	0.212357	0.242791	0.208528	0.241766	0.211319	0.228262	0.189316	0.243103	0.181076	0.197580	
425	0.209817	0.239995	0.208694	0.245294	0.209295	0.221033	0.184791	0.240299	0.180578	0.201730	
430	0.207148	0.244127	0.210502	0.242813	0.210533	0.223070	0.189830	0.240539	0.183603	0.204222	
435	0.213598	0.242745	0.206687	0.246906	0.210840	0.220303	0.191807	0.236083	0.189988	0.207995	
440	0.214554	0.243464	0.205416	0.247398	0.204909	0.219727	0.194674	0.238975	0.189174	0.208330	
445	0.217658	0.244981	0.201387	0.241500	0.204233	0.221930	0.195142	0.237719	0.192471	0.209438	
450	0.215019	0.245686	0.200499	0.246981	0.208720	0.221838	0.201243	0.236428	0.196495	0.210480	
455	0.218915	0.245269	0.202428	0.250338	0.209152	0.218994	0.205806	0.233777	0.197907	0.211738	
460	0.224476	0.243091	0.197309	0.249559	0.213400	0.216833	0.203283	0.232782	0.199058	0.212854	
465	0.219221	0.247592	0.201845	0.250162	0.212317	0.215959	0.208834	0.234336	0.200562	0.217742	
470	0.220155	0.247272	0.202346	0.245311	0.211798	0.215905	0.209809	0.236394	0.200660	0.218732	
475	0.223552	0.248921	0.197678	0.244666	0.215094	0.220514	0.212753	0.237462	0.203540	0.220213	
480	0.224946	0.250722	0.196001	0.245136	0.221951	0.218280	0.212227	0.234392	0.207767	0.222419	
485	0.224779	0.250785	0.198195	0.242437	0.221141	0.216050	0.220488	0.231409	0.208859	0.219157	
490	0.221936	0.250590	0.200432	0.240527	0.229965	0.221206	0.225632	0.233711	0.209001	0.217959	
495	0.221816	0.250363	0.198183	0.239822	0.234731	0.220004	0.230689	0.231922	0.208661	0.218947	
500	0.227423	0.247340	0.199080	0.232900	0.238175	0.220139	0.224879	0.228236	0.213070	0.221738	
505	0.230377	0.247910	0.198401	0.225732	0.239379	0.220336	0.231960	0.225718	0.215281	0.220841	
510	0.234656	0.248857	0.198643	0.223305	0.238936	0.221271	0.237347	0.222093	0.213667	0.221574	
515	0.236120	0.245617	0.200662	0.224658	0.240250	0.218229	0.236242	0.223944	0.213855	0.222748	
520	0.234096	0.251834	0.202940	0.222575	0.239656	0.219556	0.234147	0.220993	0.214616	0.221394	
525	0.231687	0.248310	0.206589	0.220457	0.238616	0.219087	0.232863	0.218887	0.221151	0.221406	
530	0.228707	0.245874	0.208644	0.216072	0.239084	0.220148	0.234866	0.214806	0.224840	0.223317	
535	0.230980	0.250113	0.211336	0.211324	0.236420	0.219195	0.233800	0.214756	0.224309	0.223850	
540	0.232169	0.252373	0.209763	0.217169	0.232124	0.221097	0.234977	0.211387	0.226343	0.220580	
545	0.230387	0.251779	0.211702	0.217624	0.226431	0.221780	0.233143	0.209461	0.231849	0.220000	
550	0.222639	0.251350	0.212785	0.216735	0.220705	0.220220	0.234686	0.207424	0.231733	0.221343	
555	0.224115	0.247535	0.214468	0.216652	0.223671	0.216831	0.238194	0.204764	0.231808	0.216008	
560	0.216497	0.246913	0.218484	0.213973	0.222237	0.217926	0.234821	0.208504	0.225396	0.218888	
565	0.221943	0.252655	0.218323	0.210529	0.220920	0.211006	0.238836	0.203326	0.222733	0.224250	
570	0.216751	0.253143	0.218520	0.211550	0.219861	0.213566	0.234579	0.207497	0.221565	0.222837	
575	0.216549	0.255279	0.222577	0.217930	0.214772	0.213479	0.237564	0.209384	0.222722	0.219079	
580	0.218246	0.251533	0.216271	0.219196	0.212749	0.211131	0.242310	0.217329	0.218884	0.218680	
585	0.217636	0.248172	0.211230	0.222048	0.212073	0.210800	0.237253	0.221340	0.218066	0.218320	
590	0.214849	0.242233	0.208599	0.225051	0.211031	0.210347	0.235675	0.230113	0.215197	0.218047	
595	0.210353	0.242238	0.212160	0.220058	0.210789	0.211365	0.235207	0.231253	0.212615	0.219329	
600	0.207171	0.238288	0.209092	0.219977	0.211174	0.212352	0.231628	0.236542	0.208886	0.213829	
605	0.205462	0.237362	0.207978	0.226001	0.210379	0.206910	0.232316	0.232840	0.211660	0.213425	
610	0.207669	0.235166	0.209447	0.222211	0.206916	0.206176	0.234891	0.233802	0.216771	0.207770	
615	0.209563	0.235749	0.207637	0.222934	0.202986	0.202453	0.235869	0.234975	0.218141	0.201691	
620	0.206940	0.236268	0.205988	0.219069	0.198455	0.197248	0.236349	0.235433	0.220250	0.199281	
625	0.209974	0.237567	0.206509	0.220814	0.195217	0.195738	0.236682	0.237395	0.213572	0.196999	
630	0.209955	0.229106	0.208969	0.220591	0.198076	0.197175	0.231909	0.238787	0.216903	0.196400	
635	0.213279	0.222579	0.208451	0.218126	0.201055	0.198847	0.234464	0.239163	0.217449	0.194669	
640	0.211266	0.225451	0.210914	0.211602	0.208320	0.195249	0.230500	0.237858	0.214168	0.196449	
645	0.210353	0.222798	0.212347	0.209345	0.212853	0.199918	0.227688	0.234231	0.214062	0.190396	
650	0.213412	0.216521	0.212986	0.209963	0.216022	0.198870	0.228855	0.233402	0.214967	0.189934	
655	0.217220	0.220802	0.211837	0.210250	0.218654	0.198984	0.222140	0.230761	0.213061	0.189177	
660	0.217936	0.217632	0.214907	0.209985	0.217109	0.200055	0.222331	0.229611	0.217591	0.192381	
665	0.218376	0.220190	0.212531	0.209438	0.220707	0.200610	0.219514	0.227434	0.220036	0.196551	
670	0.218119	0.222075	0.213158	0.212488	0.225502	0.208581	0.207199	0.224641	0.226039	0.201937	
675	0.219992	0.221131	0.209044	0.215533	0.231588	0.214935	0.206347	0.220873	0.224119	0.207179	
680	0.222145	0.225715	0.209522	0.218653	0.235353	0.216609	0.201032	0.223503	0.221441	0.209707	
685	0.223255	0.232062	0.213277	0.218136	0.235082	0.215338	0.199552	0.220670	0.219725	0.208811	
690	0.222890	0.237184	0.220442	0.222233	0.236539	0.220752	0.200415	0.216433	0.217993	0.210143	
695	0.224911	0.242662	0.218926	0.216659	0.236214	0.222900	0.202586	0.215233	0.211951	0.211242	
700	0.225419	0.238590	0.217773	0.217822	0.238343	0.222952	0.196191	0.215610	0.216528	0.213953	
705	0.225146	0.240345	0.219319	0.214786	0.240255	0.223989	0.196608	0.217160	0.213764	0.217656	
710	0.228985	0.245266	0.218987	0.211008	0.245848	0.223574	0.205069	0.214454	0.207021	0.214001	
715	0.227166	0.248191	0.219177	0.202472	0.241680	0.221443	0.203962	0.213716	0.207077	0.217471	
720	0.221729	0.245536	0.222579	0.201758	0.235283	0.215359	0.209778	0.211172	0.204458	0.217514	
725	0.220780	0.243092	0.222807	0.198913	0.227057	0.208773	0.210202	0.210437	0.206128	0.218044	
730	0.222177	0.243878	0.223536	0.203860	0.222162	0.211742	0.208724	0.212774	0.206324	0.218929	
735	0.225234	0.241782	0.218960	0.199342	0.226465	0.217099	0.209204	0.213382	0.214065	0.218862	
740	0.221728	0.239043	0.217865	0.197238	0.227870	0.221604	0.207217	0.218045	0.213263	0.227916	
745	0.220123	0.234452	0.218480	0.194149	0.226584	0.227078	0.209858	0.221519	0.222423	0.224718	
750	0.217460	0.234389	0.218704	0.195970	0.222832	0.224834	0.214546	0.222430	0.222810	0.232670	
755	0.219923	0.224066	0.217493	0.194296	0.219159	0.219796	0.212648	0.220216	0.225558	0.229679	
760	0.221549	0.227343	0.213567	0.196583	0.217037	0.211924	0.215951	0.220013	0.226789	0.224690	
765	0.214591	0.229112	0.211503	0.200118	0.209958	0.209263	0.216825	0.216477	0.230676	0.224718	
770	0.212581	0.230423	0.208773	0.201389	0.209063	0.210258	0.216669	0.222715	0.225021	0.224835	
775	0.215762	0.230329	0.212244	0.200564	0.208211	0.205273	0.215895	0.217801	0.226919	0.220605	
780	0.216545	0.233149	0.208899	0.202690	0.211322	0.201973	0.215016	0.217553	0.230246	0.223259	
785	0.220414	0.231283	0.210552	0.201503	0.211983	0.204735	0.214113	0.220867	0.227419	0.227358	
790	0.224007	0.228118	0.212811	0.201294	0.209761	0.205456	0.211286	0.224880	0.223044	0.226794	
795	0.221162	0.225702	0.209359	0.198087	0.211110	0.208847	0.214400	0.222509	0.223364	0.227439	
800	0.220680	0.222372	0.210800	0.204314	0.208803	0.212645	0.214397	0.220298	0.220827	0.225524	
805	0.217912	0.219055	0.210583	0.207478	0.208374	0.218808	0.216083	0.220515	0.221494	0.230023	
810	0.221242	0.217004	0.211028	0.209762	0.206153	0.225576	0.220261	0.216444	0.223863	0.238476	
815	0.221492	0.212482	0.208811	0.208744	0.203330	0.226583	0.220834	0.210986	0.219024	0.246792	
820	0.220897	0.211246	0.211369	0.206063	0.207815	0.225487	0.221935	0.213803	0.216847	0.246917	
825	0.217512	0.203403	0.212200	0.203961	0.214673	0.226148	0.226038	0.209774	0.211348	0.248832	
830	0.218778	0.203635	0.211869	0.202529	0.218752	0.223011	0.225873	0.209319	0.214997	0.249272	
835	0.218560	0.204401	0.210883	0.203551	0.223397	0.221626	0.221789	0.210412	0.214845	0.254233	
840	0.216399	0.202749	0.213488	0.201133	0.225201	0.216697	0.222346	0.213608	0.214443	0.247651	
845	0.212255	0.209030	0.217247	0.198083	0.227521	0.223337	0.220345	0.215311	0.215382	0.238494	
850	0.218235	0.209428	0.215791	0.199863	0.234694	0.225628	0.221676	0.210213	0.211268	0.235196	
855	0.218519	0.206807	0.219408	0.200395	0.231178	0.228025	0.221652	0.212270	0.213337	0.226445	
860	0.217798	0.215551	0.220556	0.198958	0.229326	0.228392	0.218182	0.216306	0.214538	0.224796	
865	0.217432	0.217954	0.221639	0.199865	0.229051	0.223686	0.217090	0.218961	0.218443	0.219491	
870	0.219266	0.214599	0.224780	0.197382	0.231419	0.220271	0.215312	0.217775	0.220106	0.218314	
875	0.220634	0.218484	0.228777	0.201744	0.229197	0.223002	0.217470	0.219679	0.220273	0.212727	
880	0.215746	0.220784	0.229473	0.205211	0.228500	0.227306	0.218340	0.216766	0.214033	0.206324	
885	0.214069	0.214441	0.226832	0.206955	0.218134	0.224368	0.221406	0.214019	0.219808	0.204699	
890	0.215439	0.216192	0.232436	0.202724	0.214214	0.221954	0.222078	0.215844	0.218841	0.206611	
895	0.219847	0.211149	0.239510	0.203004	0.212372	0.222338	0.220318	0.218723	0.215584	0.207522	
900	0.223739	0.211964	0.240996	0.200670	0.210552	0.225514	0.218076	0.217009	0.221152	0.209146	
905	0.225544	0.206856	0.243873	0.204227	0.209357	0.221056	0.214878	0.215990	0.224740	0.209504	
910	0.228616	0.204677	0.241930	0.204118	0.210993	0.215072	0.214445	0.216033	0.220167	0.210443	
915	0.227617	0.195489	0.246366	0.202920	0.202971	0.212437	0.215867	0.216782	0.222826	0.212479	
920	0.226929	0.192102	0.237412	0.207088	0.198268	0.214702	0.215263	0.217530	0.225361	0.209466	
925	0.232984	0.194786	0.233721	0.207140	0.199403	0.209249	0.215931	0.213275	0.227497	0.211767	
930	0.230590	0.198045	0.232618	0.203298	0.203297	0.211757	0.217371	0.212176	0.226276	0.214678	
935	0.228437	0.197179	0.225688	0.205692	0.209203	0.212216	0.224505	0.212143	0.233285	0.218979	
940	0.221186	0.203224	0.229809	0.207378	0.200421	0.209849	0.221149	0.210916	0.231522	0.220548	
945	0.217666	0.200589	0.222367	0.205711	0.196013	0.209542	0.224870	0.208206	0.235425	0.222853	
950	0.208794	0.198696	0.221482	0.204758	0.200266	0.215078	0.223419	0.205324	0.235212	0.221607	
955	0.211106	0.205727	0.217977	0.204159	0.199396	0.208891	0.216029	0.210884	0.231823	0.223561	
960	0.206207	0.209456	0.219584	0.205214	0.196594	0.211489	0.215721	0.214847	0.234359	0.222665	
965	0.206815	0.215819	0.214170	0.207033	0.196482	0.206356	0.212954	0.212897	0.233820	0.227332	
970	0.201885	0.212754	0.211812	0.208303	0.199873	0.206626	0.210727	0.213924	0.239592	0.226594	
975	0.200634	0.213814	0.204776	0.207453	0.200338	0.208657	0.204851	0.210511	0.236540	0.223505	
980	0.203999	0.218073	0.204975	0.205013	0.202077	0.214146	0.201452	0.212686	0.231488	0.225991	
985	0.196140	0.221014	0.205117	0.208502	0.203589	0.220589	0.203940	0.216766	0.230299	0.224314	
990	0.195052	0.222347	0.199553	0.203885	0.205583	0.232294	0.209914	0.218551	0.235695	0.220468	
995	0.193978	0.222407	0.202893	0.206153	0.209804	0.238244	0.211750	0.217646	0.232671	0.219348	
1000	0.193339	0.223510	0.199316	0.205891	0.213958	0.239481	0.210662	0.219467	0.234668	0.218148	
1005	0.191215	0.226709	0.206359	0.201997	0.218202	0.242884	0.214033	0.221363	0.235895	0.215968	
1010	0.196839	0.226117	0.208249	0.207449	0.219153	0.242384	0.215098	0.223110	0.235191	0.214751	
1015	0.201232	0.219506	0.203090	0.208838	0.220424	0.238063	0.215500	0.222348	0.231385	0.213802	
1020	0.202238	0.217992	0.203608	0.214848	0.227392	0.231818	0.219583	0.221861	0.230556	0.211256	
1025	0.207943	0.217307	0.201456	0.207854	0.230380	0.231201	0.212515	0.221879	0.227255	0.219823	
1030	0.215904	0.222623	0.198616	0.210857	0.233472	0.229239	0.208508	0.222238	0.228524	0.215185	
1035	0.220154	0.226508	0.202032	0.207972	0.236881	0.226953	0.200728	0.226845	0.227963	0.215354	
1040	0.223926	0.226145	0.204129	0.204244	0.238981	0.217909	0.205127	0.224600	0.218827	0.219254	
1045	0.222852	0.224442	0.203935	0.200003	0.240914	0.210614	0.207496	0.224092	0.220056	0.223614	
1050	0.221538	0.223619	0.210633	0.199921	0.240560	0.210231	0.211591	0.222586	0.220909	0.226886	
1055	0.222744	0.225090	0.216483	0.198346	0.242979	0.209416	0.211325	0.219654	0.219616	0.229690	
1060	0.218843	0.224898	0.218262	0.199305	0.238960	0.211493	0.218524	0.218468	0.219321	0.232497	
1065	0.220655	0.227090	0.215945	0.194696	0.234850	0.213686	0.219189	0.217322	0.219526	0.233373	
1070	0.222356	0.226363	0.216190	0.191972	0.233164	0.205667	0.220355	0.218535	0.222555	0.236610	
1075	0.223930	0.223594	0.215715	0.193913	0.239291	0.209239	0.221975	0.224592	0.224035	0.242713	
1080	0.223838	0.221565	0.213421	0.197128	0.238651	0.213323	0.219931	0.228724	0.226805	0.239601	
1085	0.227008	0.223228	0.218379	0.197397	0.241750	0.211721	0.216403	0.230986	0.226608	0.235719	
1090	0.220148	0.225664	0.220657	0.206287	0.242457	0.218291	0.214650	0.233468	0.220547	0.234378	
1095	0.216867	0.220703	0.219005	0.203214	0.239826	0.218065	0.213583	0.235979	0.216696	0.234849	
1100	0.213524	0.222542	0.220643	0.208648	0.231488	0.217906	0.208879	0.235095	0.219556	0.240718	
1105	0.215264	0.223780	0.219861	0.212536	0.230216	0.218046	0.209873	0.232071	0.220940	0.242216	
1110	0.217415	0.225778	0.218410	0.217914	0.229748	0.217650	0.212863	0.228702	0.217682	0.240556	
1115	0.214481	0.221805	0.221847	0.220572	0.224354	0.221813	0.215625	0.231287	0.212468	0.236611	
1120	0.217319	0.221730	0.218867	0.225462	0.233119	0.223915	0.219958	0.227021	0.218560	0.232678	
1125	0.220299	0.218024	0.223941	0.232705	0.234365	0.227599	0.217889	0.225441	0.216092	0.231397	
1130	0.224122	0.223078	0.226636	0.234479	0.235873	0.231247	0.221467	0.224996	0.221583	0.223877	
1135	0.227456	0.221196	0.222716	0.230433	0.235336	0.236412	0.226745	0.223997	0.223137	0.228074	
1140	0.227545	0.218045	0.219205	0.226250	0.232302	0.231784	0.231043	0.222243	0.225827	0.226358	
1145	0.228121	0.219429	0.216127	0.225512	0.235680	0.228970	0.229222	0.221352	0.227373	0.227107	
1150	0.219805	0.219546	0.221788	0.217704	0.235650	0.226105	0.230680	0.219670	0.228461	0.224170	
1155	0.216734	0.217837	0.226904	0.212552	0.235620	0.223452	0.231499	0.215245	0.224810	0.218419	
1160	0.214765	0.220235	0.226654	0.215341	0.237284	0.230294	0.232347	0.213706	0.222783	0.212719	
1165	0.223294	0.223839	0.228597	0.210198	0.233237	0.232316	0.227922	0.213317	0.222361	0.213675	
1170	0.221591	0.220425	0.231017	0.203156	0.232104	0.231855	0.225072	0.213907	0.222877	0.208389	
1175	0.223573	0.220520	0.228836	0.204531	0.228838	0.230716	0.223958	0.219654	0.225894	0.196887	
1180	0.221587	0.217757	0.220219	0.209954	0.226030	0.229208	0.229119	0.218555	0.237021	0.199773	
1185	0.224116	0.218976	0.217905	0.209252	0.227558	0.224967	0.229551	0.210221	0.236666	0.204296	
1190	0.227350	0.216424	0.221241	0.204403	0.225518	0.223465	0.226483	0.212787	0.242148	0.206117	
1195	0.225220	0.215762	0.222567	0.201275	0.226391	0.224087	0.229306	0.220139	0.246868	0.203942	
1200	0.226776	0.218869	0.220584	0.199842	0.220503	0.227152	0.230507	0.225223	0.247941	0.204006	
1205	0.227181	0.217994	0.224410	0.202293	0.217485	0.233163	0.230741	0.224937	0.245582	0.207691	
1210	0.220951	0.220165	0.229611	0.201708	0.213432	0.229214	0.227923	0.227656	0.243764	0.210383	
1215	0.219302	0.219123	0.228038	0.201399	0.219250	0.228423	0.231167	0.223038	0.235321	0.213638	
1220	0.223022	0.215010	0.226281	0.206048	0.219442	0.221857	0.233642	0.225379	0.234385	0.213107	
1225	0.223623	0.212506	0.231888	0.204948	0.221676	0.222308	0.233714	0.227904	0.232629	0.213178	
1230	0.223618	0.210540	0.235515	0.209703	0.219158	0.216676	0.229003	0.230492	0.235151	0.215619	
1235	0.228141	0.208657	0.240250	0.215021	0.217742	0.218741	0.225162	0.233056	0.235448	0.219968	
1240	0.223823	0.209053	0.238502	0.215223	0.214289	0.221571	0.220522	0.229440	0.237253	0.229038	
1245	0.223120	0.209935	0.234111	0.217659	0.210764	0.219862	0.218345	0.227638	0.237851	0.227422	
1250	0.225050	0.209179	0.229043	0.212907	0.209105	0.219389	0.213604	0.227966	0.229677	0.224833	
1255	0.220611	0.212490	0.223990	0.209255	0.207177	0.216885	0.212523	0.225207	0.229118	0.225024	
1260	0.218007	0.212660	0.222552	0.207181	0.209230	0.210780	0.210625	0.224842	0.231434	0.236162	
1265	0.218125	0.213174	0.222539	0.208888	0.212021	0.210709	0.212286	0.223775	0.229128	0.241738	
1270	0.218153	0.214152	0.222449	0.205967	0.213177	0.217286	0.216111	0.222615	0.225116	0.236943	
1275	0.211574	0.212391	0.222436	0.203281	0.215510	0.222138	0.214529	0.226252	0.228379	0.233855	
1280	0.208873	0.215988	0.223856	0.193951	0.216066	0.222821	0.211133	0.222471	0.230733	0.230409	
1285	0.202622	0.217791	0.217884	0.189851	0.212186	0.221418	0.215440	0.222592	0.236400	0.230715	
1290	0.201496	0.220441	0.214323	0.187320	0.212239	0.222554	0.213764	0.222991	0.236458	0.225462	
1295	0.203084	0.226818	0.215802	0.190171	0.214152	0.224196	0.214917	0.218302	0.234572	0.223825	
1300	0.200398	0.227423	0.214602	0.194032	0.217369	0.224019	0.213186	0.214661	0.233014	0.220889	
1305	0.201388	0.227596	0.219877	0.194824	0.221333	0.226464	0.205134	0.216569	0.229852	0.221879	
1310	0.205433	0.233227	0.221114	0.197609	0.216900	0.226975	0.209136	0.218043	0.228413	0.216313	
1315	0.202104	0.233501	0.223181	0.198748	0.217613	0.232394	0.205482	0.215799	0.224966	0.207649	
1320	0.204362	0.233960	0.225162	0.207838	0.216499	0.232302	0.210432	0.222112	0.221172	0.205627	
1325	0.208551	0.233056	0.222659	0.215212	0.212032	0.228678	0.211835	0.222758	0.213201	0.206236	
1330	0.207374	0.226644	0.217445	0.221884	0.211467	0.227163	0.213994	0.220130	0.209928	0.206873	
1335	0.209299	0.225644	0.207779	0.224642	0.213618	0.218171	0.212280	0.215736	0.209087	0.206473	
1340	0.206313	0.220352	0.208782	0.215978	0.218260	0.220197	0.212295	0.212697	0.212232	0.210310	
1345	0.205601	0.225223	0.204666	0.218892	0.216072	0.215064	0.217343	0.205136	0.210556	0.215385	
1350	0.208020	0.223104	0.201352	0.216673	0.216469	0.208833	0.221587	0.203283	0.209136	0.214625	
1355	0.212528	0.217989	0.198485	0.219300	0.221297	0.206464	0.222267	0.204573	0.209560	0.214823	
1360	0.213363	0.217865	0.196516	0.225794	0.226981	0.204908	0.223092	0.199403	0.205377	0.218214	
1365	0.213453	0.215993	0.198026	0.229598	0.227912	0.202291	0.221650	0.204558	0.205463	0.219507	
1370	0.209564	0.216200	0.203994	0.224975	0.230708	0.200227	0.224971	0.199593	0.205740	0.214316	
1375	0.209005	0.210175	0.206379	0.228067	0.225504	0.195333	0.220786	0.198674	0.207997	0.212197	
1380	0.211391	0.206331	0.210621	0.222704	0.218145	0.194771	0.216424	0.192772	0.205255	0.206223	
1385	0.213592	0.201703	0.211176	0.220601	0.219639	0.189292	0.212079	0.186711	0.203956	0.203038	
1390	0.216839	0.204199	0.209315	0.221346	0.209813	0.187910	0.211006	0.185355	0.210910	0.208559	
1395	0.219106	0.202486	0.215997	0.219288	0.212383	0.186350	0.206133	0.180916	0.211551	0.205969	
1400	0.220773	0.198286	0.214889	0.217996	0.206815	0.190464	0.206250	0.180283	0.211706	0.207940	
1405	0.220260	0.196486	0.212578	0.218887	0.207082	0.191867	0.201679	0.177338	0.210741	0.212634	
1410	0.223758	0.193024	0.208224	0.222681	0.207726	0.190737	0.208043	0.182961	0.210542	0.212829	
1415	0.222484	0.197285	0.205312	0.219266	0.207039	0.187915	0.207023	0.182868	0.215907	0.209995	
1420	0.225114	0.197781	0.204883	0.212969	0.208296	0.188270	0.205703	0.188345	0.215348	0.201752	
1425	0.228379	0.194472	0.206230	0.214142	0.210934	0.182936	0.210165	0.187925	0.219518	0.199625	
1430	0.230580	0.197329	0.210139	0.215854	0.206977	0.182696	0.217185	0.188566	0.221298	0.196781	
1435	0.236756	0.200928	0.214436	0.212169	0.206088	0.186942	0.216890	0.192713	0.221210	0.195845	
1440	0.242392	0.197217	0.214747	0.212555	0.202950	0.184332	0.213769	0.192043	0.217959	0.194026	
1445	0.241913	0.195971	0.221079	0.217176	0.201220	0.184486	0.210229	0.195352	0.216891	0.190292	
1450	0.242530	0.194539	0.214546	0.217861	0.203128	0.185744	0.211302	0.197968	0.219871	0.192683	
1455	0.236149	0.193844	0.217711	0.215094	0.204715	0.186972	0.213155	0.201710	0.211819	0.195803	
1460	0.240637	0.197258	0.221573	0.214198	0.212383	0.191476	0.216405	0.204656	0.212915	0.201004	
1465	0.244820	0.199706	0.226888	0.216914	0.210888	0.195077	0.210433	0.210413	0.220671	0.201778	
1470	0.244363	0.199114	0.221804	0.214629	0.215956	0.198686	0.210377	0.210755	0.220255	0.195425	
1475	0.245250	0.197119	0.220291	0.211303	0.220885	0.201980	0.212688	0.212079	0.221461	0.199720	
1480	0.238648	0.199307	0.215854	0.216774	0.220634	0.202526	0.206842	0.214880	0.218816	0.198437	
1485	0.233872	0.205574	0.214237	0.213736	0.216466	0.206538	0.206784	0.213753	0.214822	0.199283	
1490	0.241432	0.206340	0.211151	0.218654	0.221859	0.205987	0.205355	0.217449	0.211575	0.196036	
1495	0.245061	0.207949	0.209759	0.215466	0.217232	0.209572	0.208689	0.215545	0.211990	0.196226	
1500	0.242767	0.213360	0.205990	0.213726	0.223557	0.215836	0.213143	0.210058	0.216310	0.196688	
1505	0.247284	0.218548	0.208736	0.207177	0.225182	0.214989	0.221817	0.215052	0.211841	0.198884	
1510	0.247745	0.224967	0.211973	0.196703	0.230528	0.209963	0.222837	0.208264	0.212942	0.193953	
1515	0.240192	0.226886	0.209998	0.195425	0.238574	0.209146	0.221933	0.198330	0.212664	0.193121	
1520	0.239967	0.225562	0.207883	0.193603	0.236830	0.214635	0.224679	0.195543	0.214235	0.191530	
1525	0.241264	0.222237	0.211041	0.193109	0.239005	0.209236	0.225157	0.186701	0.214225	0.196246	
1530	0.236356	0.221037	0.211989	0.187930	0.235467	0.214221	0.222539	0.184639	0.216618	0.199365	
1535	0.232185	0.219836	0.212760	0.187831	0.228181	0.212823	0.224993	0.186031	0.216504	0.201452	
1540	0.227532	0.220033	0.210451	0.185943	0.235038	0.211436	0.226071	0.183261	0.214906	0.199660	
1545	0.226060	0.218026	0.209812	0.188903	0.235383	0.215169	0.223232	0.182135	0.212956	0.208464	
1550	0.228900	0.216449	0.207964	0.187995	0.240936	0.215393	0.223308	0.182343	0.209276	0.212224	
1555	0.222315	0.211176	0.205514	0.193169	0.233673	0.219455	0.218756	0.183614	0.211108	0.209517	
1560	0.220850	0.210854	0.202484	0.201725	0.232991	0.226224	0.211368	0.182494	0.209500	0.211318	
1565	0.219251	0.213365	0.196902	0.203148	0.226904	0.234443	0.211170	0.186621	0.207468	0.208656	
1570	0.215632	0.211886	0.200047	0.207663	0.226206	0.233208	0.202944	0.190149	0.205185	0.204601	
1575	0.215993	0.212970	0.200270	0.213696	0.223842	0.235551	0.204488	0.189695	0.208163	0.206574	
1580	0.220418	0.217524	0.215035	0.218216	0.220030	0.230464	0.205867	0.192474	0.208197	0.201838	
1585	0.215253	0.216232	0.216242	0.222446	0.214821	0.226061	0.204571	0.198763	0.205937	0.198719	
1590	0.220469	0.214941	0.213814	0.218939	0.219432	0.223086	0.206846	0.205876	0.211083	0.194113	
1595	0.224381	0.213462	0.211900	0.221115	0.219504	0.222004	0.207559	0.206435	0.206312	0.193561	
1600	0.225527	0.214102	0.212598	0.223280	0.226486	0.220517	0.204645	0.204367	0.206347	0.190835	
1605	0.228476	0.213048	0.213662	0.220185	0.227575	0.222664	0.205710	0.204320	0.204841	0.186657	
1610	0.233429	0.217868	0.212886	0.219118	0.230466	0.219925	0.206648	0.205432	0.206328	0.190118	
1615	0.240199	0.223088	0.211789	0.223737	0.225635	0.221385	0.207987	0.207114	0.206334	0.186119	
1620	0.238972	0.220232	0.210750	0.225643	0.228994	0.214972	0.210734	0.206913	0.200926	0.190860	
1625	0.240241	0.218034	0.207606	0.215623	0.232365	0.212280	0.212047	0.214259	0.203340	0.192395	
1630	0.237151	0.218847	0.201917	0.210878	0.228049	0.213892	0.212907	0.214206	0.202479	0.194647	
1635	0.233612	0.214127	0.202616	0.213080	0.228781	0.219825	0.216510	0.215100	0.203723	0.196779	
1640	0.224602	0.216492	0.204769	0.214592	0.231148	0.212376	0.218925	0.214428	0.201311	0.200227	
1645	0.222848	0.216675	0.206001	0.217526	0.221684	0.216928	0.214099	0.213882	0.200557	0.200547	
1650	0.215219	0.218313	0.204483	0.220422	0.222607	0.207871	0.210936	0.210269	0.202840	0.203519	
1655	0.216130	0.220432	0.205193	0.216790	0.221324	0.204067	0.214097	0.204918	0.204217	0.206034	
1660	0.205253	0.224202	0.207231	0.217554	0.223500	0.202509	0.213283	0.203915	0.198362	0.210733	
1665	0.205433	0.218753	0.204820	0.221023	0.223394	0.209510	0.212477	0.202821	0.200477	0.214181	
1670	0.205619	0.221598	0.204871	0.223237	0.225719	0.206130	0.213845	0.201764	0.205770	0.207943	
1675	0.207788	0.220851	0.203544	0.224510	0.225530	0.209391	0.211975	0.211278	0.201164	0.208820	
1680	0.210393	0.218758	0.202278	0.231580	0.227458	0.208706	0.212193	0.210497	0.199700	0.207751	
1685	0.211035	0.217171	0.203807	0.232949	0.227440	0.212048	0.208974	0.209687	0.197523	0.210959	
1690	0.207043	0.208937	0.210856	0.231114	0.224850	0.213044	0.204011	0.207993	0.199355	0.209725	
1695	0.219290	0.213430	0.212122	0.236249	0.225389	0.214321	0.202166	0.206437	0.204193	0.208189	
1700	0.221538	0.215504	0.211843	0.235892	0.220669	0.214670	0.193870	0.208741	0.202221	0.205774	
1705	0.220716	0.214243	0.215220	0.235094	0.215517	0.214310	0.195014	0.215039	0.207186	0.200271	
1710	0.222870	0.214811	0.214401	0.235132	0.207461	0.214263	0.201845	0.219580	0.204016	0.203094	
1715	0.223949	0.215911	0.213690	0.232427	0.201403	0.213279	0.200129	0.224040	0.197991	0.206838	
1720	0.223257	0.214105	0.213724	0.227999	0.204018	0.218135	0.197120	0.223710	0.200428	0.211308	
1725	0.223215	0.215630	0.215052	0.220453	0.204950	0.213680	0.199972	0.218235	0.199728	0.207324	
1730	0.223560	0.219477	0.216398	0.213757	0.204902	0.212283	0.199045	0.215670	0.203364	0.204965	
1735	0.220604	0.217072	0.218966	0.209905	0.201015	0.214548	0.197549	0.212515	0.204228	0.204854	
1740	0.211141	0.212087	0.214524	0.213800	0.215703	0.220936	0.196002	0.211198	0.202283	0.203906	
1745	0.205925	0.209180	0.216757	0.210597	0.217941	0.222568	0.193035	0.212142	0.207308	0.196343	
1750	0.209917	0.210564	0.215343	0.211252	0.211281	0.223649	0.194613	0.219133	0.212647	0.195830	
1755	0.209340	0.212458	0.212358	0.208884	0.213104	0.228975	0.194829	0.211762	0.212820	0.199922	
1760	0.210382	0.205991	0.207185	0.210751	0.213747	0.230830	0.193008	0.208972	0.208413	0.198086	
1765	0.208702	0.206072	0.205847	0.212724	0.215115	0.232769	0.189265	0.203796	0.208729	0.199319	
1770	0.213566	0.210504	0.207977	0.212772	0.209615	0.235826	0.193740	0.203587	0.211673	0.204329	
1775	0.226034	0.204403	0.206931	0.212650	0.215755	0.237701	0.193107	0.202327	0.210319	0.202405	
1780	0.220106	0.202191	0.206046	0.210332	0.212213	0.241994	0.191110	0.203221	0.209790	0.198255	
1785	0.219265	0.204471	0.205641	0.208281	0.201407	0.241706	0.193657	0.202270	0.204341	0.199992	
1790	0.222984	0.210411	0.206115	0.205731	0.197634	0.241749	0.198979	0.203780	0.202779	0.194719	
1795	0.226586	0.208774	0.208545	0.200610	0.198423	0.242210	0.199887	0.211175	0.205416	0.195823	
1800	0.231169	0.208415	0.213059	0.203826	0.200897	0.246212	0.198033	0.217368	0.204292	0.196212	
1805	0.232302	0.208398	0.213831	0.206235	0.209548	0.245694	0.204288	0.215269	0.202119	0.200048	
1810	0.228689	0.208953	0.211122	0.208553	0.211928	0.244744	0.207092	0.216274	0.206683	0.199033	
1815	0.226816	0.208956	0.213011	0.208819	0.217435	0.246575	0.213231	0.215450	0.203500	0.199902	
1820	0.225017	0.206968	0.212946	0.211842	0.216129	0.244597	0.216732	0.220015	0.207449	0.203492	
1825	0.228551	0.202638	0.216308	0.215904	0.215534	0.238099	0.214217	0.225845	0.213027	0.199054	
1830	0.229111	0.199013	0.213717	0.212950	0.224550	0.236551	0.219559	0.229333	0.212709	0.204241	
1835	0.224296	0.202512	0.217935	0.213255	0.221360	0.235993	0.222341	0.226668	0.215738	0.210949	
1840	0.214565	0.203245	0.222290	0.210699	0.217040	0.236945	0.225016	0.229166	0.219577	0.211682	
1845	0.214362	0.198134	0.225819	0.210408	0.222143	0.236216	0.220925	0.226260	0.223266	0.209718	
1850	0.211386	0.193290	0.223459	0.212045	0.220671	0.228618	0.224225	0.225566	0.222030	0.215180	
1855	0.209088	0.191925	0.220257	0.212817	0.222558	0.228008	0.224865	0.228690	0.226589	0.223180	
1860	0.214188	0.191470	0.222885	0.213567	0.220883	0.221478	0.226899	0.219704	0.229207	0.222466	
1865	0.212576	0.191400	0.217988	0.220459	0.216865	0.221849	0.225119	0.215989	0.225743	0.221956	
1870	0.214697	0.192144	0.219101	0.214247	0.223461	0.218371	0.230586	0.212866	0.221132	0.221190	
1875	0.215988	0.192451	0.218237	0.212120	0.221410	0.217087	0.224386	0.209899	0.217708	0.218400	
1880	0.221812	0.194969	0.214819	0.209990	0.222349	0.220692	0.223373	0.206996	0.211587	0.217943	
1885	0.221391	0.193307	0.211102	0.211790	0.222197	0.222219	0.220971	0.206777	0.205357	0.212058	
1890	0.217362	0.192715	0.208927	0.210203	0.215094	0.220861	0.223939	0.210714	0.207176	0.212367	
1895	0.216201	0.196338	0.204210	0.213302	0.215670	0.215299	0.224837	0.212000	0.206866	0.210551	
1900	0.216108	0.198086	0.202933	0.211949	0.209508	0.217953	0.224115	0.214198	0.203998	0.212602	
1905	0.214173	0.200978	0.199144	0.216031	0.210543	0.221349	0.218332	0.214662	0.203850	0.215333	
1910	0.212450	0.200869	0.202023	0.218397	0.214592	0.215783	0.220471	0.213015	0.206351	0.216131	
1915	0.209365	0.199808	0.204547	0.218404	0.218764	0.208528	0.219683	0.208918	0.200644	0.211188	
1920	0.208201	0.197177	0.201429	0.217536	0.219135	0.206023	0.221292	0.202259	0.194344	0.212650	
1925	0.210028	0.194815	0.204770	0.219366	0.217620	0.206313	0.220058	0.198828	0.197903	0.209254	
1930	0.213796	0.197999	0.209999	0.218153	0.219875	0.206647	0.223308	0.199253	0.192613	0.207985	
1935	0.216029	0.206295	0.209913	0.219542	0.226955	0.213803	0.221558	0.198071	0.196579	0.205328	
1940	0.216122	0.205480	0.207591	0.221291	0.218926	0.214513	0.217445	0.202116	0.198294	0.200903	
1945	0.214831	0.213004	0.209556	0.220161	0.217141	0.212384	0.215415	0.205905	0.193674	0.202209	
1950	0.214373	0.219693	0.209564	0.216246	0.218340	0.209618	0.214462	0.210866	0.192488	0.203692	
1955	0.210523	0.219864	0.212253	0.221876	0.217255	0.211674	0.220481	0.217578	0.196787	0.207898	
1960	0.210148	0.218076	0.216619	0.223215	0.216606	0.221092	0.219256	0.219060	0.196354	0.215439	
1965	0.207938	0.213002	0.217494	0.223704	0.217352	0.225941	0.222542	0.219376	0.197989	0.218534	
1970	0.209308	0.205823	0.225964	0.228953	0.208431	0.224217	0.222262	0.225704	0.191757	0.220641	
1975	0.207198	0.207328	0.227381	0.235829	0.209007	0.225088	0.228443	0.228515	0.192103	0.226161	
1980	0.208044	0.209739	0.229338	0.237186	0.205383	0.230652	0.231586	0.226664	0.192945	0.227759	
1985	0.215354	0.208779	0.232326	0.238766	0.208236	0.232442	0.230279	0.225475	0.193008	0.227099	
1990	0.218130	0.209144	0.229190	0.244688	0.202067	0.238509	0.233809	0.219820	0.192761	0.228671	
1995	0.213446	0.208708	0.231504	0.239904	0.200210	0.244187	0.233830	0.221409	0.190477	0.225424	
2000	0.211235	0.212967	0.236937	0.239358	0.196257	0.243102	0.229051	0.218996	0.189944	0.224657	
2005	0.205807	0.216816	0.236419	0.238833	0.196601	0.242286	0.232204	0.216580	0.192503	0.225842	
2010	0.205332	0.215452	0.242979	0.238313	0.196565	0.244558	0.228014	0.215370	0.195638	0.233093	
2015	0.202817	0.216570	0.249281	0.237623	0.197947	0.239266	0.224464	0.209705	0.194708	0.228444	
2020	0.197885	0.226693	0.251640	0.238367	0.198220	0.237919	0.221098	0.202752	0.190962	0.222418	
2025	0.199116	0.230022	0.250426	0.235280	0.194702	0.247081	0.218430	0.201284	0.192955	0.221615	
2030	0.194150	0.229814	0.246969	0.231005	0.194580	0.242337	0.215683	0.209130	0.191092	0.219499	
2035	0.190776	0.225886	0.249019	0.223138	0.194274	0.243500	0.214446	0.214740	0.189963	0.220267	
2040	0.194229	0.221393	0.245906	0.222100	0.203457	0.237381	0.216749	0.211518	0.187431	0.219714	
2045	0.192122	0.222657	0.236293	0.221655	0.203036	0.237159	0.210409	0.216634	0.190932	0.218934	
2050	0.195694	0.225744	0.234850	0.228444	0.204343	0.231089	0.208038	0.218653	0.194871	0.215441	
2055	0.196478	0.223904	0.229377	0.226527	0.208318	0.223327	0.207698	0.220756	0.193047	0.212226	
2060	0.200407	0.225502	0.226663	0.232219	0.213144	0.223761	0.208214	0.221653	0.199499	0.215167	
2065	0.206809	0.225777	0.231466	0.229572	0.213735	0.216228	0.207917	0.224352	0.204547	0.218388	
2070	0.211369	0.227472	0.232476	0.226854	0.213242	0.209715	0.207828	0.218732	0.202518	0.219777	
2075	0.215261	0.229262	0.230482	0.228401	0.222594	0.201452	0.209766	0.218942	0.201878	0.226986	
2080	0.216180	0.226601	0.230410	0.230310	0.221969	0.198955	0.211281	0.215229	0.202289	0.231493	
2085	0.219393	0.221901	0.229231	0.228051	0.221583	0.197881	0.208387	0.217408	0.200293	0.232923	
2090	0.213465	0.218826	0.231509	0.217493	0.218809	0.206046	0.208915	0.222420	0.201184	0.234992	
2095	0.220850	0.214637	0.232428	0.210642	0.218411	0.208819	0.206247	0.220989	0.202638	0.238755	
2100	0.227344	0.208570	0.235304	0.211500	0.225054	0.208191	0.207088	0.220680	0.202534	0.238482	
2105	0.227705	0.207373	0.234662	0.206566	0.231044	0.209420	0.206931	0.221381	0.206193	0.239834	
2110	0.228403	0.209355	0.232183	0.208118	0.231540	0.216911	0.205299	0.221289	0.208935	0.245115	
2115	0.224607	0.209136	0.227526	0.205202	0.227510	0.223637	0.199982	0.227406	0.210091	0.244871	
2120	0.231659	0.204700	0.226822	0.205605	0.229618	0.220534	0.205557	0.222157	0.214203	0.240991	
2125	0.221457	0.202716	0.220324	0.201944	0.230772	0.218502	0.211152	0.222268	0.214254	0.240441	
2130	0.217418	0.204636	0.225485	0.203605	0.231683	0.215896	0.210908	0.222941	0.220514	0.238784	
2135	0.212684	0.204229	0.227024	0.208130	0.233165	0.211455	0.214657	0.220468	0.222488	0.239698	
2140	0.207889	0.205420	0.222446	0.214849	0.228783	0.211220	0.213045	0.216158	0.224860	0.234686	
2145	0.206579	0.207792	0.226757	0.216178	0.228113	0.218852	0.215697	0.213362	0.222145	0.229968	
2150	0.203733	0.208205	0.224749	0.218732	0.227470	0.223628	0.210443	0.217521	0.228233	0.224340	
2155	0.209155	0.216215	0.225164	0.225092	0.231844	0.226047	0.216147	0.221461	0.227961	0.229648	
2160	0.205809	0.207256	0.219680	0.230597	0.231796	0.230855	0.220675	0.224916	0.222413	0.232216	
2165	0.203351	0.206182	0.216572	0.234312	0.235453	0.234428	0.225070	0.218375	0.222859	0.223876	
2170	0.205625	0.209385	0.217375	0.240006	0.235840	0.227643	0.227746	0.220440	0.221215	0.226430	
2175	0.209673	0.209162	0.221555	0.246126	0.233983	0.227910	0.225925	0.218750	0.217514	0.226067	
2180	0.211888	0.212555	0.226338	0.249645	0.229334	0.226925	0.228362	0.219704	0.218117	0.224449	
2185	0.212291	0.216007	0.226736	0.248378	0.231675	0.222514	0.231118	0.219180	0.219832	0.225420	
2190	0.215056	0.218208	0.228249	0.243120	0.228779	0.220586	0.229678	0.214908	0.216197	0.225178	
2195	0.216107	0.218018	0.231866	0.242650	0.229328	0.218255	0.228481	0.219913	0.214547	0.229764	
2200	0.220855	0.216732	0.232818	0.240327	0.224502	0.222644	0.224747	0.218358	0.213713	0.228611	
2205	0.226605	0.217069	0.236869	0.233586	0.222884	0.216663	0.226191	0.216575	0.213143	0.228466	
2210	0.231092	0.220243	0.230562	0.226246	0.219600	0.216684	0.226014	0.218632	0.211508	0.222886	
2215	0.228109	0.213474	0.236711	0.219503	0.217538	0.214788	0.230724	0.223569	0.214559	0.231021	
2220	0.226275	0.211740	0.231997	0.219415	0.211610	0.211722	0.231465	0.226418	0.213474	0.231285	
2225	0.226708	0.209835	0.231114	0.212924	0.213847	0.212100	0.234992	0.226581	0.208420	0.227871	
2230	0.224593	0.205717	0.234333	0.211675	0.215411	0.212704	0.236266	0.232880	0.209666	0.221823	
2235	0.217079	0.201314	0.233518	0.205522	0.214082	0.207328	0.228662	0.233478	0.207520	0.222415	
2240	0.219216	0.194658	0.231545	0.201033	0.215150	0.205958	0.222554	0.230506	0.207199	0.221121	
2245	0.217298	0.193651	0.237753	0.200215	0.212514	0.201918	0.219589	0.226595	0.205999	0.215963	
2250	0.215827	0.190749	0.236137	0.200341	0.206820	0.203362	0.228004	0.223404	0.208609	0.209308	
2255	0.223218	0.191467	0.236236	0.198469	0.217768	0.207007	0.223453	0.229740	0.206584	0.209450	
2260	0.225782	0.188204	0.234379	0.196912	0.218450	0.207112	0.226118	0.233185	0.207069	0.211062	
2265	0.225353	0.189338	0.236748	0.191921	0.213759	0.210408	0.226796	0.231363	0.206936	0.211934	
2270	0.221542	0.190564	0.235717	0.189713	0.214588	0.211266	0.225141	0.230334	0.206057	0.209537	
2275	0.222858	0.192504	0.240980	0.192798	0.214795	0.204610	0.222680	0.230186	0.206471	0.204115	
2280	0.225384	0.197287	0.245716	0.195095	0.219291	0.203749	0.218359	0.230472	0.205963	0.203494	
2285	0.224282	0.197918	0.240943	0.197347	0.219403	0.207218	0.216830	0.227825	0.205933	0.204137	
2290	0.227277	0.197260	0.231223	0.197011	0.218540	0.205730	0.214946	0.223578	0.205955	0.199158	
2295	0.227947	0.203127	0.232857	0.203767	0.219363	0.211237	0.210546	0.221272	0.209042	0.205692	
2300	0.224998	0.205936	0.229049	0.207710	0.214821	0.211412	0.207702	0.213443	0.212610	0.209490	
2305	0.227865	0.207260	0.221379	0.214588	0.216346	0.216643	0.212365	0.207177	0.210964	0.211729	
2310	0.230939	0.214453	0.213643	0.217476	0.222107	0.218895	0.212939	0.204613	0.217177	0.213719	
2315	0.231605	0.223600	0.207478	0.220240	0.215290	0.221709	0.214146	0.203347	0.219926	0.216892	
2320	0.234696	0.227284	0.197956	0.219998	0.222179	0.219695	0.216311	0.203806	0.223813	0.217882	
2325	0.233266	0.224613	0.191811	0.230218	0.221625	0.220754	0.217544	0.207177	0.223767	0.216792	
2330	0.234357	0.228241	0.189095	0.229124	0.221090	0.215910	0.221544	0.211642	0.223916	0.214739	
2335	0.235409	0.228945	0.188373	0.233415	0.223792	0.217056	0.218065	0.213011	0.215195	0.213935	
2340	0.239978	0.231471	0.189600	0.241062	0.227461	0.210594	0.214660	0.211971	0.212032	0.212855	
2345	0.234253	0.233633	0.188986	0.243275	0.225950	0.205333	0.213939	0.216301	0.212989	0.212485	
2350	0.230505	0.236630	0.183694	0.244092	0.219615	0.202812	0.206473	0.219878	0.217990	0.212547	
2355	0.223559	0.237732	0.185221	0.238656	0.221834	0.202204	0.205264	0.222560	0.222729	0.208754	
2360	0.221470	0.236917	0.186788	0.240456	0.219704	0.201717	0.203887	0.220406	0.223618	0.213439	
2365	0.216952	0.237984	0.188471	0.244378	0.220153	0.200599	0.207380	0.218190	0.225060	0.215253	
2370	0.217134	0.229590	0.192647	0.240206	0.221036	0.196926	0.204676	0.217938	0.221533	0.217864	
2375	0.220237	0.232633	0.199511	0.238273	0.217137	0.199417	0.204637	0.216735	0.222909	0.215785	
2380	0.219394	0.224996	0.204673	0.234809	0.215287	0.200320	0.202462	0.215186	0.222519	0.215560	
2385	0.222695	0.223254	0.208578	0.227622	0.212909	0.200254	0.206031	0.208648	0.217214	0.220534	
2390	0.219457	0.221546	0.210695	0.227167	0.206760	0.195620	0.211980	0.216031	0.213154	0.219165	
2395	0.219900	0.220258	0.216873	0.226779	0.209504	0.196309	0.213343	0.214566	0.220212	0.218401	
2400	0.221277	0.212122	0.218863	0.228434	0.205882	0.202845	0.212577	0.211963	0.219689	0.215953	
2405	0.219644	0.211159	0.227462	0.229274	0.206192	0.204416	0.219648	0.216063	0.214626	0.217221	
2410	0.223176	0.209043	0.234846	0.229065	0.207076	0.201914	0.224136	0.210446	0.219115	0.216748	
2415	0.221201	0.217240	0.235229	0.230300	0.206554	0.202812	0.226804	0.217218	0.219604	0.215278	
2420	0.226931	0.215300	0.236511	0.233894	0.210499	0.197762	0.221287	0.218065	0.222515	0.213532	
2425	0.229679	0.214969	0.244766	0.233048	0.209527	0.196836	0.215313	0.220649	0.220066	0.213867	
2430	0.226430	0.215128	0.246142	0.237442	0.211150	0.197598	0.218353	0.222101	0.221729	0.210080	
2435	0.225289	0.215372	0.249321	0.237553	0.211058	0.203308	0.219784	0.219698	0.225095	0.207528	
2440	0.231456	0.216937	0.249440	0.225633	0.214749	0.211198	0.216108	0.216381	0.224788	0.202761	
2445	0.228980	0.216145	0.241405	0.227382	0.218878	0.217405	0.213829	0.217475	0.231700	0.198921	
2450	0.225222	0.221058	0.235911	0.223216	0.226225	0.221772	0.213626	0.214260	0.232803	0.200767	
2455	0.228283	0.222280	0.229690	0.218029	0.231851	0.225044	0.215773	0.212116	0.229712	0.208361	
2460	0.225464	0.222619	0.229233	0.212677	0.235988	0.228672	0.209965	0.216750	0.231107	0.207861	
2465	0.222275	0.222854	0.226503	0.212662	0.240827	0.231729	0.208500	0.216676	0.229898	0.208928	
2470	0.219762	0.219884	0.225103	0.206230	0.238326	0.232639	0.205098	0.221205	0.225211	0.208870	
2475	0.221761	0.219948	0.226005	0.207684	0.232352	0.233109	0.208581	0.220690	0.219730	0.203017	
2480	0.221567	0.219952	0.229015	0.197170	0.232540	0.232424	0.203786	0.222272	0.225416	0.207214	
2485	0.222649	0.225536	0.226003	0.198375	0.227639	0.226849	0.202365	0.218405	0.218459	0.205020	
2490	0.215083	0.223921	0.225899	0.195338	0.231348	0.226287	0.199686	0.219185	0.218434	0.208432	
2495	0.211077	0.219579	0.218729	0.197553	0.232567	0.224671	0.196717	0.214164	0.213527	0.211196	
2500	0.213661	0.218387	0.214738	0.196661	0.227653	0.225185	0.196689	0.214821	0.211332	0.212438	
2505	0.220526	0.215135	0.215110	0.195825	0.226706	0.229248	0.203064	0.210182	0.216890	0.214283	
2510	0.226105	0.214624	0.214616	0.202146	0.230878	0.227284	0.208138	0.210841	0.212459	0.215250	
2515	0.225453	0.214957	0.213082	0.200739	0.224900	0.224367	0.209501	0.214730	0.215577	0.220027	
2520	0.225231	0.214324	0.216975	0.199463	0.224428	0.225097	0.212909	0.214532	0.210174	0.223628	
2525	0.222196	0.214370	0.213443	0.196254	0.217952	0.221518	0.216710	0.217990	0.205690	0.217694	
2530	0.225271	0.211286	0.213621	0.199678	0.216145	0.216323	0.215666	0.223476	0.206675	0.213873	
2535	0.219343	0.208480	0.208757	0.204790	0.215012	0.220053	0.219943	0.229712	0.210787	0.212128	
2540	0.219418	0.206336	0.210976	0.200664	0.221409	0.220063	0.219523	0.232429	0.210942	0.210963	
2545	0.219404	0.204930	0.214233	0.204151	0.221519	0.218301	0.214502	0.239534	0.214217	0.213241	
2550	0.223991	0.204345	0.221822	0.205365	0.215952	0.216747	0.220963	0.242671	0.210110	0.207962	
2555	0.229586	0.198682	0.219794	0.207028	0.211105	0.218430	0.218733	0.240617	0.209714	0.207076	
2560	0.232784	0.206306	0.219947	0.209096	0.215260	0.221021	0.217296	0.235892	0.210130	0.207992	
2565	0.228047	0.208749	0.211601	0.216417	0.217386	0.219492	0.213868	0.237229	0.208166	0.206682	
2570	0.228196	0.211034	0.207990	0.213809	0.213234	0.213415	0.213407	0.236603	0.205547	0.201685	
2575	0.223978	0.208886	0.201742	0.219248	0.206729	0.209488	0.211612	0.230268	0.205889	0.198384	
2580	0.223676	0.209339	0.204415	0.228171	0.206374	0.213202	0.215854	0.226392	0.204610	0.201132	
2585	0.216568	0.207228	0.201982	0.230934	0.208536	0.206261	0.219496	0.220985	0.206728	0.201347	
2590	0.211927	0.212532	0.199448	0.227251	0.208217	0.210182	0.217366	0.222114	0.204474	0.197072	
2595	0.209667	0.213155	0.200232	0.230910	0.210988	0.218007	0.219168	0.222001	0.202970	0.192778	
2600	0.208575	0.214317	0.202967	0.232632	0.208577	0.211646	0.220390	0.219490	0.205252	0.188413	
2605	0.213449	0.215399	0.200229	0.231371	0.212127	0.211634	0.222882	0.214508	0.204627	0.187232	
2610	0.213853	0.213437	0.201634	0.230317	0.208882	0.215644	0.225156	0.211381	0.205702	0.190576	
2615	0.211332	0.211734	0.206980	0.235217	0.206065	0.216498	0.218546	0.209649	0.204932	0.185512	
2620	0.210349	0.213715	0.208610	0.233248	0.207000	0.209608	0.215293	0.212792	0.205510	0.188275	
2625	0.216188	0.214622	0.211975	0.232259	0.209166	0.207373	0.211711	0.213388	0.209951	0.190637	
2630	0.215773	0.210622	0.211330	0.230030	0.207839	0.202822	0.207101	0.213611	0.215044	0.191690	
2635	0.214322	0.211487	0.210867	0.225025	0.213630	0.200963	0.206592	0.213486	0.217841	0.189121	
2640	0.216118	0.208116	0.210542	0.223923	0.213028	0.193646	0.208076	0.218971	0.218818	0.187668	
2645	0.214277	0.207649	0.211273	0.211931	0.212951	0.198757	0.206746	0.215047	0.218763	0.186401	
2650	0.206203	0.208256	0.213513	0.209859	0.218789	0.201057	0.208073	0.216922	0.221481	0.189319	
2655	0.209837	0.205021	0.215558	0.205550	0.220644	0.203188	0.208959	0.212654	0.222489	0.190700	
2660	0.209686	0.202324	0.215570	0.205865	0.221610	0.202891	0.207522	0.214447	0.225675	0.191715	
2665	0.212230	0.198553	0.217265	0.209637	0.220541	0.197599	0.207356	0.220440	0.227096	0.187246	
2670	0.214223	0.195107	0.216362	0.210492	0.218142	0.200392	0.205549	0.222315	0.226084	0.191120	
2675	0.214962	0.192782	0.211766	0.211908	0.222662	0.203297	0.208177	0.218243	0.225183	0.194487	
2680	0.215597	0.187694	0.218825	0.211709	0.226638	0.202305	0.205131	0.214459	0.217535	0.200181	
2685	0.218313	0.188108	0.217457	0.215084	0.225545	0.205361	0.203284	0.208279	0.219057	0.204821	
2690	0.220126	0.187773	0.218059	0.214055	0.219972	0.214037	0.201552	0.205835	0.215340	0.202478	
2695	0.220283	0.187855	0.215790	0.218134	0.216884	0.218421	0.205638	0.204909	0.220127	0.209231	
2700	0.221748	0.188062	0.215615	0.221879	0.217585	0.227443	0.207452	0.200612	0.218178	0.214012	
2705	0.226599	0.190787	0.212179	0.221162	0.218574	0.228205	0.208136	0.202235	0.214976	0.211610	
2710	0.223921	0.189134	0.209457	0.218197	0.219853	0.235307	0.208901	0.205218	0.210884	0.211410	
2715	0.222908	0.196323	0.209688	0.224955	0.218350	0.238117	0.206058	0.206375	0.215478	0.215654	
2720	0.225015	0.196435	0.209083	0.231361	0.220625	0.232591	0.211684	0.206901	0.214215	0.221573	
2725	0.230493	0.202690	0.206636	0.227505	0.221611	0.235360	0.212338	0.212435	0.217032	0.224603	
2730	0.232622	0.210181	0.202799	0.227936	0.220130	0.234582	0.208849	0.218544	0.215989	0.219220	
2735	0.234946	0.213228	0.199850	0.228854	0.217998	0.236792	0.210145	0.223566	0.222822	0.223021	
2740	0.234148	0.207176	0.198275	0.224531	0.220884	0.229765	0.212053	0.223786	0.219057	0.221862	
2745	0.232839	0.215109	0.202306	0.220112	0.222145	0.228677	0.219144	0.218098	0.228713	0.220091	
2750	0.233880	0.222065	0.196008	0.214760	0.225190	0.227884	0.229457	0.216796	0.227948	0.224587	
2755	0.238873	0.223559	0.190662	0.209806	0.225381	0.221064	0.230104	0.216004	0.221389	0.220751	
2760	0.231437	0.225292	0.186963	0.208661	0.227365	0.217528	0.229409	0.210813	0.214977	0.219429	
2765	0.227945	0.228402	0.188426	0.213782	0.230442	0.222665	0.234140	0.206394	0.211984	0.219946	
2770	0.223184	0.235230	0.187357	0.207542	0.226785	0.214900	0.228914	0.205636	0.210049	0.218514	
2775	0.221193	0.232249	0.190494	0.201220	0.223864	0.210520	0.230287	0.202444	0.210096	0.221046	
2780	0.219942	0.230427	0.194318	0.203221	0.218109	0.205074	0.235995	0.200857	0.205767	0.224141	
2785	0.217853	0.224770	0.197251	0.203216	0.217796	0.204082	0.232490	0.204210	0.209393	0.222261	
2790	0.219110	0.223102	0.198140	0.199934	0.212757	0.205158	0.229914	0.202441	0.210832	0.216606	
2795	0.214891	0.212691	0.198081	0.196219	0.206842	0.206731	0.229855	0.203799	0.207278	0.218025	
2800	0.211134	0.211217	0.199343	0.202392	0.202722	0.207509	0.235905	0.202471	0.203099	0.219693	
2805	0.214834	0.214042	0.200735	0.203121	0.202011	0.206034	0.243677	0.199858	0.207885	0.214599	
2810	0.215142	0.209144	0.202782	0.203783	0.198634	0.208502	0.230478	0.197870	0.212004	0.216188	
2815	0.216594	0.204817	0.205792	0.205076	0.194549	0.213389	0.231433	0.191509	0.216138	0.213928	
2820	0.216617	0.197224	0.204005	0.204034	0.195447	0.210978	0.228396	0.190149	0.212777	0.209252	
2825	0.221762	0.196442	0.205202	0.200719	0.199509	0.209805	0.227962	0.192925	0.211910	0.208658	
2830	0.220987	0.199509	0.214195	0.203674	0.198566	0.207977	0.223677	0.200106	0.208569	0.208567	
2835	0.220379	0.199485	0.216929	0.203836	0.195934	0.208528	0.225259	0.204267	0.210218	0.203856	
2840	0.214823	0.196633	0.223997	0.204305	0.191639	0.208394	0.219654	0.206721	0.212983	0.209966	
2845	0.208882	0.196080	0.229589	0.202741	0.191093	0.207358	0.222540	0.200754	0.211570	0.215669	
2850	0.201273	0.193082	0.226198	0.204004	0.194672	0.206507	0.222935	0.200343	0.210808	0.214512	
2855	0.205397	0.192341	0.221947	0.211000	0.194082	0.206678	0.219112	0.200328	0.211482	0.216178	
2860	0.208656	0.198733	0.215990	0.213219	0.192327	0.207307	0.218195	0.201611	0.212381	0.215324	
2865	0.211765	0.198187	0.212623	0.208922	0.194517	0.213348	0.212968	0.202381	0.212996	0.224259	
2870	0.212365	0.204136	0.210905	0.207582	0.196529	0.218064	0.205774	0.203502	0.210613	0.230182	
2875	0.211084	0.204596	0.205430	0.214192	0.201943	0.219874	0.206718	0.204299	0.217923	0.234469	
2880	0.207590	0.210317	0.209830	0.222042	0.199080	0.222422	0.209265	0.203865	0.222075	0.236008	
2885	0.210534	0.214494	0.204297	0.219903	0.200762	0.218094	0.210571	0.207888	0.224633	0.238447	
2890	0.209228	0.217475	0.204345	0.212743	0.205087	0.221670	0.208386	0.206547	0.224128	0.230883	
2895	0.215665	0.219955	0.204765	0.208484	0.209327	0.216254	0.214595	0.209441	0.222955	0.224028	
2900	0.218926	0.223924	0.206440	0.209637	0.208462	0.213400	0.210790	0.212412	0.219358	0.222889	
2905	0.222998	0.230976	0.211182	0.210265	0.206650	0.216492	0.207992	0.207884	0.223801	0.219709	
2910	0.225049	0.233688	0.214830	0.208208	0.207679	0.207030	0.208667	0.204693	0.222388	0.220810	
2915	0.220731	0.240251	0.216209	0.214768	0.214169	0.206825	0.209543	0.210652	0.222562	0.214055	
2920	0.220883	0.243944	0.218663	0.222645	0.212759	0.205584	0.209621	0.214916	0.219410	0.217387	
2925	0.223776	0.250342	0.217752	0.229355	0.214056	0.207550	0.215801	0.216267	0.212851	0.214940	
2930	0.229465	0.253470	0.220860	0.227535	0.216431	0.207528	0.212811	0.220107	0.211243	0.211276	
2935	0.227281	0.257103	0.213933	0.230537	0.221250	0.214050	0.209155	0.218449	0.212836	0.215800	
2940	0.224741	0.250979	0.216627	0.227968	0.223683	0.215696	0.204487	0.215740	0.214505	0.216040	
2945	0.224324	0.252250	0.213000	0.227054	0.231486	0.215577	0.205136	0.207663	0.217190	0.209391	
2950	0.221113	0.244360	0.218564	0.233913	0.230166	0.212819	0.207809	0.204119	0.212852	0.208673	
2955	0.212788	0.244889	0.219665	0.232962	0.231414	0.211482	0.208603	0.201672	0.213497	0.203582	
2960	0.213681	0.241001	0.220849	0.231276	0.235910	0.207821	0.210616	0.204501	0.213450	0.204589	
2965	0.211900	0.236654	0.222797	0.225110	0.237056	0.208894	0.210427	0.200164	0.214869	0.201695	
2970	0.212672	0.226292	0.219161	0.225079	0.234224	0.212381	0.212496	0.197115	0.217517	0.195838	
2975	0.211738	0.221870	0.219168	0.226196	0.227937	0.210836	0.211846	0.194698	0.216609	0.195026	
2980	0.210946	0.214526	0.221513	0.221530	0.225358	0.210593	0.211768	0.195398	0.214043	0.193869	
2985	0.213340	0.207385	0.220060	0.218755	0.224541	0.208349	0.216405	0.197286	0.218386	0.194779	
2990	0.210366	0.208858	0.218178	0.215909	0.223933	0.210736	0.214447	0.199140	0.223037	0.194209	
2995	0.215994	0.207903	0.220079	0.217213	0.223992	0.212684	0.213079	0.200040	0.223333	0.199681	
3000	0.213238	0.202009	0.220786	0.213333	0.221104	0.211352	0.212699	0.201605	0.215653	0.202208	
