T	rep_1	rep_2	rep_3	rep_4	rep_5	rep_6	rep_7	rep_8	rep_9	rep_10
5	0.000000	0.000000	0.000000	0.000000	0.000000	0.000000	0.000000	0.000000	0.000000	0.000000	
10	0.000000	0.000000	0.000000	0.000000	0.000000	0.000000	0.000000	0.000000	0.000000	0.000000	
15	0.000000	0.000000	0.000000	0.000000	0.000000	0.000000	0.000000	0.000000	0.000000	0.000000	
20	0.000000	0.000000	0.000000	0.000000	0.000000	0.000000	0.000000	0.000000	0.000000	0.000000	
25	0.000000	0.000000	0.000000	0.000000	0.000000	0.000000	0.000000	0.000000	0.000000	0.000000	
30	0.000000	0.000000	0.000000	0.000000	0.000000	0.000000	0.000000	0.000000	0.000000	0.000000	
35	0.000000	0.000000	0.000000	0.000000	0.000000	0.000000	0.000000	0.000000	0.000000	0.000000	
40	0.000000	0.000000	0.000000	0.000000	0.000000	0.000000	0.000000	0.000000	0.000000	0.000000	
45	0.000000	0.000000	0.000000	0.000000	0.000000	0.000000	0.000000	0.000000	0.000000	0.000000	
50	0.000000	0.000000	0.000000	0.000000	0.000000	0.000000	0.000000	0.000000	0.000000	0.000000	
55	0.000000	0.000000	0.000000	0.000000	0.000000	0.000000	0.000000	0.000000	0.000000	0.000000	
60	0.000000	0.000000	0.000000	0.000000	0.000000	0.000000	0.000000	0.000000	0.000000	0.000000	
65	0.000000	0.000000	0.000000	0.000000	0.000000	0.000000	0.000000	0.000000	0.000000	0.000000	
70	0.000000	0.000000	0.000000	0.000000	0.000000	0.000000	0.000000	0.000000	0.000000	0.000000	
75	0.000000	0.000000	0.000000	0.000000	0.000000	0.000000	0.000000	0.000000	0.000000	0.000000	
80	0.000000	0.000000	0.000000	0.000000	0.000000	0.000000	0.000000	0.000000	0.000000	0.000000	
85	0.000000	0.000000	0.000000	0.000000	0.000000	0.000000	0.000000	0.000000	0.000000	0.000000	
90	0.000000	0.000000	0.000000	0.000000	0.000000	0.000000	0.000000	0.000000	0.000000	0.000000	
95	0.000000	0.000000	0.000000	0.000000	0.000000	0.000000	0.000000	0.000000	0.000000	0.000000	
100	0.000000	0.000000	0.000000	0.000000	0.000000	0.000000	0.000000	0.000000	0.000000	0.000000	
105	0.000907	0.001382	0.001374	0.001505	0.001211	0.001779	0.001221	0.001947	0.001033	0.001114	
110	0.003894	0.006235	0.003875	0.004416	0.002907	0.003128	0.002931	0.004050	0.003083	0.004546	
115	0.006747	0.010704	0.007081	0.006185	0.005748	0.005474	0.004951	0.004715	0.004775	0.007240	
120	0.006677	0.015978	0.010615	0.009417	0.012006	0.007822	0.008272	0.009832	0.011946	0.009266	
125	0.006483	0.019538	0.014113	0.014181	0.014809	0.007858	0.007456	0.013569	0.011268	0.010506	
130	0.010216	0.024844	0.015696	0.019715	0.017389	0.012156	0.009600	0.015287	0.018163	0.008128	
135	0.012164	0.028671	0.019284	0.024934	0.021324	0.016434	0.010974	0.018666	0.020987	0.009213	
140	0.014336	0.031992	0.020583	0.029529	0.023343	0.020240	0.014875	0.022722	0.023120	0.012384	
145	0.016920	0.037949	0.018611	0.033453	0.028667	0.025467	0.020339	0.028238	0.030071	0.013752	
150	0.020463	0.042622	0.022590	0.033044	0.031744	0.031933	0.020843	0.029026	0.034620	0.016476	
155	0.024578	0.043338	0.023344	0.044470	0.034173	0.032568	0.024497	0.028056	0.038511	0.019891	
160	0.032273	0.042621	0.023012	0.048961	0.041020	0.034840	0.028295	0.029471	0.043104	0.021345	
165	0.039742	0.047483	0.029120	0.046942	0.042943	0.035777	0.034769	0.034243	0.048471	0.021108	
170	0.040607	0.051708	0.032155	0.048866	0.043036	0.036013	0.040090	0.036904	0.051305	0.023728	
175	0.046874	0.058054	0.031292	0.049740	0.049075	0.041321	0.044182	0.040346	0.055293	0.027941	
180	0.047856	0.058225	0.036689	0.052671	0.050751	0.046921	0.045012	0.042483	0.055555	0.032155	
185	0.050666	0.061175	0.038276	0.049757	0.055107	0.053214	0.049145	0.043603	0.055222	0.032939	
190	0.054023	0.063661	0.046615	0.049288	0.055235	0.056154	0.051366	0.044232	0.057318	0.033977	
195	0.058105	0.065518	0.047936	0.048735	0.058504	0.058914	0.055030	0.048330	0.061815	0.038025	
200	0.061252	0.073543	0.048297	0.052583	0.060402	0.062584	0.061497	0.057735	0.068580	0.045247	
205	0.059518	0.078204	0.054742	0.054987	0.062336	0.066549	0.061567	0.057000	0.071111	0.044459	
210	0.059689	0.085859	0.055505	0.057558	0.068024	0.068455	0.063577	0.061858	0.069198	0.044372	
215	0.061203	0.089052	0.057392	0.059437	0.074545	0.070305	0.064183	0.062555	0.067813	0.046179	
220	0.069617	0.089885	0.062282	0.064901	0.072021	0.076785	0.067684	0.064480	0.070104	0.051680	
225	0.068336	0.093687	0.062521	0.064569	0.070970	0.079271	0.072945	0.065876	0.069298	0.055870	
230	0.070455	0.096211	0.062892	0.069735	0.074014	0.078378	0.071515	0.067308	0.071894	0.055687	
235	0.071387	0.093817	0.067014	0.072766	0.069507	0.080559	0.070866	0.069658	0.074792	0.053138	
240	0.072319	0.099308	0.070083	0.071091	0.070502	0.084290	0.075400	0.069203	0.075837	0.055664	
245	0.070728	0.102016	0.066821	0.068365	0.071391	0.082866	0.079601	0.070123	0.076464	0.055921	
250	0.072157	0.108745	0.071034	0.070183	0.074706	0.079767	0.076640	0.070392	0.076134	0.051467	
255	0.070419	0.111064	0.070762	0.068440	0.074192	0.084371	0.076477	0.070479	0.074716	0.055537	
260	0.073377	0.110664	0.071063	0.071919	0.075565	0.084530	0.077203	0.069506	0.075238	0.056917	
265	0.077225	0.107169	0.074834	0.074863	0.077443	0.084875	0.079819	0.069987	0.075174	0.059829	
270	0.077289	0.108868	0.072765	0.077217	0.076761	0.082941	0.084254	0.070794	0.074641	0.061250	
275	0.076005	0.112900	0.069627	0.078728	0.075768	0.085198	0.086894	0.069336	0.073772	0.063488	
280	0.077696	0.113027	0.071874	0.078083	0.079207	0.086586	0.084314	0.071374	0.075552	0.065633	
285	0.077276	0.112938	0.071460	0.075890	0.076686	0.086195	0.085017	0.076566	0.074206	0.065453	
290	0.078883	0.116867	0.072601	0.078996	0.075393	0.088058	0.088289	0.079900	0.079399	0.065096	
295	0.078871	0.116962	0.075169	0.082017	0.079293	0.090149	0.088818	0.080544	0.083612	0.071683	
300	0.077978	0.117040	0.077393	0.082084	0.074737	0.094341	0.094826	0.084665	0.087139	0.067628	
305	0.081665	0.117785	0.084478	0.084020	0.074064	0.094852	0.094660	0.085960	0.089905	0.070900	
310	0.086375	0.115032	0.086170	0.082942	0.080880	0.094031	0.093817	0.085919	0.097848	0.072653	
315	0.091202	0.118724	0.088922	0.086566	0.085090	0.097455	0.089511	0.081729	0.101766	0.076115	
320	0.091648	0.114915	0.088031	0.085221	0.085175	0.097789	0.086483	0.082889	0.105556	0.073903	
325	0.093824	0.117392	0.089355	0.086177	0.088074	0.097914	0.090353	0.086315	0.105208	0.076803	
330	0.093737	0.120112	0.092906	0.090056	0.086178	0.098903	0.090961	0.087973	0.112364	0.076813	
335	0.092815	0.120525	0.094091	0.086730	0.085183	0.099688	0.094519	0.094501	0.109469	0.082172	
340	0.094379	0.124208	0.097092	0.085317	0.088170	0.098294	0.097558	0.090873	0.106654	0.081084	
345	0.097084	0.120731	0.099211	0.089071	0.088589	0.096079	0.092775	0.096749	0.104660	0.083886	
350	0.099515	0.124253	0.104775	0.090577	0.085574	0.095155	0.087948	0.098808	0.106931	0.088191	
355	0.100371	0.121691	0.104514	0.091672	0.084324	0.090238	0.091901	0.099603	0.109326	0.087926	
360	0.103903	0.122839	0.106565	0.091093	0.085316	0.091920	0.094750	0.100786	0.112300	0.090839	
365	0.106926	0.123282	0.109740	0.094735	0.086586	0.096841	0.096170	0.106257	0.113670	0.093008	
370	0.105360	0.120657	0.110635	0.094650	0.089080	0.096499	0.101502	0.105174	0.115006	0.091853	
375	0.109192	0.120208	0.108149	0.091978	0.091950	0.097091	0.103385	0.107591	0.114522	0.094083	
380	0.112352	0.122218	0.107380	0.094066	0.095605	0.099245	0.101317	0.107086	0.120019	0.094574	
385	0.114022	0.122246	0.104817	0.093190	0.095149	0.101346	0.099135	0.104492	0.123059	0.099395	
390	0.116620	0.124151	0.104547	0.092001	0.100378	0.101898	0.103149	0.104611	0.125111	0.102434	
395	0.118039	0.125018	0.105597	0.094485	0.096221	0.100470	0.102024	0.104151	0.128019	0.100704	
400	0.116962	0.125436	0.105888	0.093053	0.096067	0.101997	0.099713	0.108531	0.128063	0.096753	
405	0.115106	0.127906	0.108015	0.096695	0.102499	0.101417	0.101504	0.108534	0.130359	0.093727	
410	0.115300	0.127162	0.110163	0.098923	0.105670	0.100106	0.105104	0.109166	0.126160	0.094701	
415	0.114322	0.131691	0.107488	0.097110	0.097719	0.099804	0.108668	0.109141	0.127694	0.093968	
420	0.113246	0.129759	0.105965	0.099210	0.100368	0.102240	0.110966	0.107678	0.127645	0.095909	
425	0.116572	0.130603	0.108445	0.100521	0.101140	0.103591	0.109220	0.111465	0.130280	0.101332	
430	0.113403	0.132383	0.112193	0.100439	0.098113	0.105788	0.110548	0.116349	0.128729	0.102145	
435	0.117310	0.136187	0.116683	0.097213	0.101074	0.104252	0.108577	0.111103	0.130986	0.103533	
440	0.118968	0.136927	0.121517	0.098065	0.096526	0.103521	0.111205	0.112941	0.129342	0.106331	
445	0.120350	0.137790	0.118856	0.103601	0.097369	0.099048	0.114251	0.115356	0.126602	0.104813	
450	0.121080	0.139792	0.118149	0.106351	0.100640	0.098946	0.114527	0.115390	0.126430	0.102737	
455	0.121093	0.139974	0.116280	0.107410	0.099950	0.098659	0.116022	0.115858	0.132385	0.103075	
460	0.117721	0.138664	0.116734	0.107833	0.099135	0.097012	0.110498	0.113972	0.133851	0.108215	
465	0.123062	0.141761	0.115790	0.104573	0.101775	0.101187	0.110319	0.109401	0.135702	0.112350	
470	0.123522	0.139695	0.116604	0.103240	0.102802	0.101685	0.115762	0.106569	0.139239	0.110297	
475	0.118787	0.139690	0.110234	0.107544	0.108459	0.097970	0.115917	0.108493	0.139425	0.112114	
480	0.116088	0.139298	0.114412	0.108619	0.113091	0.100891	0.114953	0.112047	0.140857	0.107755	
485	0.115098	0.143157	0.115754	0.109255	0.113093	0.100201	0.118367	0.108618	0.137884	0.114060	
490	0.116121	0.137708	0.120882	0.110247	0.113335	0.099760	0.121148	0.111853	0.133117	0.110661	
495	0.115796	0.145518	0.120409	0.113084	0.111471	0.098906	0.122551	0.110529	0.129507	0.115270	
500	0.112287	0.149007	0.120556	0.113836	0.117990	0.099737	0.124661	0.110948	0.134472	0.115106	
505	0.114370	0.149945	0.117568	0.110711	0.120831	0.098595	0.125530	0.113911	0.139347	0.118042	
510	0.117833	0.147221	0.120380	0.112498	0.121292	0.100094	0.124257	0.112793	0.141108	0.120810	
515	0.121907	0.146476	0.124795	0.114263	0.127599	0.101017	0.124030	0.117633	0.142278	0.125375	
520	0.118110	0.143994	0.124905	0.111777	0.127102	0.100167	0.124429	0.119804	0.137793	0.124493	
525	0.121300	0.145917	0.123816	0.109460	0.128985	0.100564	0.124441	0.116349	0.141198	0.123971	
530	0.119498	0.144366	0.126172	0.105302	0.125493	0.100282	0.125434	0.116727	0.141052	0.123838	
535	0.123492	0.148755	0.124772	0.108643	0.123289	0.099529	0.121818	0.114026	0.146394	0.127860	
540	0.120555	0.149483	0.122418	0.109186	0.122175	0.102258	0.125646	0.114298	0.140499	0.121396	
545	0.119950	0.152795	0.122848	0.110193	0.125038	0.102309	0.124955	0.116270	0.138046	0.123859	
550	0.119025	0.155250	0.132023	0.112291	0.124577	0.105063	0.125585	0.118193	0.139603	0.125870	
555	0.119012	0.155282	0.132153	0.115757	0.126633	0.103044	0.126219	0.114793	0.136421	0.128587	
560	0.118419	0.151435	0.134829	0.120977	0.125888	0.102715	0.130136	0.114520	0.142841	0.128528	
565	0.120422	0.148567	0.130596	0.116886	0.123364	0.101987	0.130574	0.115002	0.141282	0.134272	
570	0.121537	0.143887	0.127821	0.120125	0.124040	0.100450	0.129203	0.115397	0.138545	0.137494	
575	0.120518	0.144350	0.130925	0.121425	0.121862	0.099067	0.126526	0.111526	0.137020	0.138581	
580	0.121274	0.144239	0.132902	0.126561	0.124244	0.102404	0.130686	0.112451	0.135432	0.134581	
585	0.124387	0.144119	0.132352	0.129189	0.122311	0.102527	0.130283	0.111330	0.127847	0.136788	
590	0.125454	0.142467	0.130887	0.123687	0.120575	0.100263	0.132428	0.114621	0.127869	0.136117	
595	0.123370	0.141014	0.134524	0.123011	0.121433	0.104305	0.136652	0.111112	0.129809	0.136111	
600	0.129243	0.144067	0.131385	0.124625	0.125224	0.106973	0.137258	0.109407	0.129762	0.136058	
605	0.122550	0.146402	0.131126	0.122308	0.122623	0.113424	0.140618	0.113214	0.126947	0.130213	
610	0.122124	0.153124	0.134485	0.122489	0.124042	0.113994	0.138918	0.114447	0.127948	0.128681	
615	0.120297	0.151817	0.129362	0.117544	0.121502	0.111435	0.147340	0.113956	0.128670	0.131279	
620	0.124557	0.150352	0.131864	0.123554	0.124233	0.110624	0.146239	0.113069	0.130581	0.128213	
625	0.126922	0.156710	0.130846	0.121515	0.130995	0.116245	0.142924	0.117881	0.135868	0.126746	
630	0.132153	0.154804	0.133557	0.123063	0.134973	0.115287	0.147641	0.116343	0.137840	0.127116	
635	0.132697	0.151511	0.139776	0.121298	0.131510	0.113661	0.150602	0.112487	0.140788	0.125927	
640	0.134955	0.151170	0.137163	0.119765	0.135753	0.112356	0.151655	0.117485	0.145272	0.128591	
645	0.133973	0.154782	0.138590	0.118599	0.134396	0.112654	0.150479	0.119539	0.141977	0.132465	
650	0.133574	0.155546	0.140533	0.120104	0.132575	0.112644	0.146339	0.114109	0.147381	0.135827	
655	0.131005	0.154909	0.141473	0.123870	0.125875	0.115241	0.142889	0.114186	0.150372	0.132736	
660	0.132386	0.154570	0.141265	0.126530	0.129380	0.115959	0.143042	0.116919	0.148349	0.130914	
665	0.128606	0.153214	0.135990	0.128083	0.128599	0.119886	0.145232	0.120066	0.142696	0.133839	
670	0.130828	0.152225	0.137200	0.128255	0.129769	0.115804	0.140362	0.119188	0.139840	0.134501	
675	0.128014	0.149187	0.135205	0.126887	0.131374	0.119590	0.136838	0.124302	0.140434	0.135214	
680	0.126453	0.148102	0.134752	0.120967	0.136331	0.118455	0.142097	0.128245	0.136177	0.134806	
685	0.130850	0.151503	0.136761	0.122084	0.136343	0.119281	0.141120	0.131066	0.144279	0.133661	
690	0.136304	0.159132	0.137876	0.119568	0.133305	0.121239	0.136985	0.138570	0.139744	0.136279	
695	0.137731	0.153786	0.133129	0.122218	0.135898	0.119460	0.133764	0.132581	0.135713	0.135342	
700	0.133784	0.152928	0.130610	0.120162	0.135372	0.123649	0.136507	0.130243	0.137900	0.135495	
705	0.129783	0.154361	0.126608	0.120134	0.139214	0.124279	0.136106	0.129357	0.136819	0.136858	
710	0.131314	0.154940	0.128445	0.121243	0.141031	0.122267	0.136613	0.127850	0.139840	0.141159	
715	0.129204	0.152814	0.128257	0.119350	0.141158	0.119427	0.138567	0.126999	0.141550	0.140594	
720	0.130346	0.156870	0.134205	0.123216	0.146257	0.120167	0.141721	0.129924	0.138366	0.142794	
725	0.133300	0.159657	0.140377	0.123864	0.148621	0.126197	0.143713	0.133134	0.137985	0.142642	
730	0.133080	0.152905	0.138509	0.124188	0.147523	0.127710	0.145963	0.132946	0.141142	0.142160	
735	0.130006	0.154225	0.135051	0.126365	0.144452	0.130061	0.144202	0.130261	0.138575	0.147785	
740	0.130028	0.151218	0.132397	0.127248	0.147626	0.125988	0.140011	0.134508	0.140721	0.146603	
745	0.129128	0.153274	0.129270	0.128081	0.145428	0.128390	0.140811	0.133841	0.137313	0.147477	
750	0.130289	0.149920	0.127013	0.123115	0.146207	0.126147	0.142362	0.132567	0.137599	0.148774	
755	0.127402	0.145904	0.124874	0.128733	0.144198	0.123463	0.143964	0.129375	0.142705	0.146514	
760	0.129015	0.143543	0.124199	0.128612	0.151392	0.124003	0.142000	0.130080	0.141938	0.142076	
765	0.131241	0.142562	0.123168	0.129444	0.144379	0.123831	0.141675	0.128270	0.143774	0.139592	
770	0.131338	0.141890	0.126638	0.130663	0.141867	0.122678	0.145808	0.131412	0.142035	0.141974	
775	0.132222	0.140728	0.128500	0.127598	0.145417	0.122021	0.147399	0.135569	0.140773	0.141113	
780	0.132734	0.139644	0.125155	0.126493	0.147196	0.122217	0.145619	0.138040	0.142945	0.138219	
785	0.131783	0.139998	0.128045	0.129441	0.147474	0.122473	0.143294	0.137614	0.144087	0.140929	
790	0.131441	0.142517	0.126858	0.128634	0.150829	0.123382	0.144057	0.136737	0.139239	0.142844	
795	0.132409	0.144287	0.128569	0.127508	0.146419	0.129415	0.147974	0.138482	0.145746	0.138046	
800	0.132261	0.141077	0.128859	0.128968	0.148923	0.130873	0.149837	0.140125	0.144440	0.139993	
805	0.137087	0.139319	0.123684	0.126852	0.149305	0.134281	0.149045	0.146328	0.142046	0.137738	
810	0.141291	0.140259	0.129186	0.134694	0.149593	0.132381	0.147962	0.142630	0.147598	0.137418	
815	0.142217	0.140648	0.126072	0.130626	0.147214	0.130925	0.151705	0.148452	0.149758	0.133582	
820	0.140511	0.139911	0.123316	0.127766	0.145756	0.129845	0.147571	0.147408	0.149154	0.130189	
825	0.140164	0.143231	0.126098	0.129687	0.142705	0.128116	0.147160	0.143845	0.152603	0.132543	
830	0.141275	0.141900	0.126455	0.129813	0.148476	0.126486	0.141966	0.142139	0.146974	0.129781	
835	0.139471	0.144138	0.127099	0.136400	0.152549	0.124992	0.138718	0.144443	0.150974	0.132860	
840	0.141868	0.146168	0.129097	0.136308	0.153806	0.127221	0.140105	0.141246	0.150426	0.131815	
845	0.145379	0.149695	0.131992	0.139429	0.151678	0.128492	0.143449	0.138270	0.148450	0.135831	
850	0.142628	0.146795	0.131073	0.140845	0.154688	0.130745	0.144287	0.140245	0.143130	0.132217	
855	0.145414	0.146715	0.132552	0.138663	0.154438	0.126703	0.145175	0.138877	0.138713	0.135521	
860	0.139824	0.147678	0.131585	0.139950	0.152628	0.124549	0.148118	0.142251	0.135995	0.133763	
865	0.143811	0.144213	0.133458	0.140790	0.151394	0.126805	0.146593	0.144622	0.135396	0.136525	
870	0.143176	0.143039	0.136478	0.138213	0.146558	0.123991	0.140301	0.149820	0.135485	0.131941	
875	0.143357	0.145546	0.138019	0.139165	0.145995	0.127213	0.141325	0.150091	0.136767	0.127186	
880	0.145086	0.149738	0.134141	0.142457	0.147016	0.126769	0.141676	0.148453	0.135103	0.125756	
885	0.148845	0.151596	0.132509	0.139998	0.140694	0.125984	0.143530	0.147753	0.134876	0.123312	
890	0.144173	0.148194	0.137965	0.145214	0.141016	0.123989	0.145520	0.142133	0.134384	0.121608	
895	0.146566	0.150063	0.134629	0.146344	0.138409	0.124106	0.143129	0.140001	0.134205	0.120577	
900	0.143438	0.148222	0.141172	0.142976	0.134717	0.129686	0.147025	0.143118	0.134183	0.125049	
905	0.140675	0.148625	0.140685	0.145788	0.137235	0.128246	0.141512	0.140745	0.134775	0.123836	
910	0.138454	0.147390	0.141222	0.142491	0.134994	0.127661	0.143092	0.145408	0.132540	0.130158	
915	0.141146	0.140920	0.140238	0.142896	0.132815	0.130217	0.147020	0.148926	0.137444	0.130859	
920	0.142302	0.139857	0.142343	0.141504	0.132638	0.128172	0.144180	0.148466	0.138725	0.131724	
925	0.141702	0.146328	0.148485	0.141314	0.131166	0.127816	0.143018	0.149653	0.143012	0.132245	
930	0.139551	0.152392	0.149162	0.143704	0.133708	0.131216	0.139438	0.154992	0.144204	0.135750	
935	0.144809	0.155816	0.148371	0.143106	0.132327	0.135255	0.143934	0.157127	0.140277	0.133461	
940	0.143431	0.154017	0.145275	0.151608	0.137187	0.139069	0.146713	0.158468	0.147066	0.133158	
945	0.149145	0.153343	0.142551	0.149425	0.140817	0.132589	0.147771	0.156300	0.143173	0.130617	
950	0.144223	0.150609	0.140980	0.150000	0.143573	0.133846	0.146605	0.153644	0.146389	0.134550	
955	0.144995	0.157709	0.140013	0.153831	0.138141	0.137194	0.146775	0.158731	0.143841	0.140225	
960	0.147869	0.154483	0.139648	0.154371	0.140048	0.134766	0.147420	0.154573	0.145388	0.141347	
965	0.152773	0.152169	0.139356	0.156150	0.143263	0.127409	0.147492	0.158704	0.147888	0.144580	
970	0.149128	0.148492	0.141529	0.152950	0.142914	0.129338	0.146511	0.155459	0.146338	0.144113	
975	0.149751	0.150076	0.143618	0.152716	0.145893	0.131298	0.150947	0.155228	0.148166	0.142874	
980	0.151603	0.149164	0.145504	0.154379	0.146903	0.131602	0.153736	0.155744	0.149406	0.142473	
985	0.153061	0.146596	0.141584	0.154794	0.153671	0.133056	0.151784	0.155245	0.144741	0.140997	
990	0.154723	0.149966	0.141083	0.158265	0.148174	0.130773	0.154049	0.153818	0.149258	0.140734	
995	0.153574	0.149942	0.144774	0.158941	0.152675	0.132573	0.152638	0.155957	0.149213	0.144238	
1000	0.152779	0.152521	0.145706	0.159664	0.151614	0.132398	0.150818	0.160688	0.147711	0.148081	
1005	0.152740	0.148633	0.145780	0.160851	0.154378	0.131544	0.148092	0.157075	0.146173	0.146095	
1010	0.158103	0.154515	0.142930	0.159299	0.156040	0.132684	0.144140	0.160216	0.149234	0.148527	
1015	0.159670	0.156092	0.142713	0.158406	0.160543	0.135299	0.149017	0.161218	0.150970	0.149374	
1020	0.160688	0.158646	0.142910	0.160792	0.159399	0.139387	0.143690	0.159762	0.149116	0.148118	
1025	0.159066	0.158438	0.145835	0.162602	0.162678	0.142895	0.141452	0.155003	0.146085	0.148557	
1030	0.161721	0.157350	0.145033	0.164805	0.162074	0.145932	0.141614	0.157268	0.147245	0.151089	
1035	0.160844	0.157842	0.146438	0.169230	0.160155	0.142291	0.137009	0.155783	0.149055	0.152523	
1040	0.158369	0.156004	0.144242	0.164133	0.158184	0.146687	0.141374	0.155964	0.150945	0.152602	
1045	0.156606	0.157727	0.145355	0.160273	0.155099	0.151845	0.143705	0.152154	0.150328	0.149522	
1050	0.152123	0.157863	0.147824	0.160741	0.152057	0.150014	0.146868	0.154504	0.150548	0.148023	
1055	0.150730	0.156531	0.144003	0.159140	0.150110	0.145677	0.147813	0.157811	0.152370	0.149841	
1060	0.152868	0.153435	0.142787	0.160860	0.155776	0.144197	0.142368	0.157176	0.155973	0.152963	
1065	0.156563	0.155245	0.143345	0.158733	0.159645	0.134464	0.142371	0.156317	0.150461	0.148358	
1070	0.160171	0.159801	0.146294	0.160511	0.158594	0.132640	0.143994	0.156101	0.148708	0.150255	
1075	0.153007	0.161381	0.151107	0.156107	0.160352	0.130737	0.145776	0.161259	0.149448	0.149290	
1080	0.154605	0.156911	0.151383	0.159642	0.164822	0.133567	0.144429	0.160538	0.144699	0.143517	
1085	0.154951	0.156219	0.153095	0.156227	0.165615	0.131887	0.138355	0.165264	0.144639	0.142825	
1090	0.151928	0.151939	0.157454	0.155090	0.164495	0.131418	0.139849	0.163338	0.146550	0.139191	
1095	0.148738	0.150615	0.155167	0.158994	0.165485	0.135470	0.140764	0.158723	0.146255	0.143446	
1100	0.151348	0.145164	0.153590	0.163392	0.168013	0.136873	0.143738	0.162331	0.148007	0.143370	
1105	0.147111	0.147588	0.158563	0.163909	0.164654	0.133676	0.142223	0.166274	0.151059	0.142933	
1110	0.147840	0.150912	0.152612	0.162622	0.162934	0.134561	0.143296	0.168361	0.152544	0.145857	
1115	0.144291	0.156806	0.151348	0.166432	0.161830	0.136374	0.141772	0.163628	0.152810	0.148484	
1120	0.147255	0.158559	0.150511	0.167169	0.161674	0.135522	0.139615	0.166285	0.151511	0.149947	
1125	0.144833	0.159005	0.150550	0.165681	0.159149	0.132862	0.136172	0.163687	0.152493	0.145070	
1130	0.140837	0.158071	0.151194	0.161265	0.155573	0.130421	0.139192	0.160130	0.151518	0.141478	
1135	0.140804	0.155944	0.150800	0.157170	0.152704	0.130894	0.139029	0.164286	0.149955	0.137037	
1140	0.145078	0.151319	0.156029	0.154441	0.150830	0.130957	0.137222	0.166673	0.148001	0.137526	
1145	0.152355	0.149675	0.158326	0.159071	0.151556	0.128480	0.135722	0.170501	0.150113	0.137671	
1150	0.152501	0.151955	0.161398	0.158659	0.151936	0.129437	0.135331	0.168138	0.149479	0.136490	
1155	0.153400	0.150914	0.160194	0.154999	0.150282	0.127421	0.135595	0.168525	0.150574	0.138635	
1160	0.154375	0.148146	0.160670	0.157549	0.152870	0.124257	0.137039	0.164239	0.150204	0.138638	
1165	0.149935	0.144491	0.160731	0.155940	0.151558	0.124116	0.138683	0.165507	0.148403	0.143620	
1170	0.149609	0.143099	0.163624	0.157908	0.151476	0.121410	0.139033	0.165451	0.145979	0.139135	
1175	0.150044	0.147978	0.163473	0.157846	0.152766	0.124538	0.139263	0.161251	0.146338	0.136112	
1180	0.150370	0.143957	0.162292	0.158596	0.159436	0.128985	0.141596	0.157110	0.149297	0.137036	
1185	0.148937	0.144220	0.161742	0.150959	0.155110	0.132036	0.140304	0.157027	0.143494	0.137085	
1190	0.151414	0.145093	0.158267	0.147535	0.154504	0.134233	0.140353	0.153448	0.144167	0.138779	
1195	0.160476	0.144404	0.157914	0.150660	0.150102	0.133492	0.138615	0.152872	0.148440	0.135294	
1200	0.157264	0.142648	0.162501	0.149886	0.147724	0.133856	0.140690	0.153396	0.147581	0.131771	
1205	0.157651	0.142324	0.164637	0.152850	0.150392	0.127681	0.137696	0.156458	0.149838	0.130505	
1210	0.162286	0.144581	0.164437	0.153842	0.148148	0.131488	0.136794	0.153063	0.147201	0.132525	
1215	0.163868	0.144399	0.168125	0.153986	0.153178	0.129523	0.139127	0.152918	0.145375	0.132584	
1220	0.166117	0.143394	0.171572	0.155112	0.148541	0.128733	0.137381	0.150103	0.146185	0.131620	
1225	0.163398	0.142273	0.173576	0.151083	0.153319	0.129975	0.139938	0.152721	0.153424	0.132536	
1230	0.168645	0.142029	0.174633	0.151101	0.150660	0.129606	0.140827	0.157169	0.151991	0.135227	
1235	0.168623	0.139706	0.176839	0.147791	0.152172	0.130570	0.146385	0.158067	0.151780	0.132347	
1240	0.166128	0.138601	0.175264	0.150019	0.152010	0.136692	0.146952	0.164404	0.149144	0.136740	
1245	0.165278	0.134633	0.171487	0.149929	0.157060	0.142177	0.149618	0.160612	0.144446	0.136564	
1250	0.169343	0.132327	0.173346	0.147086	0.163522	0.142088	0.152442	0.159822	0.140652	0.135766	
1255	0.165522	0.133549	0.179193	0.150610	0.163908	0.142486	0.152488	0.158025	0.141159	0.132773	
1260	0.162373	0.133639	0.179470	0.157327	0.163003	0.143041	0.150259	0.160141	0.144278	0.132713	
1265	0.168410	0.130220	0.173667	0.154474	0.162923	0.149560	0.147835	0.158680	0.143717	0.132999	
1270	0.172239	0.134622	0.167195	0.153734	0.158877	0.146187	0.150943	0.163034	0.138572	0.135761	
1275	0.175388	0.138523	0.170604	0.156024	0.159595	0.143236	0.148236	0.166075	0.138098	0.139016	
1280	0.175414	0.141789	0.174091	0.160414	0.155297	0.143762	0.145107	0.165179	0.134887	0.138340	
1285	0.176324	0.140204	0.172632	0.156079	0.155614	0.144296	0.149599	0.167598	0.137631	0.137813	
1290	0.172740	0.137873	0.171587	0.154029	0.157788	0.145914	0.147700	0.169664	0.134992	0.136772	
1295	0.166831	0.137403	0.172634	0.155482	0.154959	0.148621	0.148890	0.170182	0.136613	0.138651	
1300	0.168856	0.142462	0.173244	0.157049	0.154565	0.151043	0.147437	0.170473	0.139125	0.143083	
1305	0.168317	0.146155	0.176184	0.159270	0.151853	0.158988	0.148093	0.169662	0.138668	0.143394	
1310	0.166265	0.142658	0.169530	0.158346	0.154571	0.161967	0.153069	0.169963	0.135579	0.144123	
1315	0.161476	0.142953	0.168969	0.152907	0.152082	0.158944	0.146687	0.168576	0.141182	0.143690	
1320	0.162810	0.145933	0.174020	0.151015	0.153880	0.163187	0.149214	0.167573	0.142450	0.144110	
1325	0.159642	0.147466	0.178625	0.148893	0.153821	0.160243	0.152639	0.167757	0.141320	0.141879	
1330	0.157152	0.151689	0.177996	0.149873	0.157224	0.161645	0.154218	0.170407	0.148178	0.141281	
1335	0.155839	0.152340	0.180500	0.149484	0.157039	0.160260	0.153663	0.172020	0.150938	0.139388	
1340	0.157946	0.152519	0.176894	0.149523	0.159188	0.152573	0.156063	0.171495	0.149385	0.141314	
1345	0.158632	0.152976	0.179231	0.149795	0.157681	0.148337	0.158396	0.172930	0.148697	0.142424	
1350	0.165093	0.155305	0.181929	0.152996	0.156516	0.152722	0.155662	0.170253	0.147467	0.143831	
1355	0.164656	0.155728	0.180446	0.148458	0.152319	0.156028	0.154080	0.171661	0.153928	0.142361	
1360	0.164873	0.157945	0.174791	0.151317	0.152744	0.161421	0.155658	0.172012	0.149106	0.143153	
1365	0.162491	0.155050	0.176858	0.154059	0.153464	0.162158	0.155372	0.173795	0.150025	0.141976	
1370	0.160824	0.158916	0.176287	0.156361	0.151450	0.163365	0.160101	0.169338	0.151270	0.140897	
1375	0.160317	0.155169	0.176226	0.156270	0.150771	0.158222	0.164821	0.169151	0.148687	0.144979	
1380	0.157470	0.149885	0.176563	0.156913	0.150213	0.159872	0.161187	0.172281	0.147101	0.150578	
1385	0.153696	0.142534	0.171943	0.158636	0.154256	0.158621	0.161590	0.169540	0.143742	0.149295	
1390	0.155682	0.141517	0.176882	0.157765	0.155486	0.154826	0.157799	0.173103	0.140567	0.146746	
1395	0.156404	0.141334	0.176572	0.156906	0.158631	0.154463	0.164266	0.170385	0.143128	0.146370	
1400	0.158209	0.142220	0.178396	0.160557	0.160775	0.155631	0.161409	0.174347	0.143476	0.148960	
1405	0.154183	0.141508	0.180409	0.160337	0.161885	0.158020	0.162562	0.170459	0.139683	0.145367	
1410	0.149651	0.146335	0.180556	0.156152	0.157754	0.160299	0.160206	0.168594	0.138144	0.143172	
1415	0.143979	0.144524	0.175047	0.158647	0.156031	0.161800	0.160733	0.165967	0.137037	0.142648	
1420	0.144316	0.144399	0.178960	0.157207	0.158811	0.166525	0.162061	0.166052	0.139815	0.139122	
1425	0.143786	0.142202	0.175335	0.158103	0.157217	0.167746	0.164385	0.167077	0.146903	0.143064	
1430	0.145772	0.142329	0.175071	0.160304	0.154384	0.168892	0.162242	0.164398	0.144430	0.150705	
1435	0.144464	0.142655	0.165063	0.166452	0.149975	0.172773	0.163426	0.164586	0.142755	0.153138	
1440	0.145432	0.145834	0.156809	0.163761	0.150169	0.172502	0.162114	0.165024	0.147857	0.157526	
1445	0.144614	0.146624	0.152368	0.158385	0.152881	0.174141	0.157941	0.163901	0.145524	0.157494	
1450	0.148047	0.146538	0.152089	0.155840	0.154166	0.176649	0.159624	0.162591	0.138824	0.155398	
1455	0.147869	0.143567	0.153895	0.155134	0.154315	0.172375	0.155475	0.162773	0.133891	0.153869	
1460	0.145978	0.147159	0.150199	0.164734	0.154953	0.175894	0.158128	0.167552	0.137628	0.151128	
1465	0.141022	0.146145	0.150271	0.164158	0.156193	0.171601	0.158040	0.168203	0.137871	0.152602	
1470	0.139192	0.149612	0.149540	0.164873	0.162904	0.176120	0.164307	0.170538	0.139791	0.151043	
1475	0.136182	0.147976	0.150384	0.165255	0.165302	0.174953	0.163229	0.165868	0.139184	0.150649	
1480	0.147922	0.149365	0.149848	0.165130	0.165421	0.176732	0.164369	0.170547	0.136412	0.151796	
1485	0.148049	0.152122	0.146818	0.171485	0.164940	0.173670	0.164546	0.176649	0.138462	0.153034	
1490	0.151698	0.153381	0.149619	0.172595	0.165001	0.172588	0.158370	0.176939	0.139226	0.149899	
1495	0.148462	0.156153	0.151346	0.170404	0.166327	0.170824	0.161068	0.172700	0.137642	0.151481	
1500	0.147916	0.152982	0.154155	0.167558	0.162211	0.172340	0.155600	0.170383	0.139501	0.149847	
1505	0.143140	0.152694	0.153521	0.165102	0.163431	0.171592	0.154691	0.168045	0.140932	0.147551	
1510	0.141016	0.160107	0.152761	0.167595	0.168738	0.172502	0.150980	0.163876	0.140152	0.145589	
1515	0.143588	0.155669	0.151683	0.170235	0.164014	0.172231	0.154225	0.167143	0.135002	0.147496	
1520	0.141137	0.158334	0.153199	0.164779	0.163817	0.173385	0.157107	0.173402	0.138307	0.145711	
1525	0.141672	0.160491	0.156287	0.165489	0.167729	0.173749	0.165245	0.173345	0.137585	0.142580	
1530	0.138165	0.156257	0.159007	0.166779	0.173295	0.172752	0.164778	0.171381	0.137370	0.145473	
1535	0.136962	0.150937	0.159068	0.167731	0.169504	0.178021	0.167813	0.165947	0.139225	0.148819	
1540	0.139453	0.148441	0.155299	0.167231	0.171342	0.174005	0.168067	0.164106	0.141461	0.147330	
1545	0.136631	0.150554	0.158034	0.171580	0.170329	0.174315	0.165926	0.163462	0.151253	0.145580	
1550	0.133568	0.149871	0.154568	0.171576	0.173704	0.175148	0.170107	0.169159	0.142669	0.146303	
1555	0.135572	0.152988	0.157205	0.168981	0.177821	0.180872	0.171601	0.168212	0.142444	0.150135	
1560	0.135031	0.152464	0.163229	0.167452	0.173067	0.175513	0.176824	0.169823	0.145783	0.150221	
1565	0.140337	0.146336	0.164718	0.167828	0.171678	0.175368	0.170802	0.167099	0.146051	0.152581	
1570	0.138909	0.145219	0.164234	0.163596	0.169799	0.174943	0.166864	0.169643	0.149711	0.149613	
1575	0.136561	0.145529	0.164759	0.164370	0.170979	0.170234	0.163604	0.165816	0.146036	0.147582	
1580	0.136290	0.147911	0.166433	0.167508	0.174297	0.172592	0.163419	0.173141	0.149089	0.147925	
1585	0.134880	0.151336	0.161318	0.170309	0.178555	0.176428	0.163805	0.175625	0.151953	0.146521	
1590	0.135195	0.154364	0.164413	0.164264	0.178408	0.168541	0.168549	0.176544	0.147554	0.144702	
1595	0.136720	0.151143	0.162237	0.164735	0.172831	0.167391	0.165300	0.176118	0.149873	0.147822	
1600	0.136811	0.153080	0.162143	0.164038	0.172991	0.168268	0.169861	0.178272	0.146804	0.148724	
1605	0.139616	0.153998	0.161524	0.165706	0.168901	0.169375	0.170677	0.181598	0.150042	0.150746	
1610	0.142499	0.147342	0.159878	0.168761	0.170249	0.165968	0.174119	0.178355	0.150588	0.151557	
1615	0.145241	0.144801	0.158786	0.167469	0.172963	0.165673	0.179021	0.180325	0.150462	0.151963	
1620	0.147879	0.145110	0.162736	0.158422	0.175246	0.165195	0.175167	0.178638	0.146907	0.146515	
1625	0.146404	0.143106	0.156679	0.158028	0.176140	0.165862	0.173180	0.180708	0.147070	0.150541	
1630	0.144097	0.144497	0.162959	0.154885	0.172463	0.164590	0.171038	0.178919	0.148162	0.149342	
1635	0.145379	0.145173	0.164475	0.157733	0.171857	0.160924	0.166037	0.179138	0.152992	0.148465	
1640	0.144113	0.145249	0.164495	0.154887	0.168318	0.163601	0.169751	0.183340	0.150492	0.147647	
1645	0.143392	0.143788	0.164166	0.151960	0.167556	0.163434	0.168461	0.183250	0.154550	0.147910	
1650	0.145413	0.142916	0.167188	0.152298	0.165967	0.166212	0.170522	0.181063	0.155592	0.142941	
1655	0.145597	0.146259	0.170155	0.151948	0.168092	0.165153	0.171361	0.181161	0.152874	0.143799	
1660	0.150484	0.147587	0.169249	0.149858	0.165490	0.160779	0.169515	0.181876	0.150710	0.148983	
1665	0.153522	0.145820	0.167799	0.155449	0.159360	0.155086	0.169884	0.183170	0.150752	0.147574	
1670	0.156595	0.145065	0.165086	0.150625	0.159739	0.157292	0.170751	0.183217	0.154420	0.148217	
1675	0.161724	0.146094	0.162158	0.152771	0.156100	0.157343	0.163349	0.182415	0.147810	0.144813	
1680	0.163063	0.144342	0.161471	0.156940	0.158824	0.154747	0.165435	0.177329	0.147821	0.146782	
1685	0.163924	0.147328	0.161421	0.151854	0.156507	0.157394	0.160787	0.173553	0.151552	0.143655	
1690	0.159626	0.144110	0.161076	0.155613	0.157304	0.155562	0.157807	0.172670	0.153248	0.142952	
1695	0.158380	0.145843	0.160544	0.153404	0.156585	0.148737	0.155696	0.167723	0.156059	0.141506	
1700	0.160303	0.144360	0.155411	0.151703	0.161006	0.146648	0.156945	0.162978	0.154228	0.143313	
1705	0.163388	0.146173	0.155329	0.149597	0.158567	0.146718	0.160473	0.163041	0.155934	0.142778	
1710	0.160071	0.143813	0.153388	0.151544	0.163745	0.146214	0.160748	0.161189	0.159252	0.147230	
1715	0.158254	0.142928	0.153873	0.154881	0.163748	0.146325	0.161701	0.160418	0.157450	0.147404	
1720	0.158726	0.146481	0.151707	0.150904	0.158698	0.147282	0.164570	0.160817	0.156552	0.144933	
1725	0.156765	0.145426	0.150123	0.149976	0.159214	0.147423	0.161332	0.167044	0.153049	0.144535	
1730	0.155601	0.148403	0.151349	0.152561	0.156469	0.148800	0.157699	0.167820	0.148941	0.142890	
1735	0.157365	0.148294	0.151813	0.151328	0.157819	0.150286	0.155538	0.166695	0.152708	0.141485	
1740	0.154280	0.146620	0.149465	0.154618	0.157838	0.148485	0.155353	0.162888	0.153535	0.145831	
1745	0.150409	0.146371	0.148971	0.156968	0.160048	0.149290	0.155022	0.162625	0.154513	0.144667	
1750	0.150239	0.144903	0.145222	0.156658	0.165231	0.146711	0.155111	0.161279	0.155755	0.142852	
1755	0.148373	0.140340	0.146964	0.159635	0.167156	0.147207	0.154445	0.163867	0.156463	0.145653	
1760	0.149628	0.142576	0.146737	0.160905	0.171889	0.146369	0.157264	0.162689	0.161685	0.145352	
1765	0.150698	0.141239	0.144110	0.157401	0.171961	0.149000	0.151183	0.161387	0.160947	0.147343	
1770	0.151398	0.143354	0.147039	0.155635	0.171037	0.149807	0.149178	0.165467	0.164023	0.149644	
1775	0.155398	0.144378	0.151229	0.158477	0.171146	0.149614	0.152198	0.166432	0.163633	0.148720	
1780	0.155141	0.144146	0.152975	0.152980	0.176734	0.148983	0.148832	0.165474	0.166130	0.145342	
1785	0.153163	0.140517	0.152495	0.157528	0.174000	0.153484	0.146328	0.167492	0.159286	0.144764	
1790	0.157124	0.138543	0.153503	0.154086	0.169146	0.157120	0.150149	0.167680	0.162322	0.147730	
1795	0.158552	0.140719	0.152610	0.155498	0.171117	0.156228	0.150951	0.166193	0.166853	0.147191	
1800	0.162898	0.139225	0.156108	0.150671	0.171211	0.158603	0.149950	0.161590	0.164589	0.145700	
1805	0.161062	0.139015	0.153944	0.150099	0.167393	0.161173	0.154877	0.167511	0.164070	0.145255	
1810	0.162713	0.136245	0.156628	0.146518	0.163887	0.164261	0.156793	0.169449	0.162261	0.140111	
1815	0.161279	0.142315	0.160725	0.147946	0.170347	0.158291	0.156328	0.168085	0.162167	0.142151	
1820	0.158975	0.145481	0.154923	0.146075	0.163226	0.154592	0.161838	0.163412	0.162887	0.143201	
1825	0.156119	0.145495	0.157096	0.147282	0.167851	0.155792	0.164176	0.160185	0.163010	0.148111	
1830	0.154553	0.149575	0.155243	0.148324	0.163781	0.155044	0.162459	0.159679	0.162738	0.145178	
1835	0.157327	0.146710	0.153798	0.151165	0.163066	0.152117	0.157237	0.155299	0.167292	0.142027	
1840	0.158841	0.145905	0.153234	0.154236	0.162388	0.152224	0.153819	0.157429	0.173116	0.147029	
1845	0.162669	0.145845	0.154084	0.157913	0.162324	0.147747	0.159795	0.157272	0.173740	0.144261	
1850	0.161656	0.143982	0.152103	0.157867	0.162289	0.148230	0.162127	0.158901	0.176430	0.140430	
1855	0.161859	0.148011	0.151779	0.157382	0.161038	0.149553	0.159923	0.155946	0.171600	0.146653	
1860	0.159699	0.146820	0.154489	0.158654	0.160799	0.148382	0.158221	0.152762	0.173790	0.145933	
1865	0.163184	0.141112	0.149308	0.156431	0.164237	0.151790	0.153973	0.154470	0.168150	0.145923	
1870	0.166304	0.139680	0.151989	0.164780	0.163051	0.156406	0.150441	0.153425	0.169171	0.142614	
1875	0.166684	0.139745	0.158385	0.159889	0.158596	0.154965	0.148157	0.152062	0.168379	0.146830	
1880	0.166108	0.138652	0.158111	0.160602	0.156966	0.160528	0.148756	0.153835	0.166812	0.148360	
1885	0.168152	0.139789	0.154250	0.152992	0.157584	0.155275	0.150164	0.152937	0.165865	0.145761	
1890	0.167541	0.143589	0.153149	0.158094	0.160372	0.158778	0.152189	0.155985	0.162482	0.144474	
1895	0.170115	0.143415	0.153505	0.161364	0.165920	0.158569	0.145054	0.152527	0.166294	0.147086	
1900	0.168101	0.144147	0.159707	0.159265	0.164841	0.156871	0.146616	0.151554	0.168472	0.148439	
1905	0.168774	0.149857	0.167617	0.162509	0.159029	0.160774	0.149055	0.153531	0.166990	0.148992	
1910	0.165209	0.148407	0.165905	0.161721	0.159514	0.161251	0.150055	0.156023	0.163777	0.152675	
1915	0.165305	0.145351	0.168122	0.162957	0.161018	0.171390	0.154378	0.155179	0.163878	0.152901	
1920	0.164950	0.150051	0.169791	0.161809	0.163925	0.162265	0.155600	0.151445	0.165577	0.156113	
1925	0.165766	0.139880	0.172709	0.169286	0.162949	0.158142	0.154247	0.145032	0.166154	0.152035	
1930	0.169209	0.141670	0.173756	0.171088	0.163121	0.158450	0.157358	0.151598	0.165084	0.158367	
1935	0.166854	0.146939	0.176843	0.171152	0.159661	0.159152	0.156171	0.156138	0.163362	0.159369	
1940	0.167222	0.143882	0.175175	0.174826	0.159581	0.157956	0.157506	0.155835	0.166883	0.163551	
1945	0.164354	0.145792	0.171098	0.172659	0.159643	0.156985	0.155741	0.154202	0.167841	0.157726	
1950	0.156874	0.143900	0.172340	0.175536	0.159148	0.157717	0.157968	0.154079	0.165576	0.159936	
1955	0.158618	0.145043	0.167348	0.172580	0.156745	0.159520	0.155553	0.151457	0.167668	0.160127	
1960	0.163392	0.144559	0.169150	0.170269	0.157639	0.159051	0.153829	0.150879	0.165904	0.161558	
1965	0.160281	0.140162	0.168790	0.172356	0.161815	0.157548	0.156018	0.151958	0.168372	0.163864	
1970	0.160515	0.137743	0.163036	0.173979	0.159585	0.158833	0.160588	0.157075	0.171324	0.160963	
1975	0.157693	0.140366	0.161401	0.171030	0.161561	0.159171	0.158173	0.162708	0.174962	0.158547	
1980	0.157243	0.138321	0.157998	0.171507	0.157960	0.156526	0.159467	0.160345	0.178582	0.156799	
1985	0.156844	0.140313	0.159581	0.173607	0.157778	0.156091	0.158085	0.161320	0.174565	0.152520	
1990	0.155178	0.141738	0.159373	0.173165	0.154803	0.158909	0.160184	0.163458	0.168115	0.151321	
1995	0.157338	0.145422	0.155893	0.169158	0.159499	0.157993	0.164283	0.161346	0.168573	0.153916	
2000	0.151478	0.144066	0.148820	0.172329	0.162802	0.154136	0.163683	0.161699	0.168926	0.150256	
2005	0.150406	0.149693	0.152242	0.168011	0.159563	0.154945	0.158318	0.162844	0.165572	0.155121	
2010	0.146257	0.153101	0.149478	0.170506	0.163407	0.153562	0.159027	0.162186	0.165391	0.156133	
2015	0.146457	0.148684	0.149366	0.173053	0.165134	0.151108	0.159411	0.165001	0.166486	0.148044	
2020	0.149504	0.148398	0.146907	0.173447	0.164187	0.154087	0.161782	0.163065	0.167271	0.146345	
2025	0.147340	0.146609	0.148594	0.169519	0.165578	0.158013	0.160835	0.162156	0.162339	0.146112	
2030	0.153386	0.148446	0.154246	0.171290	0.163058	0.159319	0.165298	0.164030	0.157940	0.146835	
2035	0.156768	0.150040	0.151881	0.166661	0.159231	0.158903	0.160730	0.164851	0.152470	0.145113	
2040	0.157591	0.152272	0.155566	0.167645	0.156913	0.164665	0.161877	0.165940	0.153175	0.144351	
2045	0.155367	0.150627	0.153678	0.168199	0.157484	0.160487	0.161775	0.162254	0.154990	0.146178	
2050	0.156001	0.147354	0.152940	0.168280	0.157835	0.160193	0.164434	0.161462	0.150466	0.147411	
2055	0.154701	0.144945	0.153218	0.168020	0.158153	0.160031	0.167643	0.162369	0.156364	0.149787	
2060	0.156564	0.145423	0.155241	0.171632	0.157407	0.157692	0.165071	0.160468	0.158414	0.142130	
2065	0.159390	0.147273	0.152264	0.166750	0.158895	0.156437	0.167091	0.157982	0.157023	0.146152	
2070	0.159042	0.148985	0.155451	0.165713	0.159303	0.156734	0.166717	0.160013	0.156253	0.148968	
2075	0.153948	0.151668	0.159470	0.163253	0.158462	0.156715	0.166877	0.158260	0.158939	0.152696	
2080	0.156701	0.150396	0.154798	0.165832	0.160549	0.153812	0.169776	0.158516	0.156411	0.155354	
2085	0.156057	0.151717	0.151450	0.165332	0.162313	0.158598	0.171879	0.157647	0.154686	0.154584	
2090	0.154385	0.149946	0.153869	0.171619	0.168401	0.161322	0.174482	0.154836	0.155649	0.155127	
2095	0.150569	0.150682	0.158015	0.174636	0.165990	0.162840	0.177551	0.153919	0.152373	0.159574	
2100	0.153395	0.153186	0.157516	0.173061	0.161761	0.163366	0.174447	0.153216	0.154860	0.156080	
2105	0.149581	0.152018	0.155398	0.174016	0.159840	0.166761	0.172994	0.156096	0.158591	0.159493	
2110	0.148933	0.149763	0.160197	0.176745	0.161824	0.161692	0.176243	0.160973	0.161080	0.154297	
2115	0.151241	0.151748	0.156077	0.174832	0.162641	0.162160	0.174601	0.165779	0.162402	0.153574	
2120	0.150978	0.148177	0.149877	0.175961	0.165309	0.161459	0.173323	0.166267	0.159713	0.153381	
2125	0.153267	0.150223	0.148254	0.176964	0.166079	0.164887	0.173457	0.167708	0.156863	0.151291	
2130	0.150629	0.152894	0.149933	0.174846	0.168739	0.159712	0.175834	0.165786	0.156872	0.147208	
2135	0.153090	0.153620	0.149276	0.171839	0.161277	0.161245	0.178345	0.167829	0.158837	0.150805	
2140	0.153616	0.149007	0.147779	0.169071	0.155495	0.159709	0.177330	0.168414	0.158662	0.147755	
2145	0.158787	0.144674	0.151828	0.171464	0.155481	0.155324	0.176668	0.170272	0.157011	0.147824	
2150	0.158916	0.148181	0.158221	0.173777	0.160101	0.155557	0.178648	0.170186	0.155622	0.150594	
2155	0.151057	0.153108	0.165695	0.171063	0.158100	0.154005	0.176922	0.167290	0.153890	0.151547	
2160	0.149847	0.151556	0.162877	0.164086	0.162677	0.154660	0.176590	0.169742	0.155441	0.149265	
2165	0.149250	0.149442	0.168503	0.167338	0.162418	0.153399	0.178983	0.163429	0.150887	0.151551	
2170	0.151669	0.147958	0.169320	0.164062	0.158017	0.151208	0.176069	0.168576	0.153249	0.150095	
2175	0.149561	0.147876	0.168623	0.163079	0.153453	0.151349	0.175272	0.162228	0.151813	0.153646	
2180	0.153862	0.148976	0.161375	0.164793	0.150359	0.152701	0.174762	0.159035	0.149916	0.150020	
2185	0.160977	0.144887	0.160365	0.167653	0.151804	0.154138	0.170147	0.157354	0.147104	0.151091	
2190	0.163661	0.144810	0.160364	0.170531	0.152557	0.153622	0.171398	0.157593	0.149254	0.151806	
2195	0.163054	0.148178	0.158038	0.171093	0.152185	0.153719	0.170674	0.164077	0.148477	0.151468	
2200	0.161872	0.143609	0.155439	0.165701	0.149442	0.155872	0.171568	0.164983	0.154731	0.158421	
2205	0.160296	0.150004	0.156099	0.168739	0.150724	0.162234	0.171995	0.161019	0.155608	0.159302	
2210	0.163287	0.148279	0.156613	0.170449	0.147362	0.160342	0.175739	0.158514	0.164985	0.160186	
2215	0.156305	0.148369	0.157723	0.168545	0.150835	0.156775	0.176644	0.157350	0.163157	0.156469	
2220	0.155660	0.149516	0.158426	0.167536	0.155105	0.156277	0.173736	0.152238	0.162149	0.157267	
2225	0.153723	0.155879	0.157015	0.165290	0.156862	0.156386	0.171978	0.147733	0.163578	0.156087	
2230	0.152901	0.155402	0.155633	0.167562	0.157219	0.159414	0.169149	0.150062	0.160432	0.157631	
2235	0.153203	0.154383	0.155195	0.165436	0.156411	0.156959	0.176950	0.144745	0.161907	0.160552	
2240	0.159700	0.149538	0.155897	0.160067	0.161379	0.158710	0.169656	0.150867	0.163608	0.158639	
2245	0.158816	0.150078	0.156660	0.154397	0.158984	0.159929	0.167162	0.152317	0.160135	0.157044	
2250	0.160989	0.150340	0.161960	0.153983	0.159771	0.161066	0.170114	0.154642	0.164829	0.154500	
2255	0.160683	0.147219	0.159818	0.155084	0.163491	0.158631	0.163327	0.150613	0.168265	0.156853	
2260	0.161044	0.147916	0.158010	0.152377	0.161521	0.159171	0.164819	0.154506	0.167993	0.157496	
2265	0.157384	0.149262	0.158757	0.151744	0.158437	0.158461	0.166245	0.158104	0.167771	0.154692	
2270	0.158848	0.152742	0.162865	0.149740	0.152630	0.153157	0.165834	0.160647	0.165482	0.160396	
2275	0.162709	0.151921	0.158559	0.154079	0.150835	0.155594	0.165927	0.156769	0.168099	0.158556	
2280	0.168641	0.156570	0.160511	0.157594	0.148063	0.161932	0.163140	0.161448	0.166827	0.154910	
2285	0.168919	0.156388	0.158160	0.161749	0.146376	0.159400	0.163419	0.159622	0.169080	0.155717	
2290	0.166368	0.154805	0.159353	0.161155	0.143589	0.160599	0.164494	0.155930	0.166073	0.152150	
2295	0.164998	0.152411	0.160460	0.156767	0.143573	0.161795	0.165981	0.155191	0.158396	0.155497	
2300	0.160988	0.149739	0.161166	0.155199	0.140547	0.162736	0.163295	0.155167	0.156293	0.158495	
2305	0.160681	0.153248	0.164377	0.155641	0.139728	0.162623	0.164381	0.159702	0.157127	0.157772	
2310	0.162644	0.153006	0.160346	0.154093	0.140537	0.163979	0.162814	0.157999	0.162934	0.154340	
2315	0.164328	0.151976	0.164143	0.154418	0.142908	0.157659	0.163258	0.160151	0.168546	0.155010	
2320	0.164227	0.153866	0.165014	0.147546	0.145454	0.159246	0.160981	0.159030	0.168454	0.155445	
2325	0.162084	0.157696	0.163377	0.148589	0.145048	0.151137	0.164422	0.157851	0.165100	0.158748	
2330	0.161002	0.159037	0.159091	0.148256	0.146845	0.152642	0.168650	0.159822	0.165730	0.161141	
2335	0.160780	0.160195	0.156073	0.149241	0.143077	0.149580	0.162755	0.157254	0.164015	0.157528	
2340	0.155087	0.162897	0.155438	0.147445	0.142349	0.151497	0.159512	0.156916	0.164818	0.158280	
2345	0.153787	0.162971	0.156010	0.144501	0.147272	0.159439	0.161355	0.157465	0.161760	0.158775	
2350	0.150558	0.165058	0.158253	0.150346	0.148129	0.164435	0.165505	0.157147	0.160414	0.160824	
2355	0.145596	0.165744	0.160677	0.151800	0.153114	0.166205	0.163075	0.154672	0.159399	0.159736	
2360	0.148312	0.165984	0.157925	0.150007	0.156857	0.172780	0.164610	0.153489	0.161947	0.158876	
2365	0.144014	0.163816	0.156919	0.147368	0.158118	0.174025	0.165501	0.152127	0.161406	0.158980	
2370	0.140715	0.162369	0.163780	0.150759	0.159852	0.172119	0.167723	0.150729	0.154798	0.159985	
2375	0.141427	0.166076	0.161206	0.155741	0.160138	0.171124	0.168121	0.150806	0.155597	0.161070	
2380	0.141678	0.164049	0.159467	0.156619	0.162915	0.174749	0.167285	0.153956	0.156380	0.161355	
2385	0.144587	0.169854	0.165453	0.157355	0.163204	0.175301	0.171190	0.156748	0.158191	0.161637	
2390	0.145902	0.166622	0.165211	0.156484	0.165361	0.171981	0.168166	0.154835	0.155397	0.157020	
2395	0.151952	0.163842	0.165739	0.153243	0.165104	0.170295	0.170721	0.151654	0.159793	0.154450	
2400	0.152051	0.168676	0.170359	0.150947	0.160195	0.167493	0.171618	0.152293	0.162168	0.158649	
2405	0.151702	0.160250	0.170218	0.147760	0.154891	0.167121	0.175087	0.152449	0.158803	0.158821	
2410	0.149072	0.156927	0.169156	0.145489	0.154100	0.166814	0.173683	0.154775	0.158731	0.158584	
2415	0.146792	0.154563	0.174330	0.144687	0.152052	0.167087	0.173103	0.151943	0.160833	0.157964	
2420	0.142909	0.154695	0.172533	0.144080	0.155862	0.171206	0.168207	0.154261	0.156713	0.159715	
2425	0.138256	0.158217	0.171535	0.140236	0.160343	0.171479	0.167661	0.154583	0.158372	0.160462	
2430	0.138215	0.158059	0.175003	0.139890	0.159005	0.170513	0.168707	0.156806	0.162279	0.159664	
2435	0.133438	0.156420	0.173480	0.140195	0.159604	0.174477	0.171210	0.157197	0.159174	0.160080	
2440	0.139558	0.157093	0.172294	0.145606	0.169900	0.169585	0.167833	0.158452	0.163871	0.160118	
2445	0.143268	0.158482	0.174437	0.141132	0.166072	0.171479	0.167138	0.157372	0.164888	0.157818	
2450	0.146177	0.162780	0.179185	0.140162	0.165983	0.171475	0.167802	0.159297	0.169171	0.160784	
2455	0.148455	0.165747	0.174979	0.149355	0.169909	0.171569	0.169912	0.161442	0.171737	0.157272	
2460	0.147038	0.166004	0.176754	0.148110	0.168877	0.172441	0.170339	0.159426	0.167921	0.155850	
2465	0.147128	0.162954	0.181779	0.145344	0.167565	0.176550	0.171692	0.161048	0.168442	0.155804	
2470	0.149376	0.168891	0.180341	0.147888	0.169042	0.177834	0.170734	0.162395	0.166904	0.153997	
2475	0.145436	0.169513	0.177090	0.140886	0.173333	0.176742	0.174825	0.160599	0.167458	0.150562	
2480	0.148554	0.168204	0.174736	0.136525	0.170014	0.182180	0.174076	0.161600	0.170239	0.150255	
2485	0.151282	0.170002	0.179373	0.136568	0.172235	0.179096	0.173491	0.162736	0.167760	0.155498	
2490	0.154630	0.172092	0.185008	0.141152	0.168762	0.183440	0.176427	0.163214	0.160747	0.154451	
2495	0.151405	0.173841	0.184544	0.142103	0.167515	0.181655	0.175011	0.164981	0.161718	0.153341	
2500	0.151493	0.171054	0.181008	0.144208	0.167441	0.177997	0.176489	0.165288	0.154775	0.154612	
2505	0.150702	0.166981	0.184869	0.143522	0.167216	0.178861	0.174529	0.161901	0.158693	0.153305	
2510	0.151101	0.165285	0.188576	0.146603	0.170830	0.181290	0.172233	0.162930	0.159660	0.155643	
2515	0.147429	0.162381	0.182124	0.154546	0.176331	0.178254	0.169496	0.162895	0.159639	0.159381	
2520	0.149561	0.161525	0.178810	0.149148	0.175404	0.178647	0.171137	0.160460	0.162203	0.153093	
2525	0.146089	0.164447	0.173724	0.144976	0.178548	0.175911	0.166168	0.154868	0.166467	0.154937	
2530	0.143999	0.164649	0.172483	0.146747	0.177991	0.180185	0.169257	0.150687	0.167130	0.151502	
2535	0.146839	0.167034	0.171299	0.145098	0.176753	0.179147	0.170595	0.151475	0.167282	0.154955	
2540	0.149363	0.167626	0.168030	0.141089	0.180046	0.181715	0.170972	0.149796	0.163162	0.157081	
2545	0.148376	0.168562	0.167267	0.137395	0.181819	0.180032	0.166918	0.149240	0.162899	0.150439	
2550	0.146857	0.167594	0.170671	0.135600	0.184198	0.182571	0.163238	0.154712	0.161837	0.147040	
2555	0.146146	0.160882	0.171871	0.134916	0.184745	0.181411	0.165320	0.154304	0.156363	0.146209	
2560	0.148122	0.158894	0.165500	0.138587	0.188585	0.178785	0.163114	0.151655	0.154351	0.142864	
2565	0.146085	0.153989	0.168823	0.140602	0.190989	0.179510	0.167860	0.150217	0.153045	0.144937	
2570	0.142471	0.156287	0.166715	0.140742	0.188833	0.176822	0.168930	0.149681	0.149680	0.148472	
2575	0.145167	0.151520	0.165568	0.141411	0.187156	0.178560	0.170958	0.148613	0.147059	0.150445	
2580	0.147738	0.151604	0.158983	0.141478	0.183731	0.180191	0.169165	0.150401	0.150626	0.145935	
2585	0.151097	0.151478	0.157863	0.144292	0.185856	0.182265	0.167410	0.151486	0.148533	0.150893	
2590	0.145980	0.156467	0.154426	0.144189	0.183828	0.191416	0.169291	0.152195	0.147516	0.149462	
2595	0.145556	0.152602	0.157193	0.147547	0.186515	0.186211	0.170739	0.155608	0.150088	0.147904	
2600	0.148343	0.150796	0.159143	0.148453	0.181839	0.179085	0.170772	0.158042	0.154725	0.143357	
2605	0.147861	0.155481	0.157415	0.152419	0.177014	0.176746	0.169259	0.157311	0.156215	0.144915	
2610	0.147512	0.149979	0.157418	0.153779	0.174716	0.177883	0.172189	0.159037	0.158925	0.142473	
2615	0.148520	0.149443	0.158891	0.155457	0.179901	0.173038	0.165914	0.161351	0.159739	0.143147	
2620	0.144720	0.147074	0.152954	0.160466	0.177461	0.172550	0.166675	0.159998	0.163988	0.144539	
2625	0.146733	0.146646	0.155767	0.166424	0.175086	0.179889	0.165130	0.157355	0.160835	0.146405	
2630	0.148879	0.147350	0.155782	0.162086	0.177275	0.178784	0.167780	0.153073	0.154318	0.145694	
2635	0.146242	0.146899	0.156163	0.162935	0.178092	0.181583	0.168156	0.150623	0.151039	0.147139	
2640	0.147093	0.148145	0.159456	0.164993	0.177784	0.182445	0.166463	0.150056	0.148824	0.152212	
2645	0.144633	0.147795	0.156182	0.165076	0.177796	0.185504	0.166071	0.147995	0.145181	0.154698	
2650	0.143858	0.152014	0.161878	0.160869	0.189517	0.184340	0.161967	0.149712	0.145853	0.150538	
2655	0.144439	0.153173	0.159900	0.154938	0.188407	0.186233	0.165514	0.150510	0.150410	0.150889	
2660	0.153482	0.153013	0.158841	0.147102	0.190062	0.187989	0.167441	0.148086	0.151795	0.151038	
2665	0.153900	0.154678	0.160705	0.144746	0.185591	0.187827	0.168874	0.152845	0.152241	0.153487	
2670	0.153344	0.160656	0.157150	0.147031	0.182552	0.196929	0.165161	0.156083	0.150246	0.147779	
2675	0.154552	0.156267	0.157257	0.146643	0.179185	0.199050	0.164371	0.156131	0.152563	0.154432	
2680	0.151257	0.156549	0.159314	0.146918	0.176545	0.198092	0.165794	0.158555	0.153023	0.157518	
2685	0.153876	0.152211	0.156194	0.150922	0.179545	0.202770	0.169845	0.161633	0.151263	0.150271	
2690	0.155202	0.154628	0.156957	0.154441	0.180033	0.197214	0.168956	0.160655	0.151636	0.149728	
2695	0.152272	0.155750	0.163116	0.154065	0.178071	0.196847	0.170963	0.158047	0.153427	0.152393	
2700	0.150875	0.154022	0.162804	0.153810	0.183656	0.196850	0.170635	0.154620	0.151529	0.154562	
2705	0.150243	0.156347	0.167760	0.148767	0.181750	0.194134	0.172239	0.153568	0.152494	0.158089	
2710	0.151651	0.154743	0.170703	0.153068	0.180217	0.195736	0.173656	0.156106	0.155140	0.159312	
2715	0.145084	0.156307	0.164688	0.150818	0.178411	0.194603	0.173830	0.159274	0.151823	0.159965	
2720	0.141589	0.156740	0.167994	0.150661	0.173796	0.191161	0.175128	0.158942	0.148931	0.156944	
2725	0.141921	0.154368	0.175096	0.144765	0.166718	0.190280	0.166470	0.164288	0.146818	0.152785	
2730	0.144626	0.153317	0.172906	0.145726	0.165944	0.190571	0.161988	0.165352	0.143467	0.148918	
2735	0.151669	0.148572	0.173100	0.143719	0.165651	0.189904	0.167360	0.163231	0.149477	0.148714	
2740	0.149437	0.144189	0.172286	0.145150	0.165768	0.182481	0.165552	0.165852	0.151982	0.155024	
2745	0.145272	0.152286	0.170081	0.140579	0.164444	0.182289	0.171550	0.165839	0.155648	0.155756	
2750	0.144487	0.149884	0.170583	0.140655	0.160326	0.183136	0.168271	0.163131	0.154843	0.154590	
2755	0.142361	0.150240	0.170806	0.139467	0.162056	0.176946	0.170844	0.161962	0.152874	0.150717	
2760	0.141950	0.151672	0.169743	0.136706	0.161770	0.181146	0.166764	0.160629	0.153758	0.149123	
2765	0.136180	0.151196	0.169223	0.139287	0.157101	0.180531	0.165491	0.164853	0.147463	0.149076	
2770	0.139687	0.158494	0.168714	0.140324	0.155609	0.174569	0.166307	0.167901	0.148836	0.145181	
2775	0.134379	0.158689	0.168670	0.136171	0.157169	0.175717	0.164897	0.167536	0.147537	0.147209	
2780	0.134872	0.157876	0.167602	0.138957	0.157661	0.173631	0.164434	0.165814	0.147651	0.147424	
2785	0.134677	0.160679	0.169150	0.139943	0.157641	0.171961	0.167577	0.162332	0.147539	0.146603	
2790	0.137550	0.161628	0.167820	0.142817	0.159628	0.170048	0.160518	0.163914	0.151607	0.148868	
2795	0.137088	0.163216	0.165500	0.142032	0.154435	0.166989	0.158932	0.163279	0.150889	0.149300	
2800	0.140518	0.162830	0.171371	0.147375	0.159145	0.165305	0.160476	0.165164	0.149275	0.152266	
2805	0.136699	0.164484	0.170637	0.152827	0.156998	0.171635	0.161976	0.162114	0.151209	0.160347	
2810	0.135131	0.163633	0.163869	0.149841	0.159265	0.172065	0.165938	0.163225	0.152428	0.159599	
2815	0.140777	0.161580	0.166699	0.148075	0.156848	0.173188	0.162614	0.164972	0.148885	0.164536	
2820	0.141326	0.158652	0.169984	0.144457	0.153179	0.175218	0.161796	0.166580	0.145184	0.168904	
2825	0.143917	0.155089	0.173070	0.148550	0.154092	0.176247	0.158642	0.166747	0.147611	0.162963	
2830	0.147708	0.155770	0.177021	0.153116	0.154300	0.176744	0.157705	0.163866	0.148763	0.163128	
2835	0.148751	0.157213	0.177088	0.155954	0.155341	0.175546	0.162234	0.166100	0.147614	0.162591	
2840	0.146179	0.153107	0.173057	0.154982	0.148300	0.177144	0.159438	0.163212	0.145921	0.159856	
2845	0.146353	0.153036	0.176120	0.150258	0.152215	0.180268	0.157405	0.162453	0.143574	0.161590	
2850	0.143130	0.154485	0.175526	0.154587	0.145152	0.183039	0.155375	0.160084	0.141891	0.160702	
2855	0.143851	0.158271	0.177679	0.153324	0.144687	0.180521	0.158422	0.161191	0.141923	0.162486	
2860	0.143904	0.154522	0.175440	0.156187	0.155223	0.178740	0.161344	0.161762	0.142611	0.161675	
2865	0.146750	0.160834	0.175015	0.152419	0.152676	0.180866	0.162268	0.163470	0.144421	0.161138	
2870	0.145538	0.162292	0.169430	0.152327	0.149165	0.179709	0.163487	0.164136	0.145227	0.162176	
2875	0.148273	0.163373	0.170564	0.155535	0.147094	0.184055	0.162419	0.161680	0.143798	0.164927	
2880	0.153002	0.164828	0.167725	0.156853	0.143761	0.185364	0.167207	0.162032	0.139774	0.160581	
2885	0.153107	0.168718	0.167057	0.157314	0.142281	0.184965	0.164545	0.159535	0.140887	0.162516	
2890	0.153998	0.169015	0.168684	0.152879	0.136704	0.180520	0.162389	0.156469	0.141913	0.161102	
2895	0.154620	0.165967	0.166438	0.151245	0.137371	0.180211	0.163351	0.158849	0.143643	0.162428	
2900	0.157735	0.166253	0.165567	0.158382	0.135280	0.177062	0.162946	0.163117	0.134361	0.161350	
2905	0.155864	0.163318	0.164182	0.150865	0.141550	0.176731	0.162650	0.169682	0.130590	0.159747	
2910	0.153018	0.164322	0.168739	0.151961	0.135646	0.180715	0.164213	0.163643	0.134858	0.160297	
2915	0.149764	0.162168	0.169596	0.151484	0.138924	0.183901	0.162729	0.162500	0.136295	0.159667	
2920	0.150272	0.159036	0.166448	0.149303	0.138621	0.182034	0.165909	0.158986	0.137320	0.156322	
2925	0.150379	0.159249	0.164944	0.148598	0.139219	0.180490	0.167676	0.161564	0.139279	0.152167	
2930	0.154377	0.165697	0.166995	0.145402	0.136188	0.171706	0.166429	0.157659	0.138974	0.152566	
2935	0.156909	0.164712	0.169632	0.146624	0.134939	0.174119	0.170674	0.157421	0.140953	0.153733	
2940	0.157270	0.165696	0.170490	0.143591	0.137996	0.176334	0.171891	0.155747	0.137598	0.149482	
2945	0.158757	0.162038	0.167678	0.147329	0.141592	0.182216	0.168759	0.155699	0.135435	0.146812	
2950	0.157986	0.169137	0.164068	0.145890	0.149972	0.180179	0.163906	0.158658	0.137526	0.149388	
2955	0.157479	0.164051	0.167046	0.142650	0.151873	0.183075	0.166193	0.161616	0.139572	0.153486	
2960	0.158471	0.161864	0.156038	0.143462	0.154816	0.182638	0.172654	0.164153	0.137822	0.148326	
2965	0.158904	0.167365	0.154785	0.143483	0.152815	0.184230	0.173785	0.165976	0.140160	0.147553	
2970	0.159437	0.168009	0.154616	0.144302	0.147635	0.183582	0.171146	0.166025	0.140203	0.150391	
2975	0.160796	0.172506	0.150154	0.140047	0.140028	0.181747	0.172431	0.169901	0.141220	0.156218	
2980	0.159538	0.173047	0.152806	0.138715	0.142115	0.178973	0.168254	0.168346	0.139581	0.156675	
2985	0.156680	0.175667	0.150808	0.140698	0.140856	0.180569	0.165701	0.165766	0.143595	0.154234	
2990	0.159678	0.178020	0.152914	0.140046	0.145345	0.185435	0.165116	0.165072	0.145255	0.153680	
2995	0.158483	0.175619	0.154259	0.139436	0.148912	0.182078	0.164495	0.166966	0.145104	0.157745	
3000	0.158345	0.177519	0.160439	0.143206	0.147822	0.183358	0.162394	0.166912	0.142481	0.163977	
