T	rep_1	rep_2	rep_3	rep_4	rep_5	rep_6	rep_7	rep_8	rep_9	rep_10
5	0.000000	0.000000	0.000000	0.000000	0.000000	0.000000	0.000000	0.000000	0.000000	0.000000	
10	0.000000	0.000000	0.000000	0.000000	0.000000	0.000000	0.000000	0.000000	0.000000	0.000000	
15	0.000000	0.000000	0.000000	0.000000	0.000000	0.000000	0.000000	0.000000	0.000000	0.000000	
20	0.000000	0.000000	0.000000	0.000000	0.000000	0.000000	0.000000	0.000000	0.000000	0.000000	
25	0.000000	0.000000	0.000000	0.000000	0.000000	0.000000	0.000000	0.000000	0.000000	0.000000	
30	0.000000	0.000000	0.000000	0.000000	0.000000	0.000000	0.000000	0.000000	0.000000	0.000000	
35	0.000000	0.000000	0.000000	0.000000	0.000000	0.000000	0.000000	0.000000	0.000000	0.000000	
40	0.000000	0.000000	0.000000	0.000000	0.000000	0.000000	0.000000	0.000000	0.000000	0.000000	
45	0.000000	0.000000	0.000000	0.000000	0.000000	0.000000	0.000000	0.000000	0.000000	0.000000	
50	0.000000	0.000000	0.000000	0.000000	0.000000	0.000000	0.000000	0.000000	0.000000	0.000000	
55	0.000000	0.000000	0.000000	0.000000	0.000000	0.000000	0.000000	0.000000	0.000000	0.000000	
60	0.000000	0.000000	0.000000	0.000000	0.000000	0.000000	0.000000	0.000000	0.000000	0.000000	
65	0.000000	0.000000	0.000000	0.000000	0.000000	0.000000	0.000000	0.000000	0.000000	0.000000	
70	0.000000	0.000000	0.000000	0.000000	0.000000	0.000000	0.000000	0.000000	0.000000	0.000000	
75	0.000000	0.000000	0.000000	0.000000	0.000000	0.000000	0.000000	0.000000	0.000000	0.000000	
80	0.000000	0.000000	0.000000	0.000000	0.000000	0.000000	0.000000	0.000000	0.000000	0.000000	
85	0.000000	0.000000	0.000000	0.000000	0.000000	0.000000	0.000000	0.000000	0.000000	0.000000	
90	0.000000	0.000000	0.000000	0.000000	0.000000	0.000000	0.000000	0.000000	0.000000	0.000000	
95	0.000000	0.000000	0.000000	0.000000	0.000000	0.000000	0.000000	0.000000	0.000000	0.000000	
100	0.000000	0.000000	0.000000	0.000000	0.000000	0.000000	0.000000	0.000000	0.000000	0.000000	
105	0.001676	0.002097	0.001832	0.002531	0.001402	0.000875	0.001342	0.001836	0.003235	0.001613	
110	0.004317	0.005900	0.005021	0.004071	0.005099	0.004578	0.004366	0.006483	0.007887	0.004308	
115	0.005307	0.006348	0.008531	0.005899	0.007847	0.008365	0.005716	0.008915	0.012901	0.008041	
120	0.007380	0.011269	0.011659	0.007332	0.010882	0.011551	0.006175	0.012606	0.017710	0.009397	
125	0.009277	0.014200	0.017526	0.009048	0.011341	0.012153	0.009135	0.012593	0.021133	0.011276	
130	0.011701	0.017156	0.021756	0.014663	0.010423	0.016227	0.011942	0.018295	0.026407	0.010843	
135	0.016673	0.021014	0.024899	0.017302	0.010120	0.019831	0.015830	0.022559	0.031410	0.014799	
140	0.017915	0.022521	0.027109	0.021032	0.011687	0.019487	0.015337	0.028213	0.038147	0.019308	
145	0.021239	0.022552	0.031331	0.022896	0.012220	0.019793	0.019542	0.034487	0.041448	0.018424	
150	0.021461	0.028503	0.031018	0.021398	0.015381	0.022803	0.021570	0.038674	0.050068	0.023393	
155	0.025149	0.033977	0.039315	0.023158	0.019876	0.024657	0.029252	0.038964	0.054929	0.026906	
160	0.029516	0.035128	0.042673	0.027516	0.022144	0.028784	0.029551	0.041826	0.061528	0.028515	
165	0.029641	0.041380	0.047145	0.030891	0.023890	0.033004	0.035799	0.047428	0.065536	0.031437	
170	0.033173	0.045575	0.049358	0.036991	0.024184	0.038502	0.046014	0.053637	0.066956	0.032776	
175	0.039448	0.049679	0.051041	0.037616	0.027580	0.041008	0.044371	0.056043	0.067948	0.037518	
180	0.042990	0.051398	0.051941	0.038487	0.028299	0.042934	0.044427	0.063077	0.074172	0.038805	
185	0.043544	0.059348	0.060610	0.044729	0.031299	0.041357	0.048962	0.065171	0.080449	0.041887	
190	0.037198	0.057313	0.064531	0.050569	0.035762	0.038984	0.051354	0.072813	0.086538	0.041515	
195	0.039624	0.057607	0.063426	0.047851	0.041635	0.043095	0.057187	0.076843	0.097608	0.040402	
200	0.042143	0.060237	0.068594	0.049442	0.046099	0.045289	0.057825	0.080032	0.100377	0.038524	
205	0.053498	0.062030	0.070432	0.052055	0.046963	0.047535	0.058599	0.085873	0.099830	0.042337	
210	0.059664	0.063763	0.075940	0.054941	0.049102	0.047328	0.056647	0.086832	0.099080	0.049314	
215	0.064139	0.062230	0.072578	0.060129	0.050910	0.053225	0.064777	0.084038	0.098395	0.051433	
220	0.066489	0.061254	0.074478	0.061599	0.053746	0.056831	0.065005	0.088066	0.101199	0.050160	
225	0.068080	0.061479	0.082626	0.065648	0.056819	0.053683	0.066999	0.088830	0.103373	0.052782	
230	0.067265	0.063475	0.081421	0.069440	0.060977	0.059057	0.066316	0.094450	0.106863	0.053868	
235	0.068296	0.067726	0.081240	0.066008	0.063368	0.065849	0.069487	0.097539	0.110004	0.054342	
240	0.071993	0.069369	0.085301	0.065556	0.062667	0.066760	0.068470	0.099816	0.106081	0.057685	
245	0.073922	0.072430	0.085989	0.068856	0.067211	0.070584	0.069471	0.098000	0.106978	0.058518	
250	0.075624	0.075368	0.089785	0.070433	0.070934	0.067959	0.069588	0.101162	0.109841	0.059177	
255	0.076308	0.075257	0.086738	0.071129	0.074574	0.067191	0.069525	0.100620	0.109419	0.061125	
260	0.079900	0.079850	0.090072	0.075760	0.076465	0.070472	0.070407	0.102737	0.112345	0.064510	
265	0.074983	0.080471	0.090329	0.078603	0.080518	0.071193	0.073585	0.103042	0.111802	0.066179	
270	0.074984	0.076471	0.090483	0.082886	0.080971	0.072668	0.078091	0.104375	0.112361	0.070010	
275	0.077459	0.080256	0.095086	0.084602	0.085966	0.073646	0.077607	0.105197	0.114454	0.069652	
280	0.074131	0.082376	0.099556	0.086000	0.087771	0.075375	0.078288	0.100495	0.117968	0.073629	
285	0.069132	0.082381	0.098706	0.085317	0.089767	0.075535	0.079238	0.096481	0.120442	0.074073	
290	0.072306	0.087931	0.100599	0.086243	0.092321	0.077797	0.080989	0.098813	0.116115	0.072989	
295	0.076529	0.091998	0.102931	0.092130	0.097362	0.075451	0.080307	0.098302	0.114975	0.067770	
300	0.076765	0.096165	0.101726	0.095564	0.095391	0.074447	0.083878	0.101100	0.113425	0.067522	
305	0.076707	0.101088	0.102406	0.098465	0.090942	0.075542	0.083336	0.101586	0.108126	0.066191	
310	0.077573	0.098857	0.106110	0.099793	0.089746	0.078167	0.084729	0.105764	0.113061	0.066400	
315	0.081780	0.100019	0.105712	0.095536	0.088437	0.080213	0.087224	0.106589	0.120614	0.066502	
320	0.082592	0.094970	0.105751	0.098333	0.093534	0.086371	0.089821	0.106578	0.123935	0.069123	
325	0.082670	0.096475	0.102643	0.097275	0.097231	0.087575	0.087825	0.105106	0.123422	0.069899	
330	0.084386	0.099648	0.103521	0.098717	0.097930	0.091167	0.088277	0.102022	0.120141	0.069003	
335	0.082784	0.100211	0.102413	0.104742	0.102259	0.088565	0.090282	0.101002	0.123442	0.070209	
340	0.090325	0.099470	0.102382	0.103893	0.104532	0.089056	0.089293	0.101892	0.126447	0.071560	
345	0.088545	0.099637	0.100123	0.104408	0.102014	0.087305	0.090827	0.105257	0.129647	0.070796	
350	0.088686	0.097532	0.100264	0.107618	0.103776	0.087392	0.091960	0.105744	0.133258	0.070279	
355	0.090510	0.102182	0.103084	0.105879	0.103326	0.090064	0.090984	0.104634	0.129557	0.072097	
360	0.092651	0.103598	0.105204	0.106054	0.104452	0.090783	0.089246	0.105545	0.127250	0.074904	
365	0.092944	0.102952	0.108980	0.107009	0.104156	0.093902	0.087219	0.103535	0.128169	0.076834	
370	0.094532	0.106176	0.109102	0.112486	0.106554	0.093647	0.087888	0.103409	0.118421	0.077009	
375	0.092634	0.113960	0.107274	0.115570	0.110241	0.095461	0.091383	0.109990	0.121254	0.076832	
380	0.096383	0.114787	0.102555	0.110235	0.107730	0.098456	0.094495	0.110334	0.118586	0.078240	
385	0.104038	0.119759	0.104483	0.110254	0.107687	0.104833	0.096808	0.109472	0.122258	0.076903	
390	0.104650	0.122326	0.107160	0.108639	0.109463	0.107598	0.095409	0.111397	0.124230	0.077540	
395	0.105002	0.120182	0.111006	0.110635	0.109489	0.108315	0.098340	0.112436	0.130491	0.077083	
400	0.106304	0.122287	0.112324	0.111764	0.106095	0.111741	0.102376	0.112117	0.129371	0.078719	
405	0.108394	0.124757	0.108448	0.116391	0.108264	0.110113	0.103896	0.112193	0.130051	0.079733	
410	0.106439	0.125926	0.109004	0.118190	0.110031	0.109068	0.105365	0.110059	0.128505	0.082625	
415	0.110044	0.133386	0.109217	0.116264	0.110286	0.106167	0.104052	0.113024	0.121247	0.085564	
420	0.107700	0.132937	0.116369	0.115666	0.106147	0.108160	0.107696	0.118610	0.125969	0.086841	
425	0.111015	0.130324	0.115539	0.113287	0.107190	0.108293	0.111667	0.122110	0.125313	0.086194	
430	0.112679	0.131906	0.110380	0.115022	0.109245	0.106074	0.110949	0.121869	0.127634	0.087382	
435	0.111860	0.134650	0.108703	0.119422	0.113618	0.110624	0.117877	0.121151	0.129510	0.084635	
440	0.113277	0.135047	0.108057	0.115473	0.111984	0.108871	0.115128	0.123338	0.132616	0.087599	
445	0.112076	0.134018	0.109642	0.116635	0.112309	0.109170	0.116032	0.119880	0.123982	0.089376	
450	0.114640	0.137943	0.112574	0.119732	0.112884	0.113805	0.116350	0.117943	0.128252	0.085483	
455	0.117262	0.141223	0.112174	0.124742	0.113766	0.109833	0.114798	0.117352	0.134835	0.085477	
460	0.117485	0.140826	0.113672	0.122676	0.112755	0.110082	0.114317	0.120772	0.135413	0.085742	
465	0.115358	0.141860	0.114298	0.120325	0.113790	0.110279	0.115218	0.121401	0.133915	0.087634	
470	0.121060	0.145400	0.115009	0.120161	0.115516	0.113101	0.114188	0.119348	0.134745	0.091293	
475	0.124352	0.148267	0.117907	0.121350	0.115600	0.114472	0.113536	0.123807	0.133477	0.093519	
480	0.125063	0.148035	0.119121	0.118278	0.114835	0.114520	0.113708	0.123197	0.133712	0.098530	
485	0.127041	0.149387	0.117716	0.114812	0.114095	0.114262	0.110818	0.122896	0.136115	0.093077	
490	0.131434	0.152484	0.115407	0.117942	0.111086	0.116019	0.114269	0.121142	0.137567	0.090421	
495	0.125158	0.149513	0.116853	0.119551	0.115017	0.116857	0.115547	0.118727	0.139552	0.094105	
500	0.121235	0.148418	0.120957	0.124912	0.113072	0.116253	0.120053	0.121227	0.143263	0.091137	
505	0.123352	0.151190	0.123283	0.127970	0.116204	0.121820	0.121601	0.121074	0.143768	0.087120	
510	0.126186	0.150743	0.120035	0.129601	0.121620	0.125181	0.117873	0.122932	0.144922	0.091255	
515	0.122707	0.153429	0.120485	0.132155	0.117405	0.122189	0.118069	0.128926	0.147250	0.092970	
520	0.125999	0.150395	0.119381	0.126034	0.117814	0.126897	0.118340	0.131600	0.144646	0.092137	
525	0.127165	0.144802	0.122842	0.128871	0.123547	0.133938	0.120412	0.128095	0.143532	0.091187	
530	0.128103	0.144054	0.123805	0.127421	0.123129	0.133636	0.118061	0.126075	0.139882	0.093849	
535	0.129947	0.143181	0.124924	0.127532	0.122493	0.131207	0.119609	0.123465	0.140538	0.094233	
540	0.128703	0.147572	0.125249	0.131132	0.122114	0.134137	0.125091	0.128392	0.144598	0.094220	
545	0.135161	0.151675	0.124963	0.128626	0.124630	0.135558	0.122656	0.133765	0.138564	0.091054	
550	0.137656	0.150735	0.127024	0.129572	0.123219	0.137425	0.125230	0.139489	0.140712	0.092832	
555	0.143195	0.147655	0.129355	0.131813	0.125291	0.135377	0.126465	0.137487	0.140438	0.097583	
560	0.144704	0.149508	0.130140	0.129046	0.123072	0.139044	0.127907	0.138624	0.136888	0.098492	
565	0.140862	0.147352	0.132439	0.126190	0.127654	0.143007	0.124660	0.134229	0.139881	0.096399	
570	0.141639	0.148434	0.132383	0.123999	0.126202	0.138594	0.128405	0.131895	0.139989	0.091379	
575	0.146058	0.149037	0.129055	0.125581	0.126759	0.134332	0.125944	0.133174	0.141795	0.096614	
580	0.146086	0.149762	0.126944	0.126960	0.126772	0.138811	0.129499	0.132311	0.140191	0.094634	
585	0.146064	0.148723	0.128686	0.127131	0.130298	0.131833	0.130655	0.131086	0.138894	0.096332	
590	0.144619	0.146612	0.123672	0.129184	0.126785	0.137793	0.131603	0.135181	0.144150	0.092418	
595	0.144678	0.147184	0.124172	0.128862	0.128578	0.136395	0.128934	0.138078	0.143287	0.094135	
600	0.153312	0.143988	0.128084	0.132001	0.134742	0.132298	0.128860	0.135281	0.141340	0.096776	
605	0.153509	0.147294	0.126351	0.132683	0.131750	0.134053	0.123139	0.135058	0.137149	0.098026	
610	0.153538	0.151362	0.130054	0.132635	0.129715	0.134130	0.123363	0.139707	0.135782	0.098978	
615	0.155931	0.151805	0.132512	0.133223	0.137172	0.130887	0.125188	0.137328	0.135399	0.099520	
620	0.154352	0.151947	0.131611	0.133302	0.138938	0.131925	0.125283	0.132973	0.137817	0.099640	
625	0.152350	0.151792	0.131953	0.136485	0.136373	0.132774	0.126097	0.134221	0.139286	0.099628	
630	0.154114	0.160036	0.131862	0.137469	0.135102	0.133321	0.129658	0.129542	0.139140	0.099843	
635	0.155157	0.162765	0.131302	0.139499	0.135153	0.135036	0.133395	0.127537	0.141001	0.100597	
640	0.153131	0.165318	0.131105	0.141066	0.134696	0.135510	0.131155	0.129991	0.143236	0.100725	
645	0.153055	0.167211	0.128955	0.143759	0.138251	0.139454	0.126760	0.129925	0.140445	0.103013	
650	0.148064	0.164467	0.125983	0.144462	0.136742	0.138274	0.122025	0.130130	0.139918	0.102337	
655	0.146396	0.162059	0.128598	0.142253	0.134825	0.139114	0.121999	0.127451	0.138045	0.103582	
660	0.143570	0.161950	0.125250	0.142731	0.135001	0.138142	0.126228	0.136570	0.139687	0.106184	
665	0.143725	0.161899	0.126329	0.141349	0.137243	0.136467	0.129101	0.140011	0.138005	0.103518	
670	0.140441	0.163152	0.127760	0.138131	0.135483	0.138157	0.132670	0.137672	0.136050	0.105816	
675	0.141593	0.163089	0.125680	0.137237	0.133483	0.141005	0.136056	0.141580	0.137396	0.107544	
680	0.145199	0.159666	0.129477	0.136421	0.138943	0.138236	0.139774	0.142687	0.136638	0.105104	
685	0.139484	0.163180	0.132169	0.139948	0.137170	0.138547	0.139689	0.142006	0.134405	0.103435	
690	0.142559	0.160206	0.135904	0.142166	0.139942	0.139349	0.134924	0.142881	0.136544	0.106155	
695	0.138348	0.165591	0.139668	0.139965	0.138753	0.134975	0.133469	0.138411	0.133950	0.106393	
700	0.137870	0.161178	0.142529	0.140671	0.138122	0.139787	0.130591	0.137717	0.132816	0.110257	
705	0.136375	0.155514	0.137426	0.140473	0.142727	0.136248	0.132968	0.135653	0.131894	0.112640	
710	0.134541	0.158005	0.135325	0.134542	0.140766	0.133752	0.131695	0.137554	0.134950	0.111161	
715	0.135738	0.155882	0.133256	0.138256	0.143077	0.133476	0.130325	0.137346	0.138209	0.103783	
720	0.138076	0.151386	0.130496	0.132820	0.143412	0.132864	0.130685	0.136417	0.135991	0.106389	
725	0.141631	0.158951	0.136487	0.134872	0.140285	0.131296	0.130457	0.143768	0.137890	0.107077	
730	0.141287	0.155294	0.137694	0.132567	0.138637	0.127660	0.129671	0.141099	0.135643	0.106606	
735	0.141307	0.153028	0.136230	0.135937	0.136028	0.126976	0.131374	0.139156	0.135824	0.107666	
740	0.140437	0.155280	0.136282	0.141981	0.132246	0.128740	0.131351	0.141624	0.135125	0.106607	
745	0.146289	0.151815	0.143462	0.141347	0.134936	0.130298	0.130245	0.139008	0.138671	0.105043	
750	0.146774	0.154553	0.138495	0.139944	0.135455	0.131527	0.130879	0.144178	0.138671	0.110131	
755	0.148672	0.152146	0.135667	0.139042	0.132706	0.130601	0.133524	0.149181	0.139315	0.106890	
760	0.143400	0.148694	0.135456	0.132783	0.131934	0.126679	0.135453	0.146130	0.139651	0.110289	
765	0.140282	0.150401	0.137403	0.134460	0.133438	0.125889	0.135670	0.146350	0.133316	0.105282	
770	0.140000	0.152456	0.139026	0.133213	0.132811	0.127110	0.139038	0.144489	0.130861	0.102704	
775	0.141149	0.157318	0.141293	0.134632	0.134442	0.131411	0.140856	0.145607	0.135455	0.107956	
780	0.141262	0.161263	0.140105	0.133354	0.135763	0.129320	0.138512	0.145260	0.140074	0.109029	
785	0.146869	0.161149	0.136482	0.137934	0.135271	0.133393	0.138011	0.143042	0.139013	0.107248	
790	0.142179	0.159926	0.134921	0.141847	0.136983	0.130771	0.138629	0.140217	0.140426	0.110376	
795	0.141225	0.159584	0.129704	0.142955	0.135975	0.133430	0.131837	0.141095	0.139398	0.105962	
800	0.142856	0.155698	0.134971	0.136700	0.132067	0.132409	0.136298	0.142157	0.143245	0.110364	
805	0.142700	0.156127	0.137763	0.131186	0.135290	0.136210	0.138290	0.144896	0.147210	0.113247	
810	0.142241	0.156492	0.132827	0.132720	0.134025	0.136410	0.139679	0.139040	0.141962	0.121758	
815	0.142506	0.151303	0.133266	0.138224	0.138601	0.134933	0.139307	0.138320	0.145508	0.124633	
820	0.142409	0.151206	0.129443	0.137608	0.135883	0.138958	0.141512	0.139668	0.146304	0.130516	
825	0.140963	0.147227	0.131985	0.142348	0.132534	0.145157	0.139614	0.137868	0.146731	0.133636	
830	0.139899	0.149165	0.133265	0.144936	0.132865	0.146212	0.139109	0.141320	0.144630	0.131974	
835	0.138851	0.149963	0.135091	0.142418	0.134736	0.145686	0.138019	0.144610	0.146678	0.132995	
840	0.138774	0.150963	0.136691	0.141330	0.132699	0.144603	0.142328	0.139354	0.147912	0.131673	
845	0.139073	0.150431	0.138172	0.132406	0.128201	0.145502	0.141759	0.140512	0.147102	0.133064	
850	0.138376	0.151897	0.138860	0.132409	0.129753	0.148699	0.142226	0.142689	0.146681	0.137539	
855	0.139173	0.156113	0.138438	0.130045	0.128754	0.149189	0.139109	0.148377	0.142802	0.136292	
860	0.141631	0.156159	0.138045	0.134646	0.128969	0.146688	0.140054	0.142414	0.142430	0.130024	
865	0.141454	0.151029	0.136045	0.137290	0.130267	0.146028	0.140533	0.141124	0.143035	0.129110	
870	0.143534	0.150478	0.137079	0.137169	0.131194	0.145130	0.142070	0.138420	0.147849	0.132671	
875	0.142161	0.151375	0.131764	0.132613	0.136634	0.146460	0.143907	0.140962	0.149915	0.128108	
880	0.140856	0.155895	0.130492	0.131514	0.136693	0.148227	0.143936	0.141727	0.147906	0.130113	
885	0.139918	0.153441	0.130521	0.131782	0.138520	0.148214	0.143874	0.141441	0.147843	0.130837	
890	0.139046	0.153738	0.127871	0.124838	0.135392	0.149494	0.144779	0.142969	0.145988	0.127095	
895	0.139769	0.154681	0.126398	0.130896	0.139223	0.144512	0.144851	0.141614	0.145395	0.129039	
900	0.137772	0.153614	0.128606	0.135061	0.143344	0.144383	0.141103	0.143649	0.144095	0.131222	
905	0.140449	0.150668	0.134896	0.134000	0.140396	0.145944	0.141789	0.139452	0.141824	0.133248	
910	0.143159	0.151641	0.134735	0.131730	0.140471	0.141546	0.143443	0.146177	0.139771	0.133702	
915	0.139276	0.151247	0.133159	0.130224	0.145393	0.138622	0.144605	0.145374	0.136730	0.136426	
920	0.139076	0.154526	0.131750	0.126730	0.142601	0.139239	0.144978	0.147949	0.136141	0.136857	
925	0.144136	0.152286	0.136051	0.133429	0.141719	0.140763	0.143624	0.144793	0.139732	0.138486	
930	0.142860	0.156507	0.137355	0.136551	0.144591	0.143553	0.141900	0.143581	0.139973	0.139646	
935	0.139134	0.156099	0.139017	0.137810	0.148425	0.142145	0.144149	0.142852	0.143523	0.137328	
940	0.141797	0.155073	0.141550	0.139824	0.144795	0.139670	0.144885	0.143714	0.142009	0.143348	
945	0.139714	0.156217	0.143564	0.136537	0.147674	0.136751	0.143812	0.142500	0.146441	0.143222	
950	0.139775	0.157098	0.142426	0.134533	0.145028	0.139010	0.149868	0.145703	0.148816	0.138798	
955	0.137649	0.161482	0.143012	0.135882	0.147587	0.139175	0.148713	0.143838	0.149093	0.143110	
960	0.132033	0.166978	0.146497	0.133437	0.147218	0.143799	0.147439	0.147877	0.149973	0.139296	
965	0.132957	0.167138	0.146181	0.135981	0.149347	0.146817	0.147186	0.154904	0.149880	0.143454	
970	0.130187	0.167992	0.141946	0.136520	0.150664	0.147380	0.146684	0.156583	0.149954	0.140061	
975	0.132245	0.169380	0.145954	0.135475	0.150311	0.147119	0.147566	0.158763	0.150967	0.143427	
980	0.134944	0.167449	0.146456	0.137054	0.149903	0.150516	0.148926	0.159731	0.148172	0.138687	
985	0.128672	0.165054	0.146583	0.132943	0.145409	0.144658	0.147338	0.164715	0.150147	0.141575	
990	0.127155	0.161244	0.143359	0.131724	0.146073	0.147211	0.149587	0.165076	0.146414	0.144942	
995	0.126746	0.156408	0.143693	0.135674	0.146666	0.152432	0.149251	0.161083	0.148081	0.144819	
1000	0.125046	0.154024	0.147146	0.135994	0.151282	0.148904	0.146153	0.166514	0.151313	0.139301	
1005	0.121640	0.152127	0.146399	0.134464	0.152607	0.149146	0.147004	0.172182	0.147184	0.139598	
1010	0.122125	0.153917	0.145208	0.133950	0.152007	0.149980	0.146072	0.169637	0.151452	0.135160	
1015	0.120049	0.150780	0.141201	0.139622	0.146196	0.150745	0.147647	0.167634	0.151671	0.137595	
1020	0.123369	0.149763	0.143012	0.141119	0.145238	0.149800	0.149947	0.167954	0.153096	0.141032	
1025	0.127272	0.149611	0.139042	0.144061	0.142863	0.153476	0.148231	0.164348	0.151864	0.142599	
1030	0.127929	0.154281	0.135947	0.143304	0.140715	0.152186	0.148837	0.161472	0.153416	0.140137	
1035	0.127403	0.153378	0.133104	0.143517	0.142160	0.151485	0.151179	0.158329	0.153851	0.144946	
1040	0.128222	0.156528	0.135151	0.142280	0.141769	0.148626	0.148286	0.162898	0.159136	0.145320	
1045	0.127491	0.156708	0.129350	0.141533	0.135974	0.153105	0.146851	0.159599	0.158655	0.143947	
1050	0.127449	0.155793	0.127393	0.139141	0.138457	0.154578	0.150503	0.157385	0.158828	0.142880	
1055	0.123473	0.153602	0.124763	0.144444	0.132040	0.154731	0.146586	0.160751	0.153398	0.150132	
1060	0.124569	0.156379	0.126006	0.142247	0.134292	0.155415	0.144201	0.158651	0.156455	0.152947	
1065	0.125346	0.156265	0.127148	0.143369	0.133799	0.154275	0.141314	0.162282	0.156163	0.152139	
1070	0.127008	0.152708	0.132557	0.146188	0.131872	0.154169	0.141643	0.158208	0.157853	0.149640	
1075	0.126664	0.155815	0.132617	0.147895	0.133631	0.159883	0.144707	0.158687	0.166561	0.143536	
1080	0.127834	0.154907	0.131992	0.147980	0.128361	0.160682	0.144250	0.159681	0.162853	0.146970	
1085	0.128610	0.154841	0.133495	0.148608	0.128172	0.162871	0.148167	0.157375	0.163150	0.151912	
1090	0.129278	0.156300	0.133713	0.149578	0.126603	0.158951	0.144719	0.159163	0.160071	0.149569	
1095	0.124722	0.158125	0.134576	0.151159	0.124160	0.164633	0.145070	0.158221	0.157004	0.145235	
1100	0.129142	0.161254	0.133837	0.146378	0.123411	0.164774	0.142751	0.157926	0.155445	0.147503	
1105	0.126797	0.161039	0.135393	0.145935	0.124418	0.167351	0.139894	0.156217	0.154070	0.151196	
1110	0.129336	0.161043	0.136481	0.144846	0.123271	0.166978	0.141417	0.156614	0.155064	0.152304	
1115	0.125590	0.161164	0.137555	0.154385	0.126316	0.168770	0.144865	0.159209	0.152498	0.155912	
1120	0.123912	0.161880	0.140335	0.154887	0.127385	0.164183	0.143655	0.158751	0.153796	0.155825	
1125	0.123459	0.165151	0.133994	0.156462	0.125605	0.163623	0.149154	0.158652	0.148549	0.158831	
1130	0.123171	0.162983	0.131312	0.159455	0.124500	0.164683	0.151462	0.156986	0.147187	0.160253	
1135	0.132440	0.163418	0.134392	0.158725	0.123840	0.163649	0.149514	0.154448	0.145506	0.160156	
1140	0.132848	0.166759	0.136224	0.154563	0.128841	0.167719	0.146157	0.156795	0.147761	0.168262	
1145	0.128354	0.166855	0.137850	0.149660	0.126561	0.164956	0.149116	0.155785	0.152262	0.168246	
1150	0.128490	0.164225	0.138788	0.150403	0.129537	0.166173	0.152573	0.157108	0.147692	0.169062	
1155	0.131687	0.165271	0.139838	0.149920	0.134313	0.167023	0.149929	0.152198	0.146219	0.170992	
1160	0.130555	0.162095	0.141916	0.150757	0.135649	0.170596	0.152076	0.149304	0.142793	0.168966	
1165	0.134302	0.156224	0.138427	0.152075	0.134227	0.165334	0.147454	0.147300	0.145044	0.168224	
1170	0.131860	0.157686	0.134283	0.154652	0.134231	0.170951	0.146828	0.150814	0.151835	0.165122	
1175	0.129730	0.158966	0.134528	0.156854	0.135948	0.169578	0.147014	0.152616	0.148339	0.162388	
1180	0.132125	0.161618	0.136085	0.155433	0.131222	0.166546	0.141672	0.149043	0.143627	0.164450	
1185	0.130425	0.162320	0.137899	0.158427	0.128512	0.166306	0.142171	0.147325	0.147058	0.170977	
1190	0.130965	0.159698	0.137655	0.161035	0.129806	0.166289	0.139801	0.147606	0.148044	0.174686	
1195	0.126664	0.159218	0.137999	0.163059	0.134200	0.166240	0.138199	0.148986	0.148138	0.167719	
1200	0.128104	0.160264	0.138143	0.168020	0.137711	0.165367	0.138653	0.150055	0.148599	0.167684	
1205	0.129809	0.161977	0.134631	0.170597	0.138097	0.161932	0.138905	0.155262	0.147432	0.174645	
1210	0.132253	0.163673	0.135953	0.171988	0.140475	0.166165	0.137091	0.157667	0.143251	0.175157	
1215	0.132324	0.165182	0.141556	0.169600	0.140114	0.164446	0.133185	0.154520	0.139982	0.169741	
1220	0.133744	0.167533	0.144470	0.170125	0.142402	0.166957	0.132066	0.159419	0.143252	0.171855	
1225	0.136571	0.167210	0.144929	0.168410	0.141197	0.163385	0.127093	0.160679	0.144832	0.168502	
1230	0.141124	0.167217	0.149158	0.169690	0.140139	0.160339	0.131897	0.162845	0.143781	0.170136	
1235	0.138072	0.165702	0.149804	0.172781	0.145706	0.159676	0.135311	0.162153	0.147724	0.169899	
1240	0.137055	0.167449	0.152554	0.167822	0.147520	0.155453	0.132681	0.150857	0.152443	0.172393	
1245	0.137708	0.169249	0.153314	0.169059	0.142088	0.154822	0.134051	0.144878	0.151185	0.168926	
1250	0.139038	0.171952	0.151843	0.167479	0.141873	0.158716	0.136418	0.144372	0.150255	0.167116	
1255	0.138499	0.169990	0.149886	0.173060	0.142938	0.157126	0.136915	0.147258	0.149798	0.168577	
1260	0.136615	0.170825	0.150232	0.173191	0.141993	0.159938	0.138850	0.146273	0.151812	0.162846	
1265	0.138291	0.168776	0.152365	0.172572	0.143540	0.159511	0.138927	0.146659	0.152362	0.167180	
1270	0.141791	0.168710	0.145912	0.171688	0.137882	0.157614	0.140029	0.146417	0.149710	0.166468	
1275	0.141840	0.167489	0.144489	0.171375	0.138271	0.155380	0.140422	0.152556	0.150606	0.167871	
1280	0.139105	0.166748	0.149125	0.169288	0.146733	0.157679	0.136704	0.153608	0.149055	0.165145	
1285	0.141279	0.169160	0.151006	0.171791	0.146659	0.159283	0.141413	0.157729	0.150229	0.165314	
1290	0.144274	0.169787	0.153029	0.171577	0.147624	0.160455	0.140669	0.155387	0.150979	0.165530	
1295	0.146386	0.172693	0.153792	0.175628	0.152784	0.162890	0.139073	0.156511	0.152415	0.165680	
1300	0.151736	0.171314	0.153240	0.174799	0.155137	0.154318	0.137866	0.153438	0.148408	0.159915	
1305	0.151534	0.167124	0.154970	0.178195	0.156146	0.151851	0.136482	0.155998	0.145929	0.162279	
1310	0.150959	0.166210	0.152959	0.176738	0.160447	0.153655	0.136757	0.159502	0.152671	0.163998	
1315	0.146019	0.161288	0.151432	0.172119	0.156106	0.150587	0.139492	0.162337	0.153203	0.154777	
1320	0.148289	0.163149	0.152406	0.173402	0.153138	0.152386	0.139907	0.161926	0.151385	0.145768	
1325	0.153506	0.163704	0.153927	0.173538	0.153912	0.151600	0.141967	0.159475	0.150103	0.143826	
1330	0.155986	0.162560	0.155616	0.170848	0.152954	0.152993	0.139778	0.162798	0.151650	0.141487	
1335	0.160854	0.163806	0.155328	0.171714	0.152037	0.156457	0.141284	0.162293	0.151574	0.146631	
1340	0.163872	0.167050	0.155815	0.171264	0.146353	0.155468	0.146828	0.159030	0.154920	0.146177	
1345	0.158762	0.169861	0.154800	0.177617	0.147207	0.152614	0.144584	0.161302	0.150880	0.147543	
1350	0.158913	0.169178	0.155051	0.176172	0.149310	0.149365	0.147239	0.169445	0.153302	0.145452	
1355	0.156920	0.167784	0.155437	0.172088	0.151400	0.150378	0.152040	0.167179	0.153351	0.145980	
1360	0.155735	0.166042	0.149705	0.170903	0.148346	0.155314	0.148346	0.163649	0.157678	0.145273	
1365	0.153077	0.164294	0.147139	0.170748	0.149354	0.150422	0.147680	0.165602	0.160040	0.144963	
1370	0.151017	0.165320	0.152169	0.168968	0.151462	0.149102	0.148220	0.162636	0.161100	0.143928	
1375	0.154406	0.167728	0.155608	0.165109	0.150788	0.150599	0.149037	0.157570	0.164647	0.146416	
1380	0.154231	0.166856	0.153050	0.167078	0.148287	0.149308	0.151375	0.158582	0.168194	0.148878	
1385	0.158980	0.166455	0.153359	0.162552	0.147454	0.150036	0.150999	0.156396	0.167925	0.148600	
1390	0.162298	0.168933	0.152650	0.165513	0.147565	0.152388	0.147476	0.158166	0.167693	0.145500	
1395	0.157555	0.167246	0.151982	0.165396	0.143137	0.152229	0.147393	0.155598	0.169897	0.145754	
1400	0.159213	0.169187	0.148365	0.165948	0.143715	0.151034	0.150306	0.155860	0.174028	0.144897	
1405	0.162549	0.168568	0.153134	0.165067	0.142160	0.151203	0.148557	0.158503	0.175325	0.148807	
1410	0.160734	0.163280	0.152411	0.164151	0.145555	0.151156	0.151750	0.158044	0.170478	0.151925	
1415	0.158290	0.161834	0.150849	0.166325	0.146063	0.146753	0.151602	0.152926	0.169279	0.152695	
1420	0.156078	0.163024	0.149931	0.163820	0.145965	0.143203	0.148674	0.152052	0.167999	0.149083	
1425	0.154126	0.165352	0.150728	0.159277	0.150006	0.144533	0.149719	0.152618	0.167830	0.150638	
1430	0.158053	0.157843	0.156636	0.152422	0.149339	0.144496	0.149864	0.152736	0.170682	0.152756	
1435	0.155403	0.151176	0.153575	0.152327	0.150661	0.135682	0.150869	0.153070	0.169726	0.155964	
1440	0.157865	0.151395	0.149637	0.148673	0.151317	0.131034	0.147786	0.152121	0.170507	0.150690	
1445	0.156900	0.155543	0.152638	0.149969	0.155842	0.133507	0.147488	0.150991	0.169260	0.157443	
1450	0.153857	0.154243	0.153913	0.150935	0.153537	0.133928	0.152070	0.148380	0.166784	0.157553	
1455	0.156931	0.153002	0.154898	0.149274	0.153516	0.136416	0.154763	0.150561	0.168527	0.157794	
1460	0.156069	0.155332	0.154218	0.146197	0.151554	0.140291	0.155976	0.154167	0.169949	0.156887	
1465	0.155882	0.156600	0.150067	0.146306	0.152983	0.144241	0.157740	0.152601	0.165780	0.156311	
1470	0.154414	0.158083	0.156200	0.144396	0.155211	0.143428	0.159643	0.152859	0.165311	0.159426	
1475	0.155870	0.160151	0.160144	0.145628	0.156481	0.146134	0.158757	0.153144	0.163237	0.159849	
1480	0.153092	0.160898	0.161414	0.147153	0.155409	0.149744	0.154892	0.151973	0.164422	0.157612	
1485	0.157025	0.160542	0.161686	0.145779	0.158018	0.152147	0.155378	0.148113	0.166838	0.151761	
1490	0.161515	0.162529	0.156902	0.140779	0.160235	0.152059	0.159418	0.151456	0.166449	0.151534	
1495	0.160836	0.161298	0.159696	0.132996	0.162513	0.152507	0.163178	0.153126	0.166479	0.154341	
1500	0.163640	0.161681	0.158706	0.137982	0.159524	0.153931	0.164089	0.151981	0.167807	0.153314	
1505	0.167010	0.165843	0.159773	0.144652	0.159168	0.149669	0.156166	0.148059	0.167038	0.152113	
1510	0.166959	0.163323	0.161691	0.144181	0.160660	0.152896	0.157759	0.152282	0.168034	0.155235	
1515	0.167167	0.160368	0.164328	0.140550	0.155999	0.154407	0.153829	0.146252	0.167641	0.160297	
1520	0.171248	0.158571	0.160572	0.138349	0.155566	0.160102	0.156121	0.147990	0.168364	0.162015	
1525	0.174441	0.161542	0.165896	0.134502	0.154831	0.157951	0.153225	0.148314	0.166300	0.162817	
1530	0.172004	0.164399	0.159218	0.134444	0.156504	0.160851	0.153763	0.148210	0.167220	0.164312	
1535	0.175218	0.164650	0.156742	0.137663	0.153088	0.150966	0.153571	0.148755	0.169116	0.161726	
1540	0.178186	0.161264	0.157274	0.138650	0.153746	0.149277	0.156458	0.145052	0.171401	0.158538	
1545	0.181876	0.157415	0.153319	0.140618	0.154915	0.146076	0.157609	0.146328	0.169313	0.157618	
1550	0.184082	0.157586	0.156351	0.145151	0.151034	0.148426	0.155544	0.146893	0.170935	0.153717	
1555	0.183724	0.158200	0.157248	0.138056	0.148047	0.151679	0.157395	0.147689	0.172349	0.154129	
1560	0.180176	0.163831	0.152855	0.136411	0.144474	0.150717	0.152282	0.149976	0.167821	0.151265	
1565	0.179921	0.161886	0.154746	0.139847	0.146648	0.144898	0.150827	0.154625	0.165629	0.147695	
1570	0.180311	0.167109	0.158279	0.140738	0.146032	0.143280	0.148070	0.160207	0.164706	0.153724	
1575	0.178424	0.167018	0.158915	0.146113	0.150922	0.145151	0.147650	0.161702	0.165685	0.155248	
1580	0.176363	0.167932	0.158326	0.150825	0.155599	0.145779	0.152725	0.157075	0.169818	0.153287	
1585	0.172135	0.164027	0.157041	0.149543	0.155280	0.150999	0.145355	0.158283	0.166683	0.155091	
1590	0.172818	0.161651	0.155158	0.152182	0.160351	0.152502	0.145812	0.155102	0.168979	0.150898	
1595	0.167206	0.164773	0.154060	0.153562	0.157040	0.156358	0.152278	0.158724	0.167699	0.148116	
1600	0.172458	0.165276	0.158242	0.148723	0.153998	0.158609	0.148748	0.160101	0.166477	0.141351	
1605	0.169853	0.167278	0.156334	0.147029	0.152813	0.153483	0.146086	0.152621	0.165505	0.146099	
1610	0.165338	0.165880	0.159857	0.147818	0.154412	0.153152	0.149831	0.153506	0.162448	0.139880	
1615	0.165732	0.165559	0.166128	0.143177	0.154867	0.148959	0.149958	0.153879	0.162168	0.143689	
1620	0.160375	0.166183	0.158513	0.145408	0.152972	0.148502	0.148891	0.156874	0.158388	0.140497	
1625	0.163131	0.160640	0.158570	0.145658	0.152315	0.152939	0.146577	0.157063	0.157678	0.137778	
1630	0.163762	0.160435	0.156291	0.146644	0.151321	0.150702	0.147543	0.158698	0.160245	0.136960	
1635	0.164864	0.159199	0.155485	0.143625	0.152614	0.154753	0.149961	0.152842	0.161041	0.136502	
1640	0.168862	0.157357	0.159567	0.140575	0.157690	0.156811	0.147716	0.153497	0.157902	0.141079	
1645	0.170628	0.155208	0.161625	0.138679	0.157660	0.159204	0.149243	0.160566	0.161948	0.143241	
1650	0.169874	0.154975	0.155110	0.139314	0.151428	0.161849	0.151506	0.160292	0.160287	0.141124	
1655	0.170234	0.155428	0.154995	0.143194	0.154347	0.158172	0.150778	0.159187	0.157655	0.147973	
1660	0.169897	0.155644	0.152397	0.141999	0.154829	0.153686	0.150359	0.156237	0.158278	0.146128	
1665	0.176112	0.152773	0.156974	0.139252	0.160203	0.152869	0.153182	0.156097	0.155752	0.140903	
1670	0.177511	0.155147	0.157207	0.144817	0.159310	0.151667	0.152009	0.159132	0.157962	0.151442	
1675	0.173665	0.158976	0.155591	0.145994	0.155229	0.158051	0.154011	0.158580	0.158874	0.151044	
1680	0.175617	0.156041	0.157268	0.147072	0.154743	0.156556	0.153121	0.159013	0.157942	0.149357	
1685	0.178196	0.162094	0.156885	0.150020	0.155617	0.158442	0.156275	0.160054	0.156695	0.147420	
1690	0.177498	0.161217	0.154638	0.146967	0.158042	0.158018	0.158195	0.158821	0.153642	0.143415	
1695	0.172800	0.160986	0.153721	0.145873	0.154530	0.155074	0.157129	0.158109	0.156857	0.151205	
1700	0.168821	0.157203	0.156416	0.147398	0.159327	0.155508	0.157530	0.158756	0.153905	0.153047	
1705	0.169067	0.161227	0.158927	0.146313	0.157909	0.155680	0.151612	0.158613	0.153778	0.152966	
1710	0.164160	0.165220	0.162161	0.145764	0.157790	0.158100	0.151647	0.155832	0.156735	0.155821	
1715	0.166802	0.169078	0.167152	0.147564	0.157311	0.159801	0.154362	0.157641	0.159053	0.153639	
1720	0.160582	0.164065	0.172375	0.147019	0.159620	0.160137	0.153948	0.162230	0.157689	0.149951	
1725	0.159455	0.159498	0.175320	0.143317	0.162246	0.157618	0.153419	0.160941	0.163116	0.155160	
1730	0.154771	0.158585	0.172636	0.138400	0.160985	0.157378	0.158039	0.161389	0.162146	0.153070	
1735	0.163305	0.158950	0.167582	0.141317	0.160516	0.160900	0.157313	0.167453	0.160085	0.152765	
1740	0.166982	0.161541	0.173687	0.145239	0.161351	0.162191	0.157697	0.167567	0.161643	0.154937	
1745	0.167354	0.155830	0.173145	0.142602	0.160949	0.163148	0.159591	0.167189	0.160860	0.161410	
1750	0.164607	0.155287	0.172855	0.139585	0.157678	0.161060	0.157363	0.164639	0.161490	0.156159	
1755	0.163916	0.153051	0.174292	0.140512	0.159384	0.160262	0.155123	0.162678	0.162441	0.154354	
1760	0.163136	0.154647	0.172631	0.137146	0.159731	0.160105	0.152769	0.161628	0.167356	0.156019	
1765	0.161244	0.156586	0.174068	0.136890	0.160173	0.163914	0.155275	0.163110	0.160995	0.156153	
1770	0.161552	0.152026	0.169944	0.135812	0.160540	0.162124	0.158204	0.163741	0.154549	0.150829	
1775	0.162545	0.151005	0.169559	0.135801	0.159646	0.163321	0.160728	0.161260	0.153350	0.155204	
1780	0.166607	0.152659	0.168561	0.144544	0.154178	0.164136	0.159970	0.158555	0.150440	0.157237	
1785	0.170218	0.153161	0.168819	0.143586	0.155154	0.165399	0.162068	0.160650	0.157438	0.162154	
1790	0.172155	0.154412	0.174098	0.142975	0.155293	0.167110	0.162962	0.160572	0.154742	0.160560	
1795	0.174918	0.153558	0.177412	0.148709	0.155258	0.163940	0.159271	0.158489	0.154224	0.157337	
1800	0.174271	0.154755	0.179819	0.145280	0.154161	0.165724	0.162440	0.158222	0.156963	0.151915	
1805	0.174355	0.159472	0.182763	0.152506	0.153351	0.161301	0.164149	0.160618	0.156452	0.147012	
1810	0.174144	0.162577	0.179723	0.154748	0.155825	0.162525	0.164390	0.165122	0.156619	0.147789	
1815	0.175428	0.166940	0.177710	0.152769	0.158050	0.163235	0.165793	0.172015	0.163582	0.148123	
1820	0.178221	0.165675	0.178184	0.150183	0.158284	0.165109	0.161286	0.170435	0.164010	0.147425	
1825	0.181571	0.167299	0.182277	0.148080	0.160065	0.163629	0.161408	0.170483	0.166574	0.146284	
1830	0.184777	0.163866	0.185653	0.147009	0.160624	0.162396	0.165152	0.169217	0.162005	0.146205	
1835	0.185212	0.166212	0.184838	0.146203	0.165161	0.159271	0.165063	0.172081	0.157131	0.141890	
1840	0.184497	0.166698	0.182879	0.145582	0.163500	0.161949	0.164038	0.172479	0.156871	0.145599	
1845	0.182096	0.159978	0.184221	0.143531	0.163318	0.163872	0.164793	0.172036	0.159736	0.144261	
1850	0.180712	0.159608	0.178355	0.147778	0.162578	0.165971	0.164042	0.169061	0.159452	0.145810	
1855	0.180169	0.160813	0.176334	0.145979	0.162014	0.164088	0.164356	0.169967	0.161478	0.149967	
1860	0.174705	0.161196	0.177736	0.145509	0.165375	0.160550	0.158981	0.170300	0.164478	0.148407	
1865	0.169696	0.157018	0.177957	0.141593	0.164341	0.159185	0.158824	0.172005	0.164125	0.145367	
1870	0.167811	0.155093	0.174957	0.145257	0.170379	0.160086	0.164764	0.168456	0.163249	0.150462	
1875	0.171978	0.159677	0.175869	0.139799	0.173153	0.154866	0.164930	0.172209	0.160900	0.147695	
1880	0.165760	0.161233	0.176627	0.142072	0.169209	0.156885	0.166402	0.175506	0.162091	0.150425	
1885	0.168163	0.163331	0.181559	0.145388	0.172665	0.157054	0.169541	0.174614	0.161353	0.148914	
1890	0.170321	0.158098	0.181988	0.145260	0.170542	0.158834	0.165706	0.176025	0.168268	0.149917	
1895	0.168624	0.163441	0.184227	0.145856	0.172020	0.162489	0.164861	0.173550	0.172575	0.148273	
1900	0.165570	0.164664	0.181220	0.141560	0.169900	0.158957	0.167358	0.173191	0.171375	0.145822	
1905	0.168536	0.164867	0.186697	0.140498	0.168037	0.160463	0.166169	0.174549	0.174181	0.141384	
1910	0.169403	0.164878	0.185757	0.141246	0.168819	0.150713	0.164930	0.170190	0.172193	0.143071	
1915	0.172122	0.160087	0.188534	0.143884	0.170247	0.150312	0.167240	0.170939	0.171194	0.148715	
1920	0.173725	0.165766	0.183617	0.146254	0.174780	0.151183	0.165095	0.165729	0.170310	0.150607	
1925	0.171020	0.163994	0.183886	0.144504	0.177942	0.148194	0.170536	0.167409	0.169899	0.156294	
1930	0.175078	0.164543	0.185430	0.144056	0.172073	0.149570	0.173485	0.172337	0.170083	0.156120	
1935	0.178602	0.166788	0.191228	0.143508	0.173419	0.149606	0.176425	0.171477	0.168470	0.155922	
1940	0.176528	0.168137	0.185724	0.141712	0.170200	0.153250	0.171434	0.173458	0.165951	0.156725	
1945	0.177672	0.169232	0.186690	0.141229	0.168498	0.151667	0.175980	0.172079	0.165494	0.157653	
1950	0.175964	0.171228	0.189093	0.141595	0.167786	0.150888	0.173446	0.165456	0.157628	0.157119	
1955	0.169771	0.167612	0.188504	0.143271	0.165854	0.151561	0.176686	0.167409	0.156636	0.154756	
1960	0.173703	0.165823	0.185697	0.143951	0.166895	0.145760	0.181086	0.168360	0.157935	0.150830	
1965	0.176161	0.167901	0.186687	0.148440	0.165606	0.147917	0.184015	0.169060	0.158282	0.152569	
1970	0.172856	0.169846	0.184721	0.149603	0.168659	0.151265	0.181822	0.168830	0.165674	0.149245	
1975	0.171688	0.171338	0.183368	0.154245	0.170930	0.146771	0.182871	0.168767	0.163129	0.152776	
1980	0.171024	0.168412	0.179822	0.152069	0.174248	0.145921	0.183980	0.169978	0.158258	0.151965	
1985	0.171909	0.167846	0.182150	0.153922	0.173809	0.145133	0.187964	0.169594	0.161765	0.156787	
1990	0.175792	0.170093	0.175699	0.150582	0.174665	0.146963	0.186669	0.174306	0.160036	0.158093	
1995	0.178480	0.170715	0.177230	0.152032	0.177541	0.149403	0.190415	0.175282	0.161620	0.155456	
2000	0.176249	0.164406	0.179092	0.150905	0.177415	0.149397	0.185129	0.174657	0.159357	0.148672	
2005	0.177741	0.165563	0.175510	0.149246	0.175109	0.151168	0.189884	0.170546	0.165310	0.147776	
2010	0.177583	0.159847	0.175359	0.151942	0.178358	0.152062	0.190323	0.172841	0.166193	0.148439	
2015	0.180301	0.161194	0.174664	0.156615	0.178835	0.154001	0.190875	0.177947	0.165531	0.150308	
2020	0.178007	0.159822	0.173837	0.154383	0.180650	0.156438	0.189601	0.186314	0.165538	0.151706	
2025	0.173872	0.160364	0.173355	0.151923	0.180807	0.153708	0.190833	0.187506	0.165073	0.147337	
2030	0.172616	0.160852	0.171132	0.155437	0.182675	0.150621	0.188460	0.187758	0.167727	0.148710	
2035	0.173307	0.154832	0.172642	0.159416	0.180620	0.151818	0.185177	0.184202	0.169349	0.150366	
2040	0.173850	0.156027	0.175228	0.162004	0.180907	0.149992	0.183488	0.180498	0.170903	0.146699	
2045	0.173690	0.162682	0.171137	0.159515	0.181844	0.153480	0.183678	0.175261	0.171807	0.143513	
2050	0.173883	0.166934	0.173362	0.157671	0.180233	0.152515	0.182667	0.173435	0.171042	0.144646	
2055	0.170462	0.165864	0.169847	0.161060	0.176530	0.157098	0.183425	0.171283	0.171018	0.144648	
2060	0.170816	0.164696	0.173976	0.164339	0.179374	0.155990	0.185706	0.169016	0.179229	0.142341	
2065	0.171061	0.171580	0.180688	0.161689	0.180080	0.151753	0.186994	0.167064	0.169007	0.137024	
2070	0.173204	0.171881	0.182056	0.161585	0.183527	0.161881	0.188454	0.167351	0.170128	0.137765	
2075	0.170692	0.171456	0.181309	0.158805	0.186886	0.164274	0.184561	0.170736	0.163930	0.135047	
2080	0.167133	0.171483	0.180291	0.162533	0.182658	0.163654	0.186319	0.177322	0.162591	0.136282	
2085	0.167872	0.166471	0.179954	0.160245	0.181647	0.163562	0.180878	0.173431	0.167500	0.136588	
2090	0.168509	0.163381	0.177551	0.156782	0.183642	0.156271	0.177211	0.178189	0.171240	0.136058	
2095	0.162020	0.166527	0.178237	0.153805	0.182623	0.154781	0.175434	0.176461	0.172316	0.132819	
2100	0.165605	0.164305	0.174916	0.150139	0.182962	0.156090	0.172697	0.173968	0.172633	0.126264	
2105	0.162334	0.165073	0.173268	0.150977	0.181324	0.153506	0.171088	0.174117	0.168698	0.125994	
2110	0.165669	0.159082	0.173276	0.150505	0.181390	0.150519	0.172981	0.173117	0.170935	0.127843	
2115	0.167228	0.161651	0.177047	0.150210	0.182289	0.147762	0.177319	0.168748	0.170197	0.126791	
2120	0.166429	0.162294	0.174209	0.152290	0.183245	0.150167	0.180353	0.170664	0.172885	0.129935	
2125	0.166615	0.167450	0.172689	0.153140	0.182186	0.147093	0.180370	0.172994	0.169928	0.129243	
2130	0.167613	0.168645	0.172829	0.155922	0.184175	0.149532	0.178355	0.165360	0.168236	0.129207	
2135	0.170143	0.166731	0.176506	0.157307	0.186588	0.148602	0.172701	0.159416	0.166867	0.132136	
2140	0.168903	0.163006	0.170698	0.155477	0.184499	0.147530	0.174327	0.160037	0.171580	0.127327	
2145	0.169610	0.164619	0.163449	0.157980	0.183360	0.151599	0.174303	0.157600	0.175375	0.126832	
2150	0.169556	0.167174	0.166343	0.159725	0.185500	0.155556	0.169688	0.159779	0.174972	0.127620	
2155	0.165309	0.162671	0.170145	0.164446	0.183864	0.159294	0.169781	0.160934	0.171664	0.126845	
2160	0.160699	0.161162	0.166987	0.165958	0.186230	0.151830	0.166634	0.160053	0.174073	0.127112	
2165	0.161590	0.160037	0.164863	0.166990	0.186727	0.157568	0.165840	0.156933	0.170477	0.126440	
2170	0.161720	0.162549	0.165183	0.170363	0.186602	0.161547	0.167660	0.160944	0.166590	0.121857	
2175	0.161674	0.166570	0.157416	0.168407	0.185274	0.162123	0.168571	0.166401	0.161886	0.118676	
2180	0.161451	0.166382	0.154362	0.165089	0.188229	0.163620	0.167230	0.165265	0.158636	0.118494	
2185	0.162588	0.160684	0.146625	0.164295	0.192920	0.157914	0.166085	0.169786	0.161003	0.123258	
2190	0.159293	0.159523	0.145897	0.164202	0.189559	0.155731	0.167057	0.168064	0.164263	0.122892	
2195	0.160177	0.160179	0.151596	0.163435	0.187127	0.154738	0.167633	0.167411	0.162547	0.128888	
2200	0.158852	0.160127	0.153527	0.162804	0.187624	0.154889	0.169579	0.168879	0.160555	0.124413	
2205	0.159746	0.161608	0.151597	0.164459	0.188903	0.154193	0.170121	0.178300	0.165543	0.122870	
2210	0.159882	0.159191	0.148950	0.166303	0.191249	0.154252	0.175881	0.179592	0.159346	0.124373	
2215	0.159898	0.162712	0.151563	0.165543	0.186998	0.155870	0.177831	0.177782	0.164207	0.126447	
2220	0.159471	0.161575	0.154976	0.161829	0.185888	0.150417	0.174776	0.183938	0.162336	0.125743	
2225	0.157016	0.160995	0.155650	0.162997	0.185264	0.146191	0.170124	0.184441	0.160459	0.125711	
2230	0.157917	0.162691	0.152116	0.164616	0.187218	0.148134	0.173911	0.187661	0.163563	0.128715	
2235	0.158608	0.165867	0.152750	0.163828	0.185122	0.149478	0.169688	0.189626	0.166455	0.133127	
2240	0.158285	0.163844	0.153857	0.163817	0.185284	0.151992	0.171595	0.189461	0.160821	0.132079	
2245	0.162502	0.162532	0.155893	0.162900	0.185657	0.149287	0.166775	0.184245	0.161329	0.131628	
2250	0.162127	0.159213	0.154973	0.163684	0.181665	0.149742	0.172263	0.186222	0.157528	0.137095	
2255	0.164425	0.163618	0.157207	0.165233	0.186372	0.155864	0.164537	0.181796	0.161794	0.132120	
2260	0.165276	0.165913	0.155583	0.166584	0.181035	0.154319	0.161232	0.181959	0.160075	0.136803	
2265	0.163156	0.165211	0.156232	0.168847	0.176903	0.153816	0.169371	0.181875	0.157886	0.134549	
2270	0.161432	0.166925	0.154224	0.169724	0.180259	0.148522	0.168304	0.186217	0.158726	0.134323	
2275	0.163282	0.163620	0.150812	0.165301	0.178863	0.149399	0.168517	0.185481	0.157962	0.134699	
2280	0.157807	0.162936	0.153006	0.170581	0.179239	0.146789	0.169995	0.187067	0.157723	0.135240	
2285	0.154829	0.160610	0.154456	0.168810	0.177363	0.148328	0.168326	0.182655	0.163030	0.135002	
2290	0.150196	0.163022	0.155000	0.169239	0.175367	0.146620	0.165701	0.179246	0.165285	0.131601	
2295	0.149349	0.160929	0.156358	0.167396	0.170948	0.151007	0.167226	0.178736	0.166535	0.137591	
2300	0.154648	0.163408	0.155940	0.166661	0.171666	0.147873	0.164531	0.179051	0.164538	0.138198	
2305	0.159222	0.162657	0.157070	0.164914	0.175670	0.146401	0.164060	0.176733	0.161551	0.137087	
2310	0.159820	0.165353	0.152313	0.163417	0.175863	0.142109	0.164510	0.176674	0.161412	0.135334	
2315	0.159179	0.163031	0.154419	0.160860	0.177688	0.143508	0.163672	0.174964	0.159676	0.132889	
2320	0.162903	0.164899	0.156626	0.157696	0.172966	0.139857	0.161407	0.177587	0.159102	0.132196	
2325	0.161686	0.168726	0.153330	0.160742	0.171929	0.142043	0.166380	0.177023	0.158982	0.133667	
2330	0.163270	0.167939	0.157401	0.159778	0.178681	0.140063	0.167218	0.176097	0.158245	0.135312	
2335	0.158562	0.166454	0.151886	0.156297	0.179486	0.141451	0.173368	0.173323	0.160951	0.133283	
2340	0.157027	0.165832	0.154550	0.155279	0.175830	0.143441	0.177055	0.179500	0.159698	0.135760	
2345	0.155651	0.168617	0.154367	0.156833	0.177513	0.146926	0.180783	0.177191	0.157843	0.135573	
2350	0.155453	0.168072	0.151883	0.162164	0.174917	0.147697	0.175823	0.180011	0.159430	0.135709	
2355	0.153590	0.165178	0.154250	0.162728	0.174838	0.147084	0.178778	0.179839	0.157215	0.138439	
2360	0.152452	0.163844	0.154287	0.164610	0.170850	0.144300	0.179692	0.178884	0.155669	0.138617	
2365	0.155433	0.163426	0.150907	0.163152	0.170306	0.142362	0.178840	0.177152	0.156685	0.137786	
2370	0.153610	0.161155	0.151697	0.163808	0.171001	0.143492	0.179000	0.170396	0.153967	0.136835	
2375	0.157240	0.161679	0.152619	0.164298	0.168824	0.146814	0.174464	0.171878	0.158787	0.136562	
2380	0.154104	0.163266	0.152468	0.163215	0.165365	0.144423	0.177836	0.168744	0.161284	0.137354	
2385	0.154652	0.161820	0.149247	0.161857	0.166187	0.139842	0.179064	0.167875	0.157964	0.139612	
2390	0.152927	0.163543	0.153795	0.158200	0.168680	0.137945	0.176273	0.165737	0.153980	0.145683	
2395	0.149638	0.166390	0.153555	0.157129	0.169381	0.141416	0.179287	0.169864	0.153842	0.148036	
2400	0.152638	0.162351	0.153695	0.154382	0.163189	0.139454	0.180742	0.170069	0.155118	0.148284	
2405	0.151798	0.159606	0.150593	0.150477	0.159659	0.134501	0.181726	0.166080	0.152800	0.149963	
2410	0.154850	0.159824	0.150077	0.153271	0.161576	0.135186	0.185392	0.169258	0.152876	0.150611	
2415	0.154323	0.162314	0.154157	0.151353	0.163522	0.136302	0.184021	0.169623	0.156264	0.149031	
2420	0.150861	0.163255	0.149971	0.154114	0.164517	0.138301	0.184863	0.173147	0.158852	0.152318	
2425	0.153344	0.159003	0.149204	0.158927	0.162960	0.133381	0.185497	0.175011	0.157562	0.150130	
2430	0.149872	0.157436	0.153280	0.161607	0.156257	0.130707	0.189163	0.177747	0.160443	0.155195	
2435	0.151476	0.157584	0.159378	0.162662	0.154094	0.128618	0.191826	0.177528	0.162805	0.155319	
2440	0.152376	0.155183	0.158425	0.163510	0.158018	0.127038	0.191794	0.175358	0.163604	0.157070	
2445	0.155302	0.153861	0.151509	0.161122	0.159179	0.126244	0.190102	0.168439	0.162485	0.155742	
2450	0.156943	0.154605	0.153506	0.161261	0.156569	0.125506	0.192836	0.168027	0.160893	0.153874	
2455	0.155585	0.157814	0.157920	0.159389	0.159930	0.124866	0.190644	0.166363	0.160580	0.151982	
2460	0.155231	0.158958	0.152360	0.163156	0.156229	0.129735	0.191899	0.163129	0.154165	0.150870	
2465	0.156342	0.161622	0.155020	0.164720	0.158089	0.130023	0.193718	0.171313	0.156485	0.152923	
2470	0.155093	0.162307	0.156108	0.160390	0.162619	0.134733	0.194844	0.168608	0.153908	0.154533	
2475	0.151785	0.161776	0.156322	0.161275	0.171141	0.138260	0.194300	0.163981	0.156220	0.152513	
2480	0.152521	0.160404	0.158208	0.157436	0.169999	0.133569	0.193285	0.167991	0.159202	0.152940	
2485	0.148561	0.157829	0.158530	0.158039	0.165551	0.130891	0.190353	0.168452	0.165150	0.146138	
2490	0.153037	0.158174	0.156033	0.159083	0.159781	0.130804	0.188617	0.171813	0.165280	0.152060	
2495	0.154024	0.155469	0.156064	0.160521	0.162623	0.130366	0.184397	0.170914	0.166298	0.153523	
2500	0.152659	0.152111	0.153727	0.156494	0.163539	0.129908	0.181381	0.169654	0.170345	0.155172	
2505	0.153307	0.152358	0.151380	0.158322	0.159456	0.130109	0.178577	0.166235	0.166504	0.161778	
2510	0.152488	0.153972	0.150826	0.160829	0.162773	0.138036	0.173706	0.164211	0.165693	0.160609	
2515	0.155135	0.151933	0.151880	0.156705	0.160297	0.136246	0.172836	0.164381	0.164251	0.156918	
2520	0.157101	0.149229	0.155280	0.157078	0.154901	0.141556	0.172767	0.165123	0.160309	0.156703	
2525	0.157499	0.151286	0.152925	0.158124	0.155806	0.141841	0.175879	0.166844	0.156515	0.156089	
2530	0.155686	0.151016	0.153128	0.158699	0.158733	0.143072	0.172952	0.167394	0.151074	0.156085	
2535	0.155159	0.154830	0.154201	0.158805	0.158440	0.142421	0.172300	0.167765	0.150346	0.152938	
2540	0.156155	0.153942	0.153115	0.160196	0.157061	0.145988	0.173454	0.166290	0.153638	0.154321	
2545	0.151892	0.154241	0.154671	0.160932	0.156059	0.145750	0.179017	0.166011	0.155385	0.157032	
2550	0.154234	0.161138	0.152962	0.165646	0.160156	0.149285	0.179136	0.162522	0.164084	0.154836	
2555	0.156129	0.158504	0.153593	0.167252	0.156283	0.154076	0.177927	0.160162	0.168393	0.151047	
2560	0.157992	0.157374	0.152343	0.165771	0.155418	0.155919	0.182048	0.161566	0.166225	0.151996	
2565	0.160297	0.158074	0.153323	0.165957	0.161821	0.153107	0.177679	0.154993	0.167059	0.153139	
2570	0.158517	0.157510	0.155450	0.169541	0.159319	0.150764	0.176720	0.155770	0.170976	0.154337	
2575	0.158353	0.152668	0.154079	0.164586	0.157478	0.152878	0.180595	0.154835	0.170317	0.157999	
2580	0.155817	0.147848	0.153409	0.167388	0.159072	0.152446	0.183681	0.158469	0.164219	0.155475	
2585	0.156320	0.149901	0.155582	0.164865	0.164072	0.153709	0.183111	0.159759	0.166447	0.153226	
2590	0.154920	0.150222	0.157732	0.166071	0.165120	0.149822	0.183053	0.158680	0.163672	0.154071	
2595	0.153552	0.158041	0.160995	0.161565	0.164571	0.150132	0.174513	0.164170	0.165800	0.152256	
2600	0.153497	0.155908	0.162151	0.164764	0.167897	0.152487	0.176384	0.167763	0.162279	0.151325	
2605	0.156730	0.151922	0.163806	0.162761	0.159969	0.153159	0.174702	0.166720	0.162648	0.151807	
2610	0.159346	0.157836	0.161749	0.160232	0.158479	0.147806	0.176148	0.164600	0.164734	0.149674	
2615	0.162168	0.155684	0.161209	0.163636	0.156069	0.148381	0.180449	0.162256	0.164645	0.152504	
2620	0.161863	0.155128	0.158593	0.164926	0.154326	0.151575	0.177620	0.163445	0.163425	0.152262	
2625	0.159434	0.155129	0.158731	0.159820	0.156837	0.148235	0.175928	0.162006	0.165395	0.145555	
2630	0.158961	0.155146	0.156236	0.154889	0.154072	0.149913	0.175650	0.171513	0.166981	0.149697	
2635	0.161872	0.146924	0.159721	0.154711	0.154179	0.151317	0.176241	0.175148	0.164511	0.150556	
2640	0.160354	0.147795	0.155744	0.155953	0.154708	0.152070	0.178082	0.173015	0.168706	0.154550	
2645	0.158200	0.151236	0.155999	0.157799	0.155928	0.155046	0.177116	0.169475	0.171192	0.154184	
2650	0.150761	0.150988	0.153187	0.161467	0.159962	0.157378	0.178024	0.169119	0.167653	0.152590	
2655	0.150909	0.152232	0.154345	0.160990	0.159922	0.159138	0.180023	0.165159	0.161971	0.149866	
2660	0.153603	0.153575	0.152656	0.157577	0.154171	0.156832	0.181245	0.162732	0.162602	0.153271	
2665	0.149740	0.156261	0.150595	0.160451	0.153091	0.148861	0.181167	0.161637	0.159082	0.153657	
2670	0.152567	0.152403	0.154162	0.159724	0.156571	0.149758	0.183631	0.160333	0.159474	0.156119	
2675	0.151407	0.149315	0.156581	0.162685	0.156165	0.154410	0.180764	0.162945	0.156756	0.153993	
2680	0.150965	0.147185	0.159331	0.160440	0.160791	0.150704	0.179431	0.166049	0.155289	0.154584	
2685	0.149392	0.143913	0.154707	0.164538	0.159854	0.146433	0.181189	0.168461	0.154111	0.156733	
2690	0.156289	0.142989	0.153705	0.163771	0.162685	0.145829	0.176859	0.169842	0.150268	0.154535	
2695	0.157535	0.144082	0.153043	0.164722	0.165191	0.146765	0.177292	0.170655	0.152369	0.159147	
2700	0.157024	0.147233	0.153829	0.160758	0.165103	0.145649	0.177129	0.167630	0.155573	0.155150	
2705	0.155704	0.148056	0.149073	0.159641	0.161399	0.143352	0.177110	0.164457	0.156287	0.156513	
2710	0.159090	0.150198	0.151114	0.160848	0.160838	0.141412	0.178288	0.161230	0.154378	0.153889	
2715	0.159558	0.150202	0.157089	0.165799	0.163932	0.140268	0.177872	0.163830	0.156728	0.150754	
2720	0.158180	0.148521	0.150199	0.160859	0.164415	0.136452	0.178354	0.168478	0.160745	0.149505	
2725	0.157048	0.148174	0.149628	0.153302	0.169933	0.138979	0.181610	0.172122	0.156092	0.154166	
2730	0.151671	0.151408	0.150986	0.154295	0.170151	0.141652	0.183200	0.168408	0.155413	0.158579	
2735	0.156200	0.146829	0.153536	0.157283	0.167507	0.135872	0.178251	0.165820	0.155560	0.155539	
2740	0.156635	0.151842	0.154564	0.156910	0.166404	0.137049	0.181286	0.163469	0.154859	0.158187	
2745	0.157830	0.151224	0.152349	0.155910	0.167777	0.139635	0.186453	0.166248	0.156068	0.160613	
2750	0.158460	0.152940	0.153573	0.155184	0.158943	0.142597	0.181853	0.168237	0.154996	0.160321	
2755	0.155005	0.153909	0.155578	0.154510	0.155692	0.138488	0.182643	0.168463	0.156177	0.162428	
2760	0.153263	0.149419	0.152654	0.155699	0.156106	0.142742	0.186042	0.165052	0.157373	0.159340	
2765	0.149457	0.151405	0.152205	0.152706	0.162913	0.142609	0.188681	0.167946	0.155579	0.158934	
2770	0.147058	0.151014	0.156361	0.146050	0.159288	0.144561	0.185354	0.169262	0.153377	0.158099	
2775	0.149726	0.150316	0.155290	0.146012	0.157614	0.146324	0.181937	0.169897	0.148153	0.160456	
2780	0.157245	0.151970	0.155043	0.145862	0.155104	0.148497	0.180809	0.170600	0.149217	0.163576	
2785	0.157969	0.154590	0.152519	0.143790	0.156895	0.147723	0.177581	0.166557	0.150718	0.165450	
2790	0.156293	0.151398	0.154064	0.146618	0.157457	0.148970	0.179184	0.166382	0.148653	0.162301	
2795	0.160973	0.151135	0.155093	0.143229	0.156131	0.152841	0.179917	0.167793	0.147097	0.162303	
2800	0.158824	0.151359	0.158749	0.146996	0.158378	0.152190	0.179123	0.164792	0.149361	0.159221	
2805	0.157317	0.149706	0.157563	0.145871	0.156918	0.150574	0.176155	0.165575	0.149058	0.161550	
2810	0.158295	0.151079	0.158767	0.149259	0.156042	0.155603	0.173282	0.170833	0.149520	0.161684	
2815	0.157562	0.151846	0.155799	0.151138	0.156682	0.160491	0.179835	0.173832	0.146010	0.157681	
2820	0.157373	0.150674	0.156738	0.148112	0.158780	0.157369	0.175774	0.174823	0.147346	0.155668	
2825	0.157505	0.148775	0.158777	0.146008	0.156212	0.159897	0.176538	0.166447	0.145289	0.152959	
2830	0.157646	0.150020	0.160670	0.142484	0.153013	0.152776	0.174804	0.167089	0.146947	0.156659	
2835	0.151274	0.149541	0.161448	0.142070	0.154107	0.156594	0.171762	0.160948	0.149532	0.154802	
2840	0.149029	0.147329	0.160261	0.145982	0.155032	0.155098	0.174470	0.160910	0.151589	0.155156	
2845	0.152873	0.145444	0.160838	0.145690	0.153991	0.159765	0.168135	0.161987	0.148238	0.156186	
2850	0.157754	0.142024	0.165985	0.149642	0.152988	0.158253	0.173015	0.163279	0.145929	0.157327	
2855	0.159487	0.147430	0.164696	0.151096	0.149698	0.155379	0.171394	0.157891	0.151252	0.156229	
2860	0.154510	0.146939	0.168429	0.148461	0.156833	0.155363	0.169218	0.160859	0.149637	0.154008	
2865	0.156356	0.141539	0.170564	0.149344	0.157873	0.156047	0.169865	0.155990	0.152215	0.158656	
2870	0.159580	0.144934	0.171655	0.149851	0.161547	0.159212	0.172537	0.155161	0.156279	0.156625	
2875	0.159931	0.147612	0.170050	0.148699	0.161825	0.158261	0.172738	0.157015	0.156076	0.155860	
2880	0.161096	0.139947	0.171824	0.151656	0.160874	0.161156	0.175782	0.154361	0.158159	0.158006	
2885	0.162290	0.139863	0.174511	0.154559	0.158513	0.162192	0.175328	0.154096	0.163823	0.151963	
2890	0.164827	0.140939	0.176331	0.155854	0.159638	0.164462	0.171266	0.155042	0.173100	0.151577	
2895	0.164360	0.142511	0.178495	0.156400	0.154290	0.162279	0.168446	0.153994	0.172998	0.147999	
2900	0.159912	0.147353	0.176433	0.154714	0.159409	0.161002	0.171966	0.159035	0.168350	0.142404	
2905	0.155731	0.149152	0.180077	0.158020	0.158825	0.162097	0.171535	0.159589	0.166381	0.144514	
2910	0.156634	0.151652	0.177186	0.157390	0.164318	0.160484	0.170849	0.160556	0.170602	0.149040	
2915	0.152332	0.148833	0.175210	0.156618	0.168027	0.159472	0.173454	0.159589	0.175573	0.148194	
2920	0.152272	0.148529	0.169149	0.157759	0.166502	0.164564	0.175696	0.158619	0.175341	0.145266	
2925	0.153415	0.150404	0.167640	0.159551	0.171296	0.166402	0.176011	0.158007	0.174503	0.148220	
2930	0.155634	0.153946	0.166721	0.159016	0.173018	0.171653	0.179396	0.162495	0.174997	0.151916	
2935	0.153743	0.157710	0.166493	0.157909	0.173196	0.173084	0.180255	0.164664	0.175236	0.150761	
2940	0.159442	0.155006	0.166782	0.162766	0.178810	0.178404	0.181079	0.164498	0.172892	0.152179	
2945	0.158013	0.155085	0.165835	0.161232	0.177258	0.176759	0.177118	0.160722	0.172548	0.151651	
2950	0.155555	0.153243	0.165316	0.164158	0.175107	0.180113	0.175083	0.163402	0.175903	0.156057	
2955	0.154599	0.150921	0.166927	0.169138	0.171933	0.181400	0.171424	0.162837	0.172832	0.156699	
2960	0.154035	0.150768	0.167676	0.174046	0.170262	0.178534	0.168404	0.158210	0.171959	0.157890	
2965	0.154264	0.148593	0.162587	0.172726	0.172594	0.177368	0.169962	0.155552	0.165665	0.150973	
2970	0.154346	0.151825	0.161278	0.173205	0.170194	0.176767	0.170702	0.157351	0.168381	0.148861	
2975	0.151108	0.149537	0.158302	0.177295	0.169715	0.175618	0.171505	0.155840	0.167340	0.148966	
2980	0.150461	0.151600	0.155188	0.178218	0.167162	0.173806	0.168852	0.153270	0.166030	0.151992	
2985	0.153141	0.151422	0.157858	0.174421	0.169271	0.168470	0.166145	0.158301	0.165183	0.151034	
2990	0.153748	0.148588	0.157653	0.167303	0.172032	0.170623	0.167516	0.154226	0.159841	0.145593	
2995	0.155046	0.149718	0.159898	0.166786	0.170058	0.173401	0.171062	0.152870	0.157244	0.146167	
3000	0.152488	0.149732	0.157420	0.169481	0.171838	0.173791	0.167295	0.151528	0.158839	0.144032	
