T	rep_1	rep_2	rep_3	rep_4	rep_5	rep_6	rep_7	rep_8	rep_9	rep_10
5	0.034993	0.032150	0.020674	0.036359	0.014246	0.020799	0.028281	0.031905	0.030250	0.030821	
10	0.180011	0.166384	0.171559	0.171952	0.196749	0.194396	0.227593	0.209914	0.158122	0.222961	
15	0.242673	0.208530	0.222884	0.260864	0.241802	0.306567	0.334536	0.310320	0.224766	0.378206	
20	0.298623	0.285082	0.286565	0.309243	0.289793	0.389127	0.387788	0.362699	0.299876	0.409268	
25	0.353605	0.358281	0.348584	0.341597	0.346679	0.430662	0.437910	0.413233	0.387755	0.425686	
30	0.438389	0.396472	0.402366	0.390978	0.408995	0.471144	0.489392	0.456574	0.437558	0.447723	
35	0.525027	0.435736	0.439896	0.447693	0.457772	0.520716	0.532082	0.494262	0.465711	0.490836	
40	0.584825	0.469697	0.486659	0.500336	0.505779	0.554307	0.578878	0.519552	0.485835	0.530424	
45	0.637835	0.506936	0.517399	0.526090	0.553255	0.587915	0.613797	0.544104	0.504444	0.570920	
50	0.664624	0.545104	0.539896	0.552770	0.592369	0.611276	0.656053	0.565925	0.525416	0.604323	
55	0.678385	0.569081	0.550786	0.578013	0.615444	0.626005	0.680819	0.580398	0.543889	0.627982	
60	0.685139	0.592180	0.563179	0.596885	0.635059	0.640141	0.716112	0.594016	0.564005	0.652376	
65	0.693935	0.611604	0.569306	0.616145	0.661979	0.657752	0.728500	0.607034	0.585041	0.656677	
70	0.695203	0.623438	0.580722	0.637466	0.677503	0.666842	0.736679	0.613369	0.604134	0.673334	
75	0.696258	0.639090	0.590464	0.650851	0.698000	0.678875	0.761587	0.631195	0.617748	0.676174	
80	0.698673	0.648328	0.601414	0.666064	0.704087	0.686817	0.770609	0.645469	0.634571	0.689879	
85	0.702147	0.662480	0.617210	0.683414	0.713231	0.694958	0.773256	0.658182	0.645023	0.701527	
90	0.704729	0.669789	0.639763	0.691155	0.732978	0.701154	0.767987	0.668786	0.653677	0.711302	
95	0.709341	0.678595	0.652213	0.696825	0.742100	0.705624	0.769422	0.678803	0.667681	0.714530	
100	0.711985	0.687713	0.678373	0.703821	0.742767	0.707485	0.769320	0.683810	0.675695	0.717910	
105	0.723336	0.692130	0.696226	0.714271	0.742581	0.721509	0.761326	0.688231	0.683626	0.724890	
110	0.716174	0.699161	0.701473	0.713063	0.744524	0.719306	0.758959	0.695240	0.689690	0.727688	
115	0.720529	0.708495	0.701359	0.708987	0.741517	0.726722	0.748546	0.702034	0.696193	0.722760	
120	0.719407	0.711584	0.707330	0.708787	0.739849	0.731261	0.749883	0.701315	0.694624	0.732631	
125	0.715655	0.714742	0.712329	0.705922	0.738045	0.729979	0.745639	0.705919	0.688728	0.731268	
130	0.717485	0.707366	0.710311	0.708161	0.736881	0.721393	0.743034	0.703257	0.686862	0.727409	
135	0.716100	0.706507	0.704514	0.706292	0.738831	0.719870	0.738071	0.703117	0.687905	0.724679	
140	0.714005	0.704471	0.698439	0.707795	0.732894	0.719791	0.724764	0.698506	0.690657	0.721640	
145	0.713461	0.693166	0.703344	0.701411	0.725599	0.713098	0.716587	0.703218	0.690936	0.726236	
150	0.712419	0.683801	0.686261	0.700712	0.724423	0.710615	0.707229	0.697818	0.679084	0.728216	
155	0.711850	0.678497	0.691029	0.700020	0.722345	0.707859	0.703082	0.691937	0.672958	0.726585	
160	0.701538	0.671108	0.691082	0.698129	0.714837	0.696660	0.702154	0.689915	0.668661	0.728310	
165	0.691378	0.662120	0.691527	0.687148	0.710677	0.689473	0.694801	0.677346	0.657161	0.721944	
170	0.689325	0.665101	0.680879	0.678715	0.702540	0.684437	0.684938	0.671900	0.642104	0.719827	
175	0.689848	0.657432	0.677817	0.675052	0.700917	0.680711	0.679741	0.665061	0.637566	0.718793	
180	0.683910	0.655072	0.669828	0.673366	0.699516	0.676042	0.671359	0.656419	0.626027	0.719276	
185	0.682585	0.638517	0.661946	0.670674	0.691266	0.673909	0.661538	0.653381	0.624746	0.712063	
190	0.677363	0.626011	0.656133	0.669361	0.684369	0.664203	0.659252	0.644576	0.622582	0.704464	
195	0.678826	0.629149	0.650151	0.665259	0.673797	0.656105	0.655295	0.636311	0.620880	0.701918	
200	0.672633	0.624708	0.649261	0.662454	0.670996	0.647568	0.652379	0.629786	0.608339	0.697595	
205	0.666824	0.614192	0.642669	0.657255	0.662670	0.646037	0.642733	0.619213	0.596782	0.692753	
210	0.659547	0.605882	0.631519	0.654571	0.653087	0.641637	0.634496	0.614473	0.585805	0.686572	
215	0.654416	0.601494	0.622172	0.646721	0.642008	0.637293	0.630084	0.608935	0.580854	0.680607	
220	0.649240	0.598273	0.612428	0.643179	0.629321	0.633621	0.626327	0.613115	0.571412	0.670713	
225	0.644595	0.586821	0.602605	0.632890	0.627212	0.622910	0.618070	0.602378	0.571163	0.663650	
230	0.639405	0.582459	0.599068	0.630785	0.616540	0.619987	0.617673	0.601841	0.560496	0.657660	
235	0.630933	0.574535	0.598877	0.621903	0.609819	0.613758	0.608682	0.596191	0.558303	0.659364	
240	0.627839	0.564832	0.598169	0.610769	0.607261	0.612079	0.605331	0.580279	0.561126	0.653883	
245	0.613460	0.559925	0.595812	0.610830	0.601883	0.611503	0.600189	0.577244	0.554572	0.649339	
250	0.600216	0.560370	0.591147	0.607198	0.597754	0.610627	0.594853	0.572766	0.555873	0.645311	
255	0.595018	0.552238	0.586652	0.605815	0.598458	0.603514	0.594040	0.564433	0.551699	0.635299	
260	0.594116	0.539716	0.580534	0.600638	0.590756	0.603436	0.592211	0.557465	0.546967	0.632725	
265	0.595609	0.534915	0.576842	0.593138	0.587057	0.598794	0.590412	0.554688	0.538603	0.629163	
270	0.593556	0.532986	0.574474	0.590487	0.583430	0.591880	0.579411	0.551337	0.536890	0.625821	
275	0.587310	0.532255	0.572796	0.593956	0.581478	0.593083	0.570857	0.550624	0.530137	0.622928	
280	0.586488	0.528102	0.575001	0.590553	0.581144	0.587761	0.566215	0.548324	0.526988	0.620851	
285	0.583499	0.523525	0.568468	0.574986	0.581392	0.584914	0.556967	0.550673	0.521784	0.616260	
290	0.585208	0.518144	0.567854	0.572750	0.575380	0.576239	0.554374	0.548821	0.519231	0.616166	
295	0.578339	0.519378	0.563064	0.573952	0.574357	0.577943	0.555133	0.544391	0.520172	0.610108	
300	0.576402	0.521618	0.557591	0.564090	0.572151	0.576287	0.545452	0.543130	0.519270	0.606413	
305	0.575519	0.521182	0.556427	0.561363	0.574960	0.576132	0.542713	0.542812	0.515520	0.605615	
310	0.572687	0.517230	0.549117	0.563914	0.568424	0.572248	0.542343	0.539311	0.512162	0.601608	
315	0.572380	0.512757	0.546178	0.546094	0.567400	0.559779	0.539461	0.539385	0.506591	0.600494	
320	0.559125	0.513635	0.545065	0.551665	0.565967	0.559944	0.541055	0.536620	0.501395	0.595067	
325	0.552042	0.513716	0.541450	0.544331	0.556214	0.555559	0.537835	0.534665	0.493449	0.593416	
330	0.549580	0.514333	0.536297	0.544285	0.555976	0.550488	0.539496	0.541022	0.489224	0.585855	
335	0.549180	0.506886	0.537097	0.540699	0.549191	0.543638	0.537060	0.540589	0.491268	0.585220	
340	0.546098	0.500285	0.536001	0.538888	0.547581	0.538235	0.543281	0.536992	0.480255	0.581967	
345	0.542235	0.498662	0.534302	0.536959	0.543319	0.538697	0.543377	0.540160	0.478355	0.579909	
350	0.539065	0.494339	0.531821	0.532489	0.539818	0.539471	0.538331	0.534306	0.477997	0.576635	
355	0.530774	0.497000	0.534846	0.530905	0.535277	0.536701	0.532454	0.529756	0.475851	0.574496	
360	0.526793	0.494743	0.530644	0.527236	0.535554	0.543680	0.529568	0.518030	0.476883	0.573476	
365	0.523808	0.490350	0.526496	0.521306	0.539793	0.540417	0.524224	0.517392	0.471700	0.574005	
370	0.521342	0.492112	0.522561	0.519577	0.540106	0.539207	0.523601	0.512044	0.473118	0.561068	
375	0.521780	0.490941	0.517536	0.516443	0.538718	0.539889	0.525732	0.514452	0.467128	0.559541	
380	0.515561	0.488049	0.518039	0.518949	0.535825	0.538623	0.527775	0.514370	0.468892	0.554159	
385	0.515094	0.479333	0.515987	0.520702	0.537803	0.534827	0.532057	0.510390	0.459142	0.550425	
390	0.505035	0.478320	0.514074	0.516496	0.527742	0.534945	0.526833	0.501547	0.456952	0.550718	
395	0.498783	0.476292	0.517445	0.516017	0.528528	0.534227	0.524328	0.499565	0.453249	0.546656	
400	0.492309	0.476253	0.514512	0.512628	0.528183	0.530552	0.524371	0.501043	0.448867	0.548367	
405	0.489515	0.473101	0.519769	0.501949	0.526103	0.529263	0.518485	0.501998	0.448539	0.548119	
410	0.491646	0.467732	0.512809	0.500037	0.523103	0.522506	0.511578	0.498320	0.447172	0.554096	
415	0.487265	0.463399	0.515536	0.499897	0.515238	0.516853	0.505655	0.496971	0.447955	0.549201	
420	0.493779	0.456628	0.507534	0.496926	0.511448	0.517890	0.503214	0.496307	0.453165	0.540302	
425	0.494047	0.455754	0.510732	0.493448	0.504663	0.515481	0.504499	0.492871	0.450477	0.541551	
430	0.494466	0.454725	0.507216	0.495315	0.505872	0.511972	0.503534	0.493899	0.447761	0.540735	
435	0.493095	0.453219	0.501911	0.498847	0.511073	0.507650	0.492402	0.488579	0.446828	0.534892	
440	0.491950	0.449884	0.491529	0.501827	0.514640	0.509283	0.497558	0.488430	0.449499	0.533497	
445	0.490794	0.449466	0.495704	0.502281	0.514979	0.503075	0.501400	0.488705	0.447516	0.535840	
450	0.484384	0.451085	0.493929	0.494723	0.514399	0.504568	0.500419	0.483859	0.447683	0.529320	
455	0.483678	0.448695	0.492626	0.494206	0.517841	0.507228	0.497715	0.487964	0.438771	0.525371	
460	0.476335	0.444719	0.488835	0.489918	0.513862	0.503906	0.496265	0.488170	0.436443	0.525540	
465	0.479562	0.435807	0.492269	0.491843	0.508268	0.503799	0.498926	0.489496	0.437285	0.523511	
470	0.480485	0.435035	0.489503	0.485826	0.508875	0.502572	0.495582	0.487696	0.433545	0.517343	
475	0.482114	0.431987	0.487672	0.490665	0.501494	0.501797	0.492112	0.487990	0.432422	0.518785	
480	0.475718	0.428483	0.487632	0.489289	0.498103	0.499769	0.490141	0.487907	0.428669	0.523019	
485	0.477329	0.427713	0.484340	0.483479	0.500550	0.490734	0.490236	0.489199	0.421754	0.520471	
490	0.483606	0.421875	0.480092	0.481224	0.492979	0.493385	0.484295	0.487194	0.418516	0.521027	
495	0.487742	0.413848	0.479785	0.481005	0.494928	0.493308	0.484502	0.485027	0.423845	0.519268	
500	0.489069	0.412658	0.476364	0.480830	0.494548	0.485560	0.480942	0.480187	0.425112	0.515967	
505	0.489109	0.411939	0.476012	0.483841	0.489707	0.479453	0.475521	0.479976	0.426683	0.512145	
510	0.483543	0.407380	0.474502	0.482618	0.493968	0.477756	0.479361	0.476469	0.431750	0.505756	
515	0.478516	0.406132	0.477837	0.482425	0.488485	0.474047	0.477918	0.472648	0.431161	0.512277	
520	0.476872	0.406702	0.476990	0.478864	0.489873	0.475390	0.472104	0.472634	0.430559	0.508545	
525	0.476525	0.411923	0.477128	0.478551	0.487130	0.482222	0.472232	0.469534	0.430012	0.511054	
530	0.474051	0.413688	0.466643	0.476570	0.481320	0.483530	0.471330	0.468984	0.427958	0.510511	
535	0.463914	0.411860	0.464770	0.472856	0.481190	0.485117	0.468817	0.467361	0.426710	0.514832	
540	0.465455	0.415453	0.468693	0.473616	0.481070	0.478416	0.468319	0.464789	0.425305	0.514696	
545	0.461526	0.413139	0.462476	0.473754	0.473341	0.477831	0.465718	0.470567	0.424846	0.510243	
550	0.461326	0.411364	0.462969	0.471837	0.470714	0.480733	0.462252	0.463866	0.421296	0.511770	
555	0.458393	0.411384	0.463330	0.468727	0.468810	0.473752	0.461810	0.463723	0.423142	0.512179	
560	0.458392	0.406604	0.458386	0.469188	0.461243	0.483890	0.456283	0.459137	0.426869	0.504705	
565	0.459574	0.404648	0.458573	0.470483	0.454563	0.479953	0.458428	0.457870	0.434334	0.499869	
570	0.460728	0.404470	0.456974	0.469818	0.453195	0.474388	0.458493	0.459039	0.434671	0.497135	
575	0.458651	0.405761	0.456052	0.466007	0.449001	0.471903	0.455273	0.458397	0.432582	0.495463	
580	0.453569	0.403362	0.454593	0.462516	0.452348	0.467304	0.453647	0.462012	0.429081	0.498610	
585	0.454381	0.401184	0.460281	0.463985	0.454402	0.469404	0.458202	0.460718	0.431654	0.500095	
590	0.458732	0.399647	0.453719	0.461694	0.459639	0.469686	0.455956	0.460902	0.435220	0.501542	
595	0.461493	0.404053	0.449810	0.462449	0.458182	0.469466	0.454875	0.458580	0.434809	0.498994	
600	0.459646	0.400640	0.450769	0.456540	0.454776	0.472362	0.447879	0.458653	0.433091	0.497459	
605	0.451857	0.396068	0.444015	0.454295	0.454795	0.469338	0.446858	0.463811	0.435467	0.493177	
610	0.442382	0.392068	0.446629	0.459273	0.455008	0.472253	0.443946	0.466043	0.436080	0.492080	
615	0.435611	0.394933	0.452564	0.459716	0.447774	0.468528	0.442039	0.469252	0.436184	0.487201	
620	0.433446	0.395944	0.454477	0.457782	0.452757	0.468832	0.441028	0.474093	0.432292	0.488926	
625	0.430764	0.400131	0.450101	0.463735	0.451598	0.469389	0.437057	0.476406	0.432346	0.486635	
630	0.431604	0.401547	0.449728	0.461454	0.442010	0.467395	0.439238	0.477934	0.436519	0.483058	
635	0.435385	0.400352	0.450740	0.457998	0.440777	0.466648	0.436084	0.478904	0.432718	0.485158	
640	0.428863	0.402778	0.449313	0.462299	0.444588	0.464637	0.434682	0.485591	0.433164	0.474227	
645	0.427869	0.400404	0.451069	0.461045	0.438333	0.456885	0.438991	0.483147	0.432735	0.474328	
650	0.428415	0.395184	0.450387	0.465727	0.437036	0.459619	0.434723	0.475265	0.433871	0.471186	
655	0.432147	0.394743	0.452279	0.466765	0.437543	0.459222	0.432865	0.471200	0.435336	0.472109	
660	0.437423	0.394970	0.452726	0.462042	0.436239	0.453286	0.434361	0.467137	0.431636	0.471169	
665	0.447996	0.395114	0.451177	0.457786	0.434087	0.451786	0.433264	0.456947	0.431438	0.469057	
670	0.448722	0.394570	0.454126	0.461997	0.436024	0.449366	0.434548	0.456263	0.428351	0.466562	
675	0.452354	0.390596	0.453773	0.459300	0.437850	0.452567	0.433661	0.450438	0.432384	0.463916	
680	0.452135	0.393398	0.454186	0.459760	0.434932	0.456917	0.431069	0.449613	0.428592	0.469460	
685	0.450586	0.396069	0.455713	0.464756	0.434927	0.455228	0.431799	0.446969	0.434739	0.467736	
690	0.454982	0.397227	0.460101	0.455467	0.429017	0.454195	0.432437	0.448721	0.434109	0.473182	
695	0.452140	0.393199	0.458685	0.453638	0.434428	0.452704	0.433377	0.443700	0.431099	0.479341	
700	0.444038	0.398719	0.452985	0.454450	0.433638	0.452809	0.428067	0.445187	0.427813	0.477075	
705	0.448923	0.392940	0.452507	0.452899	0.433577	0.453737	0.427742	0.451054	0.426996	0.480143	
710	0.449904	0.391583	0.450172	0.452496	0.427938	0.456492	0.430900	0.454341	0.425840	0.476521	
715	0.447391	0.387187	0.447772	0.450796	0.432045	0.456459	0.433926	0.453550	0.424826	0.467893	
720	0.449158	0.389859	0.449463	0.449778	0.427111	0.454941	0.436423	0.454084	0.419705	0.469863	
725	0.444858	0.385818	0.445125	0.449152	0.426107	0.459900	0.440069	0.445594	0.420945	0.469422	
730	0.445055	0.390691	0.438744	0.444797	0.428968	0.459871	0.440602	0.443761	0.423182	0.467384	
735	0.443920	0.390978	0.443258	0.443470	0.428840	0.458255	0.440940	0.437221	0.429222	0.465316	
740	0.443455	0.385094	0.446654	0.437054	0.426708	0.460263	0.438797	0.440321	0.428683	0.466144	
745	0.442978	0.384060	0.448357	0.438396	0.427895	0.459981	0.439050	0.438986	0.423528	0.460351	
750	0.448086	0.384115	0.445188	0.436177	0.426491	0.452779	0.437568	0.432175	0.427003	0.463991	
755	0.450019	0.390428	0.451630	0.439059	0.430156	0.449687	0.434619	0.430907	0.430739	0.468942	
760	0.450361	0.391330	0.444068	0.442351	0.431388	0.452147	0.434874	0.430739	0.430660	0.471829	
765	0.446823	0.390520	0.445928	0.444128	0.436073	0.451124	0.436926	0.427681	0.428594	0.467724	
770	0.445903	0.394223	0.448877	0.446356	0.432902	0.446319	0.439092	0.424201	0.428985	0.473652	
775	0.444843	0.395403	0.445705	0.449608	0.428267	0.445637	0.438640	0.423748	0.434484	0.468992	
780	0.442237	0.393615	0.445379	0.450089	0.430422	0.444116	0.434128	0.420027	0.432269	0.462600	
785	0.444556	0.399857	0.447304	0.450530	0.430178	0.446350	0.425626	0.418699	0.427710	0.457810	
790	0.442811	0.397551	0.448732	0.447714	0.433786	0.441711	0.425747	0.416477	0.424471	0.463038	
795	0.440139	0.394154	0.452982	0.448409	0.435815	0.442797	0.425321	0.419329	0.427417	0.464804	
800	0.433590	0.392595	0.455728	0.447647	0.437037	0.441183	0.424549	0.421789	0.425059	0.464694	
805	0.438808	0.392618	0.454858	0.443212	0.434316	0.445294	0.424092	0.417548	0.420163	0.459060	
810	0.432546	0.391102	0.450293	0.436813	0.436212	0.440328	0.421977	0.421261	0.416147	0.458458	
815	0.438175	0.390085	0.451348	0.438740	0.437374	0.442766	0.423530	0.419913	0.415464	0.460633	
820	0.438678	0.390036	0.448326	0.439523	0.437742	0.436462	0.426310	0.421637	0.416766	0.456208	
825	0.439457	0.393628	0.445094	0.438508	0.439240	0.440073	0.425535	0.416916	0.420580	0.459116	
830	0.436278	0.394031	0.447071	0.437845	0.437566	0.438347	0.424844	0.417523	0.412534	0.458394	
835	0.430297	0.389098	0.445202	0.435107	0.438299	0.440128	0.427518	0.417005	0.414566	0.456295	
840	0.435294	0.391344	0.445945	0.438676	0.439516	0.436699	0.426477	0.413487	0.419998	0.454548	
845	0.437650	0.391943	0.449212	0.431940	0.436284	0.439088	0.427894	0.409219	0.415415	0.451820	
850	0.444053	0.398029	0.450472	0.428499	0.434564	0.445584	0.426328	0.404971	0.414312	0.455375	
855	0.445494	0.399494	0.445892	0.427806	0.429193	0.442288	0.426453	0.408231	0.415485	0.455822	
860	0.439499	0.393007	0.447323	0.426530	0.428827	0.436803	0.432281	0.413735	0.415178	0.449729	
865	0.439719	0.390809	0.444937	0.425911	0.429480	0.435905	0.430462	0.417343	0.415040	0.449604	
870	0.436360	0.389056	0.443835	0.423398	0.424642	0.434204	0.430890	0.412129	0.416519	0.451602	
875	0.431473	0.386566	0.445636	0.425033	0.426322	0.438712	0.430339	0.412451	0.422694	0.448538	
880	0.430614	0.382852	0.446686	0.427940	0.422093	0.442938	0.431264	0.411075	0.417618	0.445079	
885	0.428986	0.383196	0.439877	0.431660	0.427461	0.442596	0.426136	0.413092	0.416164	0.442669	
890	0.431934	0.387841	0.445173	0.430752	0.433653	0.445279	0.427659	0.414968	0.414894	0.441895	
895	0.430878	0.389087	0.434971	0.433402	0.433895	0.445634	0.427175	0.413812	0.419485	0.438917	
900	0.433263	0.390427	0.435470	0.427383	0.428796	0.443827	0.430607	0.411067	0.421514	0.449765	
905	0.428399	0.398641	0.434898	0.428264	0.424129	0.442126	0.432381	0.414808	0.423067	0.444634	
910	0.428311	0.397499	0.439641	0.422556	0.423961	0.444948	0.429355	0.413371	0.423210	0.447179	
915	0.431258	0.395451	0.436148	0.424301	0.422479	0.441476	0.424698	0.410958	0.422903	0.448512	
920	0.426879	0.397741	0.436881	0.428855	0.423509	0.439833	0.421846	0.409627	0.420744	0.450122	
925	0.428680	0.397686	0.445666	0.430730	0.426883	0.437701	0.417913	0.405552	0.420890	0.450778	
930	0.431518	0.404835	0.448503	0.433074	0.425761	0.438315	0.418363	0.403734	0.417323	0.450089	
935	0.427303	0.407914	0.441052	0.426887	0.421976	0.442497	0.410160	0.405573	0.415671	0.450857	
940	0.423851	0.408410	0.439831	0.427518	0.418715	0.442198	0.409196	0.405843	0.414135	0.448043	
945	0.420814	0.403395	0.439312	0.422682	0.419804	0.434235	0.407546	0.404613	0.415262	0.447669	
950	0.422426	0.401520	0.438873	0.423793	0.418528	0.428135	0.405734	0.403790	0.415742	0.445426	
955	0.428967	0.399816	0.440852	0.421517	0.420039	0.427076	0.406768	0.402499	0.418209	0.444774	
960	0.428290	0.398545	0.442496	0.420869	0.422269	0.429165	0.403771	0.400361	0.420737	0.444704	
965	0.432970	0.398458	0.438028	0.418956	0.426351	0.431047	0.401675	0.399212	0.422519	0.441622	
970	0.431456	0.400265	0.436579	0.418454	0.422701	0.431599	0.400184	0.392579	0.420245	0.440284	
975	0.425929	0.407124	0.436637	0.419485	0.425646	0.430408	0.401604	0.392461	0.418601	0.436966	
980	0.422297	0.402510	0.437606	0.418317	0.421510	0.429217	0.404411	0.387153	0.415480	0.432189	
985	0.423019	0.398464	0.436525	0.413458	0.422230	0.432093	0.404690	0.381967	0.409754	0.430562	
990	0.421486	0.396664	0.430199	0.413591	0.420120	0.423090	0.400729	0.379352	0.410355	0.429235	
995	0.421266	0.397856	0.430583	0.409615	0.420998	0.423893	0.399357	0.375696	0.408312	0.431118	
1000	0.423135	0.395220	0.430471	0.411187	0.420605	0.423721	0.398331	0.378420	0.406034	0.429247	
1005	0.425605	0.394652	0.432063	0.408081	0.420932	0.423114	0.400848	0.381527	0.407094	0.423910	
1010	0.426499	0.399183	0.426798	0.407162	0.421816	0.419609	0.404588	0.383630	0.406100	0.421917	
1015	0.428915	0.395986	0.422845	0.407133	0.423186	0.421184	0.401044	0.381946	0.405239	0.423347	
1020	0.425262	0.398067	0.424002	0.407421	0.422845	0.424938	0.403805	0.382151	0.410441	0.418032	
1025	0.425931	0.398531	0.426982	0.406027	0.418955	0.423474	0.406658	0.379543	0.416865	0.415000	
1030	0.422491	0.398112	0.433209	0.405802	0.415943	0.419871	0.408523	0.379915	0.420192	0.415465	
1035	0.424712	0.399501	0.428830	0.404158	0.417370	0.418368	0.412243	0.384926	0.416956	0.414368	
1040	0.420015	0.398443	0.429640	0.405906	0.418533	0.414020	0.414727	0.386704	0.422156	0.417856	
1045	0.419405	0.398212	0.426799	0.399548	0.421589	0.417808	0.414273	0.385878	0.415610	0.420503	
1050	0.421815	0.397712	0.426314	0.404910	0.419236	0.418581	0.411880	0.384562	0.410843	0.421654	
1055	0.416957	0.398558	0.430916	0.407602	0.418984	0.414922	0.411645	0.384768	0.402499	0.420607	
1060	0.420413	0.399222	0.420813	0.405524	0.417881	0.419822	0.413181	0.383816	0.403377	0.420126	
1065	0.420704	0.405844	0.417932	0.403336	0.423740	0.424786	0.416428	0.381917	0.398124	0.420315	
1070	0.418394	0.406184	0.420633	0.406533	0.421381	0.427791	0.418506	0.385841	0.391060	0.420991	
1075	0.423309	0.401590	0.414969	0.402353	0.424417	0.425005	0.418454	0.383238	0.387695	0.419019	
1080	0.420929	0.402146	0.414188	0.401772	0.425035	0.424891	0.412430	0.382540	0.388550	0.422240	
1085	0.425368	0.402837	0.406637	0.400998	0.422663	0.425591	0.418120	0.385194	0.387885	0.414857	
1090	0.427306	0.399625	0.408420	0.403287	0.417856	0.419118	0.420191	0.385784	0.391605	0.409139	
1095	0.434368	0.391178	0.406430	0.400637	0.421059	0.417795	0.417408	0.383456	0.399099	0.416441	
1100	0.435031	0.389685	0.414245	0.403244	0.421735	0.415086	0.416367	0.383967	0.399336	0.414792	
1105	0.435212	0.390914	0.413997	0.399337	0.421615	0.414406	0.417315	0.378464	0.400015	0.412052	
1110	0.436964	0.390503	0.413298	0.396300	0.419150	0.408837	0.413429	0.377448	0.401601	0.404794	
1115	0.436269	0.386885	0.417820	0.397623	0.421560	0.414193	0.410254	0.376151	0.400715	0.404145	
1120	0.441189	0.388743	0.415557	0.393198	0.424904	0.414138	0.416810	0.375328	0.397058	0.395826	
1125	0.436084	0.384778	0.411285	0.397727	0.428983	0.412434	0.418185	0.376293	0.400462	0.392239	
1130	0.435256	0.384619	0.407302	0.398487	0.429671	0.410935	0.421408	0.381352	0.399336	0.391634	
1135	0.439581	0.380354	0.408546	0.398856	0.430363	0.414446	0.422300	0.379917	0.397395	0.392519	
1140	0.437252	0.377915	0.402745	0.405451	0.428752	0.413516	0.415301	0.380510	0.401655	0.393015	
1145	0.435822	0.385044	0.404349	0.408323	0.430467	0.413452	0.416304	0.381195	0.398068	0.394816	
1150	0.427916	0.387501	0.405779	0.405621	0.426430	0.408410	0.418434	0.381763	0.398010	0.394164	
1155	0.425863	0.387658	0.400210	0.406839	0.424066	0.407056	0.417758	0.385637	0.403947	0.400766	
1160	0.418733	0.383331	0.399501	0.404909	0.424312	0.405348	0.418482	0.390311	0.409187	0.397120	
1165	0.419987	0.383324	0.395675	0.405588	0.424140	0.404288	0.419591	0.390391	0.409885	0.399870	
1170	0.413952	0.380606	0.389337	0.402194	0.419693	0.406494	0.419101	0.390504	0.408698	0.399552	
1175	0.408843	0.381755	0.384158	0.400563	0.414474	0.407754	0.418862	0.387696	0.404130	0.403988	
1180	0.406053	0.388353	0.383358	0.399071	0.410056	0.404149	0.415864	0.388172	0.406736	0.407450	
1185	0.408182	0.390003	0.384275	0.396595	0.412148	0.402753	0.416114	0.388640	0.403178	0.410837	
1190	0.409003	0.392623	0.387702	0.398738	0.413026	0.404650	0.415543	0.387996	0.401047	0.414187	
1195	0.410806	0.391617	0.392271	0.398461	0.408911	0.405399	0.415671	0.386265	0.399780	0.412369	
1200	0.402457	0.392174	0.392994	0.394321	0.404218	0.405368	0.416570	0.385056	0.409898	0.411142	
1205	0.403259	0.390524	0.394879	0.393114	0.404088	0.405153	0.417476	0.382379	0.414176	0.408135	
1210	0.399005	0.387955	0.391855	0.396048	0.404753	0.399319	0.423524	0.382600	0.411845	0.406433	
1215	0.403037	0.385140	0.396373	0.397014	0.405767	0.401867	0.425516	0.378210	0.408550	0.403372	
1220	0.403575	0.385262	0.393748	0.390297	0.402815	0.399553	0.428472	0.383415	0.409587	0.406952	
1225	0.398681	0.387816	0.390734	0.390193	0.397281	0.397385	0.428912	0.383380	0.407388	0.400800	
1230	0.398482	0.386394	0.389775	0.391398	0.402039	0.398803	0.424216	0.384516	0.398984	0.402447	
1235	0.400107	0.390959	0.388119	0.388428	0.399874	0.399929	0.427784	0.384747	0.400327	0.400448	
1240	0.396996	0.396338	0.384097	0.387059	0.400350	0.399230	0.427212	0.380404	0.407047	0.402499	
1245	0.395215	0.392101	0.383315	0.386458	0.401389	0.398556	0.430512	0.378295	0.406689	0.403589	
1250	0.390399	0.400644	0.381996	0.386973	0.405432	0.400977	0.429142	0.373701	0.405156	0.398195	
1255	0.387951	0.396445	0.378600	0.389199	0.404691	0.401818	0.423870	0.371622	0.406871	0.400365	
1260	0.385770	0.394935	0.379224	0.385704	0.399900	0.402401	0.428803	0.379786	0.403748	0.401589	
1265	0.384959	0.398235	0.380145	0.380788	0.402314	0.396005	0.426758	0.379462	0.402665	0.406104	
1270	0.387075	0.399974	0.383684	0.378475	0.398641	0.393404	0.423884	0.381073	0.407256	0.406393	
1275	0.384748	0.396492	0.388487	0.375772	0.398692	0.391328	0.418326	0.378430	0.411465	0.405103	
1280	0.382354	0.397531	0.390254	0.371382	0.401397	0.395216	0.417543	0.379103	0.408493	0.409515	
1285	0.380564	0.402139	0.397275	0.377189	0.400919	0.396880	0.415917	0.378993	0.406354	0.410206	
1290	0.373387	0.397679	0.397906	0.376524	0.396021	0.397462	0.418613	0.382003	0.407629	0.407785	
1295	0.376280	0.394640	0.394853	0.376864	0.400918	0.397397	0.423674	0.383841	0.411453	0.413893	
1300	0.377216	0.398088	0.396612	0.376860	0.394263	0.390388	0.422501	0.384510	0.410317	0.412324	
1305	0.380562	0.394549	0.394634	0.377072	0.395179	0.390891	0.425100	0.378519	0.412211	0.417563	
1310	0.385110	0.393765	0.389449	0.374960	0.390864	0.390087	0.421419	0.378783	0.409312	0.413772	
1315	0.387823	0.392043	0.389568	0.378195	0.392101	0.397666	0.418092	0.379569	0.407454	0.405459	
1320	0.388488	0.389252	0.386988	0.379770	0.399708	0.396895	0.414620	0.380840	0.406444	0.410005	
1325	0.392383	0.385849	0.389666	0.384420	0.403184	0.393777	0.410707	0.384194	0.408353	0.416151	
1330	0.387380	0.386657	0.388030	0.386900	0.402671	0.389033	0.406834	0.380835	0.405647	0.420718	
1335	0.389231	0.386078	0.387513	0.387602	0.398538	0.394517	0.404130	0.380300	0.401411	0.424729	
1340	0.386098	0.385829	0.385908	0.389395	0.398800	0.392617	0.402021	0.382213	0.395110	0.428255	
1345	0.382577	0.385534	0.389057	0.391978	0.397866	0.395699	0.397224	0.379185	0.392958	0.424781	
1350	0.389643	0.389220	0.386373	0.392889	0.405332	0.399844	0.398877	0.377375	0.394115	0.424510	
1355	0.391596	0.385753	0.383797	0.392163	0.400762	0.395372	0.397555	0.377103	0.397009	0.423030	
1360	0.393536	0.385232	0.378971	0.389222	0.400637	0.393229	0.396691	0.371443	0.395020	0.424913	
1365	0.398052	0.389795	0.372999	0.387583	0.402930	0.392585	0.399101	0.369309	0.390597	0.421539	
1370	0.398396	0.391591	0.374428	0.385148	0.406771	0.392250	0.400015	0.373972	0.384964	0.420524	
1375	0.392636	0.385119	0.373845	0.389219	0.408440	0.393045	0.397730	0.376339	0.390736	0.419180	
1380	0.389551	0.382574	0.370277	0.384003	0.410234	0.395081	0.393289	0.382490	0.391856	0.414824	
1385	0.389593	0.387689	0.374346	0.381820	0.404276	0.396988	0.391531	0.381007	0.387975	0.417627	
1390	0.391807	0.391381	0.375077	0.386479	0.403497	0.396955	0.393906	0.377156	0.389470	0.412636	
1395	0.389737	0.399111	0.378484	0.380644	0.406436	0.394180	0.392629	0.377373	0.387438	0.411564	
1400	0.388272	0.394826	0.375624	0.382448	0.408192	0.390937	0.394049	0.378237	0.387608	0.406151	
1405	0.387258	0.389809	0.378236	0.386252	0.406951	0.391028	0.392473	0.375512	0.386545	0.410641	
1410	0.386551	0.393184	0.378779	0.387263	0.412275	0.387968	0.390762	0.368954	0.385900	0.414369	
1415	0.388169	0.391622	0.383938	0.388678	0.408525	0.388565	0.391290	0.372227	0.389731	0.415043	
1420	0.385418	0.393557	0.383688	0.389264	0.406931	0.391514	0.389384	0.375009	0.387980	0.409455	
1425	0.383450	0.398837	0.384099	0.389182	0.406305	0.394150	0.388006	0.371736	0.387701	0.414343	
1430	0.383358	0.399960	0.380888	0.384415	0.401812	0.391692	0.386650	0.373608	0.387080	0.411306	
1435	0.380131	0.397691	0.384821	0.389319	0.399627	0.390193	0.386098	0.374421	0.387864	0.409746	
1440	0.384367	0.400579	0.386369	0.392380	0.397006	0.387738	0.387158	0.379373	0.385411	0.403983	
1445	0.386385	0.397820	0.386826	0.397184	0.398509	0.388798	0.390392	0.377955	0.386342	0.399765	
1450	0.388883	0.395082	0.385706	0.397828	0.397030	0.392112	0.385892	0.378103	0.378911	0.395615	
1455	0.385814	0.391690	0.389100	0.398072	0.393582	0.387487	0.385831	0.384229	0.377353	0.393443	
1460	0.386006	0.390717	0.385240	0.396284	0.392908	0.385770	0.390811	0.379310	0.378556	0.393861	
1465	0.385600	0.386712	0.383943	0.397920	0.390774	0.386454	0.390808	0.377616	0.377134	0.394383	
1470	0.390770	0.387546	0.386106	0.392585	0.385194	0.389646	0.390086	0.378661	0.374642	0.393983	
1475	0.391264	0.398389	0.386970	0.394296	0.381846	0.391282	0.390369	0.378975	0.375477	0.391128	
1480	0.391667	0.401625	0.387790	0.395361	0.380051	0.391160	0.389958	0.377719	0.375703	0.392989	
1485	0.394864	0.397243	0.389750	0.394886	0.378396	0.385228	0.389229	0.374778	0.379514	0.390764	
1490	0.395479	0.396366	0.385721	0.398018	0.376507	0.386789	0.385760	0.375388	0.380437	0.393444	
1495	0.394828	0.404391	0.385541	0.402875	0.378371	0.385492	0.387299	0.371777	0.380543	0.392970	
1500	0.395029	0.399557	0.388626	0.404886	0.373045	0.384104	0.388450	0.372149	0.379314	0.401135	
1505	0.395431	0.399402	0.387587	0.403491	0.374949	0.385750	0.389715	0.378943	0.381905	0.405106	
1510	0.398156	0.394861	0.390263	0.403906	0.378051	0.388386	0.388972	0.376633	0.380395	0.411714	
1515	0.395090	0.389559	0.385607	0.400809	0.379729	0.383489	0.394370	0.380403	0.381095	0.410770	
1520	0.393590	0.389207	0.388882	0.400401	0.377179	0.378384	0.388324	0.375371	0.378291	0.410999	
1525	0.391005	0.395031	0.392653	0.400904	0.377713	0.377454	0.387230	0.375363	0.379774	0.410047	
1530	0.392610	0.397177	0.393444	0.403072	0.371282	0.378430	0.387493	0.375599	0.380062	0.410936	
1535	0.391143	0.390849	0.391240	0.405604	0.369668	0.378060	0.382802	0.369510	0.380929	0.411178	
1540	0.391150	0.392647	0.388313	0.407973	0.371418	0.374909	0.385526	0.377011	0.380021	0.412205	
1545	0.387288	0.394704	0.389701	0.410711	0.373482	0.374178	0.386286	0.383092	0.375790	0.407467	
1550	0.391879	0.396820	0.388337	0.409164	0.373884	0.374761	0.387892	0.380975	0.379323	0.408278	
1555	0.395342	0.393104	0.379210	0.403819	0.372653	0.374820	0.388787	0.378088	0.384679	0.407819	
1560	0.404122	0.390690	0.380312	0.398868	0.373793	0.371086	0.393715	0.376235	0.385425	0.407201	
1565	0.398744	0.396462	0.382955	0.395885	0.378859	0.371814	0.394318	0.371435	0.388401	0.407537	
1570	0.392993	0.389306	0.379931	0.394101	0.377718	0.371443	0.392238	0.372594	0.391111	0.409131	
1575	0.386793	0.393079	0.379651	0.390315	0.381859	0.367601	0.391277	0.376491	0.388937	0.408163	
1580	0.389484	0.389168	0.380987	0.390407	0.388863	0.372247	0.388035	0.374311	0.389796	0.407295	
1585	0.383667	0.390763	0.385175	0.393131	0.384291	0.375558	0.387109	0.368539	0.390613	0.405931	
1590	0.388700	0.389093	0.391704	0.393604	0.388229	0.381616	0.388937	0.365410	0.386530	0.403038	
1595	0.388729	0.391557	0.390804	0.393336	0.378846	0.381521	0.390255	0.371452	0.386798	0.401418	
1600	0.385497	0.390315	0.387853	0.396698	0.380662	0.377957	0.394502	0.370551	0.381518	0.406139	
1605	0.388833	0.394074	0.391659	0.396572	0.379534	0.374993	0.399014	0.383646	0.383284	0.406934	
1610	0.393249	0.393718	0.394506	0.395388	0.378732	0.371190	0.399387	0.378749	0.381227	0.405520	
1615	0.393448	0.388337	0.386416	0.396170	0.376462	0.372820	0.391846	0.373231	0.382351	0.403196	
1620	0.392941	0.390563	0.389769	0.393646	0.377506	0.369166	0.383779	0.371523	0.388463	0.409093	
1625	0.389320	0.394489	0.393567	0.395133	0.379391	0.372429	0.382747	0.372397	0.389994	0.403846	
1630	0.391599	0.399704	0.393462	0.396636	0.380975	0.377587	0.381848	0.376353	0.390037	0.402564	
1635	0.389091	0.395353	0.394859	0.400674	0.381626	0.380088	0.382945	0.371085	0.389807	0.402768	
1640	0.385744	0.395976	0.387451	0.399172	0.386476	0.380772	0.384063	0.367529	0.390597	0.401898	
1645	0.384687	0.391318	0.382829	0.402158	0.388459	0.379556	0.378412	0.360672	0.388842	0.403711	
1650	0.384555	0.392372	0.384426	0.402056	0.390191	0.375701	0.383385	0.358627	0.389021	0.407444	
1655	0.390993	0.393873	0.384947	0.404408	0.390780	0.370693	0.388797	0.363731	0.386320	0.408597	
1660	0.388999	0.392812	0.384562	0.404870	0.395524	0.373661	0.390301	0.363127	0.386478	0.407301	
1665	0.385447	0.395363	0.388821	0.400805	0.393432	0.376477	0.390328	0.370186	0.388522	0.406948	
1670	0.389506	0.395908	0.392668	0.397346	0.395575	0.379102	0.385715	0.369288	0.388518	0.405947	
1675	0.389989	0.391337	0.387689	0.401836	0.397124	0.377362	0.391284	0.372450	0.384226	0.409388	
1680	0.389847	0.392235	0.385473	0.395850	0.401159	0.382585	0.389844	0.370074	0.381097	0.404056	
1685	0.384853	0.397673	0.389102	0.394407	0.402136	0.383516	0.396259	0.366760	0.384615	0.404343	
1690	0.384063	0.393017	0.394297	0.401190	0.404984	0.384306	0.390489	0.366949	0.380787	0.403247	
1695	0.381161	0.389785	0.397744	0.402924	0.403137	0.376569	0.386636	0.366192	0.378962	0.399157	
1700	0.378691	0.393092	0.396873	0.402664	0.399257	0.379742	0.390137	0.364449	0.378754	0.405431	
1705	0.377859	0.391729	0.398717	0.404807	0.396643	0.380007	0.388650	0.369764	0.383311	0.404697	
1710	0.378716	0.395749	0.392896	0.406501	0.395989	0.379212	0.395163	0.373209	0.385410	0.405288	
1715	0.379335	0.397963	0.390628	0.399856	0.392253	0.382699	0.396566	0.373614	0.390058	0.400816	
1720	0.385026	0.396813	0.390967	0.403629	0.388424	0.384020	0.396181	0.371345	0.390622	0.398275	
1725	0.386645	0.396525	0.390301	0.404427	0.388892	0.382592	0.389133	0.371523	0.388005	0.393133	
1730	0.394801	0.396662	0.389041	0.401379	0.392845	0.383549	0.390406	0.365915	0.388746	0.389957	
1735	0.391630	0.398556	0.388118	0.405847	0.390076	0.385017	0.392033	0.370147	0.389309	0.391894	
1740	0.388764	0.396967	0.385222	0.409193	0.397881	0.383084	0.391594	0.374914	0.387001	0.392273	
1745	0.384157	0.393568	0.384283	0.408269	0.395175	0.383874	0.390194	0.378678	0.384983	0.396543	
1750	0.381262	0.394616	0.382156	0.404466	0.398784	0.389868	0.387223	0.375482	0.388840	0.400037	
1755	0.383899	0.398495	0.382944	0.404910	0.401171	0.386891	0.388953	0.379791	0.385626	0.398804	
1760	0.385617	0.394673	0.382716	0.401329	0.394981	0.397419	0.382189	0.383809	0.383392	0.398092	
1765	0.383815	0.395344	0.391156	0.402838	0.384458	0.397545	0.377626	0.385102	0.378337	0.396753	
1770	0.383047	0.395208	0.383471	0.406105	0.384998	0.397103	0.384208	0.381899	0.379630	0.398644	
1775	0.378238	0.396548	0.376862	0.411365	0.385049	0.394093	0.385902	0.386350	0.373923	0.391291	
1780	0.378889	0.392840	0.369561	0.409832	0.383732	0.388794	0.381868	0.388873	0.372209	0.395254	
1785	0.379531	0.394171	0.371809	0.407925	0.377960	0.386467	0.383594	0.385509	0.370632	0.390793	
1790	0.376911	0.392201	0.367505	0.408178	0.382707	0.388519	0.386738	0.385026	0.371070	0.391340	
1795	0.376840	0.394092	0.356755	0.410925	0.385410	0.384955	0.388332	0.385655	0.373098	0.391618	
1800	0.372911	0.398238	0.358448	0.408883	0.387450	0.386901	0.385694	0.385308	0.374438	0.393843	
1805	0.369064	0.396943	0.362766	0.403595	0.380417	0.387144	0.389988	0.383790	0.373396	0.392757	
1810	0.367880	0.395752	0.364994	0.405253	0.381049	0.383531	0.387118	0.387840	0.367106	0.393696	
1815	0.367598	0.394184	0.364491	0.405355	0.379701	0.385484	0.385794	0.384044	0.366667	0.398445	
1820	0.367564	0.388900	0.363203	0.406483	0.382495	0.390200	0.382744	0.384460	0.363720	0.403028	
1825	0.366158	0.390074	0.364291	0.406287	0.384721	0.387339	0.389189	0.381475	0.366780	0.400697	
1830	0.361305	0.391246	0.362716	0.405990	0.382624	0.383481	0.393372	0.385046	0.365717	0.404464	
1835	0.359746	0.389537	0.362906	0.406644	0.376058	0.384591	0.389783	0.383940	0.368365	0.404765	
1840	0.361384	0.390585	0.364149	0.404671	0.375763	0.379664	0.390254	0.386089	0.368432	0.404344	
1845	0.363453	0.390535	0.361578	0.404621	0.372710	0.384545	0.388177	0.386332	0.367313	0.407526	
1850	0.366230	0.396082	0.365781	0.400046	0.376016	0.381122	0.387671	0.384431	0.367044	0.407544	
1855	0.370045	0.393551	0.366697	0.405366	0.369546	0.379576	0.386707	0.382346	0.368215	0.403906	
1860	0.371513	0.390949	0.365505	0.402005	0.361971	0.382711	0.388044	0.384438	0.364523	0.407062	
1865	0.372886	0.388002	0.370785	0.400304	0.363332	0.384321	0.386805	0.384115	0.362451	0.412365	
1870	0.370967	0.392263	0.368063	0.398370	0.363068	0.388083	0.390250	0.380256	0.364475	0.409001	
1875	0.371378	0.396464	0.369770	0.399125	0.366921	0.391915	0.394256	0.384513	0.362948	0.412506	
1880	0.374547	0.398655	0.366847	0.398020	0.373759	0.391883	0.394016	0.382873	0.367414	0.410333	
1885	0.380354	0.398805	0.371544	0.400697	0.371862	0.392605	0.392120	0.384117	0.367613	0.410905	
1890	0.380163	0.404064	0.365119	0.395144	0.370246	0.391421	0.387220	0.379424	0.368428	0.410934	
1895	0.375886	0.400675	0.361456	0.393058	0.372600	0.392580	0.389822	0.380553	0.367699	0.408913	
1900	0.373059	0.400082	0.358129	0.395296	0.370738	0.395953	0.388308	0.381919	0.371941	0.415938	
1905	0.369407	0.395031	0.353903	0.393929	0.365513	0.395507	0.386886	0.380178	0.372575	0.418011	
1910	0.374182	0.394776	0.349093	0.391921	0.365805	0.398898	0.393716	0.377959	0.372186	0.417736	
1915	0.368619	0.391310	0.350332	0.393177	0.360615	0.397715	0.392656	0.378925	0.368837	0.411596	
1920	0.364713	0.389890	0.346694	0.390920	0.363575	0.390049	0.392408	0.377635	0.375267	0.410079	
1925	0.369490	0.390601	0.348672	0.389964	0.363912	0.388058	0.382921	0.381438	0.377388	0.403652	
1930	0.368769	0.396707	0.345308	0.393662	0.364305	0.389788	0.386583	0.382145	0.378645	0.401854	
1935	0.364418	0.402625	0.341694	0.391505	0.366656	0.389805	0.378654	0.379730	0.375029	0.399767	
1940	0.360853	0.396553	0.336995	0.389528	0.370893	0.382845	0.380073	0.378429	0.374694	0.398468	
1945	0.358085	0.388997	0.335229	0.389828	0.370523	0.385171	0.378299	0.383305	0.372946	0.391255	
1950	0.362085	0.394179	0.334822	0.390118	0.369849	0.390537	0.377347	0.381703	0.367889	0.387132	
1955	0.366513	0.394591	0.337372	0.388434	0.364541	0.389492	0.374599	0.381518	0.365401	0.392111	
1960	0.367794	0.393067	0.338794	0.386939	0.363447	0.390774	0.373695	0.383127	0.368936	0.392943	
1965	0.369667	0.395578	0.340730	0.388624	0.365447	0.391065	0.368975	0.386892	0.369548	0.394088	
1970	0.369619	0.396849	0.336037	0.383200	0.364745	0.397387	0.364577	0.389135	0.376417	0.396734	
1975	0.370113	0.405787	0.342106	0.386300	0.362497	0.399598	0.359659	0.388296	0.375481	0.396268	
1980	0.370244	0.405485	0.344041	0.387622	0.361450	0.401738	0.356950	0.385418	0.371866	0.393867	
1985	0.375029	0.409749	0.349262	0.388122	0.360882	0.400207	0.354308	0.383465	0.371972	0.400459	
1990	0.378997	0.412835	0.346800	0.385534	0.361340	0.400568	0.354634	0.385315	0.368623	0.395633	
1995	0.373291	0.406613	0.349914	0.386233	0.360973	0.394263	0.353738	0.383914	0.370138	0.399487	
2000	0.374262	0.405197	0.355691	0.389024	0.363880	0.394940	0.355468	0.378084	0.363194	0.398533	
2005	0.372792	0.400767	0.357258	0.391234	0.362909	0.393296	0.352265	0.374753	0.365966	0.398351	
2010	0.371520	0.400707	0.365972	0.387578	0.359483	0.386520	0.355790	0.373691	0.369489	0.402971	
2015	0.375052	0.402518	0.363560	0.380952	0.362364	0.383448	0.356639	0.373744	0.368654	0.404427	
2020	0.368995	0.402185	0.365206	0.383317	0.365916	0.379842	0.352124	0.367798	0.375291	0.409948	
2025	0.365034	0.395785	0.366175	0.385739	0.365752	0.378457	0.351350	0.370075	0.374735	0.404422	
2030	0.364709	0.398146	0.370591	0.383724	0.363077	0.384029	0.351862	0.373428	0.373141	0.409029	
2035	0.368191	0.399560	0.376291	0.385022	0.362844	0.378334	0.347640	0.370608	0.372308	0.408581	
2040	0.373574	0.395487	0.375335	0.377886	0.359958	0.376059	0.354498	0.367605	0.378717	0.414073	
2045	0.375177	0.396691	0.371804	0.377120	0.356560	0.374555	0.352341	0.372536	0.381327	0.413700	
2050	0.376222	0.399949	0.373379	0.369658	0.363401	0.374559	0.354836	0.372180	0.378276	0.411474	
2055	0.374861	0.399616	0.379024	0.366849	0.370514	0.375303	0.356065	0.376559	0.375742	0.417086	
2060	0.376012	0.400452	0.378189	0.368478	0.371351	0.382766	0.356354	0.379894	0.376536	0.417674	
2065	0.377377	0.399489	0.374182	0.370422	0.366628	0.387406	0.355105	0.378993	0.376578	0.420820	
2070	0.376868	0.399062	0.378087	0.373018	0.368149	0.387861	0.351586	0.372462	0.379840	0.417977	
2075	0.373619	0.400659	0.374704	0.370215	0.363591	0.392421	0.346597	0.377433	0.375954	0.414767	
2080	0.371416	0.397520	0.376418	0.364827	0.364727	0.398986	0.347165	0.377340	0.375490	0.412779	
2085	0.370442	0.400499	0.379485	0.362688	0.359226	0.402911	0.347118	0.378019	0.379314	0.416509	
2090	0.368630	0.402379	0.379850	0.365263	0.359867	0.404648	0.350628	0.377447	0.382062	0.419897	
2095	0.373137	0.403182	0.380018	0.369382	0.357949	0.403299	0.355738	0.372754	0.381410	0.421151	
2100	0.373561	0.400226	0.378905	0.373160	0.360575	0.395454	0.353790	0.370208	0.380751	0.422270	
2105	0.375342	0.401937	0.372899	0.370925	0.368496	0.399010	0.350952	0.366526	0.376666	0.427985	
2110	0.376805	0.398270	0.367336	0.372204	0.363459	0.395760	0.350729	0.366242	0.376555	0.424839	
2115	0.376585	0.399654	0.367793	0.376558	0.363245	0.394375	0.344958	0.364787	0.376204	0.426948	
2120	0.380456	0.396958	0.371098	0.379045	0.361352	0.394298	0.335534	0.367603	0.373693	0.426762	
2125	0.372433	0.396927	0.369825	0.375995	0.361199	0.396996	0.332158	0.369165	0.379253	0.425512	
2130	0.377334	0.402096	0.372064	0.373796	0.356544	0.399030	0.332954	0.370531	0.379356	0.421042	
2135	0.380220	0.403516	0.372116	0.371077	0.356012	0.394477	0.333183	0.368171	0.379076	0.419026	
2140	0.379873	0.397496	0.374944	0.371499	0.354501	0.394201	0.333030	0.368287	0.381169	0.419609	
2145	0.377632	0.398559	0.375861	0.373879	0.357188	0.389985	0.336688	0.369904	0.381179	0.422665	
2150	0.381082	0.398224	0.377235	0.372370	0.356444	0.393656	0.340598	0.367055	0.376443	0.419488	
2155	0.379334	0.396858	0.378358	0.370066	0.352146	0.395721	0.343904	0.369090	0.380268	0.420776	
2160	0.378315	0.395861	0.376579	0.367847	0.355978	0.395166	0.350829	0.370347	0.375724	0.419985	
2165	0.382407	0.400100	0.378893	0.365124	0.350996	0.395513	0.347784	0.372655	0.377155	0.422935	
2170	0.388496	0.404390	0.377070	0.361409	0.349680	0.395389	0.349263	0.367769	0.380341	0.423935	
2175	0.388432	0.402993	0.371270	0.361238	0.353400	0.393424	0.347728	0.368754	0.387137	0.428938	
2180	0.389151	0.400983	0.374703	0.359990	0.357973	0.399103	0.348471	0.371316	0.387867	0.433731	
2185	0.386967	0.398625	0.374246	0.361390	0.360194	0.399556	0.355202	0.367591	0.392834	0.434381	
2190	0.383698	0.390838	0.375481	0.361494	0.357426	0.399760	0.351503	0.366729	0.393379	0.428389	
2195	0.384226	0.391723	0.372081	0.361167	0.358533	0.395605	0.353258	0.364090	0.391177	0.426756	
2200	0.386536	0.392996	0.373243	0.361753	0.355001	0.398572	0.353494	0.363626	0.389624	0.425173	
2205	0.385330	0.399053	0.374179	0.363094	0.355730	0.399945	0.352056	0.360491	0.391918	0.426214	
2210	0.386006	0.403433	0.378214	0.361540	0.361149	0.399164	0.351492	0.360507	0.395852	0.427224	
2215	0.390633	0.405211	0.377871	0.362304	0.358140	0.399643	0.347941	0.361034	0.394113	0.429574	
2220	0.392714	0.406707	0.377707	0.361318	0.354629	0.394802	0.349490	0.356675	0.389103	0.422345	
2225	0.393083	0.403685	0.384387	0.363321	0.352808	0.397797	0.350867	0.358216	0.388674	0.422772	
2230	0.386328	0.402122	0.380270	0.365448	0.348780	0.403839	0.348800	0.358279	0.386983	0.421025	
2235	0.389329	0.400221	0.388824	0.365286	0.350736	0.400490	0.350935	0.365205	0.389302	0.423497	
2240	0.388560	0.394702	0.394541	0.369796	0.348071	0.396324	0.353624	0.368594	0.388421	0.417377	
2245	0.388505	0.389043	0.396800	0.376946	0.347878	0.398042	0.356619	0.364914	0.390632	0.421659	
2250	0.385569	0.389708	0.396702	0.386528	0.353473	0.396633	0.353932	0.363782	0.384952	0.417485	
2255	0.388054	0.386727	0.393350	0.386997	0.355593	0.400057	0.356021	0.365109	0.380357	0.418485	
2260	0.385222	0.390478	0.399808	0.386044	0.356023	0.403311	0.360901	0.365525	0.382597	0.412622	
2265	0.382807	0.394149	0.402635	0.386708	0.354400	0.401325	0.364947	0.366603	0.377088	0.413546	
2270	0.383656	0.392822	0.401404	0.389133	0.361853	0.403923	0.366780	0.362719	0.375373	0.416449	
2275	0.383183	0.395395	0.397864	0.385248	0.372525	0.406191	0.365282	0.364318	0.376677	0.415900	
2280	0.386218	0.387565	0.399811	0.380586	0.370699	0.405438	0.367298	0.357723	0.374803	0.413967	
2285	0.381700	0.387607	0.399758	0.380673	0.371139	0.408191	0.365870	0.356309	0.370767	0.410533	
2290	0.380116	0.392890	0.400146	0.382211	0.367049	0.406404	0.365867	0.354788	0.380184	0.409636	
2295	0.380982	0.387037	0.397718	0.381029	0.371424	0.402207	0.368117	0.360525	0.378072	0.403384	
2300	0.382946	0.387865	0.396642	0.381280	0.374770	0.401206	0.365093	0.368403	0.382857	0.405343	
2305	0.381628	0.382664	0.395625	0.384526	0.379778	0.398409	0.362849	0.367271	0.376001	0.410185	
2310	0.387690	0.382328	0.388807	0.388084	0.381155	0.396525	0.361129	0.367409	0.375174	0.409737	
2315	0.387055	0.381075	0.387729	0.386849	0.382507	0.396092	0.363788	0.367328	0.379951	0.405435	
2320	0.383697	0.384515	0.386458	0.386322	0.381165	0.399979	0.372179	0.371479	0.379434	0.404218	
2325	0.390317	0.380845	0.388773	0.389663	0.379586	0.401446	0.366971	0.369013	0.375056	0.401499	
2330	0.390757	0.383139	0.389962	0.384883	0.383366	0.402092	0.368412	0.373743	0.375606	0.402764	
2335	0.387904	0.380992	0.393024	0.392500	0.383462	0.408279	0.368908	0.381538	0.372782	0.402128	
2340	0.387787	0.382456	0.395780	0.398369	0.381400	0.406857	0.372704	0.374791	0.373765	0.401212	
2345	0.389562	0.381868	0.396517	0.400805	0.379090	0.402882	0.371228	0.372584	0.378599	0.396922	
2350	0.386622	0.380608	0.396375	0.390392	0.381168	0.402433	0.361288	0.370171	0.378557	0.399717	
2355	0.391891	0.383557	0.399904	0.392465	0.377875	0.398123	0.362608	0.380422	0.373026	0.400853	
2360	0.398386	0.380699	0.391507	0.390847	0.377874	0.398105	0.360646	0.379941	0.369844	0.400214	
2365	0.399550	0.381607	0.389776	0.392224	0.377153	0.396860	0.362930	0.374596	0.374721	0.400572	
2370	0.401721	0.386620	0.386133	0.390678	0.376050	0.395020	0.357997	0.374085	0.381809	0.400324	
2375	0.403688	0.382618	0.384851	0.386750	0.374364	0.401349	0.356055	0.371905	0.386410	0.398497	
2380	0.400518	0.383815	0.388430	0.381354	0.374745	0.398772	0.349546	0.365742	0.384666	0.396883	
2385	0.398359	0.382748	0.392233	0.378262	0.373740	0.397224	0.352085	0.369565	0.377957	0.397981	
2390	0.399252	0.380348	0.390895	0.384960	0.374119	0.401496	0.350331	0.373408	0.380670	0.394819	
2395	0.398164	0.378352	0.392232	0.385983	0.375163	0.405636	0.348996	0.375947	0.378855	0.394911	
2400	0.406918	0.374809	0.390660	0.386647	0.376024	0.404130	0.353596	0.377126	0.380884	0.386002	
2405	0.410369	0.373308	0.386481	0.390649	0.376616	0.401983	0.353192	0.380753	0.383696	0.386645	
2410	0.407856	0.370593	0.385421	0.391110	0.378915	0.396865	0.354119	0.383570	0.379953	0.389534	
2415	0.410848	0.373786	0.381227	0.388690	0.380380	0.401474	0.347492	0.383046	0.380151	0.394282	
2420	0.416521	0.376661	0.378326	0.385730	0.379214	0.401818	0.348915	0.376940	0.381956	0.388032	
2425	0.419826	0.379150	0.377839	0.389527	0.381309	0.404531	0.347279	0.378513	0.380870	0.387588	
2430	0.417874	0.375142	0.374728	0.394067	0.380372	0.404592	0.347726	0.376472	0.380586	0.390480	
2435	0.413846	0.377259	0.371134	0.391814	0.372622	0.405456	0.347867	0.374379	0.380501	0.388525	
2440	0.414923	0.374224	0.366377	0.398471	0.376703	0.402697	0.347010	0.373486	0.376709	0.385671	
2445	0.415087	0.373156	0.363132	0.400615	0.376353	0.400791	0.340654	0.369218	0.376440	0.389081	
2450	0.411481	0.379009	0.365856	0.395389	0.378966	0.401461	0.341612	0.373011	0.381122	0.391916	
2455	0.414557	0.375440	0.362881	0.393271	0.378493	0.398529	0.342227	0.367188	0.377334	0.393535	
2460	0.418218	0.377090	0.370918	0.392961	0.381673	0.398938	0.342765	0.371107	0.369255	0.396475	
2465	0.415537	0.377662	0.369441	0.396871	0.378220	0.402605	0.341724	0.370940	0.370029	0.395837	
2470	0.414205	0.377054	0.369827	0.401117	0.375493	0.401141	0.342213	0.366201	0.372818	0.395270	
2475	0.413073	0.375405	0.370881	0.401864	0.374096	0.400191	0.338569	0.362031	0.369832	0.396599	
2480	0.409494	0.374604	0.368563	0.398445	0.375618	0.401544	0.334882	0.365326	0.370767	0.398066	
2485	0.409291	0.372467	0.366909	0.397179	0.376252	0.400645	0.335222	0.368000	0.373888	0.398390	
2490	0.409495	0.374401	0.363679	0.397308	0.379777	0.395101	0.336133	0.373538	0.377387	0.394665	
2495	0.411924	0.375818	0.367407	0.397350	0.376247	0.388091	0.340885	0.374944	0.377162	0.393059	
2500	0.410080	0.373331	0.369947	0.395900	0.376966	0.385206	0.347561	0.378942	0.375513	0.393716	
2505	0.412176	0.372493	0.375732	0.397670	0.380012	0.383329	0.342808	0.379693	0.375245	0.388579	
2510	0.411016	0.369395	0.368028	0.396241	0.377531	0.375883	0.342821	0.384241	0.374603	0.394895	
2515	0.405689	0.368548	0.367770	0.394359	0.378888	0.375086	0.349882	0.384136	0.377264	0.395224	
2520	0.406465	0.367057	0.369772	0.386759	0.380517	0.379143	0.351042	0.384024	0.379534	0.392044	
2525	0.410568	0.368730	0.368361	0.379347	0.375307	0.381164	0.347311	0.389152	0.379460	0.388264	
2530	0.406666	0.371315	0.370818	0.383949	0.367666	0.380726	0.349012	0.387934	0.382813	0.390324	
2535	0.404613	0.373575	0.374229	0.389434	0.372618	0.378573	0.358526	0.382704	0.372783	0.393124	
2540	0.402506	0.372422	0.378627	0.390137	0.372070	0.379357	0.360180	0.381277	0.371060	0.389138	
2545	0.404209	0.378522	0.373251	0.394129	0.365259	0.376863	0.353292	0.383067	0.366529	0.394755	
2550	0.401852	0.375615	0.374890	0.391284	0.363583	0.380199	0.353817	0.380942	0.372117	0.393026	
2555	0.398190	0.373174	0.377823	0.392831	0.359089	0.379559	0.352671	0.384007	0.374390	0.392374	
2560	0.400918	0.373440	0.381551	0.391838	0.358267	0.377041	0.348338	0.380414	0.374227	0.392951	
2565	0.396507	0.377878	0.377384	0.389221	0.356383	0.378118	0.348255	0.383006	0.378760	0.398900	
2570	0.395866	0.381232	0.380402	0.386225	0.354961	0.376056	0.348047	0.384661	0.382694	0.397702	
2575	0.400884	0.382364	0.381543	0.388718	0.354505	0.374492	0.347835	0.387351	0.386074	0.398069	
2580	0.402953	0.380868	0.380427	0.387347	0.351506	0.372440	0.347443	0.386691	0.384813	0.396485	
2585	0.404100	0.385713	0.378765	0.390296	0.348920	0.372038	0.344939	0.385823	0.384550	0.393502	
2590	0.401269	0.382958	0.384957	0.395408	0.351734	0.370836	0.343896	0.389927	0.386690	0.394977	
2595	0.405228	0.384537	0.386481	0.390688	0.350042	0.374186	0.345895	0.390029	0.385977	0.395547	
2600	0.400561	0.392365	0.385933	0.392804	0.354522	0.374686	0.346044	0.397741	0.390340	0.400938	
2605	0.402733	0.390625	0.385605	0.391058	0.360857	0.377641	0.347541	0.397720	0.390991	0.403070	
2610	0.403470	0.390823	0.383080	0.389129	0.359652	0.376617	0.346960	0.393626	0.388304	0.401625	
2615	0.397394	0.392182	0.388272	0.388148	0.361685	0.374588	0.345897	0.388764	0.390815	0.406487	
2620	0.403186	0.400079	0.392144	0.388463	0.363533	0.374329	0.348625	0.386312	0.389199	0.405442	
2625	0.407733	0.400423	0.390360	0.390133	0.362501	0.376924	0.348141	0.394645	0.393029	0.405857	
2630	0.406695	0.403190	0.387960	0.393662	0.365171	0.377026	0.348574	0.395605	0.395354	0.402449	
2635	0.408122	0.405508	0.390814	0.397446	0.360593	0.373414	0.348036	0.399412	0.397093	0.400813	
2640	0.405807	0.403421	0.389141	0.393055	0.363349	0.367853	0.349550	0.396636	0.395629	0.402610	
2645	0.404326	0.404775	0.391806	0.393607	0.359930	0.363168	0.347079	0.398169	0.395059	0.397524	
2650	0.403395	0.401858	0.388469	0.394375	0.360455	0.357617	0.348968	0.401859	0.398432	0.399038	
2655	0.398152	0.403430	0.392323	0.395958	0.358327	0.361191	0.346751	0.401009	0.398672	0.401431	
2660	0.399651	0.400511	0.387531	0.400834	0.359422	0.354826	0.345573	0.404764	0.395335	0.398593	
2665	0.403047	0.400820	0.387227	0.397662	0.361443	0.363039	0.349463	0.398274	0.393109	0.400810	
2670	0.402079	0.403130	0.390738	0.398264	0.356506	0.361147	0.351365	0.397553	0.394518	0.391104	
2675	0.401728	0.402969	0.387968	0.402411	0.359197	0.361895	0.349012	0.397086	0.394709	0.389828	
2680	0.400487	0.403472	0.384165	0.399524	0.360629	0.365259	0.346244	0.393552	0.390326	0.390090	
2685	0.403120	0.398169	0.385631	0.397748	0.363773	0.368258	0.349014	0.391309	0.394427	0.389598	
2690	0.397104	0.396649	0.388766	0.393846	0.367015	0.363926	0.352024	0.389785	0.396770	0.390438	
2695	0.395081	0.397597	0.391201	0.394176	0.365554	0.366979	0.349580	0.391604	0.403601	0.391625	
2700	0.392338	0.398623	0.388679	0.392134	0.362237	0.371729	0.353572	0.387771	0.400362	0.393560	
2705	0.387224	0.400655	0.387798	0.387343	0.365416	0.373231	0.352111	0.381618	0.399160	0.392207	
2710	0.386223	0.398470	0.385177	0.389341	0.361337	0.373410	0.352460	0.388844	0.396789	0.393642	
2715	0.387360	0.391923	0.378687	0.393409	0.361638	0.375045	0.354064	0.385067	0.392496	0.398062	
2720	0.387909	0.396338	0.375197	0.392067	0.362408	0.377456	0.353625	0.385285	0.394529	0.393487	
2725	0.390913	0.394660	0.377148	0.392257	0.364722	0.381079	0.355951	0.386515	0.396763	0.386499	
2730	0.395860	0.393435	0.377020	0.389294	0.368939	0.385515	0.352093	0.386943	0.399345	0.384247	
2735	0.389941	0.392777	0.378886	0.392591	0.365455	0.380323	0.354595	0.390092	0.398716	0.384971	
2740	0.387807	0.394813	0.378966	0.395126	0.368299	0.384040	0.354589	0.389228	0.389023	0.382610	
2745	0.390611	0.401948	0.381015	0.394184	0.368470	0.385057	0.350067	0.389936	0.392483	0.385998	
2750	0.388528	0.400876	0.388826	0.394942	0.369698	0.386637	0.349047	0.391472	0.387089	0.381703	
2755	0.393502	0.400195	0.384339	0.393898	0.373011	0.387981	0.354176	0.389040	0.391097	0.380986	
2760	0.394343	0.400006	0.380665	0.402086	0.371815	0.387057	0.356061	0.389209	0.386664	0.375830	
2765	0.392775	0.394100	0.376404	0.406386	0.369904	0.387612	0.355627	0.387156	0.386896	0.377299	
2770	0.390812	0.397571	0.375356	0.405017	0.368642	0.386853	0.354239	0.388938	0.387869	0.377543	
2775	0.394831	0.394901	0.376548	0.406593	0.367990	0.385604	0.352646	0.388447	0.384453	0.381305	
2780	0.389752	0.402016	0.372863	0.407954	0.370754	0.384383	0.355416	0.377546	0.386065	0.379815	
2785	0.388246	0.400348	0.368705	0.405842	0.371423	0.383268	0.354060	0.377738	0.388578	0.380113	
2790	0.390689	0.398088	0.371164	0.402875	0.369995	0.376321	0.355458	0.377631	0.384722	0.383422	
2795	0.390917	0.393390	0.367432	0.401434	0.371639	0.374637	0.359040	0.378258	0.387761	0.381407	
2800	0.388653	0.387977	0.370024	0.409057	0.374131	0.383252	0.362232	0.376772	0.399484	0.381313	
2805	0.388971	0.385526	0.374880	0.403339	0.371319	0.389308	0.358677	0.380791	0.402457	0.382958	
2810	0.389879	0.388330	0.370306	0.404162	0.375165	0.389922	0.356867	0.378917	0.402813	0.380865	
2815	0.395245	0.386217	0.375119	0.404682	0.379114	0.388021	0.358632	0.379883	0.400333	0.380772	
2820	0.393326	0.388265	0.372268	0.413718	0.385023	0.385270	0.355406	0.371338	0.397814	0.380522	
2825	0.395207	0.388434	0.370596	0.408202	0.379752	0.383624	0.358503	0.376630	0.394841	0.375813	
2830	0.397093	0.391910	0.372159	0.404084	0.385700	0.377526	0.361928	0.373569	0.391242	0.377858	
2835	0.398847	0.393874	0.369042	0.407353	0.385860	0.374018	0.370944	0.370091	0.392887	0.378728	
2840	0.397725	0.391539	0.370213	0.405054	0.383874	0.372604	0.374735	0.370399	0.394091	0.382484	
2845	0.397607	0.388647	0.368940	0.404775	0.383532	0.374109	0.371984	0.373473	0.398475	0.378556	
2850	0.398762	0.385702	0.371627	0.403583	0.384326	0.369339	0.370482	0.373873	0.396706	0.380610	
2855	0.395263	0.389854	0.367514	0.406031	0.388699	0.370327	0.370492	0.367974	0.392071	0.380420	
2860	0.392035	0.391535	0.369253	0.407241	0.386767	0.366754	0.368644	0.366735	0.389762	0.383539	
2865	0.386417	0.391520	0.363140	0.403924	0.386751	0.368593	0.368233	0.366117	0.389836	0.385017	
2870	0.393511	0.397662	0.370301	0.406987	0.387775	0.370494	0.363450	0.364103	0.390485	0.383346	
2875	0.396178	0.398542	0.364331	0.410414	0.391057	0.370826	0.366755	0.362628	0.389091	0.382785	
2880	0.397288	0.398297	0.363552	0.410101	0.394873	0.365287	0.362674	0.365696	0.385673	0.388639	
2885	0.398646	0.395161	0.363094	0.410268	0.397175	0.370207	0.365192	0.366357	0.390506	0.391509	
2890	0.392485	0.393578	0.365808	0.405259	0.394393	0.362644	0.369883	0.366863	0.389700	0.390460	
2895	0.388228	0.387855	0.366899	0.405940	0.402233	0.363608	0.373662	0.370951	0.392154	0.387629	
2900	0.387234	0.387479	0.365818	0.402142	0.403602	0.359716	0.371603	0.368212	0.390349	0.392245	
2905	0.391327	0.392999	0.363283	0.395615	0.405845	0.360511	0.367923	0.368194	0.397636	0.393671	
2910	0.390082	0.395123	0.364126	0.401183	0.408067	0.359011	0.361264	0.371197	0.395247	0.390960	
2915	0.390996	0.390677	0.362549	0.397406	0.400467	0.357969	0.359368	0.371317	0.395266	0.394900	
2920	0.395816	0.393057	0.370434	0.394444	0.393924	0.358635	0.358271	0.372536	0.388340	0.391374	
2925	0.394634	0.390066	0.369065	0.395359	0.394656	0.359536	0.359856	0.371740	0.391398	0.395059	
2930	0.397694	0.388499	0.368418	0.394801	0.394366	0.359645	0.359495	0.363951	0.386917	0.391370	
2935	0.397634	0.383148	0.368596	0.393692	0.393303	0.357725	0.361477	0.362265	0.388266	0.391406	
2940	0.401081	0.387251	0.368666	0.390224	0.393459	0.352099	0.363147	0.363129	0.389262	0.388856	
2945	0.401287	0.389601	0.367880	0.390023	0.394377	0.349510	0.364067	0.360091	0.390166	0.388605	
2950	0.393795	0.385480	0.368620	0.392746	0.394801	0.348241	0.364580	0.365846	0.389706	0.392786	
2955	0.395874	0.384115	0.369905	0.392322	0.396026	0.349510	0.365137	0.368566	0.392653	0.393358	
2960	0.395579	0.381763	0.370381	0.393304	0.394735	0.346971	0.362394	0.367870	0.393793	0.394371	
2965	0.400214	0.381733	0.373680	0.390289	0.393549	0.345869	0.360807	0.367032	0.394060	0.394541	
2970	0.394944	0.383486	0.377915	0.393892	0.392585	0.343192	0.365933	0.365047	0.395114	0.392873	
2975	0.397127	0.384346	0.382379	0.395510	0.390470	0.345078	0.362381	0.365750	0.395368	0.392658	
2980	0.396579	0.385822	0.383878	0.398292	0.395706	0.350613	0.367315	0.371471	0.400628	0.389262	
2985	0.395897	0.382482	0.386275	0.393983	0.391167	0.345823	0.369336	0.368301	0.405558	0.391303	
2990	0.395730	0.380494	0.386694	0.401433	0.390244	0.345241	0.367785	0.368461	0.406956	0.385715	
2995	0.400737	0.375388	0.381261	0.404783	0.388950	0.345637	0.372988	0.371333	0.403928	0.387412	
3000	0.399680	0.378961	0.380164	0.399999	0.390097	0.343982	0.368891	0.372351	0.403930	0.391222	
