T	rep_1	rep_2	rep_3	rep_4	rep_5	rep_6	rep_7	rep_8	rep_9	rep_10
5	0.000000	0.000000	0.000000	0.000000	0.000000	0.000000	0.000000	0.000000	0.000000	0.000000	
10	0.000000	0.000000	0.000000	0.000000	0.000000	0.000000	0.000000	0.000000	0.000000	0.000000	
15	0.000000	0.000000	0.000000	0.000000	0.000000	0.000000	0.000000	0.000000	0.000000	0.000000	
20	0.000000	0.000000	0.000000	0.000000	0.000000	0.000000	0.000000	0.000000	0.000000	0.000000	
25	0.000000	0.000000	0.000000	0.000000	0.000000	0.000000	0.000000	0.000000	0.000000	0.000000	
30	0.000000	0.000000	0.000000	0.000000	0.000000	0.000000	0.000000	0.000000	0.000000	0.000000	
35	0.000000	0.000000	0.000000	0.000000	0.000000	0.000000	0.000000	0.000000	0.000000	0.000000	
40	0.000000	0.000000	0.000000	0.000000	0.000000	0.000000	0.000000	0.000000	0.000000	0.000000	
45	0.000000	0.000000	0.000000	0.000000	0.000000	0.000000	0.000000	0.000000	0.000000	0.000000	
50	0.000000	0.000000	0.000000	0.000000	0.000000	0.000000	0.000000	0.000000	0.000000	0.000000	
55	0.000000	0.000000	0.000000	0.000000	0.000000	0.000000	0.000000	0.000000	0.000000	0.000000	
60	0.000000	0.000000	0.000000	0.000000	0.000000	0.000000	0.000000	0.000000	0.000000	0.000000	
65	0.000000	0.000000	0.000000	0.000000	0.000000	0.000000	0.000000	0.000000	0.000000	0.000000	
70	0.000000	0.000000	0.000000	0.000000	0.000000	0.000000	0.000000	0.000000	0.000000	0.000000	
75	0.000000	0.000000	0.000000	0.000000	0.000000	0.000000	0.000000	0.000000	0.000000	0.000000	
80	0.000000	0.000000	0.000000	0.000000	0.000000	0.000000	0.000000	0.000000	0.000000	0.000000	
85	0.000000	0.000000	0.000000	0.000000	0.000000	0.000000	0.000000	0.000000	0.000000	0.000000	
90	0.000000	0.000000	0.000000	0.000000	0.000000	0.000000	0.000000	0.000000	0.000000	0.000000	
95	0.000000	0.000000	0.000000	0.000000	0.000000	0.000000	0.000000	0.000000	0.000000	0.000000	
100	0.000000	0.000000	0.000000	0.000000	0.000000	0.000000	0.000000	0.000000	0.000000	0.000000	
105	0.000000	0.000000	0.000000	0.000000	0.000000	0.000000	0.000000	0.000000	0.000000	0.000000	
110	0.000000	0.000000	0.000000	0.000000	0.000000	0.000000	0.000000	0.000000	0.000000	0.000000	
115	0.000000	0.000000	0.000000	0.000000	0.000000	0.000000	0.000000	0.000000	0.000000	0.000000	
120	0.000000	0.000000	0.000000	0.000000	0.000000	0.000000	0.000000	0.000000	0.000000	0.000000	
125	0.000000	0.000000	0.000000	0.000000	0.000000	0.000000	0.000000	0.000000	0.000000	0.000000	
130	0.000000	0.000000	0.000000	0.000000	0.000000	0.000000	0.000000	0.000000	0.000000	0.000000	
135	0.000000	0.000000	0.000000	0.000000	0.000000	0.000000	0.000000	0.000000	0.000000	0.000000	
140	0.000000	0.000000	0.000000	0.000000	0.000000	0.000000	0.000000	0.000000	0.000000	0.000000	
145	0.000000	0.000000	0.000000	0.000000	0.000000	0.000000	0.000000	0.000000	0.000000	0.000000	
150	0.000000	0.000000	0.000000	0.000000	0.000000	0.000000	0.000000	0.000000	0.000000	0.000000	
155	0.000000	0.000000	0.000000	0.000000	0.000000	0.000000	0.000000	0.000000	0.000000	0.000000	
160	0.000000	0.000000	0.000000	0.000000	0.000000	0.000000	0.000000	0.000000	0.000000	0.000000	
165	0.000000	0.000000	0.000000	0.000000	0.000000	0.000000	0.000000	0.000000	0.000000	0.000000	
170	0.000000	0.000000	0.000000	0.000000	0.000000	0.000000	0.000000	0.000000	0.000000	0.000000	
175	0.000000	0.000000	0.000000	0.000000	0.000000	0.000000	0.000000	0.000000	0.000000	0.000000	
180	0.000000	0.000000	0.000000	0.000000	0.000000	0.000000	0.000000	0.000000	0.000000	0.000000	
185	0.000000	0.000000	0.000000	0.000000	0.000000	0.000000	0.000000	0.000000	0.000000	0.000000	
190	0.000000	0.000000	0.000000	0.000000	0.000000	0.000000	0.000000	0.000000	0.000000	0.000000	
195	0.000000	0.000000	0.000000	0.000000	0.000000	0.000000	0.000000	0.000000	0.000000	0.000000	
200	0.000000	0.000000	0.000000	0.000000	0.000000	0.000000	0.000000	0.000000	0.000000	0.000000	
205	0.001356	0.001000	0.001204	0.000878	0.001069	0.001439	0.001077	0.000975	0.001295	0.001295	
210	0.002082	0.002079	0.002503	0.002006	0.002861	0.002135	0.001652	0.002253	0.001866	0.002808	
215	0.003766	0.002093	0.003614	0.003304	0.002625	0.003026	0.002559	0.002681	0.002386	0.003063	
220	0.004103	0.003124	0.004155	0.003287	0.002990	0.003808	0.002744	0.003195	0.003458	0.003376	
225	0.004118	0.003689	0.004381	0.003998	0.003217	0.003807	0.002760	0.002515	0.003992	0.004036	
230	0.005235	0.004533	0.003722	0.004681	0.004877	0.005834	0.003551	0.003832	0.004465	0.004503	
235	0.006095	0.004077	0.003870	0.005447	0.005254	0.005182	0.004088	0.005062	0.004995	0.004532	
240	0.006631	0.005269	0.004192	0.006072	0.005411	0.005670	0.004129	0.004305	0.005673	0.004229	
245	0.005787	0.005096	0.003959	0.006933	0.005711	0.005277	0.004975	0.005131	0.005329	0.003480	
250	0.005519	0.003408	0.002924	0.005090	0.008426	0.005240	0.004916	0.006404	0.004633	0.004709	
255	0.006089	0.003924	0.004218	0.004668	0.007683	0.004888	0.004398	0.006330	0.005877	0.005730	
260	0.006048	0.004670	0.004213	0.004773	0.007052	0.006395	0.005320	0.006932	0.005872	0.005629	
265	0.005567	0.004255	0.005037	0.004456	0.008119	0.007072	0.006120	0.005649	0.006816	0.005441	
270	0.005764	0.004662	0.006395	0.005768	0.007575	0.007283	0.005801	0.005588	0.008474	0.004829	
275	0.005623	0.005369	0.004774	0.005687	0.007425	0.006607	0.006151	0.006427	0.008226	0.006283	
280	0.005733	0.005591	0.004494	0.006448	0.008851	0.006034	0.006405	0.005626	0.006688	0.006349	
285	0.005846	0.005820	0.006946	0.006327	0.007885	0.005696	0.006293	0.005923	0.005943	0.006073	
290	0.005728	0.006372	0.006148	0.005335	0.006445	0.005999	0.006066	0.006197	0.007502	0.005343	
295	0.005681	0.006029	0.008468	0.006169	0.006676	0.005494	0.006343	0.006849	0.007029	0.006751	
300	0.005694	0.005841	0.009755	0.005997	0.006337	0.006643	0.007522	0.007674	0.006093	0.007778	
305	0.005748	0.005908	0.010152	0.007238	0.005406	0.007087	0.007254	0.008375	0.006965	0.007416	
310	0.007296	0.006253	0.010403	0.007466	0.006095	0.006790	0.007164	0.007392	0.007197	0.008157	
315	0.006441	0.006153	0.009672	0.007466	0.007424	0.005865	0.007347	0.006445	0.007346	0.007746	
320	0.005758	0.006721	0.008382	0.005647	0.007614	0.007643	0.008446	0.006766	0.006449	0.008148	
325	0.007006	0.007174	0.008981	0.006246	0.007535	0.006852	0.008439	0.007164	0.007468	0.008175	
330	0.007419	0.007866	0.008750	0.007121	0.006663	0.007589	0.008519	0.008681	0.007210	0.008539	
335	0.007030	0.007962	0.008449	0.007854	0.006748	0.007298	0.008825	0.009475	0.006814	0.008775	
340	0.007436	0.007629	0.007857	0.008589	0.006884	0.009017	0.008408	0.008574	0.006416	0.007928	
345	0.007931	0.007609	0.009245	0.008665	0.007343	0.009584	0.008893	0.008255	0.005756	0.007107	
350	0.009158	0.006605	0.008988	0.009305	0.004963	0.010930	0.008575	0.008341	0.007454	0.007980	
355	0.008566	0.006883	0.009472	0.006504	0.007042	0.009763	0.008113	0.007907	0.006113	0.007191	
360	0.008747	0.007792	0.009299	0.006606	0.006652	0.010857	0.007492	0.007961	0.007599	0.007763	
365	0.008935	0.008248	0.008450	0.006226	0.006385	0.010613	0.007123	0.009163	0.007805	0.009558	
370	0.009692	0.008179	0.008876	0.007316	0.007035	0.009949	0.007212	0.009174	0.007223	0.008099	
375	0.009203	0.007702	0.008039	0.007146	0.007238	0.009845	0.008391	0.007896	0.007084	0.009863	
380	0.009981	0.007011	0.008030	0.007864	0.007618	0.009612	0.008715	0.009406	0.007140	0.007678	
385	0.009388	0.007583	0.008528	0.008606	0.008078	0.010194	0.007951	0.008825	0.007619	0.008543	
390	0.008104	0.008847	0.008181	0.009134	0.008646	0.010644	0.007429	0.008316	0.008477	0.008663	
395	0.007334	0.008972	0.008167	0.009654	0.008661	0.009671	0.005859	0.007374	0.009324	0.010092	
400	0.007011	0.009111	0.008200	0.008584	0.008502	0.009604	0.006048	0.006861	0.009256	0.009035	
405	0.007349	0.007684	0.007102	0.007641	0.009711	0.011458	0.007092	0.007839	0.010689	0.009119	
410	0.008066	0.007377	0.008080	0.008332	0.010510	0.013963	0.007963	0.008109	0.011694	0.008508	
415	0.007548	0.006393	0.009466	0.008179	0.010935	0.013742	0.008118	0.008513	0.012002	0.009019	
420	0.009011	0.007368	0.009127	0.008057	0.011120	0.014918	0.007575	0.006929	0.011926	0.009128	
425	0.010218	0.006878	0.010286	0.008435	0.009947	0.014206	0.008539	0.007075	0.011815	0.009309	
430	0.011755	0.008322	0.010408	0.007555	0.009893	0.011852	0.007901	0.006109	0.011997	0.009045	
435	0.009769	0.007297	0.009697	0.009321	0.008321	0.010956	0.008692	0.006547	0.010623	0.008207	
440	0.010763	0.009540	0.009988	0.010445	0.007765	0.009807	0.009376	0.008393	0.011121	0.010401	
445	0.009887	0.009975	0.010978	0.011059	0.009140	0.009998	0.010745	0.008015	0.012300	0.011714	
450	0.009815	0.010143	0.011975	0.009459	0.010150	0.009737	0.012746	0.008295	0.012321	0.010908	
455	0.008962	0.009693	0.014234	0.009519	0.007551	0.011475	0.012893	0.006686	0.012667	0.011378	
460	0.008894	0.009621	0.013485	0.008909	0.010060	0.012130	0.011306	0.006680	0.012380	0.011037	
465	0.009628	0.010709	0.012889	0.009157	0.010045	0.010280	0.011448	0.007900	0.012920	0.011420	
470	0.009713	0.008971	0.011507	0.009696	0.009650	0.010830	0.012759	0.008277	0.012881	0.010592	
475	0.009911	0.009047	0.013178	0.011113	0.007735	0.009691	0.012677	0.008058	0.012058	0.010899	
480	0.009658	0.007788	0.013000	0.009425	0.007261	0.010054	0.013290	0.007019	0.012072	0.011539	
485	0.008973	0.008409	0.014442	0.010687	0.009393	0.009548	0.012605	0.007517	0.010816	0.010270	
490	0.008026	0.008909	0.014969	0.008256	0.009428	0.009978	0.013165	0.007755	0.009516	0.011122	
495	0.008339	0.010357	0.014333	0.009545	0.009884	0.010649	0.014549	0.009278	0.010622	0.009950	
500	0.008740	0.009897	0.012044	0.009991	0.010894	0.009842	0.013052	0.009817	0.010151	0.009507	
505	0.009441	0.010626	0.011361	0.008424	0.010468	0.010848	0.015645	0.010225	0.012522	0.009919	
510	0.011045	0.011762	0.010069	0.008576	0.010804	0.012366	0.014830	0.009978	0.012048	0.010422	
515	0.009876	0.012171	0.009671	0.009154	0.009609	0.010389	0.015386	0.009862	0.012706	0.010776	
520	0.010442	0.013484	0.011514	0.009359	0.009605	0.011300	0.013912	0.010673	0.012463	0.009179	
525	0.011593	0.012364	0.010559	0.008985	0.008451	0.012139	0.012319	0.008938	0.012289	0.010767	
530	0.012328	0.012008	0.010465	0.009473	0.008308	0.011753	0.011669	0.008965	0.012637	0.009559	
535	0.011992	0.011444	0.011561	0.010099	0.008984	0.010992	0.013069	0.010215	0.014383	0.008917	
540	0.011930	0.012783	0.011315	0.010824	0.009621	0.013745	0.013266	0.012832	0.013619	0.008842	
545	0.010668	0.012807	0.012427	0.012453	0.010939	0.012468	0.012403	0.013261	0.014295	0.009132	
550	0.012585	0.013100	0.012221	0.014451	0.010907	0.012295	0.014619	0.014555	0.014074	0.008948	
555	0.012760	0.014333	0.012191	0.015225	0.010076	0.011908	0.015129	0.012910	0.014449	0.008829	
560	0.012863	0.015984	0.012957	0.016829	0.008773	0.010262	0.015913	0.014035	0.013484	0.011807	
565	0.011678	0.015676	0.014592	0.015898	0.009360	0.010362	0.015530	0.012216	0.012393	0.011837	
570	0.011983	0.016194	0.013586	0.014982	0.011242	0.011593	0.013655	0.011452	0.013412	0.011759	
575	0.013570	0.016819	0.012775	0.014277	0.009696	0.012810	0.012644	0.011244	0.013779	0.012290	
580	0.014624	0.016126	0.013407	0.013572	0.010705	0.012068	0.012235	0.011098	0.015597	0.011599	
585	0.016659	0.016688	0.015005	0.012768	0.010363	0.011735	0.013148	0.011378	0.013218	0.010931	
590	0.017550	0.016919	0.014356	0.010356	0.011142	0.011389	0.014418	0.012789	0.015087	0.012061	
595	0.016543	0.015808	0.015257	0.009503	0.010689	0.010644	0.014889	0.009908	0.017221	0.010777	
600	0.015851	0.016073	0.014534	0.011208	0.011136	0.011120	0.015387	0.010726	0.017601	0.013026	
605	0.015417	0.015725	0.013953	0.010718	0.011582	0.011172	0.014727	0.010298	0.017616	0.015598	
610	0.015981	0.015932	0.013998	0.009514	0.012975	0.013500	0.014083	0.011379	0.018741	0.015410	
615	0.016504	0.015620	0.013512	0.010396	0.013399	0.011986	0.012752	0.013280	0.018302	0.016505	
620	0.014862	0.014488	0.012021	0.010590	0.014102	0.011464	0.011575	0.015176	0.015977	0.015681	
625	0.015367	0.016108	0.012404	0.010996	0.014466	0.012193	0.010557	0.014162	0.015852	0.014743	
630	0.014430	0.015251	0.013030	0.012446	0.015637	0.013260	0.009365	0.015433	0.014843	0.017230	
635	0.014986	0.015032	0.012910	0.012556	0.016776	0.013631	0.009632	0.015728	0.014927	0.018165	
640	0.014579	0.013842	0.012692	0.013022	0.015776	0.012182	0.011122	0.017286	0.012503	0.021761	
645	0.017302	0.012830	0.015124	0.014592	0.014994	0.011913	0.010605	0.016185	0.013070	0.022239	
650	0.017327	0.014114	0.015753	0.013927	0.013791	0.013746	0.011750	0.015278	0.011820	0.023044	
655	0.016002	0.013790	0.013445	0.014156	0.016487	0.013007	0.014159	0.014948	0.011576	0.024788	
660	0.014906	0.013287	0.014369	0.012495	0.015981	0.012119	0.013362	0.014427	0.013313	0.025347	
665	0.016581	0.013422	0.015465	0.012733	0.017324	0.011231	0.011428	0.013659	0.015192	0.022219	
670	0.016546	0.011647	0.014494	0.012478	0.019021	0.012159	0.012826	0.017772	0.015530	0.020320	
675	0.016287	0.013419	0.015194	0.013318	0.017524	0.010243	0.013405	0.018085	0.016456	0.018467	
680	0.017593	0.014199	0.015566	0.012962	0.020586	0.011861	0.013520	0.018198	0.016064	0.017404	
685	0.016688	0.015087	0.015449	0.013335	0.020154	0.013881	0.013945	0.018025	0.015733	0.017508	
690	0.016843	0.014174	0.015322	0.015087	0.019466	0.013642	0.011892	0.015307	0.015209	0.017651	
695	0.015301	0.016115	0.016005	0.014419	0.018803	0.011271	0.011080	0.015232	0.014941	0.015795	
700	0.016073	0.016180	0.015934	0.014734	0.017462	0.013147	0.013279	0.015945	0.016174	0.017220	
705	0.017608	0.015837	0.016772	0.015160	0.018426	0.013447	0.014884	0.017909	0.015962	0.015548	
710	0.016209	0.016425	0.016798	0.013916	0.017657	0.013655	0.012248	0.016475	0.017008	0.016594	
715	0.015010	0.015750	0.015842	0.015342	0.016827	0.014935	0.012917	0.016598	0.017758	0.016873	
720	0.014864	0.015462	0.016389	0.016054	0.016454	0.014700	0.011365	0.017857	0.017110	0.019358	
725	0.016197	0.014529	0.017104	0.014542	0.017076	0.013919	0.011146	0.019820	0.016994	0.017627	
730	0.016420	0.016547	0.015916	0.015859	0.015676	0.013874	0.013140	0.020472	0.016776	0.016585	
735	0.017478	0.015767	0.015773	0.016238	0.016282	0.013922	0.013841	0.020592	0.016917	0.016271	
740	0.019606	0.016100	0.017039	0.015454	0.016966	0.014317	0.012885	0.019743	0.015684	0.016964	
745	0.018522	0.018749	0.018335	0.016530	0.016113	0.013392	0.013187	0.020600	0.015171	0.018895	
750	0.019595	0.018911	0.019523	0.017893	0.016848	0.013334	0.011752	0.019950	0.015749	0.020441	
755	0.020127	0.018974	0.022582	0.018812	0.017522	0.014003	0.011441	0.021522	0.015334	0.020714	
760	0.019426	0.019877	0.022528	0.016808	0.018157	0.014652	0.011423	0.020978	0.015431	0.020933	
765	0.019107	0.020769	0.021691	0.015399	0.019812	0.014235	0.012532	0.022904	0.013624	0.020793	
770	0.019176	0.020298	0.022734	0.016465	0.017335	0.016010	0.013692	0.018862	0.014722	0.019287	
775	0.018247	0.020769	0.022187	0.016040	0.017985	0.015663	0.013973	0.017979	0.015143	0.017858	
780	0.019735	0.018966	0.020607	0.014210	0.018825	0.017153	0.015626	0.017497	0.014620	0.017734	
785	0.019360	0.017621	0.020666	0.016363	0.018460	0.019372	0.016607	0.018135	0.013609	0.019336	
790	0.019375	0.017928	0.019055	0.014916	0.019529	0.017682	0.016612	0.018956	0.013099	0.020698	
795	0.018480	0.020018	0.018624	0.015108	0.018457	0.019466	0.015645	0.020355	0.011800	0.021409	
800	0.019722	0.018889	0.021220	0.015638	0.016304	0.019243	0.017618	0.017697	0.010801	0.021851	
805	0.019436	0.020065	0.021126	0.015725	0.017570	0.020269	0.018321	0.017923	0.011397	0.021878	
810	0.020108	0.021057	0.021284	0.017322	0.018295	0.019544	0.018119	0.016626	0.009642	0.023874	
815	0.021609	0.020435	0.020602	0.016388	0.018525	0.018470	0.017455	0.017358	0.010051	0.022325	
820	0.023102	0.020233	0.018912	0.019766	0.017501	0.019501	0.015482	0.018097	0.011057	0.019536	
825	0.022177	0.020875	0.018755	0.019473	0.017192	0.019822	0.016279	0.018081	0.012013	0.019063	
830	0.022248	0.019824	0.020096	0.019825	0.019126	0.017951	0.018201	0.020833	0.012845	0.019299	
835	0.021497	0.018902	0.021545	0.020667	0.018465	0.017160	0.019343	0.019841	0.014008	0.018084	
840	0.020693	0.019079	0.022877	0.022002	0.019074	0.017000	0.021019	0.018379	0.013077	0.018140	
845	0.022675	0.019506	0.024817	0.022463	0.017212	0.018994	0.018420	0.017852	0.013611	0.019059	
850	0.023518	0.019759	0.026404	0.021273	0.018277	0.019344	0.018168	0.019282	0.012705	0.018685	
855	0.025348	0.018085	0.023609	0.022246	0.016927	0.019756	0.017884	0.020173	0.013394	0.019045	
860	0.023835	0.018334	0.022985	0.022925	0.016182	0.020724	0.015553	0.022346	0.013100	0.017360	
865	0.022383	0.018121	0.024439	0.019305	0.015468	0.020408	0.014977	0.024903	0.012967	0.016708	
870	0.023153	0.018800	0.022494	0.021295	0.015311	0.020959	0.015930	0.022674	0.012980	0.016862	
875	0.020888	0.018370	0.020794	0.022075	0.015743	0.021280	0.016823	0.023560	0.013404	0.019976	
880	0.021264	0.017004	0.020657	0.022379	0.015669	0.019944	0.016482	0.023240	0.015043	0.018868	
885	0.020632	0.017386	0.021347	0.022513	0.016831	0.019579	0.016635	0.024281	0.017403	0.018562	
890	0.019917	0.017769	0.022262	0.023069	0.017073	0.018537	0.017638	0.023161	0.015547	0.019797	
895	0.019315	0.018642	0.020641	0.020549	0.015667	0.018112	0.016557	0.021969	0.015511	0.020385	
900	0.020589	0.020206	0.020726	0.019151	0.017492	0.016402	0.019437	0.022583	0.014697	0.021603	
905	0.018420	0.019213	0.020699	0.017618	0.017861	0.017186	0.019202	0.023658	0.013983	0.019271	
910	0.017544	0.020094	0.021462	0.017087	0.018532	0.018486	0.019108	0.023674	0.014838	0.020222	
915	0.017429	0.019904	0.023021	0.016860	0.018632	0.018930	0.018299	0.023324	0.014623	0.021247	
920	0.017806	0.019525	0.023982	0.014842	0.016692	0.018629	0.016844	0.024308	0.013404	0.019880	
925	0.015754	0.020163	0.025917	0.015099	0.017597	0.017905	0.018382	0.024144	0.014645	0.018566	
930	0.015061	0.020926	0.026620	0.014144	0.016418	0.018316	0.020245	0.021934	0.013411	0.018142	
935	0.016369	0.019977	0.026548	0.014914	0.016056	0.019339	0.019408	0.023258	0.013458	0.016711	
940	0.017701	0.019244	0.024520	0.017684	0.017747	0.021479	0.018898	0.023985	0.013444	0.018956	
945	0.018303	0.020017	0.025421	0.017355	0.018137	0.020707	0.019676	0.023826	0.013259	0.019272	
950	0.018666	0.018694	0.024069	0.016530	0.016347	0.021770	0.017513	0.025228	0.014050	0.019031	
955	0.020195	0.017138	0.025207	0.017823	0.018019	0.019116	0.017860	0.022141	0.017248	0.016751	
960	0.022299	0.017196	0.024118	0.016739	0.019221	0.019597	0.017510	0.023297	0.017245	0.018333	
965	0.023260	0.015673	0.023004	0.017900	0.018057	0.019346	0.019111	0.023767	0.018729	0.017743	
970	0.023008	0.016591	0.023857	0.016760	0.019540	0.018997	0.016920	0.024783	0.019623	0.017447	
975	0.022031	0.015466	0.020561	0.016140	0.019364	0.019501	0.016429	0.024775	0.020774	0.015587	
980	0.024235	0.017502	0.019991	0.016111	0.018627	0.019413	0.016692	0.027300	0.020290	0.016412	
985	0.025702	0.016987	0.019025	0.016445	0.018932	0.020006	0.018768	0.028900	0.022438	0.017234	
990	0.024446	0.019472	0.018568	0.017784	0.018347	0.018758	0.019388	0.030909	0.023109	0.018502	
995	0.024081	0.019472	0.017936	0.018555	0.017039	0.019784	0.020239	0.028693	0.022289	0.017520	
1000	0.026592	0.018381	0.020295	0.018334	0.016306	0.019724	0.019983	0.027863	0.021930	0.018972	
1005	0.026245	0.019057	0.021805	0.016161	0.015428	0.021664	0.018179	0.028742	0.022596	0.018478	
1010	0.029934	0.018860	0.019843	0.015544	0.015921	0.020457	0.016001	0.027269	0.020823	0.017821	
1015	0.027809	0.019176	0.020177	0.015804	0.016934	0.021803	0.017502	0.024761	0.021683	0.018173	
1020	0.027169	0.020685	0.019238	0.017830	0.016275	0.022010	0.015425	0.028684	0.022100	0.017947	
1025	0.024445	0.021835	0.018178	0.019519	0.019046	0.021566	0.016278	0.028285	0.021891	0.017383	
1030	0.024670	0.023430	0.017691	0.020515	0.018371	0.019986	0.015484	0.029184	0.022447	0.017323	
1035	0.024885	0.023138	0.018390	0.018452	0.017558	0.019842	0.014248	0.029069	0.020331	0.017008	
1040	0.024115	0.021663	0.018715	0.017689	0.018243	0.022873	0.013505	0.027409	0.019068	0.017806	
1045	0.024147	0.021140	0.018607	0.018307	0.018209	0.022272	0.014831	0.024984	0.017600	0.016844	
1050	0.022098	0.022339	0.019088	0.019508	0.018445	0.020330	0.015133	0.024086	0.019343	0.017512	
1055	0.021590	0.022987	0.020469	0.019271	0.019268	0.017598	0.015519	0.023718	0.019657	0.017368	
1060	0.022053	0.023203	0.019771	0.018660	0.017909	0.019667	0.015793	0.023872	0.019878	0.017553	
1065	0.023722	0.023598	0.020873	0.017251	0.016809	0.020397	0.016541	0.026794	0.018788	0.018342	
1070	0.022398	0.024078	0.019545	0.018085	0.017894	0.021552	0.016657	0.026077	0.017780	0.019503	
1075	0.023324	0.021382	0.019201	0.018156	0.019223	0.022940	0.015948	0.026562	0.017922	0.020181	
1080	0.023641	0.019530	0.018965	0.017668	0.020537	0.023538	0.016309	0.026214	0.018606	0.021447	
1085	0.023352	0.018172	0.018505	0.019135	0.021120	0.022840	0.016916	0.023735	0.018819	0.021530	
1090	0.024533	0.019262	0.014520	0.019167	0.019616	0.020242	0.017953	0.025810	0.019698	0.020243	
1095	0.023047	0.017409	0.015161	0.016106	0.019691	0.020840	0.019841	0.027465	0.021395	0.019496	
1100	0.020934	0.017636	0.017163	0.017376	0.018563	0.021423	0.019788	0.027125	0.021635	0.018728	
1105	0.021115	0.019631	0.019384	0.017278	0.022098	0.020654	0.020409	0.026745	0.021584	0.019769	
1110	0.020777	0.017216	0.019378	0.017557	0.022163	0.019573	0.022042	0.026076	0.018290	0.020188	
1115	0.019804	0.017456	0.016832	0.017245	0.020607	0.020173	0.021220	0.025356	0.018841	0.018787	
1120	0.019207	0.020094	0.018815	0.017089	0.022088	0.021206	0.020285	0.025115	0.018611	0.021765	
1125	0.020521	0.020355	0.019105	0.017900	0.021643	0.022256	0.023779	0.025470	0.017214	0.020544	
1130	0.018324	0.020701	0.018446	0.020232	0.020293	0.021316	0.023123	0.024055	0.016773	0.020289	
1135	0.020212	0.018949	0.018625	0.021938	0.019317	0.020708	0.022466	0.025481	0.018024	0.021384	
1140	0.023855	0.019101	0.020340	0.019531	0.017424	0.021099	0.020326	0.026321	0.018317	0.020379	
1145	0.023693	0.019905	0.020493	0.018037	0.018733	0.021111	0.020149	0.024504	0.019402	0.019767	
1150	0.022878	0.019236	0.021031	0.018608	0.017905	0.020063	0.019708	0.022158	0.019526	0.021144	
1155	0.022520	0.020359	0.022880	0.020157	0.017161	0.020065	0.020341	0.024026	0.022162	0.023741	
1160	0.021740	0.020025	0.022812	0.020515	0.016725	0.021738	0.019237	0.025428	0.022106	0.021674	
1165	0.021190	0.020573	0.022602	0.018327	0.019910	0.020710	0.019033	0.024595	0.021182	0.022015	
1170	0.021345	0.018784	0.022959	0.017589	0.018696	0.020574	0.018813	0.022819	0.020009	0.022146	
1175	0.020406	0.019273	0.021543	0.020505	0.017549	0.020189	0.015985	0.022040	0.020292	0.020828	
1180	0.022300	0.019687	0.020583	0.021435	0.020235	0.021019	0.015295	0.022189	0.019602	0.021183	
1185	0.021324	0.020615	0.019544	0.020376	0.019935	0.020549	0.016815	0.020232	0.020138	0.021203	
1190	0.022329	0.022544	0.019380	0.020583	0.020869	0.020215	0.018076	0.019147	0.020475	0.021933	
1195	0.024120	0.023171	0.020376	0.020747	0.021373	0.021929	0.017425	0.021587	0.021598	0.023971	
1200	0.025271	0.021710	0.020054	0.019431	0.021950	0.022412	0.019396	0.022797	0.021423	0.022054	
1205	0.024620	0.022174	0.020483	0.019092	0.020905	0.021752	0.019886	0.021476	0.021578	0.020339	
1210	0.023908	0.023249	0.020518	0.021266	0.022311	0.022522	0.021271	0.022969	0.023481	0.019279	
1215	0.022630	0.021271	0.021353	0.020579	0.022879	0.023025	0.021822	0.022907	0.021732	0.018662	
1220	0.022986	0.024102	0.023283	0.018003	0.022310	0.020557	0.020556	0.025256	0.021714	0.019396	
1225	0.022893	0.023900	0.025145	0.022263	0.022410	0.021693	0.023235	0.024808	0.021896	0.022068	
1230	0.023222	0.024208	0.026360	0.022434	0.025136	0.021142	0.026044	0.024239	0.020420	0.021355	
1235	0.023537	0.024150	0.025392	0.021307	0.022775	0.023591	0.024823	0.022738	0.022098	0.021364	
1240	0.022007	0.023151	0.028686	0.019691	0.023067	0.023477	0.025850	0.022877	0.024630	0.021038	
1245	0.023808	0.025397	0.030610	0.019392	0.023343	0.024725	0.027077	0.022519	0.023182	0.021604	
1250	0.022660	0.024347	0.027825	0.019978	0.023738	0.022169	0.028233	0.019499	0.021991	0.023034	
1255	0.026114	0.023257	0.025628	0.020066	0.022433	0.021501	0.027974	0.019427	0.022513	0.022568	
1260	0.024831	0.022547	0.024106	0.020020	0.023530	0.021874	0.028447	0.020947	0.023146	0.021244	
1265	0.024562	0.024223	0.024982	0.017903	0.023039	0.020721	0.030904	0.020953	0.020929	0.019051	
1270	0.025422	0.024976	0.021739	0.021147	0.023676	0.022300	0.028500	0.021713	0.019240	0.016890	
1275	0.024308	0.024390	0.021264	0.021610	0.023436	0.020032	0.029909	0.019124	0.019578	0.019335	
1280	0.024067	0.024164	0.019755	0.020410	0.025178	0.019402	0.030715	0.020261	0.020014	0.018541	
1285	0.023897	0.023145	0.019783	0.020348	0.024563	0.022288	0.030247	0.020196	0.020625	0.016714	
1290	0.026957	0.021150	0.022740	0.020341	0.024102	0.023153	0.028429	0.020896	0.019940	0.019339	
1295	0.029464	0.021877	0.019415	0.021913	0.027470	0.024287	0.028625	0.021335	0.020076	0.019597	
1300	0.029922	0.023149	0.020445	0.022224	0.028404	0.025196	0.030037	0.021920	0.021624	0.017099	
1305	0.029251	0.021670	0.020558	0.025559	0.026999	0.025589	0.030628	0.019915	0.021928	0.015872	
1310	0.029416	0.021684	0.022496	0.023930	0.026019	0.025248	0.028115	0.020581	0.022399	0.015635	
1315	0.029024	0.018735	0.020363	0.025460	0.025592	0.022978	0.029430	0.019835	0.023258	0.015624	
1320	0.027954	0.020740	0.017871	0.023831	0.025914	0.022208	0.029305	0.019812	0.023252	0.016247	
1325	0.025875	0.020575	0.018048	0.022434	0.027017	0.023681	0.030104	0.022420	0.024463	0.017318	
1330	0.023891	0.019477	0.019220	0.022378	0.027717	0.023566	0.028049	0.024164	0.025995	0.017905	
1335	0.025005	0.019082	0.019293	0.021412	0.030261	0.022141	0.028718	0.024585	0.028449	0.016826	
1340	0.026625	0.019173	0.019827	0.021180	0.029156	0.020715	0.025908	0.022817	0.028797	0.017000	
1345	0.027025	0.020431	0.019875	0.019787	0.027906	0.020398	0.026131	0.023607	0.030850	0.016721	
1350	0.027194	0.020431	0.019087	0.020963	0.027835	0.021630	0.026279	0.023096	0.028085	0.017215	
1355	0.025053	0.019264	0.018901	0.018993	0.029265	0.022795	0.025752	0.021797	0.027403	0.016908	
1360	0.026373	0.020395	0.018404	0.018703	0.029313	0.022719	0.027196	0.020848	0.027840	0.019473	
1365	0.027336	0.022109	0.019560	0.020799	0.026501	0.022807	0.025832	0.021533	0.025293	0.019233	
1370	0.023745	0.022022	0.018861	0.019548	0.027603	0.024587	0.026229	0.021113	0.025062	0.019608	
1375	0.024941	0.022669	0.019700	0.018652	0.027173	0.023932	0.025389	0.021446	0.024252	0.020057	
1380	0.024891	0.023435	0.021032	0.020315	0.026762	0.024741	0.024767	0.021422	0.024238	0.018640	
1385	0.023657	0.022106	0.023376	0.021532	0.025935	0.024583	0.024792	0.020111	0.024535	0.017784	
1390	0.021316	0.022120	0.022931	0.020502	0.027196	0.023847	0.025738	0.021035	0.022781	0.019026	
1395	0.018676	0.023827	0.023459	0.022909	0.027563	0.022313	0.026035	0.021620	0.021439	0.020554	
1400	0.018197	0.022975	0.022764	0.023270	0.030226	0.022796	0.026546	0.021233	0.021506	0.019035	
1405	0.017050	0.026381	0.023050	0.023992	0.030620	0.022025	0.025337	0.021978	0.023521	0.019075	
1410	0.017221	0.027027	0.023798	0.024371	0.028972	0.023927	0.022354	0.023436	0.021346	0.019852	
1415	0.017539	0.026031	0.022991	0.024538	0.028627	0.020314	0.024634	0.020831	0.023084	0.018951	
1420	0.018191	0.025546	0.023376	0.024823	0.027885	0.021610	0.023947	0.023295	0.022037	0.019669	
1425	0.019365	0.024325	0.023412	0.023401	0.028014	0.023043	0.024021	0.022154	0.024070	0.018329	
1430	0.020268	0.024187	0.023664	0.022157	0.024137	0.022503	0.023344	0.021373	0.022566	0.017187	
1435	0.022263	0.024756	0.023777	0.021290	0.024085	0.021504	0.023947	0.022867	0.022883	0.019754	
1440	0.022202	0.025325	0.023849	0.020557	0.024977	0.021454	0.022429	0.024101	0.023976	0.017719	
1445	0.023711	0.023502	0.023004	0.022645	0.024491	0.023085	0.021781	0.024228	0.027357	0.019038	
1450	0.024891	0.021812	0.022589	0.023520	0.024705	0.023984	0.021088	0.024837	0.025804	0.020280	
1455	0.026408	0.020060	0.024366	0.022212	0.025881	0.026869	0.019489	0.023494	0.026552	0.018990	
1460	0.025634	0.022389	0.025053	0.022593	0.027700	0.027029	0.018436	0.025054	0.027028	0.016407	
1465	0.024851	0.020990	0.023577	0.021277	0.028178	0.027381	0.017664	0.024662	0.027806	0.017242	
1470	0.024057	0.020750	0.023907	0.020689	0.027262	0.027745	0.018582	0.025771	0.027175	0.017644	
1475	0.024134	0.021435	0.024753	0.020124	0.026243	0.027949	0.020952	0.024681	0.026937	0.020030	
1480	0.024659	0.020720	0.023021	0.019693	0.025674	0.029048	0.021228	0.026325	0.027480	0.019734	
1485	0.025203	0.019810	0.021844	0.018184	0.023477	0.031298	0.021384	0.027355	0.026552	0.019587	
1490	0.027195	0.020584	0.022769	0.017355	0.022744	0.030435	0.024242	0.028619	0.026148	0.020303	
1495	0.025593	0.020862	0.021758	0.018092	0.021218	0.028321	0.024337	0.028376	0.026623	0.020599	
1500	0.024663	0.021859	0.021214	0.018865	0.021583	0.028075	0.024520	0.029438	0.026282	0.022385	
1505	0.024268	0.022472	0.021731	0.016138	0.022743	0.029148	0.023619	0.027518	0.024259	0.021965	
1510	0.026558	0.025453	0.020937	0.017557	0.022446	0.028628	0.024143	0.028309	0.024143	0.022656	
1515	0.026183	0.027888	0.023833	0.018085	0.021194	0.029364	0.025249	0.028416	0.023442	0.023832	
1520	0.025421	0.026637	0.024080	0.016510	0.021817	0.029059	0.025031	0.028333	0.022069	0.022636	
1525	0.024998	0.027200	0.022422	0.018662	0.021755	0.026568	0.024920	0.028134	0.023159	0.022251	
1530	0.025291	0.028594	0.024807	0.019561	0.020181	0.027435	0.024388	0.026468	0.022953	0.024329	
1535	0.024533	0.028016	0.023290	0.020195	0.019551	0.024949	0.027366	0.026789	0.023786	0.022238	
1540	0.026080	0.025430	0.020027	0.019092	0.021119	0.025760	0.026675	0.026506	0.022847	0.023033	
1545	0.030020	0.027339	0.019350	0.017800	0.022232	0.028355	0.027211	0.025905	0.022483	0.024189	
1550	0.027793	0.026732	0.020681	0.019520	0.020161	0.026523	0.025015	0.029016	0.023510	0.021583	
1555	0.028215	0.026706	0.019238	0.020205	0.019538	0.029047	0.025835	0.028785	0.024302	0.022537	
1560	0.028003	0.025482	0.019968	0.021448	0.020400	0.027523	0.026606	0.025156	0.023787	0.021875	
1565	0.028728	0.024102	0.016924	0.018731	0.017957	0.026487	0.026927	0.025179	0.024679	0.020584	
1570	0.032035	0.021927	0.018198	0.018644	0.020311	0.028433	0.026544	0.023313	0.024271	0.021137	
1575	0.030183	0.024198	0.018251	0.016669	0.017708	0.030321	0.025129	0.023112	0.025343	0.021093	
1580	0.027672	0.022453	0.018694	0.017090	0.017389	0.031161	0.026403	0.023324	0.025269	0.019041	
1585	0.027558	0.023100	0.017914	0.016314	0.016028	0.031207	0.026166	0.022487	0.027111	0.018187	
1590	0.026878	0.022614	0.016695	0.017915	0.016375	0.027686	0.025830	0.022731	0.026201	0.015460	
1595	0.024812	0.023012	0.018906	0.019576	0.016357	0.027618	0.025313	0.022836	0.024334	0.015760	
1600	0.023286	0.022240	0.019291	0.020237	0.018110	0.028722	0.024486	0.023498	0.026241	0.014653	
1605	0.022483	0.022268	0.017769	0.019712	0.018401	0.027951	0.024982	0.024453	0.027230	0.015065	
1610	0.023809	0.021536	0.018197	0.019489	0.020058	0.024772	0.026297	0.025128	0.027202	0.016882	
1615	0.024930	0.018973	0.016000	0.018950	0.021521	0.024654	0.028705	0.024089	0.027490	0.019139	
1620	0.022750	0.019757	0.015636	0.021511	0.022073	0.024201	0.028429	0.021793	0.028254	0.019062	
1625	0.021901	0.018362	0.018562	0.023553	0.021135	0.025670	0.026250	0.020712	0.026516	0.017129	
1630	0.022352	0.020355	0.016474	0.020448	0.020417	0.025654	0.024934	0.019717	0.026654	0.016821	
1635	0.023716	0.020635	0.016556	0.020154	0.021512	0.026814	0.024035	0.020181	0.027335	0.017030	
1640	0.021849	0.020092	0.018713	0.019153	0.018712	0.026307	0.023308	0.022621	0.028084	0.018044	
1645	0.022442	0.020143	0.018914	0.019100	0.019178	0.027237	0.023079	0.024115	0.026671	0.019119	
1650	0.023384	0.019934	0.017949	0.019147	0.019110	0.026140	0.022855	0.023718	0.025818	0.019221	
1655	0.022949	0.021832	0.019668	0.017699	0.021728	0.028123	0.021183	0.025009	0.025231	0.021049	
1660	0.021687	0.021963	0.016501	0.018856	0.020136	0.029159	0.022952	0.024467	0.022722	0.021087	
1665	0.021323	0.020439	0.017083	0.020651	0.020497	0.027280	0.022059	0.022839	0.022666	0.021707	
1670	0.019770	0.018896	0.016425	0.019257	0.020300	0.026367	0.022731	0.023008	0.023937	0.022592	
1675	0.019262	0.020122	0.016644	0.019379	0.021377	0.027375	0.023433	0.023602	0.024569	0.020594	
1680	0.019431	0.019124	0.017644	0.021726	0.022904	0.027985	0.024958	0.022373	0.026183	0.022022	
1685	0.020949	0.017927	0.019198	0.022325	0.025594	0.028159	0.024005	0.021804	0.026278	0.022789	
1690	0.023491	0.018249	0.018281	0.022129	0.025445	0.028261	0.025835	0.023365	0.025582	0.021608	
1695	0.025779	0.017858	0.018538	0.021303	0.025206	0.027795	0.025924	0.021363	0.026647	0.021541	
1700	0.023668	0.017787	0.018459	0.019366	0.025564	0.028259	0.024015	0.021273	0.027405	0.020529	
1705	0.024265	0.017830	0.015765	0.019627	0.025294	0.027085	0.024296	0.018507	0.028982	0.020430	
1710	0.023117	0.018405	0.017624	0.018409	0.025512	0.027646	0.023374	0.018378	0.030285	0.022453	
1715	0.020802	0.019735	0.019491	0.017453	0.025482	0.026291	0.025066	0.019760	0.031011	0.022721	
1720	0.020936	0.020884	0.021296	0.019669	0.027515	0.025226	0.023712	0.019354	0.029589	0.024380	
1725	0.021555	0.020469	0.021493	0.019555	0.025350	0.025583	0.024157	0.021029	0.028938	0.023382	
1730	0.020972	0.019576	0.021129	0.017663	0.026209	0.025069	0.024507	0.022459	0.027355	0.022442	
1735	0.021558	0.021124	0.018514	0.019463	0.024806	0.025506	0.025206	0.023604	0.026698	0.024201	
1740	0.023088	0.019878	0.016814	0.018508	0.026977	0.024937	0.026405	0.024642	0.027272	0.024875	
1745	0.022014	0.019392	0.015295	0.020112	0.027938	0.025888	0.025506	0.023913	0.025476	0.025711	
1750	0.021183	0.020668	0.016376	0.021225	0.032220	0.023743	0.027000	0.023523	0.026712	0.027192	
1755	0.020595	0.019545	0.016086	0.020530	0.031569	0.023841	0.028460	0.022612	0.024866	0.026444	
1760	0.020366	0.018521	0.016369	0.021277	0.032680	0.025238	0.027181	0.021562	0.022217	0.025968	
1765	0.022265	0.019529	0.019442	0.019654	0.032667	0.026376	0.026546	0.021828	0.022344	0.023919	
1770	0.022247	0.021447	0.021945	0.019238	0.034393	0.026544	0.026516	0.021616	0.023571	0.023432	
1775	0.021498	0.022904	0.022104	0.018551	0.032049	0.028111	0.026058	0.023414	0.022799	0.023119	
1780	0.021519	0.022905	0.020706	0.019807	0.032487	0.026882	0.028826	0.022612	0.022960	0.025241	
1785	0.021544	0.024986	0.019220	0.020917	0.030696	0.025054	0.028637	0.025036	0.024225	0.025577	
1790	0.023529	0.022717	0.020232	0.019344	0.028793	0.025476	0.029055	0.024237	0.025289	0.024757	
1795	0.021567	0.021887	0.019737	0.018216	0.029806	0.028310	0.026578	0.023711	0.024301	0.023535	
1800	0.023261	0.020882	0.021919	0.016289	0.027228	0.028050	0.024643	0.023500	0.022422	0.023428	
1805	0.023523	0.019443	0.020273	0.017311	0.026083	0.028378	0.023170	0.022812	0.022125	0.023940	
1810	0.023711	0.020044	0.018914	0.017857	0.028307	0.028397	0.022315	0.023508	0.021880	0.024276	
1815	0.024603	0.019482	0.019557	0.017701	0.027700	0.028481	0.022126	0.023242	0.023261	0.026130	
1820	0.026072	0.020336	0.019895	0.014690	0.027262	0.029768	0.020391	0.023258	0.023805	0.027024	
1825	0.025488	0.020976	0.022163	0.013727	0.026127	0.029219	0.020429	0.023382	0.024343	0.025419	
1830	0.028005	0.020686	0.020215	0.015250	0.026394	0.028808	0.021093	0.024062	0.021857	0.024667	
1835	0.027227	0.021074	0.019616	0.013833	0.028409	0.028873	0.021006	0.022512	0.024186	0.024428	
1840	0.026344	0.022939	0.020742	0.016696	0.027543	0.026666	0.020626	0.023321	0.025313	0.023000	
1845	0.026330	0.026024	0.020884	0.018242	0.028724	0.030684	0.019745	0.024042	0.024470	0.023330	
1850	0.027570	0.027127	0.022579	0.017736	0.030432	0.030527	0.017887	0.021485	0.024204	0.024940	
1855	0.027100	0.025723	0.020160	0.018696	0.028930	0.028393	0.017451	0.021560	0.026143	0.025903	
1860	0.027572	0.025712	0.021514	0.019004	0.028865	0.029074	0.016415	0.020344	0.023344	0.026253	
1865	0.025102	0.022957	0.022692	0.019675	0.028173	0.027174	0.017344	0.021208	0.023240	0.027501	
1870	0.024447	0.023889	0.021804	0.018770	0.027935	0.027289	0.017635	0.024586	0.021114	0.026826	
1875	0.023679	0.024956	0.024766	0.019010	0.027004	0.027191	0.015829	0.024726	0.020262	0.026511	
1880	0.021745	0.023389	0.023089	0.016957	0.027787	0.028853	0.017527	0.023436	0.020288	0.025763	
1885	0.022621	0.024796	0.024278	0.018360	0.025897	0.027718	0.017787	0.024501	0.019969	0.026066	
1890	0.023604	0.024982	0.025738	0.019542	0.026849	0.027047	0.017327	0.023542	0.021045	0.026125	
1895	0.022598	0.026040	0.023162	0.019783	0.027260	0.026817	0.017232	0.023532	0.020105	0.027163	
1900	0.022460	0.026383	0.021347	0.019970	0.028222	0.027817	0.018840	0.022462	0.020020	0.027957	
1905	0.021970	0.028587	0.022983	0.019663	0.027434	0.025901	0.017430	0.021212	0.019413	0.027489	
1910	0.023724	0.028582	0.022037	0.021087	0.028997	0.027139	0.016844	0.020619	0.020240	0.025799	
1915	0.024256	0.026621	0.020944	0.021966	0.027690	0.027266	0.017362	0.022790	0.020975	0.024183	
1920	0.025653	0.027459	0.022119	0.022129	0.027054	0.026166	0.018112	0.022267	0.020724	0.023553	
1925	0.027575	0.027288	0.020484	0.023294	0.027327	0.026753	0.021744	0.022529	0.020797	0.022476	
1930	0.025170	0.026976	0.020848	0.023589	0.029157	0.029191	0.021159	0.023539	0.019393	0.022368	
1935	0.025008	0.026163	0.023144	0.022951	0.026496	0.027474	0.022125	0.025092	0.018597	0.020401	
1940	0.023058	0.023951	0.024149	0.024229	0.026954	0.025203	0.023231	0.023434	0.018838	0.021628	
1945	0.024968	0.024034	0.023218	0.020649	0.024483	0.025596	0.023139	0.022437	0.017213	0.023308	
1950	0.022946	0.024055	0.024759	0.020089	0.024559	0.025154	0.021821	0.021496	0.016749	0.022157	
1955	0.021105	0.023705	0.026700	0.020862	0.024875	0.024038	0.020886	0.021128	0.017260	0.023809	
1960	0.023375	0.023292	0.026391	0.017622	0.025454	0.024026	0.019224	0.021476	0.017288	0.022674	
1965	0.022603	0.021883	0.029193	0.019796	0.026396	0.025348	0.019363	0.019846	0.017645	0.022905	
1970	0.023672	0.022379	0.029834	0.019596	0.024049	0.026051	0.018706	0.019946	0.019608	0.023900	
1975	0.023391	0.022882	0.028326	0.019474	0.025355	0.023595	0.017846	0.019910	0.019331	0.025003	
1980	0.021209	0.024701	0.027915	0.019632	0.024337	0.024993	0.019818	0.021282	0.019818	0.027365	
1985	0.022424	0.027405	0.028021	0.018854	0.022976	0.022810	0.020460	0.021424	0.020919	0.025109	
1990	0.022047	0.025288	0.026622	0.021605	0.020707	0.022949	0.019538	0.020879	0.019247	0.025665	
1995	0.021821	0.025779	0.022547	0.020436	0.021800	0.021352	0.020189	0.021226	0.020553	0.025133	
2000	0.023867	0.024693	0.023857	0.021078	0.022876	0.020959	0.019707	0.020483	0.019634	0.024773	
2005	0.023971	0.025012	0.024071	0.020901	0.024108	0.020687	0.019008	0.023434	0.021245	0.025842	
2010	0.023485	0.024177	0.024752	0.022157	0.024960	0.020111	0.020093	0.023072	0.021693	0.023935	
2015	0.023710	0.023053	0.025141	0.025061	0.024755	0.019337	0.019645	0.022422	0.023232	0.025312	
2020	0.024108	0.022014	0.026826	0.027135	0.026390	0.017308	0.020498	0.023360	0.023436	0.026107	
2025	0.024035	0.022602	0.024886	0.025898	0.025290	0.019152	0.019351	0.025063	0.024563	0.026579	
2030	0.022354	0.021801	0.025072	0.023668	0.025133	0.020372	0.021447	0.027704	0.026462	0.026746	
2035	0.020676	0.019777	0.025339	0.023211	0.024838	0.020792	0.020919	0.027290	0.024996	0.028420	
2040	0.020204	0.019352	0.022601	0.022923	0.024132	0.022081	0.019739	0.026030	0.022923	0.026626	
2045	0.021469	0.017400	0.021799	0.023508	0.025360	0.022112	0.018609	0.025639	0.022436	0.025310	
2050	0.020349	0.019827	0.021546	0.021002	0.025030	0.021013	0.018447	0.023582	0.022731	0.026681	
2055	0.020691	0.019804	0.020454	0.021749	0.022669	0.021813	0.019498	0.024045	0.021890	0.026962	
2060	0.019735	0.020944	0.018788	0.021404	0.022261	0.021670	0.018159	0.026962	0.021631	0.025740	
2065	0.021108	0.018910	0.020335	0.021758	0.022877	0.022766	0.018172	0.027331	0.022528	0.025758	
2070	0.020774	0.019813	0.019062	0.020739	0.022811	0.021099	0.019977	0.027373	0.022141	0.022875	
2075	0.020134	0.020762	0.019024	0.020699	0.023362	0.022180	0.021887	0.027667	0.023969	0.023224	
2080	0.019497	0.020175	0.017984	0.020162	0.022459	0.022503	0.022847	0.025599	0.022400	0.025338	
2085	0.020319	0.019167	0.018758	0.021408	0.021400	0.023795	0.024183	0.022649	0.022438	0.025291	
2090	0.020267	0.020309	0.019330	0.019543	0.020888	0.023815	0.024165	0.021992	0.023469	0.025791	
2095	0.020020	0.020451	0.018541	0.020563	0.020240	0.022912	0.026541	0.020819	0.023472	0.025402	
2100	0.018862	0.019872	0.018154	0.020896	0.021785	0.022390	0.027346	0.021138	0.026246	0.022801	
2105	0.019908	0.021109	0.015566	0.019386	0.022634	0.022604	0.025614	0.021066	0.025689	0.022938	
2110	0.019815	0.022106	0.017110	0.018358	0.021627	0.020694	0.022858	0.022756	0.025685	0.025313	
2115	0.018500	0.023241	0.018023	0.018723	0.021852	0.021990	0.024402	0.023388	0.024685	0.024980	
2120	0.016951	0.020287	0.019782	0.019787	0.025235	0.022697	0.023386	0.025539	0.023913	0.025031	
2125	0.017342	0.020608	0.019637	0.020269	0.023134	0.021683	0.022749	0.026399	0.023467	0.024577	
2130	0.018135	0.020321	0.020152	0.020307	0.023933	0.022121	0.023617	0.026595	0.024281	0.024024	
2135	0.019030	0.020692	0.019228	0.021267	0.023446	0.020277	0.022792	0.026952	0.024029	0.020638	
2140	0.015428	0.019478	0.019513	0.020403	0.023137	0.023071	0.020306	0.028116	0.023379	0.021282	
2145	0.014916	0.019837	0.020779	0.021364	0.023272	0.022043	0.023173	0.028114	0.023500	0.022068	
2150	0.015993	0.020741	0.023902	0.023141	0.021155	0.024454	0.023247	0.027115	0.025408	0.021933	
2155	0.016745	0.021031	0.025483	0.022358	0.022071	0.026705	0.025710	0.026306	0.025974	0.023039	
2160	0.017401	0.023626	0.023523	0.021506	0.024454	0.025042	0.025407	0.024637	0.025757	0.022914	
2165	0.017738	0.024986	0.023608	0.022595	0.026064	0.025739	0.024611	0.025381	0.027646	0.021415	
2170	0.018221	0.024458	0.025107	0.021228	0.026452	0.022761	0.023403	0.024348	0.029741	0.021708	
2175	0.019004	0.024385	0.023634	0.022446	0.023511	0.024123	0.023408	0.024534	0.030395	0.024682	
2180	0.018756	0.024550	0.023890	0.023663	0.021824	0.025668	0.023696	0.024136	0.032137	0.024749	
2185	0.017823	0.022379	0.023905	0.025684	0.023329	0.024303	0.025395	0.023992	0.029417	0.026647	
2190	0.018478	0.022671	0.022561	0.025290	0.025392	0.026043	0.024760	0.023642	0.028210	0.027251	
2195	0.021659	0.023686	0.022922	0.024019	0.024849	0.026488	0.025381	0.025432	0.028218	0.027315	
2200	0.019321	0.025259	0.022423	0.024645	0.023106	0.025252	0.024244	0.026082	0.026814	0.027974	
2205	0.019105	0.025068	0.023074	0.025566	0.023389	0.023926	0.021679	0.025692	0.025127	0.028764	
2210	0.017809	0.025354	0.022523	0.024737	0.022845	0.023686	0.022792	0.025112	0.025975	0.028651	
2215	0.019785	0.025472	0.020856	0.024720	0.020829	0.026936	0.024370	0.025608	0.028372	0.029659	
2220	0.020078	0.026912	0.021041	0.024334	0.021772	0.025118	0.023407	0.028145	0.028286	0.028647	
2225	0.019607	0.027222	0.021526	0.024468	0.022828	0.024967	0.024502	0.027176	0.029306	0.027426	
2230	0.018997	0.027412	0.022328	0.024917	0.022066	0.024656	0.024072	0.028690	0.028689	0.028632	
2235	0.019549	0.024961	0.024034	0.023556	0.023325	0.023387	0.024139	0.029584	0.027954	0.027917	
2240	0.019516	0.026582	0.024564	0.024579	0.022208	0.022833	0.024244	0.025094	0.027901	0.027469	
2245	0.020800	0.025937	0.024280	0.025551	0.021455	0.022543	0.025707	0.023976	0.028465	0.026812	
2250	0.022237	0.027453	0.024874	0.023970	0.023293	0.022628	0.024554	0.023771	0.027734	0.029323	
2255	0.022236	0.025992	0.026746	0.025255	0.024248	0.022015	0.024319	0.021574	0.025745	0.028241	
2260	0.022654	0.027532	0.026714	0.022887	0.023468	0.022246	0.023588	0.020827	0.026154	0.026850	
2265	0.024488	0.030053	0.026202	0.023258	0.023277	0.020902	0.023191	0.019642	0.026395	0.028476	
2270	0.025209	0.026649	0.024348	0.022301	0.024790	0.018796	0.022748	0.021179	0.026895	0.029176	
2275	0.025302	0.028315	0.023574	0.022883	0.025997	0.017550	0.023255	0.021770	0.027298	0.028190	
2280	0.025313	0.027160	0.023444	0.024500	0.022948	0.017456	0.023554	0.021685	0.027052	0.031049	
2285	0.026095	0.024792	0.022929	0.023696	0.024036	0.017393	0.020267	0.022939	0.027631	0.028205	
2290	0.027345	0.024932	0.024743	0.024158	0.023965	0.016712	0.022157	0.023632	0.027716	0.026665	
2295	0.026718	0.025593	0.026330	0.024523	0.023215	0.016395	0.021484	0.023659	0.028838	0.028393	
2300	0.023172	0.026359	0.023634	0.022817	0.025670	0.016000	0.020505	0.024373	0.026286	0.029035	
2305	0.022107	0.027472	0.022916	0.020112	0.027129	0.017811	0.019469	0.023768	0.027243	0.027377	
2310	0.022454	0.026915	0.026293	0.022033	0.027971	0.020197	0.020810	0.022903	0.027370	0.026256	
2315	0.021819	0.027734	0.025266	0.021255	0.024870	0.019336	0.020999	0.022657	0.025317	0.024655	
2320	0.022039	0.028832	0.024439	0.020968	0.026400	0.020010	0.022472	0.022099	0.027079	0.024661	
2325	0.020960	0.028426	0.023486	0.019113	0.026550	0.019354	0.023317	0.022457	0.026264	0.024948	
2330	0.019430	0.026813	0.022819	0.018429	0.023506	0.017180	0.023126	0.023199	0.026019	0.024541	
2335	0.019774	0.026453	0.023706	0.017265	0.025556	0.018471	0.024856	0.022117	0.024014	0.024620	
2340	0.020505	0.028819	0.023786	0.019120	0.025562	0.018770	0.024328	0.020794	0.024435	0.024188	
2345	0.019659	0.026344	0.022626	0.016789	0.025607	0.017536	0.023157	0.022936	0.024157	0.023981	
2350	0.019577	0.027906	0.023650	0.018744	0.026014	0.018657	0.022129	0.023748	0.023320	0.024679	
2355	0.020470	0.026458	0.023158	0.020747	0.025817	0.018212	0.022023	0.023005	0.023209	0.024350	
2360	0.018453	0.029139	0.022335	0.021011	0.023964	0.019409	0.021143	0.021419	0.025430	0.022811	
2365	0.019758	0.029158	0.021203	0.020695	0.022700	0.020700	0.021001	0.020475	0.023728	0.026451	
2370	0.018383	0.032768	0.020375	0.022057	0.025017	0.019752	0.019663	0.020115	0.025818	0.025904	
2375	0.017872	0.032447	0.020099	0.021527	0.021115	0.020576	0.018904	0.017912	0.025543	0.027056	
2380	0.017675	0.029372	0.022134	0.023170	0.022246	0.019999	0.019671	0.017595	0.025835	0.025645	
2385	0.018546	0.029217	0.021379	0.023917	0.021722	0.021005	0.020893	0.017348	0.025829	0.025545	
2390	0.019686	0.027532	0.023866	0.024713	0.021019	0.021147	0.021198	0.017671	0.027294	0.025189	
2395	0.019789	0.025970	0.024112	0.022503	0.024308	0.023060	0.021561	0.018713	0.028143	0.023937	
2400	0.020668	0.027891	0.023401	0.021597	0.024538	0.023459	0.020895	0.018855	0.025649	0.024814	
2405	0.022982	0.026398	0.024601	0.021754	0.022214	0.024043	0.022154	0.017709	0.024307	0.026141	
2410	0.021649	0.027289	0.025577	0.021660	0.020091	0.022907	0.022312	0.018512	0.023267	0.025888	
2415	0.022149	0.028651	0.024484	0.021779	0.020171	0.022884	0.020794	0.019033	0.023104	0.025618	
2420	0.019373	0.029667	0.023902	0.020584	0.021166	0.021178	0.019611	0.016311	0.023016	0.024439	
2425	0.023532	0.031334	0.024591	0.022050	0.021514	0.021655	0.019634	0.016699	0.023014	0.023268	
2430	0.023965	0.029367	0.025205	0.023044	0.020809	0.021826	0.019944	0.019090	0.022932	0.023502	
2435	0.026029	0.027751	0.024471	0.024030	0.020960	0.018625	0.022037	0.018169	0.024780	0.025242	
2440	0.026341	0.028496	0.026115	0.023825	0.020990	0.018406	0.021830	0.019079	0.024085	0.026930	
2445	0.026000	0.029663	0.025557	0.025198	0.022986	0.018068	0.022338	0.018801	0.022205	0.026588	
2450	0.023778	0.027062	0.025808	0.023334	0.021676	0.015951	0.023198	0.020774	0.023488	0.026888	
2455	0.023787	0.029711	0.023163	0.024768	0.021814	0.018003	0.022722	0.020513	0.022490	0.027013	
2460	0.025122	0.029416	0.023159	0.026647	0.023305	0.017074	0.023697	0.019369	0.023984	0.028197	
2465	0.024939	0.028847	0.023190	0.023461	0.024792	0.018360	0.023683	0.019813	0.022716	0.027656	
2470	0.023264	0.025912	0.023848	0.024397	0.024535	0.019075	0.023506	0.019472	0.022387	0.025868	
2475	0.023780	0.026817	0.026823	0.021925	0.024492	0.020064	0.025309	0.019805	0.023880	0.026336	
2480	0.025252	0.026572	0.026295	0.020791	0.024170	0.021161	0.025902	0.018901	0.023037	0.026001	
2485	0.027185	0.025194	0.025624	0.020193	0.024001	0.020456	0.025434	0.020506	0.023361	0.026172	
2490	0.026245	0.023046	0.023742	0.017100	0.025000	0.022314	0.026118	0.022874	0.024993	0.026931	
2495	0.026744	0.023348	0.022349	0.016429	0.022057	0.020442	0.022710	0.023166	0.026034	0.026217	
2500	0.026327	0.025075	0.022175	0.017321	0.020815	0.019987	0.022631	0.024558	0.025776	0.026995	
2505	0.025764	0.025558	0.021917	0.018385	0.022738	0.021693	0.024219	0.022580	0.027970	0.026387	
2510	0.025472	0.026216	0.019790	0.019938	0.023077	0.022046	0.023616	0.023187	0.025633	0.028350	
2515	0.025270	0.025644	0.021763	0.019765	0.022527	0.020571	0.022873	0.024065	0.023151	0.031602	
2520	0.027677	0.026694	0.019992	0.020067	0.022139	0.019521	0.021717	0.023073	0.023679	0.030631	
2525	0.026241	0.025438	0.020975	0.020137	0.024040	0.018730	0.022194	0.021972	0.022873	0.032305	
2530	0.025287	0.026459	0.020482	0.017261	0.025708	0.018356	0.019989	0.019421	0.022663	0.032057	
2535	0.025513	0.026385	0.021489	0.019726	0.026080	0.018118	0.022029	0.019026	0.023429	0.032925	
2540	0.025812	0.026628	0.021393	0.019935	0.029371	0.020755	0.022018	0.020539	0.024577	0.029107	
2545	0.025814	0.027470	0.020813	0.021379	0.027523	0.020723	0.021687	0.020613	0.024142	0.028223	
2550	0.024861	0.025041	0.020796	0.020806	0.026180	0.019723	0.021180	0.019864	0.024249	0.028439	
2555	0.026639	0.026015	0.020301	0.017842	0.026045	0.018309	0.019969	0.020336	0.023581	0.026254	
2560	0.027038	0.026654	0.019484	0.017185	0.026774	0.017850	0.019080	0.020864	0.024930	0.025450	
2565	0.028129	0.028626	0.021523	0.016715	0.026947	0.017990	0.018080	0.022099	0.023806	0.024678	
2570	0.027908	0.025870	0.020621	0.016913	0.026274	0.019917	0.019961	0.022530	0.023576	0.028031	
2575	0.025105	0.026031	0.018922	0.018003	0.026844	0.019724	0.020114	0.022977	0.023705	0.026926	
2580	0.025760	0.029178	0.021594	0.019410	0.026361	0.020349	0.020884	0.022364	0.024757	0.028411	
2585	0.029181	0.029128	0.019640	0.018207	0.028487	0.019725	0.021397	0.022468	0.025489	0.028489	
2590	0.029287	0.029714	0.020443	0.017419	0.028161	0.022555	0.021583	0.022527	0.025559	0.026897	
2595	0.030201	0.028709	0.021092	0.017128	0.028351	0.023704	0.021845	0.021433	0.026046	0.029187	
2600	0.027426	0.030193	0.022243	0.019277	0.029445	0.023053	0.021837	0.021256	0.027752	0.027924	
2605	0.026837	0.030969	0.022235	0.020666	0.028180	0.021999	0.020456	0.024711	0.028685	0.027085	
2610	0.027319	0.029868	0.020212	0.020236	0.029059	0.020534	0.020184	0.025638	0.026970	0.025495	
2615	0.026950	0.030160	0.018982	0.019720	0.028439	0.021035	0.021193	0.025741	0.025032	0.026684	
2620	0.025785	0.031393	0.020393	0.020667	0.028128	0.020730	0.021465	0.025165	0.026126	0.025270	
2625	0.025957	0.033143	0.020916	0.020489	0.026719	0.022281	0.020891	0.025790	0.024016	0.023829	
2630	0.025232	0.034221	0.021127	0.020387	0.025436	0.019547	0.020330	0.024716	0.024208	0.024804	
2635	0.024721	0.036594	0.020123	0.020185	0.026350	0.021823	0.020808	0.026470	0.023507	0.024970	
2640	0.023969	0.035310	0.019486	0.021327	0.026150	0.022147	0.020050	0.026593	0.022060	0.025128	
2645	0.022557	0.033292	0.018035	0.020803	0.027635	0.021617	0.020614	0.025986	0.022468	0.025061	
2650	0.023485	0.034164	0.018049	0.021454	0.027096	0.023280	0.021841	0.025599	0.024740	0.025223	
2655	0.020826	0.035306	0.017974	0.024466	0.025763	0.022800	0.020679	0.025156	0.022384	0.024996	
2660	0.022697	0.036693	0.019256	0.024059	0.024770	0.024420	0.023498	0.024947	0.022396	0.024156	
2665	0.022176	0.035190	0.019977	0.022840	0.027023	0.027629	0.023748	0.024449	0.023431	0.023617	
2670	0.023295	0.034434	0.019756	0.021719	0.026413	0.026928	0.024882	0.024205	0.023996	0.022586	
2675	0.024580	0.031542	0.020409	0.021682	0.024003	0.027212	0.022993	0.025977	0.023890	0.024242	
2680	0.025640	0.028781	0.020999	0.023378	0.023698	0.027415	0.023762	0.025198	0.022891	0.024621	
2685	0.023409	0.027430	0.020658	0.024832	0.026233	0.027958	0.023735	0.025185	0.023406	0.022636	
2690	0.023396	0.027960	0.020646	0.025945	0.027327	0.027718	0.023126	0.026476	0.022754	0.020888	
2695	0.021929	0.030976	0.021320	0.023605	0.028381	0.029257	0.024891	0.026792	0.024258	0.021459	
2700	0.022662	0.032293	0.022068	0.021973	0.027347	0.028400	0.027235	0.026419	0.023144	0.022607	
2705	0.023150	0.028946	0.022377	0.023168	0.024851	0.026058	0.026893	0.026823	0.022397	0.022310	
2710	0.023621	0.029203	0.020425	0.023005	0.024784	0.025366	0.024514	0.025880	0.021172	0.022233	
2715	0.023312	0.029102	0.022479	0.021533	0.024720	0.024875	0.025851	0.024651	0.021077	0.022621	
2720	0.025658	0.029236	0.021021	0.022913	0.026702	0.025321	0.026671	0.023918	0.021586	0.023647	
2725	0.024540	0.029228	0.020204	0.022702	0.026226	0.024311	0.026995	0.023473	0.024269	0.022290	
2730	0.024462	0.029541	0.020365	0.021072	0.025126	0.023439	0.028197	0.025030	0.026086	0.020444	
2735	0.024612	0.030710	0.022253	0.021104	0.024140	0.024573	0.027827	0.025899	0.026267	0.020066	
2740	0.023918	0.029590	0.022228	0.021581	0.025822	0.025378	0.030271	0.024654	0.026752	0.020920	
2745	0.021953	0.029214	0.022267	0.023293	0.025885	0.024969	0.026932	0.025072	0.025438	0.022653	
2750	0.022220	0.029357	0.021239	0.023256	0.024757	0.024201	0.028498	0.025354	0.024423	0.021951	
2755	0.022370	0.026243	0.023662	0.021505	0.025728	0.023627	0.027737	0.026342	0.024740	0.020671	
2760	0.023500	0.026995	0.022897	0.020937	0.027440	0.026372	0.025775	0.026818	0.026414	0.020963	
2765	0.022660	0.028052	0.023420	0.021432	0.026370	0.024418	0.026317	0.028254	0.024564	0.022592	
2770	0.023786	0.029730	0.024733	0.023352	0.025883	0.021247	0.024582	0.025628	0.023033	0.022597	
2775	0.022313	0.028971	0.023328	0.023738	0.023798	0.019759	0.024659	0.026927	0.023618	0.020617	
2780	0.021317	0.026566	0.025352	0.023171	0.023961	0.019934	0.024582	0.027300	0.025227	0.020264	
2785	0.021143	0.026486	0.024665	0.023916	0.025121	0.020586	0.022328	0.025767	0.025686	0.023746	
2790	0.021329	0.026142	0.025909	0.024253	0.023689	0.021386	0.022639	0.027135	0.024749	0.023780	
2795	0.021809	0.026115	0.025815	0.025168	0.022557	0.024735	0.025000	0.026239	0.025027	0.025093	
2800	0.021639	0.026085	0.024805	0.022449	0.022941	0.024385	0.025155	0.026679	0.023837	0.027631	
2805	0.023113	0.024653	0.026115	0.023685	0.021980	0.024170	0.025047	0.024690	0.024408	0.028820	
2810	0.021812	0.023059	0.024835	0.025829	0.021204	0.024131	0.024102	0.024503	0.024267	0.028086	
2815	0.021961	0.022395	0.024172	0.023142	0.020697	0.023911	0.024588	0.025595	0.025187	0.026627	
2820	0.021168	0.022901	0.023302	0.024715	0.022659	0.025102	0.025298	0.025958	0.021310	0.026062	
2825	0.020812	0.022239	0.023207	0.023934	0.024426	0.026465	0.027184	0.025756	0.022480	0.026589	
2830	0.022095	0.022766	0.022136	0.024045	0.023973	0.026097	0.029910	0.026785	0.022181	0.025603	
2835	0.022679	0.021997	0.019665	0.023916	0.025223	0.025902	0.027175	0.026224	0.021564	0.023330	
2840	0.023439	0.021825	0.020202	0.024099	0.025710	0.026284	0.027639	0.025820	0.022169	0.022474	
2845	0.020942	0.022214	0.021067	0.025465	0.027526	0.024886	0.026960	0.025186	0.022858	0.023184	
2850	0.019798	0.022578	0.024931	0.024811	0.026381	0.025547	0.027028	0.025069	0.024600	0.025466	
2855	0.019733	0.021645	0.024707	0.023838	0.025851	0.025858	0.026993	0.025893	0.023081	0.024823	
2860	0.017859	0.021756	0.026666	0.024204	0.025008	0.027186	0.031239	0.025949	0.022197	0.024813	
2865	0.016982	0.022810	0.025002	0.024211	0.027099	0.027882	0.028135	0.025146	0.023690	0.024004	
2870	0.017841	0.025073	0.021985	0.027413	0.025755	0.029531	0.025419	0.023804	0.024682	0.025037	
2875	0.018745	0.025909	0.022615	0.026263	0.027409	0.029238	0.023564	0.024267	0.025348	0.025250	
2880	0.018994	0.026376	0.024326	0.029128	0.029294	0.027418	0.021889	0.026243	0.026868	0.024492	
2885	0.017304	0.026360	0.024311	0.029404	0.027960	0.027970	0.023408	0.025273	0.025823	0.025087	
2890	0.019081	0.024356	0.023259	0.030990	0.024761	0.024850	0.024637	0.026480	0.026169	0.025105	
2895	0.022764	0.021655	0.021357	0.035053	0.024745	0.025347	0.024437	0.027936	0.025315	0.026114	
2900	0.023508	0.022457	0.021279	0.035413	0.025192	0.025871	0.025299	0.028022	0.024634	0.026214	
2905	0.023468	0.022811	0.019794	0.032267	0.025484	0.025889	0.024709	0.027559	0.024211	0.025142	
2910	0.020751	0.022832	0.019031	0.032819	0.024297	0.028611	0.025842	0.026356	0.023834	0.024618	
2915	0.020119	0.025085	0.017555	0.032837	0.023278	0.024558	0.027753	0.025419	0.021985	0.023806	
2920	0.021728	0.025298	0.018694	0.030128	0.022509	0.024517	0.028002	0.025018	0.023180	0.024346	
2925	0.022535	0.024872	0.016279	0.032146	0.024624	0.023165	0.026962	0.025009	0.023169	0.022261	
2930	0.021039	0.026975	0.016181	0.029336	0.026556	0.025735	0.026447	0.026604	0.023018	0.021604	
2935	0.020928	0.025277	0.017057	0.029556	0.026109	0.024529	0.026572	0.026728	0.023965	0.024586	
2940	0.022368	0.025187	0.018372	0.026735	0.023578	0.022051	0.026316	0.023726	0.027736	0.023757	
2945	0.022903	0.026029	0.017721	0.025102	0.022059	0.021842	0.025153	0.023794	0.026546	0.024625	
2950	0.022518	0.024998	0.018167	0.025359	0.024057	0.020221	0.025430	0.024547	0.026471	0.026805	
2955	0.026003	0.024932	0.019204	0.024959	0.023523	0.022067	0.026682	0.025733	0.029466	0.026419	
2960	0.024795	0.023243	0.019612	0.025819	0.022970	0.021123	0.025499	0.025765	0.028417	0.027656	
2965	0.025856	0.023317	0.018005	0.025890	0.021549	0.021408	0.024749	0.024219	0.027679	0.027228	
2970	0.023764	0.022600	0.018806	0.027372	0.021211	0.019550	0.023883	0.023398	0.027560	0.026339	
2975	0.024502	0.021486	0.021084	0.027650	0.020466	0.016892	0.024884	0.024156	0.027632	0.024792	
2980	0.025982	0.022358	0.022252	0.027350	0.021737	0.017321	0.028789	0.024670	0.025288	0.026435	
2985	0.025750	0.021776	0.022423	0.028428	0.021704	0.018822	0.028153	0.025678	0.026624	0.027922	
2990	0.025861	0.023531	0.021360	0.031078	0.021034	0.018696	0.025157	0.029887	0.024574	0.027829	
2995	0.026213	0.023601	0.021548	0.029513	0.022532	0.019437	0.024498	0.029361	0.022436	0.028087	
3000	0.028156	0.021032	0.023178	0.026777	0.022361	0.023133	0.024173	0.030336	0.021942	0.032044	
