T	rep_1	rep_2	rep_3	rep_4	rep_5	rep_6	rep_7	rep_8	rep_9	rep_10
5	0.000000	0.000000	0.000000	0.000000	0.000000	0.000000	0.000000	0.000000	0.000000	0.000000	
10	0.000000	0.000000	0.000000	0.000000	0.000000	0.000000	0.000000	0.000000	0.000000	0.000000	
15	0.000000	0.000000	0.000000	0.000000	0.000000	0.000000	0.000000	0.000000	0.000000	0.000000	
20	0.000000	0.000000	0.000000	0.000000	0.000000	0.000000	0.000000	0.000000	0.000000	0.000000	
25	0.000000	0.000000	0.000000	0.000000	0.000000	0.000000	0.000000	0.000000	0.000000	0.000000	
30	0.000000	0.000000	0.000000	0.000000	0.000000	0.000000	0.000000	0.000000	0.000000	0.000000	
35	0.000000	0.000000	0.000000	0.000000	0.000000	0.000000	0.000000	0.000000	0.000000	0.000000	
40	0.000000	0.000000	0.000000	0.000000	0.000000	0.000000	0.000000	0.000000	0.000000	0.000000	
45	0.000000	0.000000	0.000000	0.000000	0.000000	0.000000	0.000000	0.000000	0.000000	0.000000	
50	0.000000	0.000000	0.000000	0.000000	0.000000	0.000000	0.000000	0.000000	0.000000	0.000000	
55	0.000000	0.000000	0.000000	0.000000	0.000000	0.000000	0.000000	0.000000	0.000000	0.000000	
60	0.000000	0.000000	0.000000	0.000000	0.000000	0.000000	0.000000	0.000000	0.000000	0.000000	
65	0.000000	0.000000	0.000000	0.000000	0.000000	0.000000	0.000000	0.000000	0.000000	0.000000	
70	0.000000	0.000000	0.000000	0.000000	0.000000	0.000000	0.000000	0.000000	0.000000	0.000000	
75	0.000000	0.000000	0.000000	0.000000	0.000000	0.000000	0.000000	0.000000	0.000000	0.000000	
80	0.000000	0.000000	0.000000	0.000000	0.000000	0.000000	0.000000	0.000000	0.000000	0.000000	
85	0.000000	0.000000	0.000000	0.000000	0.000000	0.000000	0.000000	0.000000	0.000000	0.000000	
90	0.000000	0.000000	0.000000	0.000000	0.000000	0.000000	0.000000	0.000000	0.000000	0.000000	
95	0.000000	0.000000	0.000000	0.000000	0.000000	0.000000	0.000000	0.000000	0.000000	0.000000	
100	0.000000	0.000000	0.000000	0.000000	0.000000	0.000000	0.000000	0.000000	0.000000	0.000000	
105	0.002341	0.001189	0.001640	0.001059	0.001165	0.002050	0.002027	0.001695	0.001367	0.001427	
110	0.004697	0.004404	0.004484	0.004060	0.002548	0.005320	0.002875	0.004506	0.003932	0.003829	
115	0.006456	0.006969	0.005457	0.006026	0.005185	0.007016	0.005329	0.006559	0.005923	0.008322	
120	0.008741	0.012205	0.008038	0.010028	0.006536	0.010049	0.007447	0.010455	0.007307	0.011167	
125	0.008912	0.015128	0.008609	0.010052	0.007133	0.018241	0.007998	0.014339	0.009387	0.017662	
130	0.010715	0.022754	0.010957	0.016530	0.008734	0.020972	0.013117	0.020976	0.011805	0.018848	
135	0.015113	0.023295	0.013317	0.018753	0.015585	0.025819	0.017927	0.023988	0.014448	0.018804	
140	0.017400	0.027185	0.015423	0.022109	0.020590	0.025838	0.020852	0.024890	0.016721	0.021755	
145	0.019741	0.026860	0.021656	0.025858	0.025998	0.026599	0.029919	0.030167	0.018758	0.027477	
150	0.023303	0.027630	0.025093	0.029510	0.027010	0.030788	0.030357	0.031407	0.024048	0.029022	
155	0.023419	0.029756	0.031462	0.030200	0.027615	0.039432	0.036663	0.034851	0.027684	0.030003	
160	0.028595	0.033912	0.034516	0.030738	0.030252	0.044423	0.043112	0.038587	0.030882	0.031250	
165	0.032072	0.041085	0.034138	0.033868	0.035946	0.048439	0.048158	0.042596	0.035588	0.031513	
170	0.037533	0.044191	0.032941	0.038000	0.038558	0.050499	0.053429	0.044921	0.037353	0.032449	
175	0.043570	0.046861	0.036607	0.039181	0.041313	0.055239	0.053396	0.048843	0.039522	0.037510	
180	0.049735	0.047170	0.045080	0.042897	0.047362	0.054995	0.059802	0.053345	0.038291	0.035908	
185	0.048634	0.048551	0.049744	0.044514	0.052291	0.057231	0.066942	0.058805	0.043039	0.039315	
190	0.050670	0.050201	0.052096	0.050190	0.052217	0.063242	0.067277	0.057173	0.044714	0.043253	
195	0.053279	0.056393	0.062244	0.052251	0.055320	0.066234	0.073336	0.060954	0.049817	0.047573	
200	0.057284	0.056414	0.068430	0.054573	0.057513	0.066294	0.080334	0.068470	0.054362	0.053668	
205	0.060217	0.058879	0.074909	0.055967	0.059908	0.072149	0.079300	0.071462	0.058568	0.057150	
210	0.059712	0.058489	0.072957	0.062080	0.063274	0.073937	0.076430	0.073876	0.062764	0.058463	
215	0.059971	0.064226	0.071282	0.061806	0.065228	0.080995	0.075683	0.074943	0.069579	0.064891	
220	0.065324	0.063567	0.069948	0.062814	0.065262	0.076581	0.072598	0.076836	0.078868	0.066748	
225	0.070465	0.061344	0.072158	0.062662	0.066480	0.079313	0.074455	0.079602	0.081319	0.069405	
230	0.077475	0.061556	0.074655	0.065245	0.069102	0.082326	0.077618	0.082365	0.086312	0.071230	
235	0.075367	0.065226	0.075232	0.066184	0.069119	0.080605	0.079703	0.081524	0.088487	0.074900	
240	0.074732	0.065811	0.078098	0.069619	0.073936	0.083708	0.077110	0.081981	0.087453	0.079011	
245	0.073658	0.066429	0.081006	0.073213	0.073369	0.085468	0.076641	0.076974	0.088624	0.082230	
250	0.077130	0.070602	0.076870	0.076858	0.071678	0.089925	0.081316	0.074846	0.089265	0.081666	
255	0.080793	0.071468	0.076314	0.074663	0.070378	0.095064	0.082369	0.079828	0.089944	0.081427	
260	0.082418	0.073599	0.081223	0.076180	0.069968	0.094884	0.081479	0.082159	0.091143	0.080826	
265	0.083674	0.073958	0.084283	0.075828	0.070541	0.094368	0.081113	0.080943	0.091707	0.085108	
270	0.079516	0.076029	0.086295	0.076852	0.073038	0.092395	0.082642	0.084321	0.091246	0.085172	
275	0.081139	0.076645	0.085727	0.080638	0.075507	0.091608	0.082361	0.084184	0.093595	0.087465	
280	0.085600	0.081944	0.082595	0.082485	0.075681	0.097454	0.087681	0.087201	0.096351	0.089206	
285	0.082748	0.084146	0.088160	0.079446	0.077165	0.098333	0.088293	0.090890	0.096732	0.097293	
290	0.080609	0.085765	0.084795	0.081417	0.078704	0.103416	0.086617	0.094154	0.100016	0.092304	
295	0.084416	0.088547	0.085590	0.087095	0.078408	0.105354	0.087254	0.091745	0.102040	0.096250	
300	0.089844	0.084988	0.084926	0.087448	0.082408	0.105746	0.089763	0.095249	0.100124	0.099322	
305	0.091659	0.088728	0.085046	0.094173	0.085874	0.104354	0.088940	0.097399	0.100723	0.099734	
310	0.091646	0.089074	0.086591	0.097455	0.086711	0.100142	0.089001	0.103326	0.102650	0.103462	
315	0.095120	0.089846	0.089047	0.096979	0.089252	0.103708	0.087766	0.103282	0.103271	0.103095	
320	0.096988	0.087569	0.093901	0.101375	0.093399	0.108171	0.090343	0.103687	0.099170	0.103344	
325	0.100318	0.091370	0.090948	0.096911	0.091577	0.110591	0.091889	0.104650	0.099787	0.101086	
330	0.096673	0.088901	0.089988	0.097279	0.092242	0.105350	0.090489	0.105794	0.100660	0.094310	
335	0.096699	0.086559	0.088558	0.100398	0.090758	0.106460	0.090140	0.101320	0.102255	0.096604	
340	0.099689	0.084862	0.085710	0.101914	0.090806	0.104700	0.091045	0.098841	0.104946	0.101373	
345	0.101305	0.084124	0.090138	0.105743	0.091606	0.109621	0.088885	0.105762	0.105301	0.098116	
350	0.099915	0.087125	0.093196	0.104560	0.096240	0.114827	0.087894	0.106065	0.103015	0.095820	
355	0.097430	0.085905	0.096620	0.105904	0.097874	0.116890	0.090366	0.108829	0.107453	0.096237	
360	0.099367	0.089384	0.101480	0.110149	0.098655	0.114601	0.089666	0.112166	0.110712	0.098823	
365	0.101672	0.089563	0.102411	0.106549	0.105406	0.114873	0.088848	0.114262	0.107740	0.102481	
370	0.108085	0.093759	0.099198	0.105413	0.102226	0.110474	0.091718	0.112751	0.105246	0.106216	
375	0.107384	0.092924	0.101286	0.103053	0.099698	0.109360	0.094630	0.116385	0.106132	0.105881	
380	0.109800	0.098732	0.102067	0.105293	0.099341	0.111100	0.096520	0.111270	0.107662	0.108696	
385	0.108996	0.098085	0.103962	0.106593	0.101022	0.112660	0.101460	0.115684	0.110554	0.111217	
390	0.108662	0.103525	0.104008	0.110519	0.101802	0.111485	0.103928	0.114472	0.114047	0.110834	
395	0.109041	0.103864	0.103030	0.110412	0.101597	0.110992	0.101127	0.118549	0.117920	0.108495	
400	0.110074	0.106879	0.107318	0.110409	0.097633	0.111497	0.101912	0.119622	0.117895	0.107213	
405	0.107679	0.108530	0.103741	0.110824	0.100812	0.115349	0.101275	0.119016	0.117706	0.111082	
410	0.108662	0.108177	0.101526	0.107110	0.102116	0.118286	0.104351	0.124086	0.120852	0.105496	
415	0.113708	0.107672	0.103831	0.109883	0.106325	0.121531	0.106689	0.123867	0.119413	0.107520	
420	0.108897	0.108034	0.106818	0.112466	0.108773	0.124474	0.108021	0.120124	0.118938	0.109040	
425	0.113314	0.111078	0.109488	0.116029	0.109880	0.129059	0.107348	0.121176	0.121610	0.115016	
430	0.112806	0.110744	0.106707	0.116977	0.104671	0.128925	0.104925	0.118845	0.118225	0.114454	
435	0.114368	0.107550	0.103293	0.114402	0.105835	0.129010	0.107288	0.123555	0.116887	0.112745	
440	0.112919	0.105773	0.105691	0.113747	0.106224	0.128408	0.108698	0.123229	0.117782	0.108720	
445	0.113154	0.104158	0.107108	0.116686	0.108630	0.123032	0.112976	0.123008	0.121833	0.108614	
450	0.112904	0.103054	0.110777	0.119759	0.107063	0.130388	0.111353	0.124880	0.121499	0.107386	
455	0.111901	0.101559	0.111214	0.123725	0.104395	0.129798	0.113691	0.127992	0.121521	0.107183	
460	0.114866	0.103537	0.112102	0.123070	0.102502	0.130232	0.114313	0.127198	0.113454	0.111411	
465	0.113363	0.100707	0.110111	0.123594	0.102319	0.133020	0.116567	0.127777	0.112731	0.109613	
470	0.110880	0.102879	0.113217	0.121158	0.096877	0.132320	0.118389	0.131603	0.109817	0.107578	
475	0.112237	0.103312	0.107034	0.122812	0.097997	0.129562	0.117491	0.135033	0.110828	0.106418	
480	0.109628	0.101772	0.108801	0.124808	0.096315	0.131912	0.118080	0.131850	0.116728	0.104490	
485	0.108492	0.104676	0.111560	0.122724	0.098612	0.133753	0.119006	0.128910	0.115713	0.108331	
490	0.106793	0.104734	0.113256	0.122265	0.100172	0.135328	0.124250	0.128116	0.117032	0.106696	
495	0.109654	0.102920	0.108304	0.117467	0.100026	0.134798	0.126475	0.132132	0.118281	0.107901	
500	0.109725	0.101964	0.112094	0.112916	0.101058	0.131433	0.128775	0.131472	0.117013	0.112538	
505	0.114036	0.105537	0.110347	0.111198	0.096145	0.128449	0.125595	0.127526	0.117353	0.108803	
510	0.113620	0.108026	0.111753	0.112289	0.098810	0.129485	0.128754	0.129501	0.120840	0.107831	
515	0.113941	0.110059	0.108630	0.115214	0.100673	0.129441	0.128088	0.132005	0.117506	0.110278	
520	0.111095	0.114067	0.110931	0.117282	0.102844	0.133009	0.124493	0.132972	0.116981	0.110528	
525	0.110335	0.112363	0.109816	0.117897	0.102683	0.131691	0.126487	0.132079	0.114281	0.114838	
530	0.110492	0.114229	0.113699	0.120207	0.102783	0.128955	0.122155	0.133736	0.112540	0.118554	
535	0.110709	0.115318	0.114421	0.118159	0.102275	0.134134	0.120220	0.135573	0.111626	0.119420	
540	0.111679	0.119357	0.115253	0.118564	0.100962	0.130655	0.118315	0.138730	0.115750	0.123751	
545	0.108622	0.119479	0.116254	0.115791	0.097407	0.131988	0.119762	0.137074	0.115786	0.124934	
550	0.113132	0.120433	0.114579	0.116401	0.100549	0.134044	0.116350	0.139460	0.111245	0.126758	
555	0.113890	0.113989	0.114252	0.117361	0.100660	0.135787	0.117214	0.141869	0.113202	0.126488	
560	0.115952	0.108877	0.114247	0.120380	0.102867	0.132867	0.117734	0.144486	0.111433	0.121708	
565	0.116954	0.108060	0.114523	0.119466	0.101780	0.131664	0.118447	0.149223	0.116873	0.119811	
570	0.118871	0.107393	0.114461	0.116974	0.102857	0.132920	0.118970	0.144509	0.117585	0.126042	
575	0.118177	0.110638	0.113380	0.116728	0.106112	0.135068	0.118975	0.145958	0.123310	0.127124	
580	0.120445	0.116953	0.112369	0.119267	0.107095	0.139064	0.119014	0.147197	0.123330	0.127127	
585	0.120406	0.113284	0.114615	0.119160	0.107788	0.138940	0.116608	0.144026	0.121348	0.123815	
590	0.121221	0.113374	0.116858	0.119858	0.108960	0.139574	0.116486	0.143553	0.120748	0.127676	
595	0.126696	0.111894	0.116636	0.121420	0.109761	0.146143	0.115749	0.147951	0.119068	0.129411	
600	0.122489	0.111415	0.122410	0.123573	0.112729	0.144289	0.116786	0.148626	0.118879	0.131854	
605	0.119644	0.107617	0.125229	0.118021	0.110933	0.141159	0.115273	0.148095	0.119232	0.134801	
610	0.119669	0.111822	0.127128	0.121038	0.110823	0.141772	0.117735	0.149382	0.120843	0.133696	
615	0.118960	0.110960	0.123997	0.117328	0.110780	0.144624	0.115195	0.148294	0.116330	0.133546	
620	0.116834	0.114407	0.129326	0.118392	0.108167	0.143011	0.119621	0.146717	0.116947	0.132948	
625	0.121201	0.116033	0.128703	0.120359	0.108143	0.140971	0.122659	0.144393	0.115352	0.130868	
630	0.118192	0.118896	0.125496	0.123708	0.109865	0.141658	0.124986	0.141569	0.116379	0.123863	
635	0.119273	0.117949	0.128941	0.122431	0.109872	0.142767	0.124300	0.139975	0.121274	0.123718	
640	0.123996	0.114327	0.127432	0.118886	0.109169	0.141050	0.123965	0.141829	0.119096	0.123510	
645	0.122834	0.112060	0.135639	0.121424	0.111643	0.143469	0.123095	0.145239	0.116499	0.127602	
650	0.127739	0.113886	0.138779	0.119673	0.113567	0.144359	0.130024	0.149729	0.118395	0.129808	
655	0.125558	0.113565	0.138218	0.118831	0.115014	0.144757	0.136788	0.148879	0.114769	0.130595	
660	0.127851	0.115890	0.139865	0.120493	0.116987	0.142823	0.138126	0.145224	0.114022	0.131902	
665	0.127664	0.112356	0.137929	0.120843	0.117815	0.143574	0.140270	0.143305	0.116312	0.129382	
670	0.124421	0.113269	0.138306	0.118805	0.119635	0.143972	0.144465	0.142170	0.118986	0.130709	
675	0.125947	0.112820	0.142523	0.117941	0.116327	0.148588	0.143985	0.137264	0.120452	0.133119	
680	0.127547	0.112554	0.144118	0.119035	0.113026	0.150316	0.143419	0.132839	0.123454	0.127250	
685	0.129524	0.113122	0.140610	0.121042	0.114108	0.148934	0.137516	0.135624	0.124062	0.127562	
690	0.128445	0.116266	0.136279	0.118628	0.109842	0.148658	0.138170	0.138047	0.121172	0.129347	
695	0.129331	0.115267	0.133837	0.120444	0.111545	0.148975	0.136466	0.139438	0.122054	0.131773	
700	0.128032	0.120659	0.133658	0.118543	0.117049	0.146512	0.136975	0.137322	0.120439	0.131710	
705	0.128719	0.126661	0.140361	0.126576	0.113810	0.146807	0.138571	0.137337	0.124059	0.136085	
710	0.128979	0.128547	0.143370	0.130036	0.119732	0.149179	0.141965	0.137816	0.121743	0.135658	
715	0.135930	0.129753	0.143319	0.129525	0.116549	0.145586	0.142527	0.142980	0.123381	0.136457	
720	0.138043	0.126916	0.142523	0.130999	0.116640	0.144077	0.138660	0.143382	0.126395	0.133928	
725	0.140093	0.124014	0.139598	0.131289	0.117893	0.139151	0.141284	0.141876	0.128829	0.139908	
730	0.136251	0.126254	0.137531	0.133790	0.118923	0.139006	0.143079	0.142920	0.133926	0.139622	
735	0.141630	0.130674	0.136803	0.130390	0.116227	0.141268	0.148047	0.141987	0.133214	0.144270	
740	0.137278	0.128623	0.135479	0.129103	0.117399	0.143703	0.147355	0.143255	0.137140	0.141213	
745	0.137912	0.127990	0.135485	0.132754	0.115786	0.145801	0.147246	0.143394	0.138973	0.139994	
750	0.134866	0.123644	0.133218	0.136634	0.121453	0.144874	0.148432	0.146221	0.137772	0.139986	
755	0.132661	0.119541	0.135036	0.134612	0.122824	0.141873	0.148247	0.145654	0.135529	0.139453	
760	0.134890	0.120074	0.134486	0.131488	0.124961	0.142500	0.150937	0.146275	0.134444	0.141349	
765	0.129849	0.124481	0.132145	0.130193	0.127503	0.141643	0.153588	0.144501	0.136038	0.141230	
770	0.130266	0.126629	0.136300	0.130706	0.128884	0.145405	0.153188	0.142982	0.138403	0.145678	
775	0.132312	0.123070	0.140175	0.129333	0.129024	0.143656	0.149273	0.141507	0.135246	0.145606	
780	0.133328	0.118662	0.141837	0.133404	0.129324	0.147917	0.145262	0.140853	0.138687	0.139933	
785	0.135586	0.123275	0.139844	0.139452	0.124952	0.149091	0.147199	0.140047	0.134635	0.142204	
790	0.138972	0.117446	0.141535	0.141745	0.124195	0.151645	0.146429	0.147006	0.135798	0.142619	
795	0.139071	0.115831	0.143171	0.140346	0.125899	0.151482	0.147255	0.143793	0.134268	0.144262	
800	0.141397	0.111936	0.145344	0.142035	0.123263	0.151359	0.153214	0.140652	0.139701	0.147330	
805	0.143846	0.116995	0.144932	0.138624	0.130720	0.153902	0.157129	0.141674	0.134779	0.147383	
810	0.147120	0.119158	0.143299	0.133726	0.133907	0.150239	0.154686	0.145476	0.133053	0.146421	
815	0.145814	0.120606	0.144611	0.131045	0.131771	0.151710	0.157275	0.146421	0.137227	0.155406	
820	0.143001	0.122599	0.148856	0.130141	0.130830	0.152422	0.157190	0.147147	0.140578	0.157948	
825	0.144296	0.125426	0.145090	0.131746	0.124912	0.150192	0.161408	0.149582	0.137736	0.159294	
830	0.138140	0.127408	0.146090	0.130059	0.125022	0.147864	0.157955	0.151844	0.139565	0.155386	
835	0.137948	0.127351	0.139963	0.132530	0.123428	0.151596	0.156764	0.149453	0.139755	0.153720	
840	0.134988	0.129267	0.137867	0.133796	0.124121	0.154794	0.155435	0.146350	0.137418	0.150678	
845	0.136685	0.127303	0.138515	0.131947	0.124825	0.156303	0.152788	0.149778	0.134168	0.152910	
850	0.131072	0.123818	0.139778	0.126107	0.125513	0.157786	0.151290	0.149531	0.133907	0.154219	
855	0.135936	0.121480	0.144479	0.128087	0.127507	0.158976	0.156719	0.153139	0.136252	0.154773	
860	0.135651	0.123393	0.143433	0.123928	0.127812	0.158931	0.156869	0.157436	0.136284	0.153069	
865	0.133773	0.122912	0.142467	0.121266	0.131158	0.162002	0.153458	0.152551	0.134327	0.152928	
870	0.131996	0.122449	0.148024	0.121827	0.132313	0.162806	0.153398	0.150910	0.134424	0.155710	
875	0.136402	0.122451	0.150081	0.121864	0.132350	0.156681	0.147925	0.152718	0.135509	0.154753	
880	0.135365	0.125076	0.147225	0.120786	0.131334	0.156534	0.144740	0.154134	0.138189	0.156666	
885	0.133934	0.125095	0.150688	0.121664	0.129144	0.158262	0.146773	0.154858	0.139263	0.157699	
890	0.134503	0.125170	0.149787	0.123930	0.127836	0.153841	0.151240	0.157433	0.139534	0.158991	
895	0.135534	0.123169	0.150898	0.124834	0.132671	0.150557	0.155571	0.159452	0.140902	0.155676	
900	0.137803	0.118035	0.151444	0.128256	0.133583	0.149398	0.157053	0.160234	0.139661	0.153832	
905	0.147026	0.120544	0.143596	0.128583	0.131869	0.145340	0.159121	0.163606	0.140763	0.148490	
910	0.148212	0.120483	0.147367	0.126850	0.137355	0.149051	0.164249	0.161286	0.142157	0.151954	
915	0.148921	0.124370	0.143787	0.129586	0.137956	0.146116	0.160410	0.158734	0.146688	0.147823	
920	0.154002	0.126090	0.137619	0.126696	0.138562	0.149030	0.163231	0.156997	0.146625	0.153010	
925	0.154311	0.127594	0.138703	0.127975	0.139212	0.155201	0.160607	0.159906	0.146434	0.153857	
930	0.153758	0.126805	0.135291	0.128058	0.139460	0.156346	0.161961	0.161579	0.145420	0.155931	
935	0.155813	0.127686	0.135685	0.124074	0.144628	0.163054	0.161453	0.163876	0.145419	0.153643	
940	0.153393	0.131926	0.134593	0.123632	0.145022	0.162775	0.162900	0.161454	0.147538	0.154612	
945	0.151594	0.131997	0.134634	0.129171	0.145052	0.167721	0.168500	0.164813	0.153738	0.152147	
950	0.150418	0.130839	0.134545	0.125986	0.144714	0.164055	0.165691	0.163476	0.152497	0.152357	
955	0.147121	0.131710	0.132572	0.130316	0.147209	0.158117	0.166280	0.162876	0.150297	0.154168	
960	0.146698	0.135776	0.130850	0.128383	0.152758	0.158084	0.163622	0.160339	0.145046	0.151865	
965	0.150488	0.136705	0.135137	0.127495	0.153712	0.159197	0.160597	0.158555	0.145646	0.152885	
970	0.150342	0.136220	0.134928	0.127874	0.158251	0.158812	0.160892	0.160966	0.147033	0.157002	
975	0.149612	0.134691	0.132967	0.137091	0.157984	0.156440	0.161709	0.159830	0.149754	0.159298	
980	0.146874	0.138983	0.134191	0.131360	0.152096	0.152538	0.165317	0.160724	0.153227	0.159250	
985	0.144817	0.138974	0.135162	0.132040	0.154767	0.153534	0.165147	0.158419	0.152571	0.167534	
990	0.145188	0.139819	0.136751	0.131285	0.158010	0.153999	0.162992	0.155998	0.149542	0.164586	
995	0.146597	0.143885	0.139180	0.135558	0.156933	0.155454	0.159437	0.154887	0.149246	0.163825	
1000	0.146289	0.144219	0.137375	0.136644	0.155607	0.161054	0.160874	0.152882	0.147715	0.175835	
1005	0.138046	0.144313	0.139973	0.131978	0.152918	0.162986	0.156198	0.154698	0.143665	0.176179	
1010	0.135574	0.141707	0.140838	0.135276	0.155952	0.165017	0.158028	0.158405	0.142253	0.174812	
1015	0.135197	0.139074	0.143370	0.131091	0.154320	0.163838	0.158954	0.154780	0.139620	0.169689	
1020	0.134839	0.141253	0.140870	0.131880	0.157096	0.166738	0.164250	0.153740	0.135790	0.162097	
1025	0.135689	0.141533	0.134821	0.133904	0.156229	0.160149	0.164460	0.150955	0.136213	0.163483	
1030	0.137870	0.145956	0.129132	0.133750	0.155457	0.159425	0.166274	0.149961	0.134031	0.163972	
1035	0.141253	0.147047	0.134714	0.133220	0.155244	0.159324	0.171873	0.150194	0.136250	0.161993	
1040	0.139576	0.146159	0.133604	0.134036	0.160822	0.159157	0.176921	0.154807	0.135101	0.164816	
1045	0.139493	0.144250	0.130585	0.128757	0.160592	0.153941	0.179114	0.156695	0.137826	0.164944	
1050	0.142086	0.140615	0.129261	0.135920	0.162994	0.157739	0.182259	0.155502	0.141229	0.165113	
1055	0.142110	0.140554	0.128014	0.137379	0.161664	0.155233	0.180480	0.154931	0.139689	0.168268	
1060	0.141667	0.140596	0.134627	0.142886	0.162941	0.149448	0.172824	0.159405	0.135407	0.166732	
1065	0.138172	0.139332	0.134179	0.138489	0.161605	0.144219	0.170494	0.159532	0.144875	0.165685	
1070	0.139051	0.137334	0.137410	0.138662	0.158795	0.142985	0.178349	0.155922	0.145284	0.161586	
1075	0.133247	0.138283	0.132078	0.141816	0.160770	0.144835	0.174070	0.158007	0.149177	0.161062	
1080	0.136774	0.141882	0.133303	0.146614	0.160844	0.141095	0.173676	0.154409	0.149216	0.160382	
1085	0.138023	0.144121	0.132058	0.143683	0.161081	0.140561	0.175612	0.153483	0.146876	0.156626	
1090	0.138006	0.144605	0.133173	0.142314	0.158442	0.137895	0.174710	0.150207	0.144838	0.154510	
1095	0.140192	0.145952	0.135060	0.142710	0.157706	0.137518	0.174211	0.152063	0.144344	0.153736	
1100	0.140215	0.145348	0.140594	0.140090	0.155422	0.139887	0.177315	0.151513	0.142079	0.152614	
1105	0.142786	0.143727	0.141734	0.141015	0.154535	0.139430	0.176580	0.153203	0.142433	0.151033	
1110	0.136940	0.138053	0.141208	0.146566	0.155914	0.142668	0.174192	0.151111	0.140899	0.154123	
1115	0.137961	0.139074	0.141653	0.149929	0.154011	0.142222	0.172303	0.149103	0.138090	0.148376	
1120	0.145010	0.137441	0.139307	0.149931	0.159112	0.142857	0.174443	0.147081	0.141806	0.147171	
1125	0.137632	0.134725	0.139582	0.151601	0.156380	0.140330	0.171083	0.147427	0.142560	0.148549	
1130	0.138983	0.141344	0.139996	0.147273	0.161277	0.139548	0.168883	0.148862	0.147598	0.142852	
1135	0.141254	0.147310	0.136634	0.145167	0.155662	0.142758	0.168966	0.152716	0.146006	0.145065	
1140	0.143661	0.146547	0.135026	0.150192	0.161502	0.142370	0.167158	0.154496	0.148815	0.145376	
1145	0.143650	0.143315	0.132204	0.151001	0.160059	0.140365	0.169257	0.153418	0.145848	0.147628	
1150	0.141904	0.144084	0.131896	0.146140	0.158775	0.138937	0.171351	0.150359	0.143856	0.144021	
1155	0.142149	0.142876	0.129493	0.143261	0.153858	0.141234	0.170838	0.150497	0.144811	0.140292	
1160	0.145405	0.144518	0.127660	0.143470	0.150116	0.144128	0.164651	0.152830	0.146053	0.143551	
1165	0.148804	0.148688	0.128193	0.143923	0.151717	0.144307	0.164046	0.156880	0.147389	0.140788	
1170	0.150074	0.149017	0.122798	0.142127	0.151460	0.150466	0.165079	0.157460	0.148628	0.143213	
1175	0.148832	0.154316	0.124296	0.144621	0.153432	0.147570	0.170112	0.154803	0.146525	0.144915	
1180	0.148671	0.154582	0.127083	0.148956	0.157749	0.151857	0.167490	0.154633	0.142048	0.142480	
1185	0.149252	0.152137	0.125540	0.148786	0.152081	0.150220	0.170014	0.156748	0.135588	0.149865	
1190	0.147108	0.150441	0.128764	0.147953	0.154205	0.150115	0.165745	0.155787	0.136500	0.149397	
1195	0.148035	0.150371	0.129415	0.145378	0.152466	0.147759	0.168040	0.154434	0.134426	0.151528	
1200	0.149490	0.147080	0.130596	0.145477	0.149151	0.150074	0.169448	0.155574	0.133192	0.154826	
1205	0.148619	0.153953	0.130380	0.145748	0.152193	0.150205	0.166382	0.156062	0.135363	0.152955	
1210	0.148712	0.155165	0.132090	0.142575	0.149036	0.155504	0.165743	0.157313	0.135214	0.153672	
1215	0.148086	0.156369	0.130173	0.144167	0.152358	0.152050	0.167811	0.156907	0.135456	0.151367	
1220	0.142512	0.159261	0.130848	0.146540	0.153591	0.151520	0.168969	0.151740	0.136576	0.150315	
1225	0.141044	0.156446	0.130915	0.147682	0.154738	0.153143	0.173900	0.155685	0.134115	0.148673	
1230	0.141972	0.155350	0.135263	0.148252	0.154266	0.152231	0.174827	0.150664	0.134251	0.151042	
1235	0.140706	0.154783	0.136571	0.148163	0.150836	0.153023	0.174131	0.147801	0.139211	0.149846	
1240	0.144380	0.155875	0.133632	0.149928	0.152144	0.152650	0.177633	0.150753	0.141160	0.145676	
1245	0.147077	0.156241	0.131250	0.150755	0.152781	0.153518	0.175353	0.152839	0.139929	0.145563	
1250	0.141271	0.156716	0.136359	0.149358	0.157790	0.155589	0.174202	0.151994	0.136724	0.147892	
1255	0.145826	0.151837	0.136201	0.151451	0.155298	0.156831	0.170229	0.147157	0.133645	0.149957	
1260	0.145881	0.150141	0.141505	0.155329	0.149892	0.154932	0.171033	0.147254	0.134483	0.149317	
1265	0.144411	0.145783	0.137628	0.150154	0.148104	0.155034	0.169718	0.146620	0.134100	0.149294	
1270	0.145394	0.146913	0.136598	0.145011	0.147996	0.159564	0.166937	0.143419	0.134360	0.153877	
1275	0.144012	0.144179	0.134416	0.146720	0.150947	0.160745	0.171879	0.148453	0.131745	0.152789	
1280	0.142025	0.143055	0.137825	0.143870	0.149897	0.156199	0.168740	0.149784	0.132345	0.155023	
1285	0.144045	0.144559	0.142377	0.144117	0.152491	0.153898	0.167531	0.153129	0.134220	0.151840	
1290	0.140710	0.144960	0.142369	0.145661	0.153321	0.153210	0.164494	0.149687	0.131179	0.151179	
1295	0.139350	0.145321	0.145123	0.143443	0.150203	0.150227	0.163026	0.147323	0.135217	0.152252	
1300	0.138781	0.147070	0.150640	0.141897	0.151290	0.155334	0.159940	0.148563	0.138227	0.144454	
1305	0.137075	0.148563	0.152510	0.141585	0.147743	0.153229	0.156779	0.149628	0.133112	0.148138	
1310	0.140060	0.150886	0.148873	0.139459	0.147823	0.157155	0.157267	0.150473	0.137067	0.147723	
1315	0.141379	0.149698	0.143047	0.143589	0.151023	0.157747	0.155899	0.151934	0.139060	0.148937	
1320	0.145667	0.147803	0.144200	0.142357	0.151611	0.149182	0.163573	0.148047	0.139891	0.151899	
1325	0.150452	0.148469	0.145069	0.147489	0.155006	0.153450	0.160128	0.151163	0.144638	0.149110	
1330	0.155600	0.151344	0.141747	0.143816	0.151060	0.151290	0.155422	0.150529	0.142454	0.149406	
1335	0.156414	0.151852	0.144106	0.137906	0.150783	0.149146	0.153736	0.151772	0.142294	0.151673	
1340	0.159710	0.152481	0.140089	0.134387	0.156900	0.147918	0.159980	0.155783	0.145718	0.149512	
1345	0.162335	0.147912	0.139156	0.135833	0.154092	0.152245	0.160468	0.156342	0.149396	0.154849	
1350	0.161072	0.144062	0.134144	0.141162	0.153745	0.146215	0.161462	0.153769	0.151631	0.155919	
1355	0.159868	0.143209	0.131204	0.137542	0.150273	0.137885	0.157800	0.152857	0.146709	0.160560	
1360	0.158436	0.140972	0.130498	0.136235	0.152401	0.142125	0.157527	0.152704	0.148262	0.159307	
1365	0.158772	0.141158	0.136725	0.136341	0.156621	0.141844	0.153313	0.153972	0.147565	0.158937	
1370	0.161299	0.144020	0.137836	0.139101	0.157032	0.145464	0.151468	0.153398	0.148976	0.157769	
1375	0.157328	0.143503	0.140190	0.143102	0.156853	0.148351	0.153509	0.156467	0.152110	0.159930	
1380	0.157789	0.144799	0.131603	0.144517	0.157336	0.144943	0.150303	0.153039	0.150838	0.158037	
1385	0.153490	0.147361	0.131748	0.148407	0.154569	0.142498	0.148694	0.150112	0.153231	0.149388	
1390	0.151112	0.150292	0.132208	0.148803	0.153396	0.140205	0.151944	0.153577	0.154971	0.150581	
1395	0.150246	0.148858	0.129225	0.152595	0.159434	0.146964	0.154345	0.155015	0.156884	0.154327	
1400	0.148790	0.146539	0.131325	0.150637	0.159344	0.144485	0.155821	0.153106	0.162124	0.151005	
1405	0.152972	0.147991	0.137173	0.146575	0.163475	0.143513	0.160182	0.154928	0.163288	0.152862	
1410	0.160706	0.144455	0.132048	0.144321	0.158475	0.144040	0.158535	0.151947	0.161017	0.150738	
1415	0.157624	0.139404	0.136843	0.143134	0.162525	0.144825	0.157816	0.158178	0.162439	0.154175	
1420	0.158722	0.144467	0.136300	0.143558	0.164281	0.146186	0.155857	0.159452	0.159534	0.154564	
1425	0.159259	0.144465	0.135774	0.144541	0.161695	0.146097	0.157055	0.156594	0.160257	0.150292	
1430	0.153497	0.142825	0.141256	0.145723	0.162547	0.152901	0.157440	0.158061	0.157585	0.147366	
1435	0.151691	0.142498	0.141079	0.146336	0.161670	0.151160	0.154907	0.157837	0.156315	0.148896	
1440	0.152054	0.141784	0.141586	0.149607	0.161788	0.151185	0.155461	0.157193	0.157004	0.148002	
1445	0.155792	0.142476	0.138657	0.148239	0.158145	0.150644	0.156375	0.157618	0.157548	0.146063	
1450	0.153473	0.144394	0.140830	0.149781	0.160388	0.149521	0.160105	0.154836	0.153104	0.151995	
1455	0.149008	0.142851	0.140664	0.152401	0.158290	0.146656	0.157553	0.154259	0.155553	0.152701	
1460	0.148207	0.143198	0.138344	0.154565	0.156291	0.145628	0.156572	0.156186	0.157716	0.154269	
1465	0.147847	0.149214	0.136227	0.156726	0.155338	0.153432	0.158247	0.153623	0.157915	0.150688	
1470	0.149611	0.146975	0.138498	0.153845	0.153626	0.154241	0.157105	0.154845	0.155609	0.147768	
1475	0.146253	0.150227	0.136738	0.152124	0.160001	0.157102	0.158655	0.155546	0.152174	0.149491	
1480	0.151368	0.149804	0.141804	0.156830	0.157538	0.153656	0.155321	0.156904	0.154735	0.146148	
1485	0.151478	0.149614	0.146517	0.156978	0.153851	0.155285	0.155506	0.156742	0.151662	0.143402	
1490	0.151522	0.147915	0.146102	0.154691	0.152396	0.161134	0.154883	0.156498	0.152732	0.146883	
1495	0.151126	0.146342	0.141365	0.152342	0.149206	0.166987	0.160639	0.159620	0.153927	0.144288	
1500	0.153712	0.141450	0.136757	0.152661	0.146019	0.165687	0.160839	0.164029	0.152773	0.146285	
1505	0.156885	0.144285	0.132898	0.151301	0.142803	0.162898	0.162705	0.161380	0.147509	0.145706	
1510	0.156956	0.151092	0.136657	0.148827	0.144708	0.161160	0.157856	0.157664	0.146269	0.144073	
1515	0.159902	0.148500	0.136323	0.146842	0.145183	0.160925	0.160908	0.162459	0.150902	0.143163	
1520	0.156372	0.150586	0.136474	0.147574	0.148921	0.162176	0.158843	0.161790	0.154460	0.145451	
1525	0.155344	0.150531	0.139609	0.148759	0.147464	0.159142	0.159060	0.156214	0.156196	0.143654	
1530	0.152417	0.151353	0.137973	0.148410	0.148771	0.156036	0.157795	0.153650	0.160766	0.143669	
1535	0.154017	0.151521	0.138814	0.144934	0.146278	0.163278	0.157007	0.149739	0.163518	0.147350	
1540	0.151347	0.149787	0.140413	0.143711	0.140800	0.159922	0.152445	0.149346	0.164818	0.148356	
1545	0.151805	0.146967	0.139604	0.139647	0.143541	0.156473	0.151850	0.152373	0.161552	0.149616	
1550	0.147540	0.144227	0.141159	0.143930	0.145981	0.154634	0.152636	0.151124	0.163007	0.153634	
1555	0.151514	0.145096	0.145445	0.145891	0.146561	0.158780	0.149152	0.152957	0.170171	0.154274	
1560	0.148843	0.142660	0.149012	0.147770	0.146161	0.162890	0.149402	0.154279	0.167625	0.157145	
1565	0.148402	0.143659	0.151124	0.146323	0.140711	0.162341	0.149220	0.150781	0.161450	0.157469	
1570	0.146675	0.141066	0.152012	0.148113	0.138333	0.159732	0.146171	0.153394	0.161471	0.150632	
1575	0.150731	0.143720	0.146971	0.150911	0.142422	0.156340	0.149023	0.155279	0.164029	0.150748	
1580	0.149670	0.143303	0.148042	0.160348	0.140805	0.160419	0.151065	0.159728	0.166522	0.155244	
1585	0.158256	0.141092	0.148277	0.160376	0.142457	0.160671	0.150241	0.160711	0.163887	0.153749	
1590	0.157076	0.139513	0.150483	0.158304	0.138782	0.159872	0.148622	0.162494	0.160186	0.154516	
1595	0.159712	0.141523	0.154178	0.157569	0.139406	0.157689	0.146689	0.159224	0.156394	0.152269	
1600	0.158065	0.143330	0.153387	0.154250	0.135339	0.157473	0.145927	0.154056	0.157338	0.152959	
1605	0.158016	0.141848	0.150667	0.151534	0.140512	0.159630	0.141563	0.147855	0.150168	0.152491	
1610	0.155061	0.144673	0.151218	0.153438	0.136749	0.159023	0.142339	0.143651	0.153501	0.154147	
1615	0.156228	0.145850	0.156301	0.147735	0.134801	0.156289	0.140389	0.145416	0.154020	0.153601	
1620	0.159264	0.146469	0.153362	0.150813	0.140263	0.161229	0.142180	0.150014	0.152584	0.154365	
1625	0.159085	0.143651	0.155300	0.147340	0.143336	0.162482	0.141478	0.152004	0.153654	0.149825	
1630	0.156052	0.142107	0.159242	0.142111	0.145112	0.162552	0.146721	0.152660	0.151119	0.152802	
1635	0.159265	0.141856	0.156504	0.140377	0.143547	0.161586	0.145312	0.156058	0.155557	0.153772	
1640	0.162352	0.142214	0.152027	0.139801	0.146029	0.162774	0.145551	0.165201	0.157950	0.154207	
1645	0.163532	0.138203	0.147443	0.138595	0.145161	0.163707	0.147819	0.163127	0.158099	0.150304	
1650	0.165056	0.134305	0.146649	0.140833	0.146031	0.161787	0.144961	0.162886	0.162133	0.149830	
1655	0.162006	0.138429	0.147547	0.138966	0.145998	0.158020	0.144768	0.159507	0.163143	0.151477	
1660	0.167024	0.138668	0.149272	0.140639	0.149464	0.155041	0.138812	0.160309	0.163523	0.148509	
1665	0.168075	0.137479	0.147484	0.138850	0.149146	0.151136	0.145045	0.157851	0.161550	0.145029	
1670	0.168932	0.133321	0.146077	0.140129	0.150759	0.150612	0.149873	0.157977	0.159048	0.143117	
1675	0.167249	0.138693	0.147917	0.142798	0.152650	0.154314	0.153896	0.157264	0.162920	0.140683	
1680	0.165749	0.135832	0.145914	0.137975	0.146730	0.159463	0.162164	0.156445	0.157989	0.141527	
1685	0.168140	0.139093	0.145026	0.140867	0.143403	0.157377	0.162501	0.155106	0.157414	0.138489	
1690	0.171392	0.144309	0.146552	0.141822	0.144748	0.161238	0.160143	0.154127	0.158474	0.140365	
1695	0.179847	0.145200	0.148130	0.141629	0.145567	0.164727	0.157014	0.157837	0.158635	0.140070	
1700	0.174826	0.138198	0.152710	0.142243	0.142319	0.165039	0.156746	0.158068	0.156694	0.135077	
1705	0.173033	0.136542	0.153705	0.142645	0.145086	0.165553	0.157564	0.157418	0.157219	0.132167	
1710	0.174340	0.135955	0.159212	0.142846	0.143418	0.166154	0.161184	0.156515	0.152378	0.136022	
1715	0.171017	0.128102	0.157697	0.144040	0.146310	0.167413	0.158328	0.150364	0.148682	0.138539	
1720	0.162909	0.125189	0.160158	0.144917	0.144808	0.164958	0.155779	0.152554	0.147933	0.142305	
1725	0.166318	0.124312	0.161023	0.142121	0.145075	0.163748	0.152475	0.151279	0.151275	0.138866	
1730	0.159740	0.124566	0.164857	0.144655	0.145429	0.162047	0.152569	0.153231	0.157011	0.139152	
1735	0.159604	0.123132	0.164947	0.146668	0.143842	0.160417	0.150868	0.153932	0.158780	0.141708	
1740	0.159980	0.123187	0.163629	0.149910	0.144752	0.162642	0.145019	0.156806	0.155735	0.140430	
1745	0.161295	0.124885	0.163764	0.154817	0.145889	0.162782	0.143011	0.158240	0.157833	0.142212	
1750	0.159313	0.123069	0.163088	0.153185	0.151648	0.163486	0.141507	0.163805	0.159357	0.142278	
1755	0.160305	0.120715	0.162730	0.152580	0.155447	0.163583	0.144350	0.167161	0.156862	0.141570	
1760	0.164114	0.121887	0.162350	0.152499	0.150450	0.166333	0.147283	0.166682	0.158456	0.147947	
1765	0.165008	0.124366	0.162330	0.156183	0.152648	0.164530	0.154180	0.166937	0.165327	0.148390	
1770	0.163351	0.123097	0.158961	0.154113	0.151892	0.168297	0.154184	0.165599	0.166533	0.145391	
1775	0.167707	0.126741	0.160505	0.155481	0.149159	0.174231	0.163452	0.160363	0.162715	0.143082	
1780	0.167322	0.126620	0.160860	0.153173	0.153672	0.173801	0.164481	0.163473	0.162331	0.138637	
1785	0.161006	0.125450	0.157955	0.153933	0.150983	0.172176	0.170537	0.166620	0.160803	0.141990	
1790	0.155831	0.128742	0.152472	0.154813	0.151385	0.170299	0.170133	0.167121	0.164163	0.145630	
1795	0.149526	0.130419	0.150712	0.151129	0.148802	0.169726	0.167553	0.164909	0.159941	0.154617	
1800	0.155618	0.129602	0.151122	0.149679	0.146406	0.167085	0.167749	0.166814	0.160314	0.152186	
1805	0.162527	0.127760	0.151474	0.152577	0.144453	0.166375	0.167103	0.164848	0.155980	0.153053	
1810	0.165291	0.127593	0.155383	0.152734	0.143835	0.164684	0.163999	0.167165	0.157694	0.154776	
1815	0.166902	0.122743	0.155345	0.153092	0.139923	0.170563	0.161405	0.171702	0.157877	0.159939	
1820	0.164846	0.121822	0.154635	0.150443	0.135642	0.166908	0.163456	0.171543	0.163331	0.152925	
1825	0.168676	0.121401	0.150911	0.149127	0.136368	0.167469	0.163606	0.170982	0.161838	0.150082	
1830	0.166199	0.118364	0.156200	0.146896	0.139094	0.165435	0.159701	0.168089	0.164348	0.144566	
1835	0.161596	0.120767	0.150540	0.145632	0.142504	0.161187	0.154725	0.170523	0.164991	0.151400	
1840	0.159964	0.128391	0.150519	0.148331	0.140927	0.160613	0.153350	0.173114	0.166324	0.148789	
1845	0.156449	0.127293	0.155289	0.149096	0.149640	0.160000	0.148859	0.174455	0.163191	0.143885	
1850	0.155677	0.128929	0.161382	0.151726	0.148774	0.157436	0.148767	0.169965	0.161277	0.141464	
1855	0.152288	0.132567	0.159172	0.153026	0.147567	0.157135	0.144076	0.168319	0.158273	0.140235	
1860	0.153311	0.131569	0.157781	0.155698	0.147089	0.158502	0.150037	0.169324	0.157914	0.137574	
1865	0.149301	0.129614	0.160102	0.157759	0.143946	0.155875	0.149213	0.167919	0.159790	0.137881	
1870	0.152059	0.129074	0.163207	0.158481	0.140436	0.159242	0.152407	0.169358	0.164754	0.133846	
1875	0.156789	0.130573	0.162651	0.158383	0.143871	0.162710	0.153756	0.168895	0.161093	0.135762	
1880	0.154442	0.126067	0.163233	0.157737	0.144622	0.160110	0.150153	0.171517	0.161420	0.135483	
1885	0.155442	0.125655	0.164764	0.160445	0.143057	0.157687	0.154788	0.172784	0.162214	0.137865	
1890	0.153953	0.128178	0.168081	0.157322	0.142866	0.157626	0.156276	0.176415	0.163764	0.137250	
1895	0.152851	0.129672	0.169599	0.161225	0.144918	0.155375	0.156052	0.183785	0.159766	0.140828	
1900	0.152805	0.133702	0.169554	0.158719	0.143190	0.156984	0.156934	0.186082	0.165655	0.147561	
1905	0.154692	0.133617	0.171328	0.151631	0.143660	0.156235	0.159351	0.177367	0.165802	0.139451	
1910	0.153682	0.136616	0.174798	0.153922	0.145724	0.158007	0.160434	0.178504	0.164017	0.141513	
1915	0.154252	0.141405	0.169872	0.151469	0.141720	0.156471	0.161169	0.177156	0.162371	0.141434	
1920	0.152279	0.144489	0.177201	0.154917	0.143467	0.156978	0.159580	0.176552	0.163727	0.140774	
1925	0.147050	0.143913	0.179298	0.155860	0.142968	0.159965	0.158974	0.179615	0.159463	0.142595	
1930	0.148916	0.146312	0.176715	0.160963	0.143846	0.160817	0.160493	0.178987	0.158810	0.146367	
1935	0.147060	0.147822	0.176878	0.158601	0.141758	0.158342	0.156940	0.177803	0.153841	0.143427	
1940	0.148468	0.143822	0.181883	0.161048	0.147654	0.158405	0.156159	0.174901	0.152583	0.143129	
1945	0.148390	0.143689	0.178220	0.161683	0.141760	0.156108	0.157599	0.178712	0.155743	0.147069	
1950	0.151549	0.143891	0.180062	0.159861	0.144144	0.157078	0.160560	0.175814	0.152555	0.142745	
1955	0.150417	0.149853	0.181680	0.160160	0.142128	0.154554	0.157640	0.175715	0.151650	0.147309	
1960	0.155107	0.147206	0.186433	0.161757	0.140673	0.155657	0.156547	0.169615	0.149944	0.148954	
1965	0.156786	0.146491	0.189964	0.164257	0.138791	0.155694	0.157240	0.169609	0.149461	0.154307	
1970	0.156445	0.148666	0.193828	0.166583	0.133628	0.157419	0.160589	0.174104	0.151386	0.153346	
1975	0.154608	0.147986	0.196171	0.165030	0.136351	0.156701	0.166304	0.173534	0.147607	0.153768	
1980	0.155510	0.149980	0.194040	0.161162	0.134340	0.157649	0.164807	0.171432	0.145535	0.151858	
1985	0.158756	0.146715	0.192280	0.159859	0.134639	0.160853	0.167311	0.167603	0.145224	0.151672	
1990	0.157186	0.146089	0.193348	0.159147	0.139029	0.160724	0.162338	0.169691	0.145265	0.144887	
1995	0.154125	0.144524	0.191734	0.159097	0.138774	0.158671	0.166561	0.171439	0.150855	0.147308	
2000	0.151275	0.145692	0.188904	0.159495	0.140831	0.155046	0.157407	0.172025	0.149661	0.146992	
2005	0.152698	0.141978	0.191379	0.161359	0.140347	0.154378	0.158096	0.172014	0.148641	0.148019	
2010	0.151882	0.140482	0.192603	0.161545	0.137698	0.159786	0.159448	0.176213	0.147353	0.146974	
2015	0.152881	0.138110	0.191270	0.161756	0.137191	0.160613	0.157752	0.172933	0.147669	0.151111	
2020	0.152195	0.143871	0.186600	0.163141	0.136853	0.161122	0.161263	0.168090	0.151467	0.147340	
2025	0.147873	0.145762	0.184767	0.159323	0.138489	0.157421	0.162080	0.174235	0.154280	0.149891	
2030	0.152006	0.145978	0.182297	0.155097	0.140697	0.150677	0.160263	0.168962	0.156639	0.151423	
2035	0.150707	0.148729	0.178139	0.155780	0.135539	0.148878	0.160912	0.169086	0.152159	0.149802	
2040	0.148352	0.151582	0.180731	0.153827	0.141808	0.145743	0.161347	0.166861	0.153056	0.149452	
2045	0.149763	0.152423	0.181340	0.153950	0.141760	0.150468	0.155259	0.169699	0.153885	0.156628	
2050	0.149927	0.152061	0.180196	0.150015	0.145365	0.154389	0.156143	0.167502	0.157500	0.155009	
2055	0.152306	0.153336	0.181469	0.151875	0.145574	0.148368	0.158081	0.171910	0.157999	0.151894	
2060	0.149267	0.154482	0.178309	0.150808	0.147615	0.146490	0.159672	0.169460	0.159655	0.152553	
2065	0.149767	0.156062	0.180071	0.151575	0.150723	0.151612	0.155287	0.173482	0.152775	0.154866	
2070	0.146771	0.161706	0.179440	0.148688	0.151624	0.149455	0.156811	0.172754	0.149993	0.153096	
2075	0.149756	0.162003	0.177767	0.146596	0.154870	0.146550	0.157175	0.174978	0.147898	0.152597	
2080	0.151339	0.162641	0.171390	0.152689	0.153514	0.145252	0.156249	0.175932	0.148382	0.152434	
2085	0.151487	0.166045	0.172101	0.154344	0.154223	0.147251	0.156290	0.177203	0.151942	0.152903	
2090	0.149836	0.163062	0.172828	0.153708	0.155751	0.148735	0.157418	0.176692	0.149769	0.153536	
2095	0.157459	0.160058	0.173130	0.150334	0.156690	0.151748	0.160723	0.178675	0.152996	0.154103	
2100	0.156663	0.154568	0.177682	0.150471	0.153002	0.155797	0.161694	0.180377	0.151829	0.152827	
2105	0.157655	0.154025	0.180402	0.148808	0.157805	0.156704	0.160931	0.176790	0.158863	0.150372	
2110	0.157269	0.156849	0.183361	0.147294	0.155564	0.163590	0.160120	0.177633	0.158778	0.149929	
2115	0.159891	0.154912	0.187142	0.147517	0.151848	0.165897	0.163054	0.178441	0.158512	0.150284	
2120	0.161537	0.157919	0.190503	0.143839	0.147539	0.172250	0.163643	0.178814	0.158940	0.153232	
2125	0.161733	0.157810	0.185954	0.141995	0.148013	0.170978	0.167418	0.180119	0.155721	0.154674	
2130	0.162861	0.165362	0.191245	0.146909	0.146930	0.168382	0.164633	0.178932	0.154286	0.154971	
2135	0.159249	0.165331	0.196689	0.148891	0.147246	0.169534	0.166106	0.180290	0.154323	0.158888	
2140	0.156290	0.160640	0.191865	0.150387	0.147807	0.166186	0.166694	0.179393	0.151675	0.159427	
2145	0.158399	0.159007	0.190821	0.151685	0.147987	0.166831	0.168134	0.174187	0.149303	0.162887	
2150	0.160366	0.156322	0.191715	0.151835	0.151544	0.168247	0.167512	0.169185	0.153413	0.158703	
2155	0.161400	0.160332	0.190898	0.149344	0.153936	0.164993	0.168992	0.173243	0.155870	0.162749	
2160	0.159128	0.161939	0.188626	0.150496	0.153977	0.170967	0.173898	0.163844	0.155739	0.164674	
2165	0.155084	0.164137	0.189351	0.151786	0.153294	0.166920	0.171620	0.163568	0.154508	0.162736	
2170	0.151251	0.167250	0.189829	0.154407	0.151639	0.165371	0.167446	0.166272	0.155866	0.158020	
2175	0.152738	0.167038	0.190017	0.153959	0.149337	0.169281	0.166678	0.166775	0.152515	0.162292	
2180	0.149334	0.162474	0.189836	0.156019	0.152802	0.172373	0.173933	0.175611	0.148065	0.161760	
2185	0.152091	0.164287	0.192310	0.159351	0.151177	0.170733	0.172178	0.171737	0.145110	0.161735	
2190	0.155808	0.166812	0.183532	0.158926	0.154132	0.169338	0.172681	0.174847	0.150428	0.158150	
2195	0.158814	0.168605	0.185842	0.163082	0.159089	0.166645	0.170872	0.174214	0.148791	0.157828	
2200	0.160442	0.171085	0.188110	0.162212	0.163226	0.166248	0.167698	0.172334	0.146532	0.155595	
2205	0.158156	0.170604	0.189377	0.159737	0.157388	0.164410	0.168716	0.169300	0.148668	0.154088	
2210	0.160835	0.167671	0.183971	0.157940	0.151154	0.165064	0.170926	0.171844	0.144530	0.152063	
2215	0.159523	0.167866	0.182813	0.157367	0.150668	0.166227	0.176121	0.169923	0.147374	0.148249	
2220	0.159164	0.167179	0.175922	0.157585	0.155239	0.168436	0.178489	0.171462	0.149686	0.146264	
2225	0.153921	0.169645	0.177216	0.155115	0.152027	0.167808	0.182454	0.168132	0.152277	0.143334	
2230	0.149792	0.169710	0.176712	0.158784	0.150472	0.171406	0.184030	0.169179	0.150752	0.141903	
2235	0.150613	0.161622	0.175289	0.157531	0.149376	0.175280	0.181717	0.167680	0.154471	0.139460	
2240	0.146873	0.166046	0.178055	0.155779	0.151894	0.172445	0.181442	0.170751	0.151378	0.141602	
2245	0.146383	0.172221	0.174940	0.152809	0.150752	0.169140	0.179254	0.173188	0.153042	0.145447	
2250	0.147497	0.174064	0.175260	0.153502	0.150279	0.172985	0.175969	0.174867	0.156086	0.145957	
2255	0.144113	0.178529	0.172501	0.154655	0.153777	0.173222	0.177409	0.169754	0.156377	0.147617	
2260	0.150519	0.175293	0.176259	0.158891	0.149796	0.178407	0.172899	0.171035	0.155947	0.151187	
2265	0.149744	0.173234	0.172393	0.163066	0.150311	0.173847	0.171149	0.171593	0.156475	0.146434	
2270	0.154539	0.172770	0.175089	0.156995	0.147531	0.172137	0.173143	0.167313	0.150357	0.141528	
2275	0.154375	0.172740	0.177560	0.154999	0.152925	0.169272	0.170150	0.165332	0.149822	0.143939	
2280	0.158198	0.168616	0.170930	0.153615	0.152350	0.170758	0.169255	0.165006	0.151080	0.145080	
2285	0.159772	0.168980	0.172962	0.150284	0.156616	0.174944	0.168005	0.164313	0.147461	0.149243	
2290	0.160222	0.168951	0.170342	0.148551	0.158329	0.176371	0.165652	0.168163	0.148440	0.151492	
2295	0.158230	0.174950	0.168962	0.150841	0.163333	0.177120	0.166656	0.168079	0.150486	0.148679	
2300	0.155611	0.177375	0.171456	0.153313	0.163280	0.173862	0.168918	0.164903	0.152132	0.146258	
2305	0.157598	0.182000	0.172955	0.155374	0.163274	0.171368	0.176437	0.165024	0.148615	0.146885	
2310	0.158014	0.178701	0.174651	0.158745	0.163096	0.168753	0.178481	0.167276	0.150412	0.147127	
2315	0.160018	0.179401	0.170621	0.161700	0.160865	0.163486	0.178054	0.168228	0.151555	0.147476	
2320	0.160198	0.177090	0.168296	0.166510	0.159036	0.162782	0.180290	0.170964	0.151028	0.139876	
2325	0.161320	0.178058	0.164313	0.165940	0.162304	0.164755	0.186196	0.173858	0.148113	0.145955	
2330	0.161394	0.180155	0.165394	0.169781	0.163121	0.168658	0.183561	0.171604	0.144740	0.142697	
2335	0.156556	0.182467	0.162682	0.168036	0.161430	0.160010	0.186091	0.176899	0.143998	0.142235	
2340	0.158545	0.178862	0.168009	0.165216	0.160120	0.163301	0.185398	0.176955	0.147180	0.143427	
2345	0.157946	0.179120	0.170775	0.164112	0.158711	0.160104	0.184863	0.173311	0.145665	0.148726	
2350	0.157739	0.175981	0.171266	0.163481	0.160387	0.157191	0.178449	0.173334	0.144708	0.152660	
2355	0.159460	0.172946	0.175671	0.167396	0.163553	0.159686	0.169260	0.179018	0.144538	0.150747	
2360	0.163851	0.169919	0.176329	0.163703	0.161470	0.162049	0.174458	0.177514	0.148586	0.143949	
2365	0.162454	0.173388	0.175983	0.168526	0.162107	0.163636	0.178038	0.175415	0.151795	0.145783	
2370	0.163366	0.175294	0.179927	0.166038	0.162047	0.160415	0.178869	0.172028	0.153081	0.147195	
2375	0.161621	0.175057	0.181038	0.162263	0.172851	0.162219	0.175757	0.172591	0.155286	0.143848	
2380	0.156626	0.177204	0.179125	0.159973	0.167269	0.164886	0.169744	0.171340	0.155655	0.143791	
2385	0.155032	0.172905	0.174784	0.159820	0.168966	0.172905	0.170456	0.171252	0.158463	0.147268	
2390	0.159515	0.171129	0.173471	0.156367	0.174954	0.173142	0.178601	0.173138	0.157597	0.145254	
2395	0.162163	0.166489	0.175738	0.155131	0.178432	0.173670	0.184065	0.170953	0.155941	0.148701	
2400	0.164079	0.161919	0.168202	0.155120	0.178052	0.176832	0.177709	0.165947	0.156457	0.147943	
2405	0.165100	0.167960	0.167184	0.153338	0.178991	0.182610	0.175204	0.166694	0.160595	0.149279	
2410	0.167640	0.166250	0.165788	0.158798	0.176771	0.183122	0.173861	0.167022	0.165344	0.150469	
2415	0.167275	0.164608	0.164957	0.158315	0.179770	0.180036	0.169751	0.164758	0.164982	0.151281	
2420	0.169240	0.169786	0.167464	0.161080	0.175438	0.181870	0.166760	0.161990	0.166548	0.150013	
2425	0.165285	0.172771	0.167342	0.165233	0.173178	0.179416	0.164113	0.157348	0.168368	0.150015	
2430	0.163485	0.172230	0.170141	0.166183	0.175448	0.177151	0.159987	0.153441	0.165660	0.141251	
2435	0.165261	0.175379	0.167889	0.166091	0.174067	0.172752	0.159137	0.156107	0.165551	0.140831	
2440	0.165793	0.174459	0.164923	0.166937	0.174203	0.171236	0.157955	0.160034	0.160163	0.139195	
2445	0.168895	0.178664	0.157605	0.166240	0.171732	0.174962	0.163322	0.159052	0.161363	0.140978	
2450	0.171267	0.178177	0.160131	0.162901	0.167960	0.176125	0.161219	0.157400	0.162938	0.142969	
2455	0.166876	0.178376	0.158542	0.163013	0.166053	0.174190	0.163601	0.156287	0.164035	0.142225	
2460	0.165977	0.176972	0.159181	0.162340	0.165568	0.174003	0.166295	0.156428	0.163560	0.141132	
2465	0.159851	0.177265	0.167670	0.157656	0.163881	0.175680	0.156709	0.150526	0.163465	0.144894	
2470	0.162150	0.181033	0.165459	0.159551	0.164437	0.174319	0.156773	0.147398	0.158359	0.142700	
2475	0.162627	0.178183	0.163851	0.159370	0.164806	0.175825	0.158531	0.153282	0.164259	0.145571	
2480	0.163267	0.182023	0.166093	0.157655	0.161867	0.173983	0.159320	0.150840	0.161753	0.143979	
2485	0.162229	0.181017	0.161428	0.155995	0.158265	0.171987	0.158437	0.153169	0.160091	0.141723	
2490	0.161611	0.181866	0.161229	0.158481	0.164733	0.172630	0.158530	0.151635	0.155584	0.142617	
2495	0.164310	0.175729	0.156379	0.161101	0.166666	0.172179	0.157933	0.152731	0.157139	0.139458	
2500	0.163338	0.177896	0.159002	0.159080	0.163959	0.173051	0.156560	0.151894	0.155851	0.136786	
2505	0.163306	0.180816	0.160431	0.155097	0.162923	0.171203	0.155054	0.153251	0.154290	0.136038	
2510	0.168935	0.180466	0.164464	0.154265	0.160940	0.173639	0.160560	0.151682	0.153322	0.136197	
2515	0.163447	0.174837	0.164242	0.152552	0.156796	0.174064	0.159096	0.156240	0.155408	0.136833	
2520	0.164329	0.172819	0.166220	0.155183	0.155230	0.174027	0.154956	0.155840	0.156223	0.137911	
2525	0.168363	0.179157	0.166971	0.158457	0.154684	0.171042	0.155795	0.159221	0.158089	0.136651	
2530	0.170981	0.183384	0.171915	0.155532	0.157644	0.172395	0.156271	0.166831	0.158655	0.138992	
2535	0.168657	0.187138	0.174127	0.159119	0.159810	0.174174	0.156249	0.164314	0.155251	0.138363	
2540	0.171900	0.188146	0.172407	0.156942	0.163308	0.177286	0.153047	0.166788	0.155040	0.137695	
2545	0.169617	0.189988	0.172165	0.157356	0.170188	0.169454	0.155058	0.168439	0.157386	0.140833	
2550	0.170459	0.190468	0.171654	0.158854	0.171819	0.168378	0.158319	0.168470	0.158349	0.138929	
2555	0.168812	0.190889	0.172525	0.161093	0.175985	0.167998	0.156741	0.170780	0.159422	0.135483	
2560	0.168706	0.186222	0.172893	0.161627	0.172892	0.170210	0.162088	0.172311	0.159873	0.139208	
2565	0.163860	0.180155	0.173151	0.159131	0.173093	0.174109	0.160582	0.173292	0.155151	0.141918	
2570	0.160541	0.176551	0.170485	0.161012	0.175334	0.178006	0.163680	0.179212	0.154007	0.140518	
2575	0.155687	0.176499	0.173499	0.164039	0.173484	0.177510	0.162901	0.176248	0.156099	0.139525	
2580	0.157473	0.171473	0.172708	0.166917	0.171345	0.176996	0.160741	0.173765	0.157131	0.139260	
2585	0.153826	0.168738	0.175161	0.168948	0.174948	0.172454	0.160707	0.174064	0.154563	0.136171	
2590	0.153044	0.173495	0.173986	0.170779	0.173082	0.171179	0.158393	0.169829	0.156134	0.138214	
2595	0.151309	0.170798	0.176950	0.174445	0.170633	0.168885	0.163887	0.169947	0.155386	0.139925	
2600	0.150431	0.166440	0.175156	0.170788	0.169837	0.166227	0.162506	0.162737	0.153367	0.141618	
2605	0.150758	0.164968	0.172159	0.170082	0.172434	0.164839	0.167764	0.164118	0.149887	0.140275	
2610	0.146034	0.164794	0.166840	0.170569	0.169693	0.166709	0.165555	0.168002	0.145522	0.143535	
2615	0.148221	0.163741	0.166544	0.171514	0.170523	0.170936	0.163846	0.169170	0.148621	0.144467	
2620	0.151900	0.163626	0.164073	0.174043	0.166230	0.174814	0.159349	0.170431	0.146495	0.148543	
2625	0.154850	0.161266	0.166420	0.173787	0.170960	0.176437	0.159575	0.166847	0.144806	0.149490	
2630	0.155687	0.161835	0.160133	0.171799	0.170124	0.175299	0.157458	0.169600	0.149014	0.154379	
2635	0.157969	0.160219	0.166258	0.176040	0.173335	0.171071	0.164654	0.169279	0.150830	0.153141	
2640	0.161412	0.158157	0.171042	0.172715	0.171651	0.170904	0.157898	0.170827	0.151743	0.150335	
2645	0.161175	0.152154	0.169410	0.174666	0.170195	0.172267	0.164939	0.171369	0.153875	0.151105	
2650	0.157819	0.154265	0.166123	0.175436	0.165835	0.174858	0.165502	0.172744	0.155541	0.154461	
2655	0.153314	0.154763	0.169921	0.179346	0.167559	0.174369	0.166042	0.177307	0.159027	0.150727	
2660	0.157097	0.157259	0.168799	0.180952	0.167473	0.172790	0.168212	0.180307	0.160720	0.151630	
2665	0.157918	0.160816	0.172735	0.183502	0.170370	0.174916	0.167574	0.180196	0.160285	0.154419	
2670	0.158715	0.159467	0.170487	0.179035	0.173050	0.175752	0.163555	0.174429	0.163075	0.156438	
2675	0.161653	0.160001	0.168475	0.175510	0.170771	0.175293	0.164062	0.173926	0.163602	0.156270	
2680	0.168136	0.159436	0.162511	0.177416	0.169321	0.179491	0.164057	0.178214	0.161763	0.156009	
2685	0.167796	0.161069	0.161960	0.175985	0.168974	0.174165	0.161350	0.177209	0.164439	0.156281	
2690	0.168392	0.162722	0.164197	0.174264	0.169356	0.171664	0.161270	0.175472	0.160132	0.157204	
2695	0.168959	0.162897	0.166647	0.176035	0.174602	0.166758	0.160823	0.180584	0.155483	0.154610	
2700	0.170004	0.164001	0.161648	0.175788	0.167581	0.166858	0.161210	0.176086	0.150516	0.157492	
2705	0.167524	0.163660	0.157218	0.177143	0.169198	0.168436	0.162180	0.177559	0.150767	0.157514	
2710	0.168068	0.164320	0.160059	0.180847	0.172289	0.168049	0.165730	0.172827	0.154854	0.155876	
2715	0.165002	0.167042	0.163116	0.178422	0.176662	0.168079	0.167036	0.172919	0.152280	0.154952	
2720	0.161838	0.163285	0.160071	0.175042	0.179289	0.172010	0.162842	0.168944	0.154158	0.157680	
2725	0.162614	0.160625	0.161497	0.172120	0.181981	0.169995	0.162594	0.163664	0.152087	0.159429	
2730	0.164929	0.160356	0.161409	0.170005	0.179893	0.171324	0.168533	0.165352	0.150737	0.160499	
2735	0.163767	0.161368	0.159454	0.173477	0.182336	0.163302	0.165679	0.164656	0.151206	0.161711	
2740	0.162965	0.160789	0.159286	0.175912	0.181717	0.169365	0.165462	0.167739	0.149390	0.158195	
2745	0.165434	0.156948	0.151150	0.172794	0.181833	0.167986	0.163248	0.171505	0.146878	0.157439	
2750	0.163715	0.159389	0.153366	0.168714	0.182262	0.163048	0.163564	0.168962	0.146989	0.155497	
2755	0.163067	0.159894	0.154891	0.167754	0.183514	0.167768	0.163632	0.165398	0.152218	0.156667	
2760	0.159799	0.155975	0.156581	0.167136	0.184442	0.160684	0.167572	0.164352	0.158617	0.156999	
2765	0.161512	0.154637	0.154498	0.163502	0.179617	0.164193	0.166011	0.169610	0.159896	0.156280	
2770	0.158931	0.150227	0.152278	0.165618	0.177639	0.162714	0.167064	0.170915	0.160147	0.151826	
2775	0.156991	0.147956	0.152441	0.168344	0.171824	0.162770	0.165300	0.171862	0.162521	0.152211	
2780	0.157145	0.146979	0.152222	0.167685	0.166974	0.163214	0.165785	0.164697	0.159876	0.152144	
2785	0.162223	0.149470	0.157140	0.168193	0.164774	0.162848	0.165957	0.157452	0.160303	0.153513	
2790	0.164338	0.150238	0.155986	0.168803	0.169301	0.161698	0.163782	0.160036	0.164061	0.152564	
2795	0.167358	0.146922	0.159072	0.165156	0.170200	0.166074	0.162086	0.157444	0.165910	0.159564	
2800	0.171922	0.147441	0.160943	0.169730	0.169504	0.166653	0.161962	0.157925	0.167466	0.157264	
2805	0.167691	0.141662	0.164523	0.167741	0.168631	0.164302	0.164706	0.152428	0.169975	0.154016	
2810	0.168558	0.140421	0.166295	0.171397	0.167506	0.162500	0.173026	0.155821	0.171789	0.150018	
2815	0.171058	0.144457	0.164407	0.167256	0.168398	0.166104	0.172621	0.159572	0.166991	0.157306	
2820	0.167848	0.139667	0.160257	0.168290	0.165936	0.167039	0.170606	0.158728	0.168364	0.159023	
2825	0.161012	0.137073	0.158557	0.167126	0.163631	0.162929	0.168939	0.160145	0.172764	0.157328	
2830	0.160656	0.133127	0.165741	0.169124	0.165762	0.163984	0.169657	0.158993	0.166534	0.154345	
2835	0.162089	0.128364	0.166141	0.163996	0.170393	0.164645	0.169433	0.158033	0.165597	0.154721	
2840	0.166324	0.131759	0.164596	0.165480	0.165327	0.166317	0.169148	0.159499	0.167260	0.155994	
2845	0.158496	0.134555	0.164859	0.162313	0.167949	0.167165	0.172381	0.158293	0.166719	0.156585	
2850	0.158742	0.132680	0.162262	0.165246	0.175122	0.164886	0.170010	0.156992	0.167508	0.149230	
2855	0.160470	0.139533	0.160917	0.169627	0.172833	0.168448	0.167439	0.162801	0.167512	0.150230	
2860	0.158635	0.134997	0.156638	0.169406	0.166445	0.168564	0.172535	0.168621	0.174803	0.148206	
2865	0.161270	0.133953	0.160557	0.169543	0.163557	0.167490	0.167160	0.164363	0.173655	0.149661	
2870	0.159275	0.137960	0.163318	0.174085	0.156053	0.170776	0.168501	0.164728	0.176343	0.153088	
2875	0.159626	0.131442	0.163386	0.170044	0.157428	0.168650	0.171445	0.164646	0.173570	0.154561	
2880	0.163542	0.131253	0.165240	0.168485	0.156407	0.167276	0.174125	0.162387	0.171884	0.154469	
2885	0.163976	0.129184	0.161117	0.173066	0.159361	0.164942	0.174547	0.159757	0.169193	0.153979	
2890	0.165056	0.125967	0.159892	0.172832	0.157871	0.163414	0.180803	0.157968	0.170165	0.150661	
2895	0.167652	0.123775	0.156772	0.172279	0.159855	0.166574	0.188618	0.159917	0.170286	0.150666	
2900	0.166095	0.128548	0.156189	0.171380	0.157142	0.164666	0.186000	0.160151	0.169253	0.148213	
2905	0.166379	0.131471	0.151954	0.170824	0.158696	0.162589	0.184263	0.155156	0.166526	0.153090	
2910	0.165189	0.132837	0.154037	0.169093	0.157498	0.156862	0.180467	0.152246	0.168109	0.159134	
2915	0.165853	0.137507	0.155104	0.167253	0.154469	0.161113	0.180491	0.149901	0.166127	0.158365	
2920	0.164575	0.136498	0.155739	0.167156	0.157142	0.157737	0.178679	0.148211	0.168214	0.151973	
2925	0.163894	0.135278	0.157254	0.168760	0.157108	0.156014	0.182171	0.149042	0.168767	0.153240	
2930	0.163154	0.134656	0.152473	0.167521	0.155131	0.156335	0.188014	0.150737	0.170446	0.157945	
2935	0.166307	0.138746	0.150386	0.169722	0.153899	0.155241	0.184006	0.156811	0.170121	0.153744	
2940	0.163532	0.135959	0.152448	0.170903	0.156151	0.163738	0.180813	0.153431	0.172249	0.156735	
2945	0.161762	0.134876	0.158225	0.171812	0.154252	0.167064	0.182292	0.153450	0.169947	0.155725	
2950	0.159295	0.140252	0.163428	0.164869	0.149522	0.163745	0.180138	0.154611	0.165601	0.157024	
2955	0.160325	0.142666	0.169647	0.159638	0.148099	0.161400	0.181998	0.156592	0.168131	0.153206	
2960	0.160437	0.142433	0.169055	0.156044	0.147029	0.159513	0.185643	0.157377	0.166764	0.150682	
2965	0.161016	0.138367	0.166272	0.152109	0.146933	0.159515	0.185714	0.160211	0.164604	0.149462	
2970	0.160577	0.144621	0.166025	0.150906	0.145609	0.162121	0.185392	0.158399	0.171741	0.151757	
2975	0.164606	0.145265	0.166494	0.154746	0.144230	0.159660	0.182789	0.154359	0.173778	0.153509	
2980	0.166554	0.144455	0.168029	0.151566	0.144964	0.162518	0.178413	0.156244	0.171137	0.151190	
2985	0.168744	0.145804	0.166850	0.157152	0.147150	0.160125	0.180268	0.153959	0.176327	0.153656	
2990	0.168394	0.146791	0.165670	0.155640	0.142951	0.164553	0.178702	0.148414	0.177791	0.153787	
2995	0.165856	0.145636	0.168055	0.162570	0.143873	0.161652	0.168719	0.151091	0.174656	0.151444	
3000	0.161267	0.144083	0.167049	0.161310	0.143182	0.163497	0.174314	0.152794	0.176787	0.148889	
