T	rep_1	rep_2	rep_3	rep_4	rep_5	rep_6	rep_7	rep_8	rep_9	rep_10
5	0.000000	0.000000	0.000000	0.000000	0.000000	0.000000	0.000000	0.000000	0.000000	0.000000	
10	0.000000	0.000000	0.000000	0.000000	0.000000	0.000000	0.000000	0.000000	0.000000	0.000000	
15	0.000000	0.000000	0.000000	0.000000	0.000000	0.000000	0.000000	0.000000	0.000000	0.000000	
20	0.000000	0.000000	0.000000	0.000000	0.000000	0.000000	0.000000	0.000000	0.000000	0.000000	
25	0.000000	0.000000	0.000000	0.000000	0.000000	0.000000	0.000000	0.000000	0.000000	0.000000	
30	0.000000	0.000000	0.000000	0.000000	0.000000	0.000000	0.000000	0.000000	0.000000	0.000000	
35	0.000000	0.000000	0.000000	0.000000	0.000000	0.000000	0.000000	0.000000	0.000000	0.000000	
40	0.000000	0.000000	0.000000	0.000000	0.000000	0.000000	0.000000	0.000000	0.000000	0.000000	
45	0.000000	0.000000	0.000000	0.000000	0.000000	0.000000	0.000000	0.000000	0.000000	0.000000	
50	0.000000	0.000000	0.000000	0.000000	0.000000	0.000000	0.000000	0.000000	0.000000	0.000000	
55	0.000000	0.000000	0.000000	0.000000	0.000000	0.000000	0.000000	0.000000	0.000000	0.000000	
60	0.000000	0.000000	0.000000	0.000000	0.000000	0.000000	0.000000	0.000000	0.000000	0.000000	
65	0.000000	0.000000	0.000000	0.000000	0.000000	0.000000	0.000000	0.000000	0.000000	0.000000	
70	0.000000	0.000000	0.000000	0.000000	0.000000	0.000000	0.000000	0.000000	0.000000	0.000000	
75	0.000000	0.000000	0.000000	0.000000	0.000000	0.000000	0.000000	0.000000	0.000000	0.000000	
80	0.000000	0.000000	0.000000	0.000000	0.000000	0.000000	0.000000	0.000000	0.000000	0.000000	
85	0.000000	0.000000	0.000000	0.000000	0.000000	0.000000	0.000000	0.000000	0.000000	0.000000	
90	0.000000	0.000000	0.000000	0.000000	0.000000	0.000000	0.000000	0.000000	0.000000	0.000000	
95	0.000000	0.000000	0.000000	0.000000	0.000000	0.000000	0.000000	0.000000	0.000000	0.000000	
100	0.000000	0.000000	0.000000	0.000000	0.000000	0.000000	0.000000	0.000000	0.000000	0.000000	
105	0.000000	0.000000	0.000000	0.000000	0.000000	0.000000	0.000000	0.000000	0.000000	0.000000	
110	0.000000	0.000000	0.000000	0.000000	0.000000	0.000000	0.000000	0.000000	0.000000	0.000000	
115	0.000000	0.000000	0.000000	0.000000	0.000000	0.000000	0.000000	0.000000	0.000000	0.000000	
120	0.000000	0.000000	0.000000	0.000000	0.000000	0.000000	0.000000	0.000000	0.000000	0.000000	
125	0.000000	0.000000	0.000000	0.000000	0.000000	0.000000	0.000000	0.000000	0.000000	0.000000	
130	0.000000	0.000000	0.000000	0.000000	0.000000	0.000000	0.000000	0.000000	0.000000	0.000000	
135	0.000000	0.000000	0.000000	0.000000	0.000000	0.000000	0.000000	0.000000	0.000000	0.000000	
140	0.000000	0.000000	0.000000	0.000000	0.000000	0.000000	0.000000	0.000000	0.000000	0.000000	
145	0.000000	0.000000	0.000000	0.000000	0.000000	0.000000	0.000000	0.000000	0.000000	0.000000	
150	0.000000	0.000000	0.000000	0.000000	0.000000	0.000000	0.000000	0.000000	0.000000	0.000000	
155	0.000000	0.000000	0.000000	0.000000	0.000000	0.000000	0.000000	0.000000	0.000000	0.000000	
160	0.000000	0.000000	0.000000	0.000000	0.000000	0.000000	0.000000	0.000000	0.000000	0.000000	
165	0.000000	0.000000	0.000000	0.000000	0.000000	0.000000	0.000000	0.000000	0.000000	0.000000	
170	0.000000	0.000000	0.000000	0.000000	0.000000	0.000000	0.000000	0.000000	0.000000	0.000000	
175	0.000000	0.000000	0.000000	0.000000	0.000000	0.000000	0.000000	0.000000	0.000000	0.000000	
180	0.000000	0.000000	0.000000	0.000000	0.000000	0.000000	0.000000	0.000000	0.000000	0.000000	
185	0.000000	0.000000	0.000000	0.000000	0.000000	0.000000	0.000000	0.000000	0.000000	0.000000	
190	0.000000	0.000000	0.000000	0.000000	0.000000	0.000000	0.000000	0.000000	0.000000	0.000000	
195	0.000000	0.000000	0.000000	0.000000	0.000000	0.000000	0.000000	0.000000	0.000000	0.000000	
200	0.000000	0.000000	0.000000	0.000000	0.000000	0.000000	0.000000	0.000000	0.000000	0.000000	
205	0.001174	0.001488	0.001363	0.001567	0.001157	0.001187	0.001531	0.001385	0.001938	0.001680	
210	0.002354	0.002520	0.002593	0.002926	0.002630	0.002902	0.002599	0.002640	0.002315	0.002955	
215	0.003712	0.003313	0.002997	0.003698	0.003330	0.003024	0.003070	0.003650	0.003677	0.003893	
220	0.004076	0.003849	0.004199	0.004783	0.004141	0.004210	0.003491	0.004801	0.004112	0.004829	
225	0.003401	0.003966	0.004637	0.004628	0.004630	0.005383	0.003953	0.005357	0.004513	0.004915	
230	0.004419	0.005658	0.004646	0.005170	0.004602	0.005285	0.004422	0.005502	0.004094	0.005117	
235	0.005045	0.005179	0.005508	0.005547	0.004919	0.005532	0.005491	0.006277	0.005370	0.005541	
240	0.005215	0.005517	0.005360	0.006071	0.006208	0.005304	0.006692	0.005617	0.006330	0.006749	
245	0.005130	0.005972	0.006038	0.005743	0.006452	0.005653	0.006465	0.006356	0.005711	0.006196	
250	0.005897	0.006497	0.007023	0.006510	0.006637	0.006216	0.006851	0.006844	0.007621	0.005742	
255	0.005870	0.006912	0.007488	0.007230	0.006962	0.006040	0.006350	0.006747	0.007853	0.005499	
260	0.004947	0.007716	0.007822	0.007071	0.007706	0.007459	0.007288	0.006623	0.007823	0.005736	
265	0.004694	0.008154	0.007873	0.007337	0.005975	0.008028	0.008410	0.006538	0.008041	0.006067	
270	0.005268	0.008874	0.006881	0.008045	0.006664	0.007605	0.009041	0.006526	0.007843	0.006260	
275	0.007500	0.008297	0.006738	0.007286	0.006409	0.008668	0.008061	0.007823	0.008399	0.006909	
280	0.006778	0.008688	0.007277	0.006463	0.006948	0.007838	0.007807	0.007572	0.008715	0.006837	
285	0.007743	0.008623	0.007498	0.007829	0.008133	0.008819	0.007348	0.007312	0.009278	0.007550	
290	0.007023	0.008867	0.007650	0.007838	0.007323	0.009090	0.009580	0.007754	0.008914	0.008004	
295	0.007795	0.010180	0.007416	0.007879	0.006669	0.008559	0.010295	0.008215	0.008632	0.009066	
300	0.007392	0.010546	0.007500	0.008432	0.005798	0.007836	0.010664	0.009171	0.009451	0.009279	
305	0.007799	0.010177	0.007457	0.008932	0.007022	0.008516	0.009884	0.009281	0.009738	0.008310	
310	0.008767	0.010240	0.008058	0.008175	0.008314	0.009574	0.009358	0.009963	0.009334	0.009498	
315	0.009443	0.010484	0.008177	0.008728	0.008247	0.008663	0.010193	0.010167	0.010259	0.009529	
320	0.009997	0.009763	0.008478	0.009414	0.008956	0.008000	0.009815	0.010046	0.010286	0.009050	
325	0.010612	0.010407	0.009759	0.010299	0.009188	0.008756	0.010401	0.010802	0.010792	0.008651	
330	0.011476	0.010922	0.009284	0.010859	0.009211	0.008328	0.010435	0.011351	0.011540	0.009516	
335	0.011345	0.010248	0.010362	0.010698	0.010368	0.008580	0.011950	0.012047	0.011065	0.011001	
340	0.014029	0.010890	0.011113	0.010717	0.011118	0.009064	0.010806	0.012235	0.010145	0.011211	
345	0.013714	0.011506	0.012478	0.009970	0.012052	0.009994	0.010596	0.012241	0.010002	0.010851	
350	0.015351	0.011895	0.012793	0.010653	0.011369	0.011227	0.011892	0.011731	0.010974	0.010820	
355	0.014732	0.012315	0.013542	0.012360	0.012599	0.011245	0.010908	0.011531	0.010673	0.010221	
360	0.014109	0.012819	0.012277	0.012445	0.013879	0.012987	0.010774	0.012002	0.012228	0.010702	
365	0.014282	0.013003	0.014520	0.012611	0.015595	0.014089	0.011629	0.010616	0.012170	0.011492	
370	0.016074	0.011448	0.014078	0.011605	0.015420	0.015320	0.011771	0.011148	0.012430	0.011207	
375	0.014614	0.013048	0.013268	0.012533	0.016146	0.014817	0.011593	0.011030	0.012942	0.012373	
380	0.014182	0.012577	0.013314	0.014319	0.016580	0.014945	0.012427	0.012007	0.013266	0.013789	
385	0.014084	0.011059	0.014438	0.012930	0.018219	0.015112	0.013849	0.012919	0.014002	0.013988	
390	0.014786	0.013180	0.014571	0.012229	0.018918	0.015759	0.014311	0.011965	0.013721	0.014257	
395	0.014774	0.013925	0.014947	0.013513	0.019691	0.016967	0.014851	0.011690	0.014123	0.013936	
400	0.014962	0.014519	0.014521	0.014470	0.021032	0.017199	0.015520	0.013719	0.014737	0.014187	
405	0.014920	0.013544	0.015168	0.014451	0.021851	0.017673	0.013966	0.014856	0.015103	0.013967	
410	0.015136	0.013745	0.013384	0.016023	0.022054	0.018055	0.014980	0.015363	0.014567	0.014138	
415	0.014965	0.013388	0.013993	0.017142	0.024362	0.019302	0.015466	0.018644	0.016182	0.014894	
420	0.015701	0.013893	0.015194	0.017304	0.024483	0.020749	0.016352	0.019585	0.019457	0.016117	
425	0.017606	0.015901	0.015604	0.018171	0.025223	0.021571	0.015721	0.019004	0.019699	0.017051	
430	0.017853	0.014282	0.015983	0.018290	0.027358	0.021897	0.015309	0.019129	0.021451	0.017887	
435	0.018106	0.014730	0.016038	0.020537	0.027722	0.020947	0.016751	0.019495	0.024963	0.018651	
440	0.019934	0.014930	0.017512	0.023921	0.027779	0.022021	0.018546	0.019534	0.028798	0.017541	
445	0.019537	0.016438	0.017750	0.024638	0.028243	0.021993	0.018966	0.020177	0.032229	0.016941	
450	0.019111	0.017993	0.018102	0.028518	0.028262	0.022030	0.018458	0.022414	0.037041	0.016685	
455	0.018864	0.018062	0.020001	0.029781	0.028562	0.021853	0.019286	0.024190	0.036284	0.015911	
460	0.019677	0.017488	0.020015	0.030930	0.030044	0.023402	0.020484	0.025096	0.038770	0.015882	
465	0.019152	0.018971	0.019656	0.033037	0.031236	0.025183	0.021881	0.026418	0.039709	0.017100	
470	0.018150	0.020875	0.021365	0.035343	0.033070	0.025729	0.020519	0.029321	0.041035	0.017645	
475	0.018570	0.022142	0.022680	0.034868	0.035888	0.027253	0.019341	0.031774	0.041470	0.019169	
480	0.020492	0.024296	0.021014	0.036250	0.035703	0.030667	0.021125	0.033389	0.038321	0.018663	
485	0.020241	0.026930	0.020830	0.037704	0.036173	0.031009	0.021486	0.033232	0.038663	0.018653	
490	0.021609	0.027382	0.020774	0.038892	0.037868	0.031792	0.023321	0.036780	0.038330	0.019179	
495	0.020547	0.029941	0.021022	0.038876	0.041720	0.031500	0.024384	0.038179	0.034503	0.019901	
500	0.020925	0.033057	0.021310	0.039084	0.042456	0.031074	0.024697	0.038517	0.031301	0.020758	
505	0.021986	0.036880	0.020282	0.037866	0.042730	0.030472	0.025281	0.038507	0.030960	0.021357	
510	0.023200	0.039352	0.019687	0.037005	0.044167	0.028272	0.026852	0.039269	0.028001	0.023040	
515	0.023827	0.041230	0.020755	0.035296	0.045787	0.029292	0.027647	0.037849	0.028828	0.022505	
520	0.024067	0.043655	0.019270	0.032643	0.044645	0.029590	0.027693	0.039897	0.028039	0.022756	
525	0.024561	0.047202	0.019935	0.031552	0.043444	0.031017	0.029444	0.038736	0.027705	0.022537	
530	0.025415	0.050119	0.019657	0.029443	0.044944	0.030990	0.028615	0.038836	0.027684	0.024144	
535	0.024415	0.049533	0.021209	0.026425	0.045516	0.030800	0.028388	0.037932	0.026141	0.025016	
540	0.024346	0.049939	0.022558	0.024081	0.043330	0.031112	0.030168	0.035176	0.027069	0.026321	
545	0.024354	0.048148	0.021957	0.024101	0.043013	0.030864	0.031780	0.035894	0.027152	0.026216	
550	0.026196	0.050446	0.022633	0.023345	0.041044	0.031264	0.030749	0.036737	0.025813	0.027117	
555	0.027777	0.047692	0.024168	0.023365	0.040126	0.030668	0.030399	0.037041	0.026743	0.027538	
560	0.027895	0.047440	0.025994	0.021741	0.037458	0.029931	0.030054	0.035986	0.027475	0.027283	
565	0.028152	0.049159	0.029441	0.020677	0.037460	0.030026	0.029525	0.036930	0.026835	0.027264	
570	0.028379	0.050087	0.030124	0.020323	0.037910	0.030862	0.030153	0.035200	0.026719	0.027290	
575	0.026070	0.050549	0.031834	0.019728	0.037688	0.031505	0.028968	0.034117	0.025243	0.028416	
580	0.026131	0.048162	0.029402	0.020300	0.035973	0.030775	0.029504	0.036205	0.025124	0.030082	
585	0.025640	0.049110	0.030340	0.020452	0.035285	0.030408	0.030623	0.035984	0.025478	0.030940	
590	0.026569	0.047867	0.033887	0.018750	0.034897	0.030802	0.030196	0.034226	0.024543	0.030269	
595	0.026378	0.047088	0.033560	0.017935	0.034929	0.030552	0.029526	0.032722	0.024083	0.030210	
600	0.025687	0.045904	0.035518	0.019434	0.033722	0.029673	0.027663	0.032832	0.022747	0.029514	
605	0.025256	0.043455	0.036460	0.021506	0.034467	0.029027	0.026952	0.032657	0.022883	0.028458	
610	0.023812	0.040736	0.036869	0.022216	0.031418	0.028890	0.027436	0.032923	0.023313	0.026929	
615	0.024733	0.040300	0.038424	0.022844	0.031258	0.027294	0.029638	0.032373	0.025376	0.029238	
620	0.025053	0.040281	0.038567	0.025085	0.033347	0.027317	0.030063	0.033102	0.025414	0.027758	
625	0.026661	0.040782	0.039411	0.027262	0.032930	0.027002	0.030035	0.031935	0.025283	0.027646	
630	0.027301	0.038685	0.038352	0.027651	0.030974	0.026177	0.030016	0.031597	0.025266	0.026785	
635	0.029150	0.034537	0.040421	0.030624	0.029929	0.028017	0.030192	0.030203	0.023587	0.028547	
640	0.029818	0.031129	0.040484	0.030686	0.029521	0.027305	0.030011	0.029335	0.023996	0.028003	
645	0.027974	0.030841	0.040423	0.032067	0.029514	0.028512	0.027828	0.028422	0.024335	0.026951	
650	0.028516	0.028714	0.038009	0.033179	0.029286	0.027945	0.025673	0.026936	0.025357	0.026117	
655	0.027563	0.030457	0.037499	0.036450	0.029025	0.027795	0.025674	0.025139	0.025292	0.026952	
660	0.026456	0.028739	0.036990	0.039155	0.027800	0.027680	0.024318	0.024686	0.025358	0.026423	
665	0.026898	0.028288	0.035763	0.041546	0.029188	0.027440	0.024588	0.025079	0.025024	0.025138	
670	0.024729	0.026781	0.036612	0.040815	0.026815	0.028078	0.023559	0.026005	0.026937	0.023541	
675	0.025539	0.027875	0.036629	0.037927	0.026764	0.028933	0.026470	0.025199	0.025017	0.021828	
680	0.024610	0.028341	0.034819	0.035951	0.025403	0.027712	0.025931	0.023949	0.026163	0.022158	
685	0.024750	0.027933	0.032507	0.036549	0.025074	0.027415	0.025203	0.022305	0.025804	0.022604	
690	0.024998	0.026447	0.032147	0.034982	0.024861	0.028244	0.025358	0.022438	0.026001	0.021852	
695	0.026424	0.028886	0.032042	0.032918	0.024550	0.028261	0.025153	0.021863	0.027645	0.023070	
700	0.027204	0.029138	0.032259	0.033003	0.024727	0.029099	0.025713	0.020775	0.029663	0.024374	
705	0.027171	0.032168	0.033000	0.031661	0.026185	0.027923	0.025459	0.021411	0.030563	0.024801	
710	0.025276	0.033497	0.032371	0.032226	0.028362	0.026219	0.027200	0.021744	0.033257	0.026303	
715	0.024712	0.035802	0.030242	0.030338	0.027563	0.026984	0.027841	0.021787	0.032573	0.027225	
720	0.024271	0.037532	0.028096	0.027672	0.028351	0.028309	0.026987	0.022988	0.031557	0.029540	
725	0.025879	0.037225	0.029119	0.026035	0.029370	0.029139	0.028089	0.021703	0.031136	0.028991	
730	0.027073	0.037416	0.030401	0.027720	0.029373	0.028819	0.028441	0.021847	0.032970	0.029871	
735	0.026384	0.038517	0.029911	0.027866	0.031071	0.029319	0.027747	0.020959	0.030866	0.030297	
740	0.029437	0.040201	0.030071	0.027014	0.033530	0.031064	0.027873	0.021826	0.030731	0.031111	
745	0.029380	0.038592	0.029792	0.026379	0.033187	0.031659	0.027537	0.023406	0.031111	0.031484	
750	0.028519	0.039006	0.030545	0.027322	0.033451	0.031149	0.026065	0.022896	0.029178	0.033175	
755	0.027083	0.038732	0.030391	0.027035	0.034008	0.030978	0.027474	0.024771	0.031107	0.033133	
760	0.024772	0.036824	0.028448	0.026546	0.033337	0.032069	0.029777	0.025249	0.032334	0.033785	
765	0.025299	0.035104	0.027760	0.025316	0.033397	0.031075	0.031865	0.026094	0.032558	0.034208	
770	0.024596	0.034936	0.028937	0.028018	0.034210	0.032446	0.034441	0.026460	0.033053	0.034917	
775	0.026374	0.034240	0.030074	0.026555	0.035246	0.034534	0.036916	0.028369	0.034583	0.034563	
780	0.027044	0.035770	0.030205	0.027084	0.035997	0.034996	0.039325	0.028628	0.035388	0.033762	
785	0.027481	0.034173	0.030887	0.026943	0.035908	0.035975	0.039615	0.027237	0.033669	0.032989	
790	0.027037	0.033395	0.032244	0.028408	0.036023	0.035348	0.039916	0.026779	0.032046	0.032938	
795	0.028992	0.032940	0.030928	0.029329	0.037889	0.034775	0.039713	0.027202	0.032681	0.033398	
800	0.030018	0.032874	0.032120	0.028762	0.040701	0.033482	0.039881	0.027582	0.032239	0.033788	
805	0.031549	0.033545	0.031874	0.029650	0.041119	0.033919	0.038609	0.029204	0.031103	0.032646	
810	0.032379	0.033139	0.032661	0.030383	0.042555	0.035361	0.040706	0.029355	0.032730	0.033488	
815	0.032070	0.034292	0.033024	0.032706	0.042239	0.033552	0.039990	0.029839	0.033186	0.033008	
820	0.033050	0.033352	0.032337	0.033278	0.040118	0.031699	0.038994	0.030567	0.033422	0.032436	
825	0.032362	0.032345	0.032687	0.034513	0.038605	0.029779	0.039517	0.028766	0.034395	0.031952	
830	0.030938	0.033605	0.031496	0.034792	0.037417	0.029501	0.037605	0.028237	0.034353	0.032671	
835	0.031160	0.034754	0.030831	0.035020	0.037668	0.028611	0.037165	0.030085	0.033974	0.034063	
840	0.030583	0.035793	0.029529	0.035507	0.035180	0.027776	0.036464	0.030941	0.033751	0.033752	
845	0.029559	0.035545	0.031168	0.035991	0.033079	0.027590	0.034649	0.032728	0.033170	0.033015	
850	0.027110	0.034634	0.030593	0.036678	0.033304	0.026369	0.035197	0.030896	0.033050	0.032726	
855	0.026793	0.036041	0.031699	0.036672	0.033344	0.027018	0.034000	0.031586	0.034007	0.031111	
860	0.025599	0.036793	0.031085	0.037082	0.031484	0.026290	0.033690	0.032497	0.033989	0.029741	
865	0.025972	0.037718	0.029434	0.037353	0.031450	0.027860	0.033728	0.032254	0.033854	0.029712	
870	0.025652	0.035382	0.028618	0.036193	0.030036	0.027393	0.030815	0.031406	0.031401	0.030877	
875	0.027424	0.034279	0.029470	0.037710	0.028669	0.027826	0.030923	0.032297	0.032703	0.028957	
880	0.026951	0.032312	0.028537	0.038279	0.029584	0.027046	0.030701	0.032538	0.031444	0.027657	
885	0.025054	0.032318	0.028117	0.036433	0.030310	0.026674	0.031628	0.033640	0.032370	0.028024	
890	0.025814	0.032155	0.029480	0.036903	0.031127	0.027369	0.031014	0.033035	0.032723	0.029357	
895	0.026222	0.029671	0.030624	0.037242	0.031707	0.027541	0.030113	0.032482	0.032637	0.030942	
900	0.026197	0.029404	0.030109	0.037660	0.031719	0.026578	0.029590	0.032628	0.032843	0.029275	
905	0.023594	0.028274	0.029657	0.035892	0.031839	0.028407	0.031012	0.032297	0.032867	0.030070	
910	0.025423	0.029072	0.029313	0.034902	0.031859	0.026847	0.032575	0.033731	0.032436	0.032381	
915	0.027277	0.030556	0.031335	0.034577	0.030547	0.025925	0.032311	0.033086	0.032842	0.032803	
920	0.027912	0.031335	0.031744	0.030800	0.029572	0.026595	0.031601	0.032664	0.034322	0.034270	
925	0.027220	0.030693	0.031231	0.031975	0.028834	0.025721	0.032962	0.035110	0.034414	0.035111	
930	0.029205	0.029647	0.032927	0.031540	0.029802	0.026008	0.031214	0.034835	0.035042	0.034031	
935	0.028752	0.028706	0.033551	0.028759	0.030023	0.025382	0.033445	0.035249	0.035828	0.034755	
940	0.030125	0.028385	0.033955	0.030954	0.031829	0.026387	0.035770	0.034320	0.034035	0.033605	
945	0.030465	0.027666	0.032641	0.030184	0.029985	0.027706	0.035121	0.033389	0.035662	0.030969	
950	0.031203	0.030063	0.033040	0.029123	0.029037	0.029450	0.035178	0.033595	0.035640	0.029121	
955	0.031943	0.027291	0.032864	0.029502	0.028111	0.029073	0.035975	0.034073	0.035221	0.030226	
960	0.031336	0.026854	0.032406	0.029825	0.027212	0.029053	0.032892	0.032458	0.035868	0.032827	
965	0.030842	0.026731	0.030980	0.028777	0.027082	0.028337	0.029951	0.032151	0.035183	0.032975	
970	0.028965	0.026459	0.030713	0.027786	0.025818	0.027735	0.030577	0.030980	0.032684	0.034170	
975	0.027939	0.026459	0.030242	0.028021	0.025655	0.029465	0.028304	0.031341	0.033178	0.033386	
980	0.027271	0.027690	0.028445	0.029811	0.026134	0.029594	0.028825	0.031607	0.032266	0.033633	
985	0.026348	0.026922	0.027462	0.029893	0.029430	0.031943	0.027424	0.030661	0.033974	0.032264	
990	0.026296	0.026090	0.029323	0.031613	0.030268	0.030215	0.026045	0.029137	0.031916	0.032163	
995	0.026961	0.026411	0.029159	0.034204	0.030892	0.029797	0.026007	0.029242	0.031846	0.033289	
1000	0.027215	0.026664	0.028064	0.034018	0.033649	0.029839	0.026001	0.027742	0.031069	0.032875	
1005	0.026388	0.025239	0.025666	0.035890	0.034256	0.030310	0.025314	0.027554	0.029314	0.031953	
1010	0.026184	0.025304	0.024989	0.035394	0.035532	0.031156	0.025033	0.026435	0.027641	0.030613	
1015	0.027071	0.024303	0.024623	0.035184	0.034990	0.031596	0.026116	0.027100	0.028282	0.030273	
1020	0.026717	0.024835	0.024134	0.038168	0.035597	0.031627	0.026364	0.025573	0.026564	0.031663	
1025	0.025998	0.022935	0.023725	0.038423	0.035794	0.031119	0.026745	0.026222	0.027526	0.032004	
1030	0.025814	0.023189	0.023923	0.039380	0.033022	0.033326	0.025996	0.026207	0.027095	0.032041	
1035	0.025284	0.022143	0.023529	0.039668	0.033784	0.032137	0.023917	0.027434	0.026485	0.031470	
1040	0.025685	0.023228	0.024210	0.037720	0.034015	0.031681	0.024225	0.030684	0.025638	0.030415	
1045	0.026566	0.023674	0.024591	0.036434	0.032793	0.031455	0.025127	0.031729	0.026789	0.029418	
1050	0.025765	0.024478	0.026656	0.035234	0.031940	0.031160	0.025353	0.031803	0.026573	0.028782	
1055	0.025811	0.025738	0.028052	0.035455	0.032495	0.032247	0.027618	0.030667	0.028320	0.029101	
1060	0.025777	0.026004	0.029904	0.035941	0.030682	0.031846	0.028289	0.031672	0.030344	0.029711	
1065	0.026885	0.025575	0.030685	0.038484	0.030099	0.033044	0.028194	0.031490	0.031267	0.028373	
1070	0.029470	0.026949	0.031224	0.036373	0.029573	0.029867	0.029135	0.031108	0.031623	0.028541	
1075	0.029276	0.028712	0.032301	0.034743	0.029951	0.029011	0.029034	0.029728	0.031384	0.029949	
1080	0.031259	0.029394	0.031874	0.035460	0.030601	0.028937	0.028668	0.031443	0.030245	0.031222	
1085	0.032771	0.028663	0.031900	0.036324	0.030607	0.028119	0.031662	0.031824	0.030164	0.031028	
1090	0.034443	0.029108	0.031802	0.037010	0.030923	0.027334	0.031725	0.030764	0.030152	0.029863	
1095	0.034589	0.031615	0.033496	0.037276	0.029294	0.028568	0.030822	0.030662	0.028631	0.031047	
1100	0.033888	0.031964	0.032851	0.036874	0.028239	0.028660	0.032131	0.028714	0.029374	0.031896	
1105	0.034924	0.032481	0.032785	0.036937	0.028661	0.028740	0.033236	0.028317	0.028230	0.032641	
1110	0.034148	0.031814	0.033753	0.036670	0.029558	0.030592	0.034810	0.028399	0.025525	0.030646	
1115	0.032983	0.031881	0.033335	0.034657	0.030860	0.031223	0.032631	0.027474	0.026560	0.030627	
1120	0.032947	0.032172	0.033747	0.032618	0.031338	0.031066	0.033182	0.025771	0.026806	0.029186	
1125	0.032187	0.031729	0.034860	0.031389	0.031016	0.030690	0.029995	0.025681	0.029014	0.029029	
1130	0.031331	0.029565	0.033145	0.032082	0.031125	0.029856	0.027688	0.024887	0.027814	0.029495	
1135	0.029388	0.029452	0.033066	0.034561	0.030374	0.031659	0.026953	0.024430	0.027616	0.030134	
1140	0.029392	0.030030	0.033351	0.034432	0.032103	0.029868	0.027732	0.023725	0.027047	0.030664	
1145	0.031051	0.029643	0.034109	0.034245	0.031440	0.029388	0.028156	0.027001	0.025613	0.030793	
1150	0.030129	0.027232	0.034054	0.032640	0.035658	0.029281	0.028178	0.026891	0.026230	0.028410	
1155	0.027513	0.025094	0.032949	0.031963	0.035923	0.030322	0.025460	0.026603	0.028111	0.027689	
1160	0.026906	0.022931	0.031532	0.030820	0.036193	0.030505	0.028564	0.025864	0.028810	0.030138	
1165	0.026496	0.021973	0.033286	0.032023	0.037111	0.031588	0.029200	0.027563	0.027311	0.031796	
1170	0.026970	0.021950	0.033821	0.034093	0.038244	0.029581	0.032097	0.026501	0.029026	0.031581	
1175	0.027903	0.021638	0.032978	0.031911	0.036924	0.029668	0.032277	0.029886	0.029854	0.032155	
1180	0.028630	0.020131	0.031877	0.033084	0.035069	0.028801	0.033191	0.029732	0.029599	0.032964	
1185	0.027465	0.020610	0.032410	0.030409	0.035013	0.029506	0.032456	0.030215	0.030135	0.031535	
1190	0.028111	0.020839	0.031455	0.031046	0.033378	0.028608	0.033427	0.028946	0.031647	0.032698	
1195	0.029195	0.021652	0.030824	0.030571	0.035028	0.029571	0.033484	0.030433	0.031919	0.032022	
1200	0.029004	0.023869	0.031519	0.031778	0.033949	0.031907	0.033907	0.030847	0.032165	0.032043	
1205	0.030382	0.023565	0.030404	0.033016	0.031911	0.031503	0.034760	0.031335	0.031263	0.033818	
1210	0.029549	0.025961	0.029516	0.034156	0.031542	0.033600	0.034005	0.031342	0.032101	0.032986	
1215	0.029000	0.028129	0.030151	0.035058	0.030685	0.035192	0.034827	0.029306	0.031377	0.033131	
1220	0.027594	0.029242	0.026553	0.035999	0.030775	0.035878	0.035769	0.030437	0.030028	0.033772	
1225	0.028056	0.029836	0.027105	0.036031	0.028754	0.037624	0.037413	0.031643	0.029473	0.035631	
1230	0.026939	0.031030	0.027091	0.037188	0.028194	0.038555	0.037106	0.032511	0.029842	0.034281	
1235	0.029550	0.032316	0.027261	0.037858	0.027388	0.038004	0.040066	0.032309	0.030033	0.033514	
1240	0.028341	0.033267	0.029044	0.036228	0.025707	0.038259	0.039643	0.032270	0.030590	0.035669	
1245	0.028997	0.032488	0.028966	0.036216	0.026087	0.040700	0.038002	0.032224	0.029405	0.035594	
1250	0.029058	0.031556	0.028068	0.037502	0.026819	0.039915	0.039278	0.033382	0.030497	0.034761	
1255	0.028461	0.032747	0.027933	0.037588	0.029174	0.039750	0.038436	0.034600	0.030567	0.033616	
1260	0.026793	0.034595	0.027974	0.032437	0.029854	0.041285	0.037743	0.035712	0.028473	0.031292	
1265	0.025904	0.033402	0.026992	0.031828	0.029436	0.038837	0.035570	0.036055	0.029320	0.032184	
1270	0.024623	0.033107	0.027537	0.031954	0.026510	0.042691	0.034648	0.035718	0.027024	0.033027	
1275	0.025668	0.032123	0.029230	0.031056	0.027275	0.042240	0.034099	0.034318	0.025780	0.034851	
1280	0.026501	0.031873	0.028743	0.028238	0.027655	0.040160	0.032733	0.032103	0.025765	0.035583	
1285	0.026577	0.029615	0.028391	0.027365	0.027625	0.038125	0.031769	0.032294	0.026014	0.035523	
1290	0.026399	0.029594	0.028833	0.025825	0.026468	0.036244	0.030887	0.030690	0.026251	0.033928	
1295	0.026741	0.028827	0.028595	0.026072	0.027500	0.034234	0.031166	0.028999	0.027117	0.032205	
1300	0.027506	0.028824	0.029848	0.024558	0.029641	0.032857	0.030943	0.029405	0.025782	0.030111	
1305	0.027801	0.028537	0.032116	0.026280	0.028385	0.030585	0.032752	0.029586	0.025991	0.029616	
1310	0.029181	0.027152	0.032918	0.026085	0.029547	0.029708	0.031786	0.029698	0.024113	0.030042	
1315	0.027892	0.028679	0.033407	0.025444	0.030427	0.028647	0.030063	0.028893	0.024965	0.029090	
1320	0.025033	0.029381	0.030908	0.025463	0.029911	0.028369	0.031025	0.028667	0.025142	0.028852	
1325	0.024904	0.027590	0.029982	0.025315	0.030710	0.027316	0.031416	0.029058	0.025055	0.026958	
1330	0.026035	0.030443	0.030782	0.027454	0.030917	0.027101	0.032796	0.026682	0.026935	0.027415	
1335	0.024523	0.030317	0.030324	0.026978	0.029387	0.027179	0.033980	0.027101	0.029058	0.027008	
1340	0.025722	0.029457	0.029098	0.025189	0.029681	0.025997	0.032812	0.027318	0.029977	0.027582	
1345	0.025126	0.029067	0.029311	0.027775	0.031440	0.024238	0.032682	0.025702	0.030123	0.025971	
1350	0.025890	0.029181	0.026660	0.029113	0.032273	0.024056	0.032091	0.026230	0.029771	0.028242	
1355	0.024507	0.031430	0.027083	0.030473	0.032343	0.025023	0.032433	0.024315	0.030555	0.027522	
1360	0.024940	0.033034	0.027326	0.033210	0.030493	0.026144	0.030996	0.023963	0.031029	0.024745	
1365	0.025606	0.033880	0.027003	0.035760	0.030974	0.026384	0.028580	0.023698	0.028514	0.023966	
1370	0.025923	0.035972	0.025907	0.035077	0.028632	0.025580	0.029323	0.024535	0.027183	0.023667	
1375	0.026174	0.035142	0.026547	0.033268	0.029219	0.026088	0.029169	0.025439	0.029770	0.022218	
1380	0.026047	0.035018	0.026680	0.031791	0.027254	0.025846	0.029627	0.025681	0.030415	0.022789	
1385	0.026031	0.036112	0.027185	0.032142	0.027585	0.025544	0.028270	0.028328	0.032378	0.022976	
1390	0.024443	0.033804	0.027227	0.030844	0.027710	0.027365	0.028648	0.029285	0.030411	0.022906	
1395	0.025956	0.034294	0.026027	0.031874	0.027502	0.028748	0.029265	0.028823	0.031269	0.024773	
1400	0.025202	0.033999	0.027991	0.032458	0.028094	0.029989	0.030576	0.028622	0.033328	0.024596	
1405	0.028298	0.034324	0.028148	0.033428	0.027204	0.027864	0.030371	0.029289	0.032789	0.023970	
1410	0.029613	0.033472	0.030345	0.034638	0.027096	0.029125	0.029555	0.028583	0.032532	0.024445	
1415	0.030514	0.035521	0.033499	0.033834	0.026365	0.028659	0.029005	0.027871	0.033744	0.028119	
1420	0.029969	0.034473	0.032527	0.033185	0.026179	0.028505	0.027208	0.027159	0.033434	0.028630	
1425	0.030024	0.032634	0.034587	0.031752	0.027445	0.028613	0.025824	0.028415	0.032636	0.027876	
1430	0.030280	0.031632	0.034929	0.032005	0.028069	0.030132	0.025720	0.029086	0.034325	0.028727	
1435	0.030434	0.031705	0.034054	0.034176	0.027653	0.029054	0.025944	0.029828	0.031978	0.027802	
1440	0.029405	0.031495	0.034906	0.034573	0.027554	0.030644	0.024097	0.032193	0.032305	0.029413	
1445	0.028649	0.032846	0.036596	0.033441	0.029006	0.031994	0.024049	0.033093	0.030863	0.029601	
1450	0.029701	0.031481	0.035431	0.033596	0.029143	0.032482	0.025216	0.030073	0.029690	0.030516	
1455	0.030987	0.032329	0.035472	0.032964	0.029884	0.031740	0.026296	0.031102	0.028655	0.030885	
1460	0.030895	0.032459	0.034721	0.033784	0.029854	0.030484	0.025968	0.032519	0.028973	0.029998	
1465	0.029862	0.031237	0.033649	0.033157	0.028125	0.031025	0.026408	0.034331	0.028531	0.031174	
1470	0.028062	0.029395	0.033088	0.031809	0.026103	0.030509	0.024021	0.032924	0.030077	0.031680	
1475	0.028281	0.028160	0.032243	0.028668	0.026445	0.028944	0.022257	0.030851	0.030290	0.033198	
1480	0.027261	0.026124	0.032028	0.029599	0.026525	0.028993	0.023581	0.032592	0.028461	0.032377	
1485	0.027091	0.026134	0.028979	0.029643	0.025959	0.027577	0.023602	0.031083	0.029271	0.030390	
1490	0.026849	0.026799	0.029598	0.029168	0.026325	0.028379	0.025223	0.032289	0.029235	0.030758	
1495	0.027883	0.025872	0.028014	0.030480	0.025579	0.027771	0.026071	0.031316	0.026965	0.030395	
1500	0.029579	0.026667	0.027230	0.030614	0.026467	0.029121	0.026164	0.031525	0.025427	0.030446	
1505	0.030774	0.027088	0.025064	0.030828	0.026875	0.026630	0.026154	0.032502	0.024972	0.029164	
1510	0.032225	0.026243	0.023719	0.031217	0.028076	0.026426	0.025710	0.031560	0.024090	0.028808	
1515	0.031765	0.027303	0.022787	0.030377	0.029846	0.025252	0.027926	0.032735	0.024164	0.027200	
1520	0.031488	0.026606	0.022152	0.029033	0.029235	0.024500	0.027665	0.032802	0.024242	0.027684	
1525	0.031628	0.025851	0.022113	0.030033	0.030731	0.025920	0.028381	0.032998	0.024072	0.027250	
1530	0.030538	0.026923	0.023612	0.029949	0.033323	0.026356	0.027553	0.032688	0.028818	0.028671	
1535	0.032306	0.027496	0.026194	0.028659	0.033663	0.025449	0.026348	0.032535	0.031651	0.028549	
1540	0.031214	0.027136	0.025159	0.025817	0.032716	0.026928	0.026572	0.033339	0.034299	0.030101	
1545	0.031444	0.027491	0.026662	0.023661	0.033732	0.027219	0.025942	0.032270	0.034982	0.030544	
1550	0.031866	0.027816	0.027103	0.023455	0.033339	0.027268	0.025254	0.030354	0.036310	0.031086	
1555	0.032011	0.028379	0.027915	0.023280	0.033855	0.027968	0.026081	0.031371	0.035678	0.030466	
1560	0.030060	0.031209	0.028363	0.024308	0.034681	0.026556	0.027908	0.029354	0.035105	0.032257	
1565	0.031940	0.031715	0.026959	0.024265	0.035756	0.025481	0.029359	0.030113	0.036076	0.033082	
1570	0.030370	0.033439	0.027170	0.023419	0.033241	0.028101	0.028643	0.029210	0.037497	0.036490	
1575	0.028780	0.035352	0.024513	0.025057	0.031906	0.028494	0.029348	0.029220	0.039153	0.034935	
1580	0.028310	0.038507	0.025318	0.025649	0.031720	0.028882	0.028906	0.028830	0.037130	0.035397	
1585	0.029263	0.040255	0.024461	0.024696	0.030931	0.030264	0.030551	0.028224	0.037028	0.032748	
1590	0.028190	0.040899	0.024756	0.025195	0.032081	0.029930	0.029959	0.030033	0.034694	0.030931	
1595	0.029436	0.038859	0.027538	0.024582	0.032310	0.031194	0.029544	0.031055	0.035179	0.032336	
1600	0.029825	0.037524	0.028506	0.024713	0.032901	0.030774	0.028545	0.032134	0.034965	0.032871	
1605	0.030480	0.039404	0.029745	0.026644	0.031625	0.032035	0.028038	0.031846	0.036252	0.032924	
1610	0.030076	0.039217	0.028893	0.026661	0.032018	0.031055	0.028334	0.031587	0.033529	0.032580	
1615	0.029809	0.040411	0.028209	0.027321	0.031830	0.031341	0.030055	0.032478	0.033687	0.031830	
1620	0.028943	0.039696	0.027507	0.026711	0.032080	0.030488	0.028415	0.032262	0.032807	0.030194	
1625	0.029624	0.039736	0.028210	0.027414	0.031695	0.029010	0.027351	0.029368	0.032130	0.029055	
1630	0.030809	0.038374	0.027499	0.029736	0.031441	0.028512	0.027726	0.030331	0.031298	0.029478	
1635	0.032541	0.037631	0.029400	0.029679	0.030870	0.027512	0.029185	0.032997	0.029726	0.029599	
1640	0.032095	0.036165	0.030172	0.030071	0.033440	0.027075	0.029027	0.032454	0.028157	0.028397	
1645	0.029912	0.034383	0.030649	0.029088	0.032205	0.024579	0.030513	0.031452	0.028176	0.029441	
1650	0.029068	0.033511	0.029963	0.030607	0.032277	0.023325	0.030859	0.032336	0.029323	0.029820	
1655	0.029071	0.034938	0.031893	0.032204	0.029705	0.024035	0.030043	0.032163	0.027931	0.029880	
1660	0.028616	0.033523	0.033657	0.030686	0.031955	0.024832	0.029473	0.034229	0.027874	0.028980	
1665	0.027888	0.032238	0.032934	0.032248	0.032234	0.024977	0.030446	0.033724	0.027704	0.027923	
1670	0.029080	0.031516	0.032198	0.031829	0.032539	0.023579	0.031606	0.034080	0.027744	0.029584	
1675	0.030455	0.030734	0.031612	0.032161	0.032221	0.023319	0.032141	0.034012	0.027049	0.029425	
1680	0.031141	0.031446	0.034062	0.030950	0.032632	0.022250	0.033998	0.032541	0.028694	0.030834	
1685	0.032168	0.030993	0.034539	0.030042	0.032742	0.023559	0.036252	0.031979	0.027686	0.031278	
1690	0.031796	0.029781	0.034270	0.030462	0.032257	0.024193	0.036096	0.030836	0.029184	0.031537	
1695	0.031952	0.028669	0.034368	0.030224	0.033350	0.023280	0.034287	0.031503	0.029906	0.031305	
1700	0.033621	0.028721	0.033286	0.028274	0.033162	0.023884	0.033520	0.030963	0.032763	0.031848	
1705	0.033988	0.029944	0.031966	0.025778	0.033539	0.024594	0.032300	0.030931	0.033043	0.032073	
1710	0.035006	0.029332	0.032018	0.024451	0.033602	0.024522	0.031567	0.029479	0.032203	0.030753	
1715	0.034590	0.028439	0.029011	0.025012	0.031422	0.024853	0.030381	0.029058	0.031577	0.031962	
1720	0.034920	0.028228	0.027656	0.026136	0.030429	0.025045	0.029558	0.029811	0.031692	0.030976	
1725	0.034320	0.027552	0.027144	0.028527	0.029176	0.026103	0.028590	0.031011	0.031619	0.029158	
1730	0.033470	0.026599	0.024977	0.028429	0.026659	0.026219	0.027594	0.031524	0.030007	0.029058	
1735	0.033549	0.027485	0.025093	0.030126	0.027171	0.028039	0.026052	0.034483	0.027133	0.031263	
1740	0.032771	0.029015	0.025691	0.031319	0.028836	0.028900	0.026587	0.031760	0.027600	0.031714	
1745	0.032309	0.030995	0.025489	0.030954	0.026950	0.028841	0.024779	0.034199	0.027158	0.033007	
1750	0.033499	0.028746	0.024589	0.029312	0.029408	0.031005	0.025413	0.033302	0.026329	0.032293	
1755	0.033196	0.029625	0.025594	0.029271	0.028448	0.030318	0.025815	0.032680	0.025992	0.031479	
1760	0.033179	0.028985	0.025363	0.030169	0.027986	0.030905	0.026250	0.031284	0.026669	0.034708	
1765	0.031640	0.029630	0.025285	0.028348	0.027720	0.032276	0.025254	0.032227	0.028230	0.035541	
1770	0.030119	0.029326	0.024306	0.026110	0.028618	0.033225	0.024584	0.033057	0.028596	0.036700	
1775	0.029666	0.029547	0.022222	0.025473	0.030091	0.032654	0.024029	0.031191	0.029061	0.036130	
1780	0.028467	0.030437	0.021654	0.025863	0.030399	0.031598	0.025020	0.030562	0.030260	0.037929	
1785	0.028053	0.029007	0.019915	0.026116	0.031101	0.031472	0.024787	0.029695	0.029241	0.037224	
1790	0.027369	0.028141	0.021795	0.026219	0.030758	0.031015	0.025217	0.029065	0.028555	0.037764	
1795	0.027205	0.028385	0.021070	0.025118	0.032249	0.030467	0.028047	0.029557	0.029227	0.037937	
1800	0.026847	0.028581	0.023093	0.025079	0.030581	0.030328	0.030468	0.029133	0.027690	0.037056	
1805	0.026634	0.028765	0.023952	0.024895	0.031948	0.031017	0.032456	0.029250	0.026025	0.035566	
1810	0.025255	0.028571	0.023277	0.025787	0.033017	0.030500	0.034617	0.029010	0.024651	0.033065	
1815	0.026026	0.027897	0.023186	0.024608	0.033591	0.029592	0.033649	0.029797	0.026527	0.032178	
1820	0.025039	0.026792	0.025913	0.025997	0.034296	0.029568	0.032231	0.031035	0.025935	0.032883	
1825	0.026784	0.028271	0.025239	0.026766	0.033155	0.028853	0.031996	0.029452	0.026666	0.031632	
1830	0.026202	0.029690	0.025769	0.026684	0.033911	0.029431	0.029077	0.029029	0.027337	0.029580	
1835	0.026174	0.031409	0.026856	0.025710	0.035269	0.028856	0.027348	0.030176	0.026796	0.030359	
1840	0.026250	0.034333	0.028504	0.025802	0.033117	0.029257	0.026409	0.032293	0.026371	0.028524	
1845	0.028241	0.036338	0.030264	0.027178	0.031124	0.028996	0.024156	0.034879	0.026089	0.028976	
1850	0.028726	0.036233	0.031787	0.029945	0.030372	0.029549	0.023830	0.034247	0.026157	0.026870	
1855	0.029610	0.034577	0.033876	0.030999	0.032974	0.028973	0.025077	0.034201	0.026043	0.025689	
1860	0.030087	0.034432	0.033100	0.031312	0.033448	0.028789	0.024509	0.033418	0.025000	0.026228	
1865	0.030806	0.033908	0.033468	0.031976	0.034797	0.028984	0.025852	0.034108	0.026054	0.024808	
1870	0.030295	0.033447	0.032395	0.033753	0.033346	0.030377	0.025236	0.035111	0.025764	0.026928	
1875	0.031063	0.035027	0.031830	0.035467	0.033555	0.031081	0.024949	0.035976	0.026610	0.028286	
1880	0.031235	0.036936	0.032243	0.035433	0.033464	0.029737	0.022249	0.036618	0.026920	0.026582	
1885	0.028943	0.036709	0.031631	0.034094	0.033694	0.030363	0.021157	0.035627	0.026633	0.025282	
1890	0.029045	0.037800	0.030308	0.033575	0.033110	0.028420	0.021161	0.037361	0.025860	0.026217	
1895	0.028963	0.036152	0.031708	0.033625	0.034096	0.029658	0.022439	0.036910	0.026743	0.025375	
1900	0.029483	0.034792	0.031591	0.034576	0.034929	0.032083	0.021853	0.035831	0.026991	0.027586	
1905	0.029668	0.033345	0.030807	0.036355	0.035263	0.029731	0.022976	0.033517	0.027179	0.028356	
1910	0.029983	0.034992	0.031161	0.036864	0.033512	0.029005	0.022097	0.031897	0.028601	0.027701	
1915	0.029943	0.034322	0.030329	0.036953	0.031171	0.028553	0.021779	0.031618	0.028096	0.031057	
1920	0.030152	0.031985	0.031379	0.036475	0.031773	0.028232	0.021688	0.032314	0.030856	0.031262	
1925	0.032186	0.031464	0.030564	0.036978	0.031018	0.028495	0.021077	0.030228	0.030716	0.032078	
1930	0.030678	0.030358	0.029770	0.038450	0.031995	0.028522	0.021829	0.031745	0.029880	0.032177	
1935	0.030326	0.031561	0.028525	0.037728	0.030111	0.027912	0.022520	0.031019	0.031520	0.033720	
1940	0.029605	0.031755	0.027111	0.036271	0.030583	0.028598	0.022568	0.028983	0.034143	0.032607	
1945	0.030585	0.030026	0.025419	0.036851	0.031842	0.028602	0.022398	0.029479	0.033371	0.033931	
1950	0.032121	0.032752	0.025781	0.035804	0.032061	0.027195	0.023730	0.029756	0.031279	0.033314	
1955	0.031179	0.033122	0.026886	0.033183	0.032248	0.024522	0.023255	0.029399	0.030795	0.032017	
1960	0.031254	0.032451	0.026311	0.032779	0.032925	0.024230	0.023862	0.026553	0.030347	0.031550	
1965	0.031504	0.033376	0.025278	0.030779	0.034200	0.024745	0.024920	0.028947	0.029458	0.033597	
1970	0.032003	0.033430	0.025712	0.030816	0.032062	0.025157	0.023997	0.030262	0.030624	0.034227	
1975	0.029729	0.034004	0.025069	0.030079	0.033990	0.024929	0.025689	0.031084	0.031594	0.032117	
1980	0.030402	0.033774	0.025436	0.028046	0.033323	0.024496	0.027922	0.029485	0.031019	0.031710	
1985	0.031429	0.032689	0.026642	0.025295	0.033206	0.024883	0.027448	0.031439	0.030519	0.033018	
1990	0.033147	0.032605	0.026748	0.023976	0.033183	0.025466	0.028147	0.033569	0.030844	0.031990	
1995	0.030975	0.032958	0.028389	0.025589	0.035259	0.027606	0.030764	0.035441	0.030181	0.032645	
2000	0.031841	0.034402	0.028265	0.025122	0.037331	0.028156	0.030723	0.036731	0.029680	0.031998	
2005	0.033585	0.033944	0.027535	0.023917	0.038759	0.028857	0.032128	0.035911	0.030133	0.034617	
2010	0.033684	0.032514	0.028910	0.022723	0.037303	0.031366	0.035746	0.036480	0.028949	0.034750	
2015	0.033362	0.031885	0.030836	0.023409	0.037648	0.033325	0.036195	0.034488	0.030726	0.034922	
2020	0.035519	0.032788	0.030877	0.024682	0.037320	0.030944	0.039370	0.033416	0.029140	0.035301	
2025	0.034675	0.032731	0.032812	0.027002	0.037456	0.031007	0.037720	0.034312	0.027832	0.033335	
2030	0.034989	0.029944	0.032988	0.028148	0.037148	0.031057	0.038979	0.034736	0.026333	0.030094	
2035	0.034923	0.030494	0.030844	0.029020	0.037233	0.032378	0.039820	0.036209	0.026290	0.026728	
2040	0.035546	0.031557	0.029839	0.028867	0.038263	0.033308	0.041802	0.035331	0.025551	0.025830	
2045	0.035088	0.033518	0.029676	0.029597	0.037359	0.032373	0.040418	0.035154	0.025033	0.025475	
2050	0.036488	0.032936	0.030798	0.028915	0.037917	0.031458	0.038192	0.033267	0.024562	0.025448	
2055	0.033762	0.032491	0.031006	0.030608	0.037385	0.032238	0.039942	0.032908	0.025398	0.025913	
2060	0.032803	0.032507	0.028168	0.030819	0.039263	0.031558	0.041419	0.031680	0.024063	0.025377	
2065	0.033549	0.031462	0.028136	0.030363	0.039502	0.030947	0.042391	0.030366	0.023263	0.026092	
2070	0.032758	0.031098	0.026917	0.031381	0.038601	0.030077	0.042608	0.029525	0.023064	0.026599	
2075	0.031581	0.031842	0.026147	0.031235	0.036223	0.029903	0.042783	0.029689	0.024454	0.027866	
2080	0.030746	0.031696	0.026160	0.032880	0.037492	0.028211	0.040965	0.027484	0.025052	0.027421	
2085	0.030254	0.031520	0.025168	0.033581	0.036004	0.028351	0.041681	0.025847	0.024972	0.027588	
2090	0.031787	0.032954	0.024478	0.033419	0.034451	0.028379	0.043729	0.024432	0.024225	0.028327	
2095	0.032291	0.033487	0.023768	0.034216	0.033933	0.026534	0.043707	0.024649	0.026139	0.028711	
2100	0.030490	0.033272	0.023482	0.035276	0.033072	0.027128	0.041934	0.024936	0.025508	0.030825	
2105	0.028997	0.031882	0.023734	0.035752	0.032201	0.027737	0.040316	0.024867	0.026979	0.030009	
2110	0.027261	0.035254	0.023283	0.036923	0.029023	0.028203	0.038827	0.025330	0.027508	0.031545	
2115	0.026713	0.035198	0.023289	0.036475	0.030601	0.028140	0.035198	0.024911	0.028834	0.032164	
2120	0.026187	0.036375	0.024285	0.037420	0.028513	0.027537	0.034913	0.024120	0.030310	0.033473	
2125	0.028228	0.034069	0.023909	0.036047	0.030108	0.027672	0.034078	0.025100	0.030148	0.033466	
2130	0.027966	0.033897	0.026003	0.035512	0.029203	0.027231	0.032899	0.024916	0.030319	0.033215	
2135	0.028897	0.031967	0.026417	0.035362	0.029093	0.027343	0.030799	0.025315	0.029821	0.030545	
2140	0.029351	0.033431	0.025837	0.034535	0.030495	0.027459	0.029843	0.025990	0.030178	0.029192	
2145	0.030680	0.032771	0.027252	0.035059	0.031365	0.028683	0.027555	0.025406	0.031829	0.029756	
2150	0.031045	0.032431	0.030128	0.035323	0.032517	0.028893	0.025520	0.027100	0.032907	0.029864	
2155	0.032466	0.032644	0.029233	0.033805	0.032839	0.028325	0.023619	0.029837	0.030065	0.030621	
2160	0.033582	0.032102	0.026867	0.034719	0.032617	0.028172	0.024084	0.030990	0.031004	0.028298	
2165	0.033622	0.031784	0.030568	0.034918	0.033763	0.028260	0.024912	0.032293	0.032287	0.028027	
2170	0.034160	0.028491	0.030933	0.036023	0.034011	0.027636	0.026318	0.031616	0.030954	0.027718	
2175	0.033067	0.027470	0.031966	0.035108	0.034601	0.026249	0.027059	0.031148	0.032338	0.027272	
2180	0.033294	0.028508	0.031160	0.036474	0.033677	0.028010	0.027851	0.031407	0.032970	0.027277	
2185	0.031845	0.028096	0.032375	0.037105	0.033687	0.027005	0.028526	0.031106	0.033446	0.027630	
2190	0.032306	0.025334	0.034227	0.034549	0.032764	0.027298	0.029258	0.033396	0.034605	0.027045	
2195	0.033380	0.025001	0.033389	0.033117	0.033556	0.028869	0.031517	0.035010	0.034961	0.028064	
2200	0.032147	0.025030	0.031246	0.031604	0.034888	0.028553	0.033714	0.033851	0.034194	0.028494	
2205	0.033481	0.024237	0.029961	0.029914	0.036029	0.029406	0.035207	0.033781	0.033692	0.027830	
2210	0.032420	0.024062	0.030263	0.029277	0.035699	0.030111	0.035951	0.032556	0.036294	0.026919	
2215	0.032304	0.025626	0.030076	0.027823	0.033724	0.029967	0.036771	0.033212	0.036256	0.026858	
2220	0.032645	0.024879	0.029435	0.027494	0.033259	0.030332	0.039328	0.032563	0.036704	0.026154	
2225	0.033328	0.026218	0.030441	0.026598	0.032379	0.032147	0.040578	0.032140	0.033808	0.025989	
2230	0.033566	0.027139	0.030417	0.027594	0.031826	0.034791	0.039185	0.030514	0.034533	0.027015	
2235	0.031330	0.029307	0.031647	0.028592	0.031447	0.035680	0.038895	0.029091	0.034051	0.026464	
2240	0.027756	0.029299	0.032758	0.027639	0.032227	0.034692	0.039446	0.029572	0.035718	0.027117	
2245	0.027367	0.031435	0.035714	0.027920	0.032230	0.034091	0.037826	0.029922	0.036322	0.029907	
2250	0.024721	0.033165	0.035482	0.027618	0.031957	0.034689	0.037142	0.029199	0.035730	0.029097	
2255	0.025478	0.033161	0.034950	0.026536	0.032589	0.034123	0.033996	0.028180	0.034242	0.029430	
2260	0.026092	0.033953	0.034592	0.025369	0.032476	0.034212	0.031833	0.030775	0.032584	0.029917	
2265	0.026236	0.034301	0.034607	0.024658	0.031261	0.032277	0.029865	0.030829	0.032077	0.029941	
2270	0.026483	0.033492	0.034029	0.024146	0.030235	0.031560	0.029611	0.033217	0.032591	0.031306	
2275	0.025167	0.032674	0.035346	0.023368	0.030817	0.029618	0.029356	0.032591	0.032871	0.030824	
2280	0.025074	0.032732	0.037212	0.024698	0.028784	0.028919	0.028091	0.031950	0.033160	0.031085	
2285	0.025405	0.032070	0.035316	0.024451	0.027675	0.028870	0.027604	0.033040	0.033488	0.031648	
2290	0.023899	0.032826	0.036263	0.026238	0.026602	0.028275	0.026844	0.035177	0.033412	0.029737	
2295	0.026649	0.032679	0.033481	0.027752	0.027786	0.027848	0.025324	0.035188	0.034673	0.028849	
2300	0.026283	0.031930	0.031375	0.028849	0.030272	0.027844	0.023411	0.037367	0.036053	0.028856	
2305	0.028765	0.031189	0.030061	0.029727	0.030751	0.029353	0.024202	0.037753	0.036191	0.028316	
2310	0.030111	0.030473	0.028729	0.031195	0.031306	0.028896	0.024344	0.035875	0.035941	0.026898	
2315	0.029771	0.029635	0.030091	0.030396	0.031755	0.027589	0.026102	0.034039	0.035265	0.027821	
2320	0.033088	0.029680	0.027411	0.029131	0.029290	0.027900	0.026454	0.033247	0.035806	0.026803	
2325	0.032156	0.030290	0.025429	0.030334	0.030414	0.027509	0.027206	0.032922	0.037792	0.024987	
2330	0.029919	0.029641	0.024619	0.031746	0.029058	0.026630	0.027015	0.031615	0.037223	0.025472	
2335	0.028441	0.029731	0.024324	0.033489	0.028111	0.026100	0.026765	0.029562	0.038027	0.023893	
2340	0.027870	0.030854	0.024283	0.036656	0.028092	0.024389	0.025379	0.027839	0.035694	0.024033	
2345	0.029277	0.030948	0.025959	0.036626	0.026243	0.025392	0.025581	0.029173	0.035111	0.022488	
2350	0.029913	0.032268	0.024372	0.037610	0.027797	0.027124	0.024675	0.029452	0.033926	0.023102	
2355	0.028658	0.032770	0.024609	0.038430	0.025715	0.027733	0.025654	0.028516	0.030859	0.023147	
2360	0.028471	0.034862	0.025097	0.038995	0.024787	0.028145	0.027601	0.026253	0.029692	0.024172	
2365	0.029187	0.033977	0.024703	0.038347	0.025803	0.028074	0.027911	0.026108	0.028676	0.025580	
2370	0.029815	0.034253	0.025361	0.036635	0.025252	0.026870	0.026965	0.027178	0.028395	0.025764	
2375	0.030281	0.033932	0.027233	0.036759	0.027579	0.028366	0.027935	0.027282	0.029840	0.025092	
2380	0.031321	0.033171	0.026768	0.036281	0.027392	0.026755	0.028741	0.025968	0.029029	0.025921	
2385	0.031100	0.033445	0.026237	0.035674	0.028522	0.027241	0.028720	0.026132	0.028742	0.026308	
2390	0.030415	0.031710	0.027451	0.036821	0.028798	0.028835	0.029499	0.027486	0.026889	0.026833	
2395	0.029424	0.032154	0.030715	0.037296	0.028495	0.028328	0.031930	0.026669	0.027544	0.026012	
2400	0.031186	0.030843	0.030259	0.036569	0.026148	0.028944	0.033262	0.026920	0.027119	0.024962	
2405	0.029630	0.029916	0.032073	0.034765	0.025952	0.028118	0.034935	0.025753	0.028252	0.024363	
2410	0.029675	0.029628	0.032535	0.036143	0.026592	0.029586	0.036450	0.026650	0.025731	0.025906	
2415	0.026683	0.030605	0.033213	0.036563	0.027934	0.028296	0.035630	0.027738	0.025343	0.026792	
2420	0.026173	0.028821	0.033874	0.034896	0.029305	0.028799	0.033278	0.029678	0.027822	0.026530	
2425	0.024968	0.029284	0.033580	0.034337	0.029688	0.028869	0.035104	0.030737	0.027653	0.028853	
2430	0.024681	0.030090	0.033378	0.033403	0.028829	0.026263	0.034818	0.030984	0.030022	0.030898	
2435	0.025353	0.032379	0.030301	0.032616	0.029028	0.027201	0.035430	0.029916	0.029197	0.029886	
2440	0.026025	0.034870	0.029662	0.029055	0.028303	0.027572	0.036488	0.032710	0.028966	0.027689	
2445	0.025535	0.035325	0.028819	0.027343	0.027983	0.028762	0.036526	0.032177	0.031323	0.029111	
2450	0.025819	0.034142	0.029466	0.028695	0.028532	0.027221	0.035076	0.031599	0.031418	0.030954	
2455	0.028143	0.034084	0.029378	0.027857	0.030807	0.028459	0.033853	0.031669	0.031301	0.031015	
2460	0.028521	0.034125	0.027926	0.027626	0.029253	0.027879	0.032603	0.031183	0.033051	0.032092	
2465	0.027235	0.033386	0.027311	0.028111	0.028763	0.029268	0.034986	0.031127	0.034444	0.033627	
2470	0.026989	0.035569	0.027360	0.029233	0.030291	0.029225	0.035779	0.030607	0.033629	0.035533	
2475	0.027654	0.034645	0.028229	0.028986	0.029966	0.028986	0.035711	0.031733	0.035469	0.031968	
2480	0.026193	0.034705	0.029344	0.030808	0.029828	0.029227	0.037723	0.031488	0.037761	0.032165	
2485	0.026707	0.033325	0.027760	0.028941	0.031438	0.027925	0.037566	0.029758	0.035359	0.031829	
2490	0.026425	0.031407	0.027998	0.027892	0.031696	0.025666	0.038959	0.028682	0.035215	0.031880	
2495	0.026073	0.029841	0.028120	0.028115	0.031762	0.025973	0.037693	0.027923	0.034529	0.030719	
2500	0.027298	0.028678	0.028795	0.027224	0.032462	0.025392	0.036168	0.026465	0.034923	0.030285	
2505	0.029504	0.026756	0.026725	0.028383	0.030210	0.026949	0.034294	0.027841	0.035670	0.029257	
2510	0.030022	0.024540	0.026041	0.028078	0.029524	0.026847	0.031466	0.028854	0.035865	0.028396	
2515	0.031833	0.022382	0.024920	0.029112	0.027868	0.025291	0.030463	0.028518	0.034957	0.029975	
2520	0.030672	0.021853	0.022492	0.029317	0.027700	0.024449	0.029028	0.029919	0.034321	0.029715	
2525	0.030691	0.022318	0.021041	0.029566	0.026266	0.026149	0.026187	0.030497	0.034831	0.029906	
2530	0.032996	0.020474	0.021506	0.032078	0.028068	0.027226	0.025672	0.030745	0.036411	0.029255	
2535	0.034996	0.020560	0.022996	0.032248	0.027508	0.028042	0.027808	0.031205	0.036601	0.029884	
2540	0.039768	0.020115	0.023190	0.033394	0.027444	0.028325	0.028147	0.032129	0.035842	0.028264	
2545	0.039586	0.021240	0.024713	0.032767	0.028346	0.027334	0.026946	0.031201	0.035851	0.029312	
2550	0.041952	0.022852	0.024521	0.034300	0.027837	0.027260	0.028916	0.031230	0.034824	0.030015	
2555	0.040846	0.021950	0.023360	0.034082	0.027281	0.027244	0.028787	0.030144	0.034871	0.029037	
2560	0.038161	0.024137	0.026533	0.036612	0.027474	0.029944	0.029574	0.030003	0.033937	0.031783	
2565	0.038292	0.027117	0.026096	0.035191	0.027139	0.031106	0.031234	0.029471	0.032612	0.030514	
2570	0.036832	0.028987	0.028056	0.035878	0.026178	0.030116	0.033302	0.031578	0.032622	0.030775	
2575	0.036296	0.030210	0.029261	0.034697	0.025769	0.029683	0.033714	0.032362	0.033812	0.031678	
2580	0.037029	0.032651	0.031749	0.033490	0.025891	0.030026	0.032730	0.035002	0.033411	0.032226	
2585	0.035095	0.033447	0.031212	0.031322	0.025864	0.029423	0.032702	0.035768	0.032154	0.033105	
2590	0.034655	0.036494	0.031439	0.030372	0.026428	0.027918	0.032006	0.036476	0.031270	0.032466	
2595	0.035605	0.037159	0.031310	0.032141	0.027290	0.027041	0.031284	0.036584	0.029431	0.030713	
2600	0.034093	0.038810	0.032681	0.031237	0.027707	0.027962	0.033009	0.036530	0.029327	0.031188	
2605	0.033941	0.041356	0.033335	0.033647	0.027685	0.026708	0.032478	0.036815	0.029432	0.030554	
2610	0.033786	0.043745	0.031713	0.031976	0.027170	0.025993	0.032273	0.036772	0.028831	0.029717	
2615	0.032867	0.043575	0.031828	0.032272	0.026779	0.026297	0.033200	0.038585	0.028473	0.028062	
2620	0.032176	0.043504	0.031657	0.031711	0.027451	0.026529	0.032954	0.038598	0.026892	0.027759	
2625	0.031044	0.043670	0.031716	0.032557	0.027889	0.029445	0.033473	0.036436	0.024433	0.027292	
2630	0.030146	0.042524	0.032223	0.033501	0.027732	0.029380	0.035347	0.034136	0.024504	0.027135	
2635	0.030352	0.038460	0.031861	0.032486	0.029898	0.029019	0.033226	0.030905	0.025122	0.026510	
2640	0.030002	0.034970	0.030173	0.034341	0.031230	0.028647	0.032337	0.030097	0.026807	0.026126	
2645	0.030420	0.033441	0.031348	0.034352	0.032311	0.030152	0.032773	0.028893	0.028096	0.027562	
2650	0.031960	0.031597	0.030188	0.033561	0.034798	0.031590	0.030593	0.027794	0.031339	0.026573	
2655	0.033407	0.033057	0.029869	0.033232	0.036364	0.032064	0.030671	0.025488	0.035909	0.026054	
2660	0.033633	0.030353	0.028729	0.032368	0.036912	0.030304	0.029930	0.024096	0.034793	0.026080	
2665	0.032547	0.031558	0.028508	0.034166	0.036722	0.030127	0.032428	0.022714	0.036083	0.026822	
2670	0.032537	0.027471	0.028587	0.035195	0.035961	0.030151	0.033408	0.022242	0.037224	0.028145	
2675	0.030928	0.025989	0.028732	0.033341	0.035072	0.030519	0.034740	0.022488	0.035583	0.025678	
2680	0.030987	0.025926	0.027518	0.033072	0.033566	0.031529	0.035254	0.021863	0.035608	0.027322	
2685	0.031762	0.026434	0.025600	0.032860	0.034473	0.029726	0.036443	0.022480	0.036285	0.029269	
2690	0.030583	0.026175	0.024976	0.032887	0.035346	0.030728	0.035205	0.023953	0.037109	0.028854	
2695	0.031110	0.025170	0.022300	0.033200	0.036315	0.029262	0.035093	0.024676	0.036757	0.028924	
2700	0.032439	0.026007	0.023007	0.033887	0.035019	0.030069	0.034587	0.025624	0.037077	0.028504	
2705	0.033811	0.023690	0.023610	0.033656	0.034311	0.030653	0.033477	0.024214	0.035756	0.028296	
2710	0.035305	0.024003	0.023857	0.034247	0.037638	0.032388	0.032973	0.025151	0.033496	0.027807	
2715	0.034494	0.024213	0.024233	0.033837	0.038478	0.033170	0.030973	0.025127	0.032725	0.025644	
2720	0.034299	0.022709	0.024997	0.033305	0.037007	0.034727	0.030922	0.026236	0.031733	0.025049	
2725	0.034080	0.023750	0.025335	0.033580	0.037410	0.034735	0.028134	0.029650	0.030147	0.025580	
2730	0.035272	0.023616	0.026138	0.034970	0.038317	0.033371	0.028676	0.031562	0.029555	0.023788	
2735	0.035356	0.026002	0.027278	0.033766	0.036255	0.032734	0.027464	0.030838	0.029663	0.023753	
2740	0.035569	0.026349	0.029485	0.033794	0.033962	0.029224	0.027254	0.032186	0.029194	0.023791	
2745	0.036027	0.028661	0.030656	0.034575	0.033155	0.029924	0.027014	0.028832	0.030341	0.022305	
2750	0.036404	0.031392	0.032284	0.033682	0.031047	0.029184	0.024909	0.028980	0.030250	0.022175	
2755	0.036181	0.032944	0.032314	0.031453	0.030369	0.030234	0.024760	0.029213	0.030607	0.021597	
2760	0.034511	0.035516	0.035044	0.028378	0.030043	0.030377	0.024722	0.028713	0.029527	0.020039	
2765	0.033003	0.036849	0.035731	0.026503	0.032002	0.029680	0.026327	0.027753	0.032831	0.020913	
2770	0.032403	0.034858	0.037209	0.027103	0.031310	0.031988	0.025704	0.027014	0.033005	0.019679	
2775	0.032053	0.036216	0.038299	0.026121	0.031662	0.034103	0.025019	0.026320	0.033390	0.019890	
2780	0.032495	0.036738	0.037652	0.024592	0.032905	0.033017	0.024440	0.026028	0.034722	0.018750	
2785	0.032245	0.037720	0.038347	0.023664	0.033561	0.030309	0.024739	0.027195	0.036017	0.020746	
2790	0.032135	0.036410	0.036492	0.023384	0.032896	0.028785	0.024595	0.028983	0.036400	0.021447	
2795	0.032063	0.035654	0.035437	0.024659	0.031914	0.028680	0.024869	0.030080	0.038108	0.021872	
2800	0.033143	0.034714	0.034396	0.024412	0.034167	0.028204	0.025978	0.030867	0.038370	0.024448	
2805	0.033713	0.034333	0.031813	0.022945	0.036454	0.027036	0.024894	0.029695	0.037038	0.024048	
2810	0.032774	0.033190	0.028529	0.022977	0.035505	0.027984	0.024461	0.029812	0.038475	0.024946	
2815	0.031590	0.032226	0.024937	0.022419	0.038124	0.027605	0.024919	0.030481	0.040542	0.025228	
2820	0.029912	0.030551	0.024506	0.023556	0.040672	0.027282	0.024747	0.031588	0.042870	0.026427	
2825	0.031627	0.031879	0.023377	0.026402	0.041649	0.026840	0.025233	0.030673	0.041917	0.027953	
2830	0.030294	0.031993	0.021885	0.024498	0.041162	0.027923	0.026206	0.030200	0.039467	0.027614	
2835	0.030320	0.029777	0.019862	0.025182	0.041724	0.027509	0.026520	0.029599	0.038808	0.026500	
2840	0.028285	0.029988	0.019866	0.026579	0.039727	0.028358	0.028527	0.028548	0.038747	0.026242	
2845	0.028373	0.029766	0.019371	0.026823	0.041333	0.026770	0.029077	0.027756	0.039112	0.029315	
2850	0.027977	0.029398	0.021267	0.026691	0.040962	0.025979	0.030930	0.026628	0.039005	0.029256	
2855	0.027739	0.029855	0.020530	0.027801	0.039350	0.025038	0.030271	0.025542	0.038706	0.029090	
2860	0.024728	0.029646	0.020621	0.028436	0.040311	0.024715	0.029909	0.025582	0.037526	0.028553	
2865	0.025684	0.031220	0.020645	0.029406	0.041206	0.023854	0.028699	0.023903	0.035194	0.030076	
2870	0.025014	0.033233	0.021522	0.029627	0.040418	0.024521	0.030400	0.023095	0.035578	0.027627	
2875	0.024730	0.032575	0.020162	0.030766	0.036095	0.023664	0.030883	0.023765	0.034917	0.027425	
2880	0.023390	0.031049	0.020216	0.030458	0.033856	0.024591	0.032669	0.024521	0.034482	0.028037	
2885	0.026145	0.029625	0.022296	0.031196	0.033085	0.025348	0.032932	0.024201	0.033746	0.028723	
2890	0.026154	0.027036	0.023681	0.033170	0.034498	0.023768	0.030622	0.022700	0.032256	0.028888	
2895	0.026024	0.029494	0.026690	0.033864	0.033994	0.023681	0.032338	0.022397	0.030152	0.028667	
2900	0.024744	0.028342	0.027272	0.033840	0.034012	0.023836	0.033833	0.024302	0.029121	0.030286	
2905	0.026646	0.026046	0.029142	0.033384	0.034178	0.025336	0.034137	0.024689	0.028421	0.031013	
2910	0.027323	0.026325	0.027486	0.032008	0.033682	0.026354	0.032388	0.025568	0.027446	0.031471	
2915	0.026521	0.027721	0.026363	0.030303	0.034325	0.026438	0.032569	0.027628	0.027176	0.030649	
2920	0.026132	0.028435	0.025875	0.029600	0.034736	0.027561	0.032801	0.029296	0.027752	0.030099	
2925	0.027323	0.027805	0.024623	0.029801	0.035819	0.027364	0.032855	0.031176	0.028701	0.030577	
2930	0.027663	0.027749	0.025332	0.029914	0.034929	0.028974	0.032772	0.033418	0.030688	0.028986	
2935	0.029226	0.027773	0.024416	0.029472	0.035802	0.031164	0.031651	0.033758	0.030132	0.027821	
2940	0.032333	0.028003	0.025716	0.027398	0.035963	0.030754	0.031737	0.034958	0.030978	0.028280	
2945	0.030284	0.027119	0.027190	0.025931	0.037463	0.030199	0.032025	0.033952	0.031901	0.029099	
2950	0.029920	0.027916	0.028327	0.026360	0.036388	0.033345	0.032647	0.033490	0.031640	0.029049	
2955	0.029049	0.027907	0.027206	0.027151	0.036325	0.033215	0.032493	0.034184	0.029978	0.029579	
2960	0.030017	0.028456	0.026986	0.024975	0.036188	0.032425	0.031952	0.036649	0.030235	0.030013	
2965	0.030669	0.028589	0.026850	0.023649	0.036697	0.029864	0.030762	0.036242	0.028584	0.030940	
2970	0.028579	0.028395	0.027364	0.023321	0.036634	0.029896	0.030136	0.036792	0.028854	0.029196	
2975	0.027781	0.028558	0.027684	0.023052	0.034850	0.029781	0.029518	0.036818	0.027790	0.027084	
2980	0.028177	0.029873	0.028875	0.022996	0.033078	0.030434	0.029047	0.035992	0.027958	0.026973	
2985	0.027757	0.029866	0.029384	0.022687	0.031293	0.031327	0.028400	0.036052	0.028808	0.028915	
2990	0.029500	0.030123	0.027805	0.023336	0.030429	0.031707	0.028735	0.031946	0.029499	0.030525	
2995	0.028999	0.031848	0.027147	0.023101	0.030321	0.031571	0.027255	0.030195	0.028714	0.028600	
3000	0.027873	0.030676	0.028217	0.022377	0.029184	0.029656	0.024816	0.029607	0.028857	0.028486	
