T	rep_1	rep_2	rep_3	rep_4	rep_5	rep_6	rep_7	rep_8	rep_9	rep_10
5	0.000000	0.000000	0.000000	0.000000	0.000000	0.000000	0.000000	0.000000	0.000000	0.000000	
10	0.000000	0.000000	0.000000	0.000000	0.000000	0.000000	0.000000	0.000000	0.000000	0.000000	
15	0.000000	0.000000	0.000000	0.000000	0.000000	0.000000	0.000000	0.000000	0.000000	0.000000	
20	0.000000	0.000000	0.000000	0.000000	0.000000	0.000000	0.000000	0.000000	0.000000	0.000000	
25	0.000000	0.000000	0.000000	0.000000	0.000000	0.000000	0.000000	0.000000	0.000000	0.000000	
30	0.000000	0.000000	0.000000	0.000000	0.000000	0.000000	0.000000	0.000000	0.000000	0.000000	
35	0.000000	0.000000	0.000000	0.000000	0.000000	0.000000	0.000000	0.000000	0.000000	0.000000	
40	0.000000	0.000000	0.000000	0.000000	0.000000	0.000000	0.000000	0.000000	0.000000	0.000000	
45	0.000000	0.000000	0.000000	0.000000	0.000000	0.000000	0.000000	0.000000	0.000000	0.000000	
50	0.000000	0.000000	0.000000	0.000000	0.000000	0.000000	0.000000	0.000000	0.000000	0.000000	
55	0.000000	0.000000	0.000000	0.000000	0.000000	0.000000	0.000000	0.000000	0.000000	0.000000	
60	0.000000	0.000000	0.000000	0.000000	0.000000	0.000000	0.000000	0.000000	0.000000	0.000000	
65	0.000000	0.000000	0.000000	0.000000	0.000000	0.000000	0.000000	0.000000	0.000000	0.000000	
70	0.000000	0.000000	0.000000	0.000000	0.000000	0.000000	0.000000	0.000000	0.000000	0.000000	
75	0.000000	0.000000	0.000000	0.000000	0.000000	0.000000	0.000000	0.000000	0.000000	0.000000	
80	0.000000	0.000000	0.000000	0.000000	0.000000	0.000000	0.000000	0.000000	0.000000	0.000000	
85	0.000000	0.000000	0.000000	0.000000	0.000000	0.000000	0.000000	0.000000	0.000000	0.000000	
90	0.000000	0.000000	0.000000	0.000000	0.000000	0.000000	0.000000	0.000000	0.000000	0.000000	
95	0.000000	0.000000	0.000000	0.000000	0.000000	0.000000	0.000000	0.000000	0.000000	0.000000	
100	0.000000	0.000000	0.000000	0.000000	0.000000	0.000000	0.000000	0.000000	0.000000	0.000000	
105	0.001792	0.001946	0.001926	0.001525	0.001591	0.001450	0.001665	0.002066	0.001684	0.001738	
110	0.003552	0.004163	0.004643	0.003101	0.003569	0.004062	0.004760	0.003910	0.004166	0.003117	
115	0.007492	0.006095	0.008013	0.005700	0.006809	0.007773	0.007327	0.005823	0.007751	0.006164	
120	0.011730	0.008388	0.013279	0.009910	0.010026	0.011215	0.012387	0.009141	0.012280	0.011059	
125	0.013870	0.013088	0.017744	0.013057	0.013336	0.015121	0.018993	0.013508	0.017443	0.013571	
130	0.015204	0.016967	0.021572	0.015265	0.017367	0.019245	0.024224	0.017984	0.020539	0.021002	
135	0.021106	0.020772	0.027737	0.020610	0.020569	0.024851	0.029604	0.021305	0.026198	0.027419	
140	0.027782	0.025947	0.033514	0.027242	0.027370	0.033521	0.033745	0.027628	0.032630	0.033870	
145	0.034199	0.027473	0.038780	0.035895	0.029734	0.040908	0.038355	0.032225	0.037101	0.039986	
150	0.041104	0.032572	0.045096	0.043359	0.035841	0.046821	0.045139	0.037481	0.045063	0.046288	
155	0.047098	0.038170	0.051187	0.049174	0.042655	0.055400	0.052326	0.046915	0.046618	0.053170	
160	0.051619	0.041874	0.055126	0.053720	0.047687	0.060871	0.062654	0.053452	0.052380	0.058556	
165	0.057631	0.045912	0.060467	0.057961	0.059105	0.070263	0.070484	0.062903	0.058297	0.066747	
170	0.065802	0.051851	0.066608	0.063352	0.066963	0.077133	0.076347	0.069102	0.061906	0.077582	
175	0.072162	0.055999	0.072140	0.069248	0.072566	0.085164	0.082060	0.076071	0.064196	0.085757	
180	0.076770	0.061909	0.075190	0.074178	0.081425	0.089867	0.090122	0.084254	0.071171	0.093051	
185	0.084527	0.064828	0.081137	0.080087	0.090378	0.093523	0.094956	0.091488	0.074459	0.097506	
190	0.089163	0.069471	0.085722	0.086291	0.102561	0.099980	0.098826	0.099443	0.075824	0.100739	
195	0.093470	0.074364	0.094380	0.090507	0.105157	0.105351	0.102573	0.103319	0.079105	0.103964	
200	0.098661	0.079806	0.099250	0.096939	0.111712	0.110143	0.107747	0.110694	0.082495	0.109492	
205	0.100750	0.084946	0.107733	0.103039	0.117894	0.116649	0.109857	0.115162	0.089755	0.114831	
210	0.103832	0.089296	0.111707	0.108636	0.121446	0.120955	0.112220	0.117741	0.096547	0.115491	
215	0.107054	0.093461	0.117492	0.112912	0.124734	0.129062	0.117045	0.125127	0.103544	0.118564	
220	0.112835	0.095279	0.123037	0.117925	0.130689	0.135337	0.121307	0.128139	0.110429	0.122380	
225	0.117793	0.096847	0.128313	0.124518	0.136810	0.139030	0.128104	0.129520	0.118014	0.124666	
230	0.125880	0.098301	0.133668	0.127948	0.140442	0.145438	0.131175	0.138334	0.124199	0.134100	
235	0.135471	0.100402	0.138519	0.132534	0.142010	0.152409	0.134164	0.142621	0.127545	0.139407	
240	0.141437	0.103926	0.142688	0.140719	0.145872	0.160898	0.142006	0.146475	0.136623	0.144710	
245	0.151879	0.105488	0.147261	0.141490	0.149157	0.165898	0.145345	0.150648	0.137453	0.154224	
250	0.161855	0.107170	0.148299	0.145076	0.156917	0.172145	0.148506	0.153259	0.139833	0.160897	
255	0.169450	0.108681	0.151040	0.150898	0.158802	0.176984	0.152690	0.159855	0.145268	0.172353	
260	0.176049	0.111442	0.154370	0.157176	0.164372	0.179901	0.156290	0.164392	0.150397	0.178165	
265	0.183424	0.115753	0.156263	0.162874	0.165092	0.184550	0.160125	0.170454	0.156389	0.186904	
270	0.192549	0.118735	0.159851	0.169678	0.172296	0.190097	0.160916	0.175399	0.160554	0.192919	
275	0.199953	0.123058	0.166316	0.178044	0.179468	0.196059	0.162009	0.181631	0.166574	0.197452	
280	0.203558	0.127109	0.168166	0.179763	0.182860	0.199442	0.164599	0.190167	0.175123	0.207219	
285	0.209490	0.134731	0.170616	0.185015	0.187828	0.203094	0.167856	0.197333	0.182722	0.216328	
290	0.217644	0.135030	0.176914	0.183843	0.193475	0.211128	0.168655	0.209385	0.192234	0.223384	
295	0.223806	0.139259	0.177856	0.186818	0.195112	0.216830	0.167296	0.217172	0.201269	0.228567	
300	0.232849	0.138530	0.185061	0.191447	0.200542	0.224343	0.168546	0.215536	0.208411	0.236364	
305	0.241488	0.142066	0.187786	0.197575	0.202422	0.225811	0.169444	0.220228	0.212823	0.241460	
310	0.245837	0.147767	0.190157	0.200100	0.207857	0.230151	0.171577	0.223697	0.219848	0.246646	
315	0.247664	0.154460	0.193799	0.204785	0.215301	0.232046	0.173546	0.226497	0.229333	0.249857	
320	0.249918	0.162034	0.192554	0.214702	0.220933	0.238694	0.177032	0.232749	0.234862	0.253591	
325	0.249737	0.168177	0.197465	0.220007	0.227952	0.240418	0.176624	0.237929	0.242069	0.258197	
330	0.254644	0.169965	0.199860	0.230687	0.234574	0.248681	0.181539	0.245893	0.250576	0.265700	
335	0.255322	0.175680	0.204525	0.237264	0.238443	0.254276	0.180928	0.246056	0.262848	0.268369	
340	0.255488	0.179734	0.203970	0.243107	0.243858	0.254085	0.184384	0.253861	0.271845	0.270725	
345	0.253098	0.185875	0.208562	0.254857	0.246096	0.258947	0.189489	0.256137	0.280563	0.273563	
350	0.260586	0.193103	0.211197	0.263072	0.250579	0.262837	0.193689	0.257900	0.291334	0.273868	
355	0.264378	0.198807	0.218162	0.276793	0.254304	0.268064	0.195173	0.263155	0.302668	0.274552	
360	0.269239	0.203244	0.223501	0.291173	0.257686	0.273360	0.200502	0.267550	0.315707	0.274139	
365	0.269352	0.207629	0.225584	0.300013	0.263276	0.279455	0.205061	0.272159	0.317300	0.275068	
370	0.266428	0.212942	0.230662	0.310026	0.262096	0.282472	0.207681	0.273070	0.323745	0.280320	
375	0.266761	0.215061	0.231596	0.318052	0.263464	0.286207	0.213784	0.276090	0.330301	0.280030	
380	0.265323	0.221274	0.233950	0.324318	0.265416	0.288964	0.220304	0.277986	0.334412	0.278596	
385	0.264498	0.223192	0.238201	0.329565	0.266653	0.293304	0.225129	0.282333	0.344768	0.282468	
390	0.269980	0.237025	0.241222	0.335174	0.268164	0.299131	0.230980	0.286444	0.352870	0.281740	
395	0.269643	0.239289	0.244775	0.334745	0.273212	0.297921	0.232375	0.285261	0.352409	0.278922	
400	0.273963	0.242491	0.246658	0.345629	0.270599	0.300849	0.235624	0.286414	0.355324	0.280562	
405	0.278715	0.246888	0.250456	0.349989	0.271787	0.304109	0.240969	0.287585	0.354166	0.279265	
410	0.281088	0.251931	0.253023	0.351743	0.272040	0.304034	0.249274	0.287314	0.353025	0.287750	
415	0.283075	0.257648	0.254876	0.353176	0.270952	0.304823	0.253419	0.290645	0.353567	0.287382	
420	0.280101	0.262536	0.259607	0.350227	0.273198	0.304190	0.261439	0.294749	0.351160	0.288306	
425	0.276630	0.263456	0.265694	0.342003	0.272289	0.306457	0.272008	0.298031	0.343539	0.287985	
430	0.278842	0.270219	0.272604	0.336299	0.276623	0.307677	0.273029	0.297940	0.340289	0.290699	
435	0.276732	0.276798	0.273621	0.321537	0.276903	0.307952	0.271713	0.297762	0.329991	0.296627	
440	0.278234	0.286672	0.275960	0.304837	0.279107	0.308996	0.275274	0.299821	0.314275	0.295169	
445	0.280509	0.287409	0.280734	0.285890	0.278914	0.308539	0.278830	0.301485	0.301070	0.298597	
450	0.279756	0.296870	0.286125	0.266483	0.282171	0.307747	0.283361	0.300275	0.279598	0.303322	
455	0.283641	0.303078	0.287778	0.253161	0.278512	0.305633	0.285391	0.300003	0.270320	0.304562	
460	0.283585	0.305905	0.290736	0.244277	0.275127	0.300355	0.288083	0.298684	0.254675	0.303270	
465	0.282450	0.310398	0.292853	0.229995	0.272755	0.296986	0.295184	0.301117	0.231891	0.306485	
470	0.280811	0.310923	0.293192	0.223539	0.270851	0.293109	0.297740	0.298076	0.227184	0.308855	
475	0.283996	0.312591	0.294078	0.220960	0.262547	0.286848	0.302927	0.293072	0.216666	0.309384	
480	0.283995	0.312721	0.296694	0.214776	0.261120	0.274436	0.308299	0.290206	0.217491	0.312947	
485	0.285824	0.310911	0.295947	0.209370	0.259339	0.262893	0.313591	0.287493	0.210750	0.315033	
490	0.282853	0.309471	0.303663	0.208152	0.255263	0.253253	0.310714	0.280884	0.207207	0.316223	
495	0.283184	0.306601	0.309452	0.206791	0.250393	0.250978	0.307879	0.276448	0.209947	0.317272	
500	0.285490	0.302218	0.315064	0.210780	0.244074	0.247446	0.313984	0.270159	0.207556	0.318744	
505	0.283037	0.295463	0.320414	0.207115	0.239119	0.244215	0.308558	0.269219	0.209813	0.321373	
510	0.285469	0.287955	0.323338	0.205608	0.231802	0.246252	0.306799	0.272677	0.214031	0.321606	
515	0.282878	0.275590	0.324679	0.211124	0.225999	0.242724	0.304897	0.267949	0.218026	0.320904	
520	0.279215	0.261238	0.330110	0.216356	0.219166	0.244630	0.298518	0.260388	0.218755	0.319145	
525	0.277142	0.247375	0.329831	0.212819	0.217342	0.242998	0.290575	0.259204	0.222364	0.318241	
530	0.271887	0.237955	0.333590	0.214191	0.212258	0.243154	0.280831	0.257176	0.226179	0.315565	
535	0.272863	0.235039	0.329767	0.221860	0.212634	0.240615	0.280515	0.259780	0.229227	0.317286	
540	0.273934	0.234268	0.327010	0.225638	0.215255	0.235800	0.275228	0.251822	0.234087	0.311723	
545	0.270463	0.231503	0.329626	0.230936	0.218289	0.235781	0.271614	0.248707	0.239451	0.309537	
550	0.266906	0.227580	0.331284	0.242460	0.221524	0.232657	0.267442	0.247940	0.238204	0.302492	
555	0.264808	0.232841	0.327119	0.249519	0.221652	0.235321	0.261447	0.248307	0.237904	0.299717	
560	0.267056	0.228292	0.323309	0.256410	0.219120	0.236180	0.252041	0.248938	0.234567	0.295046	
565	0.264490	0.227050	0.319953	0.260522	0.218749	0.240097	0.258372	0.241853	0.231933	0.287044	
570	0.262700	0.228683	0.317987	0.266398	0.217592	0.238764	0.253828	0.241695	0.233903	0.279604	
575	0.263317	0.228658	0.313647	0.275111	0.221370	0.235423	0.253113	0.241727	0.240618	0.275759	
580	0.259514	0.229534	0.310133	0.275158	0.225821	0.244332	0.252061	0.238154	0.238064	0.269834	
585	0.261008	0.228806	0.304050	0.281196	0.225612	0.244101	0.249735	0.235743	0.241012	0.261974	
590	0.261983	0.234943	0.294831	0.287933	0.225256	0.237144	0.255851	0.233852	0.245245	0.255430	
595	0.261423	0.231964	0.289873	0.293243	0.226351	0.238404	0.258935	0.235463	0.246101	0.256797	
600	0.257604	0.234879	0.288345	0.293428	0.227097	0.238638	0.264476	0.237068	0.250659	0.254707	
605	0.254476	0.240126	0.279880	0.293515	0.231794	0.239556	0.262559	0.231408	0.255691	0.255909	
610	0.254998	0.245070	0.273511	0.292582	0.236289	0.234192	0.264481	0.233590	0.258408	0.255455	
615	0.249000	0.244863	0.266573	0.285341	0.236608	0.241176	0.262397	0.235415	0.258096	0.251100	
620	0.247639	0.245652	0.263498	0.282062	0.231325	0.241684	0.260519	0.239248	0.257296	0.254982	
625	0.243486	0.250283	0.260944	0.273676	0.230757	0.239484	0.260379	0.240827	0.261567	0.251966	
630	0.240504	0.252043	0.259550	0.270721	0.232656	0.241026	0.262666	0.240349	0.260050	0.249814	
635	0.234180	0.256142	0.256015	0.264414	0.234590	0.239045	0.263667	0.241216	0.265559	0.245220	
640	0.232548	0.260696	0.252153	0.257031	0.238521	0.242860	0.260594	0.244767	0.271618	0.243949	
645	0.228137	0.261970	0.245900	0.257233	0.239609	0.241640	0.261178	0.241852	0.273855	0.244527	
650	0.224362	0.264142	0.240102	0.255153	0.238364	0.245921	0.260308	0.243407	0.272914	0.245901	
655	0.226041	0.265722	0.236827	0.248597	0.249130	0.245679	0.259890	0.241849	0.274845	0.248812	
660	0.225804	0.267594	0.240550	0.246413	0.249856	0.244680	0.265332	0.239004	0.277519	0.251163	
665	0.223664	0.268112	0.242258	0.239687	0.251416	0.243999	0.267273	0.243662	0.279435	0.254601	
670	0.228832	0.270489	0.240963	0.234712	0.257060	0.243727	0.271453	0.238317	0.278295	0.261416	
675	0.231057	0.272334	0.243926	0.234372	0.260752	0.247072	0.270578	0.239442	0.282938	0.266061	
680	0.236942	0.271300	0.244927	0.230508	0.263935	0.249511	0.270611	0.243760	0.282890	0.265221	
685	0.238446	0.274194	0.248250	0.221399	0.271902	0.251298	0.269350	0.247022	0.284079	0.269418	
690	0.242634	0.277347	0.250197	0.218052	0.276414	0.255461	0.268884	0.251115	0.282840	0.274000	
695	0.240429	0.276770	0.253084	0.218295	0.275597	0.259835	0.270839	0.257940	0.281401	0.279581	
700	0.240665	0.278378	0.254149	0.214796	0.272437	0.262221	0.270458	0.263021	0.278140	0.280802	
705	0.248304	0.272815	0.253784	0.216368	0.279870	0.260073	0.274398	0.264604	0.277560	0.280637	
710	0.242445	0.269687	0.253604	0.213493	0.278620	0.259182	0.274560	0.262198	0.275215	0.277669	
715	0.242757	0.267498	0.258040	0.216144	0.278226	0.260358	0.277214	0.266503	0.270374	0.276434	
720	0.234144	0.263415	0.261193	0.222035	0.279334	0.260530	0.276374	0.268060	0.271326	0.276422	
725	0.235212	0.263839	0.260926	0.226478	0.281091	0.260538	0.273005	0.274204	0.276165	0.274980	
730	0.230879	0.259316	0.261851	0.225419	0.279953	0.255021	0.273360	0.277647	0.279217	0.271302	
735	0.237651	0.256138	0.266283	0.225890	0.268160	0.253685	0.274558	0.281901	0.282659	0.269462	
740	0.236231	0.249320	0.266865	0.222317	0.268152	0.252246	0.268277	0.284808	0.276607	0.270487	
745	0.232208	0.248778	0.266805	0.223575	0.269459	0.256209	0.268399	0.290780	0.275970	0.266957	
750	0.235664	0.249238	0.266932	0.227678	0.274517	0.255176	0.276493	0.289137	0.274850	0.259530	
755	0.239394	0.244905	0.266738	0.227945	0.268760	0.249699	0.278091	0.291564	0.267385	0.254481	
760	0.246474	0.247152	0.268983	0.232292	0.268751	0.246408	0.274644	0.290605	0.262262	0.256056	
765	0.245867	0.247892	0.271813	0.241273	0.268279	0.246437	0.264552	0.290092	0.257912	0.246673	
770	0.248860	0.249047	0.268479	0.246732	0.260988	0.238512	0.256939	0.287252	0.259743	0.255596	
775	0.243853	0.241466	0.266280	0.255200	0.256965	0.241692	0.256709	0.276653	0.249788	0.258089	
780	0.246765	0.239204	0.262483	0.256397	0.254109	0.232319	0.252152	0.271725	0.249761	0.261916	
785	0.245202	0.245341	0.268563	0.258592	0.248298	0.224035	0.247808	0.268562	0.250767	0.266417	
790	0.243626	0.245661	0.272548	0.257571	0.241119	0.226431	0.243804	0.274506	0.249407	0.259553	
795	0.241485	0.251143	0.266381	0.257674	0.230833	0.226055	0.244542	0.277534	0.248517	0.256553	
800	0.246010	0.254065	0.267274	0.260036	0.222899	0.225008	0.244540	0.278992	0.250976	0.250820	
805	0.243029	0.255879	0.269644	0.259019	0.217069	0.220350	0.246486	0.271116	0.258629	0.251360	
810	0.239440	0.256949	0.265416	0.253892	0.212107	0.219187	0.240632	0.267522	0.258212	0.251426	
815	0.235740	0.262356	0.265009	0.247562	0.210412	0.217070	0.238821	0.259402	0.255531	0.252282	
820	0.228594	0.257984	0.264112	0.248296	0.207840	0.218488	0.235680	0.259210	0.253506	0.249093	
825	0.230502	0.260648	0.264795	0.243254	0.215476	0.216488	0.231675	0.258863	0.252222	0.245820	
830	0.229841	0.256204	0.265192	0.234946	0.213051	0.220243	0.230387	0.259835	0.250499	0.241204	
835	0.232828	0.256996	0.263749	0.230693	0.216909	0.223818	0.232837	0.255125	0.253002	0.236065	
840	0.235071	0.251942	0.262969	0.234703	0.217344	0.226257	0.233242	0.259317	0.251386	0.239909	
845	0.235260	0.252834	0.259260	0.234379	0.225292	0.226511	0.238856	0.258515	0.251276	0.242068	
850	0.240028	0.249382	0.262585	0.235570	0.230298	0.229207	0.235611	0.262655	0.252760	0.242135	
855	0.243750	0.245750	0.263756	0.236167	0.232793	0.233086	0.237515	0.265697	0.252657	0.241142	
860	0.248808	0.249882	0.266849	0.229361	0.234211	0.232515	0.239562	0.261999	0.248877	0.244611	
865	0.248741	0.240186	0.267642	0.220430	0.239498	0.236466	0.239338	0.263532	0.250646	0.245197	
870	0.251811	0.241346	0.275053	0.217621	0.239192	0.237965	0.242130	0.266637	0.256932	0.249712	
875	0.254870	0.246092	0.273989	0.217095	0.241819	0.241749	0.245733	0.269070	0.257338	0.258444	
880	0.255743	0.247494	0.271416	0.219006	0.248909	0.242403	0.248744	0.265537	0.256879	0.269322	
885	0.260100	0.245539	0.268727	0.222105	0.247667	0.244159	0.256809	0.268388	0.257906	0.269631	
890	0.257391	0.244030	0.269950	0.219706	0.247620	0.245138	0.258879	0.266789	0.260982	0.269445	
895	0.263583	0.246386	0.267210	0.220648	0.248168	0.247649	0.266858	0.265401	0.260508	0.271560	
900	0.268121	0.246133	0.269610	0.223923	0.247967	0.255467	0.266282	0.262263	0.259253	0.268358	
905	0.277384	0.246937	0.263525	0.226228	0.247628	0.257664	0.267610	0.260763	0.256397	0.269118	
910	0.283234	0.248430	0.267265	0.230893	0.250940	0.258056	0.268888	0.260352	0.258389	0.267451	
915	0.279921	0.240746	0.264768	0.229196	0.255751	0.266172	0.262028	0.264034	0.259344	0.264657	
920	0.280024	0.245216	0.258735	0.233509	0.256965	0.259004	0.259274	0.263643	0.258580	0.264150	
925	0.277781	0.246073	0.255335	0.234403	0.261354	0.258850	0.257873	0.258638	0.256120	0.262513	
930	0.270187	0.255085	0.253121	0.235266	0.259879	0.255808	0.256699	0.258200	0.254526	0.264755	
935	0.269917	0.258283	0.252860	0.240677	0.255498	0.261386	0.251808	0.254305	0.245284	0.262749	
940	0.264204	0.260291	0.248521	0.239291	0.254879	0.264191	0.249211	0.251719	0.249062	0.264413	
945	0.260223	0.256912	0.248706	0.243991	0.254937	0.262646	0.248699	0.248895	0.242123	0.267928	
950	0.256942	0.251754	0.252002	0.247007	0.255506	0.256822	0.243556	0.253133	0.235108	0.271984	
955	0.252113	0.249359	0.250033	0.247218	0.262963	0.260040	0.240154	0.254254	0.233673	0.269034	
960	0.241949	0.246971	0.245533	0.248463	0.264495	0.254459	0.238478	0.255894	0.234151	0.267461	
965	0.243097	0.247182	0.245537	0.249304	0.260264	0.258479	0.239860	0.255327	0.239047	0.270962	
970	0.246562	0.244718	0.248253	0.251066	0.262424	0.252869	0.238300	0.261805	0.241943	0.263692	
975	0.249209	0.241732	0.248577	0.257020	0.259740	0.246061	0.243679	0.254283	0.245064	0.256370	
980	0.246574	0.243001	0.249277	0.254786	0.256343	0.242327	0.247291	0.246797	0.252778	0.255899	
985	0.245690	0.243233	0.252218	0.252403	0.254163	0.235036	0.245026	0.248160	0.249628	0.257739	
990	0.247534	0.246063	0.250766	0.250163	0.247818	0.237555	0.245622	0.253286	0.248628	0.258621	
995	0.251931	0.237498	0.247529	0.251378	0.246490	0.233426	0.246010	0.262350	0.248647	0.259295	
1000	0.251809	0.232807	0.247827	0.249377	0.235320	0.231080	0.245671	0.263658	0.249892	0.254852	
1005	0.245805	0.240701	0.253777	0.246970	0.240020	0.223910	0.247536	0.264331	0.252096	0.253984	
1010	0.247696	0.246263	0.253982	0.246683	0.234219	0.218222	0.257219	0.267310	0.254836	0.260592	
1015	0.253296	0.251762	0.257456	0.241616	0.230012	0.218783	0.261811	0.267510	0.255674	0.261541	
1020	0.250698	0.256624	0.261988	0.232745	0.231077	0.212720	0.263756	0.271360	0.256617	0.255301	
1025	0.256946	0.257622	0.270707	0.230488	0.224771	0.209611	0.265221	0.268490	0.256771	0.253510	
1030	0.257411	0.258083	0.277993	0.223120	0.227718	0.208438	0.267127	0.266909	0.255225	0.256583	
1035	0.265945	0.263365	0.280194	0.216838	0.226417	0.206655	0.266496	0.264431	0.255207	0.255720	
1040	0.265424	0.269395	0.282930	0.214878	0.222169	0.207995	0.269550	0.256172	0.258686	0.261882	
1045	0.265204	0.269164	0.279893	0.221333	0.223656	0.206283	0.274675	0.255971	0.256308	0.265428	
1050	0.269898	0.264189	0.277046	0.222817	0.225607	0.212604	0.275137	0.253284	0.258874	0.266892	
1055	0.270392	0.266661	0.274485	0.221919	0.227512	0.215546	0.272034	0.253662	0.258785	0.265629	
1060	0.272078	0.258472	0.274121	0.224935	0.235851	0.213841	0.262319	0.253075	0.261227	0.266156	
1065	0.268615	0.255557	0.269796	0.223860	0.234262	0.212729	0.265575	0.243310	0.255924	0.266779	
1070	0.262393	0.248973	0.264547	0.227301	0.233712	0.215750	0.263978	0.246912	0.254266	0.268519	
1075	0.258191	0.246711	0.251138	0.230134	0.235633	0.217631	0.259096	0.250372	0.253387	0.268280	
1080	0.257611	0.243209	0.245379	0.231009	0.243271	0.224929	0.259948	0.246549	0.256928	0.269981	
1085	0.257340	0.241448	0.239698	0.231984	0.245058	0.227409	0.251217	0.247467	0.255815	0.268359	
1090	0.249746	0.241699	0.242130	0.228363	0.242523	0.235496	0.250839	0.247659	0.255527	0.266617	
1095	0.249865	0.233514	0.232171	0.230352	0.251464	0.234735	0.246726	0.251347	0.257623	0.263958	
1100	0.251139	0.227434	0.229508	0.230959	0.258215	0.236782	0.239220	0.251177	0.257473	0.264932	
1105	0.248843	0.225437	0.228594	0.229464	0.262755	0.236877	0.230608	0.251631	0.257193	0.260227	
1110	0.246967	0.225341	0.228051	0.229566	0.267905	0.233892	0.223425	0.253944	0.262620	0.263454	
1115	0.240716	0.223268	0.224854	0.228035	0.268994	0.234994	0.222668	0.255375	0.261678	0.261642	
1120	0.237002	0.225236	0.226561	0.234230	0.264792	0.236780	0.220523	0.253128	0.263067	0.266344	
1125	0.240306	0.222463	0.225301	0.239506	0.263855	0.237557	0.221535	0.256311	0.260722	0.264249	
1130	0.241404	0.222321	0.225551	0.244612	0.261439	0.240117	0.228827	0.257138	0.261851	0.263563	
1135	0.245421	0.226830	0.229291	0.243081	0.264639	0.240417	0.237363	0.258915	0.264542	0.267579	
1140	0.244787	0.224992	0.226661	0.244539	0.266221	0.247993	0.240873	0.260733	0.265074	0.263594	
1145	0.242808	0.227645	0.227078	0.248671	0.266358	0.249637	0.241573	0.258170	0.263597	0.260818	
1150	0.241301	0.232903	0.228746	0.249856	0.259057	0.247849	0.249427	0.261454	0.261785	0.262646	
1155	0.241246	0.238146	0.230383	0.249640	0.256609	0.251454	0.253029	0.262995	0.255203	0.269461	
1160	0.244470	0.241742	0.233748	0.251381	0.256006	0.256356	0.246845	0.265770	0.255267	0.265750	
1165	0.245181	0.247008	0.235218	0.251229	0.250444	0.259439	0.251434	0.268473	0.261907	0.264914	
1170	0.248519	0.251716	0.234530	0.250457	0.248350	0.266547	0.251308	0.268866	0.264966	0.267551	
1175	0.245602	0.256313	0.238123	0.250698	0.243718	0.267694	0.249164	0.263831	0.263334	0.264027	
1180	0.241685	0.262032	0.240181	0.252285	0.245488	0.272405	0.249059	0.258749	0.261522	0.262814	
1185	0.242446	0.259956	0.236769	0.254437	0.243719	0.273675	0.251163	0.254697	0.256517	0.263662	
1190	0.244065	0.261052	0.234969	0.262028	0.248731	0.270267	0.246709	0.256847	0.254633	0.259732	
1195	0.245171	0.260106	0.233485	0.264719	0.246125	0.272275	0.244239	0.249579	0.251976	0.258094	
1200	0.241704	0.256536	0.235452	0.263954	0.244994	0.270398	0.247134	0.248314	0.246548	0.258057	
1205	0.238419	0.257234	0.242860	0.255254	0.238921	0.270006	0.239267	0.250941	0.244899	0.254226	
1210	0.240598	0.254546	0.243159	0.249078	0.236331	0.268565	0.237058	0.248908	0.238996	0.255387	
1215	0.240164	0.251457	0.250140	0.245729	0.239014	0.265226	0.238529	0.250983	0.239124	0.253988	
1220	0.240644	0.244864	0.254768	0.242719	0.237550	0.263114	0.239199	0.246390	0.244279	0.251187	
1225	0.237802	0.246040	0.265236	0.241305	0.246645	0.256549	0.235131	0.240586	0.247808	0.246722	
1230	0.239616	0.246879	0.270519	0.235548	0.251988	0.252044	0.235810	0.240477	0.241083	0.252722	
1235	0.236190	0.244097	0.271674	0.236546	0.255059	0.249332	0.231175	0.233987	0.238808	0.250087	
1240	0.237800	0.240640	0.273421	0.235503	0.253095	0.248544	0.233319	0.229969	0.236531	0.240975	
1245	0.239271	0.238237	0.275584	0.233341	0.258031	0.247681	0.236595	0.226774	0.238159	0.239738	
1250	0.241726	0.238784	0.278632	0.233135	0.259138	0.240753	0.231864	0.226313	0.237087	0.237432	
1255	0.237522	0.240499	0.276136	0.231817	0.256552	0.238594	0.233723	0.220853	0.236742	0.240695	
1260	0.238791	0.231093	0.278272	0.234748	0.251993	0.237389	0.232720	0.217736	0.237058	0.242287	
1265	0.240491	0.233425	0.277359	0.237880	0.263019	0.239961	0.234828	0.211026	0.240684	0.234845	
1270	0.241484	0.227189	0.273584	0.241028	0.268410	0.234132	0.232769	0.206027	0.240941	0.236986	
1275	0.244752	0.228677	0.262286	0.237558	0.267009	0.230181	0.235115	0.209258	0.243114	0.233984	
1280	0.239123	0.228242	0.262202	0.237617	0.270255	0.228066	0.240746	0.214860	0.239791	0.242590	
1285	0.239579	0.230204	0.258755	0.238440	0.266964	0.224785	0.243537	0.217028	0.243693	0.243885	
1290	0.242305	0.232467	0.258321	0.241619	0.272357	0.230463	0.244887	0.219398	0.247220	0.243390	
1295	0.242116	0.236374	0.261494	0.244879	0.269201	0.230540	0.253731	0.222074	0.248729	0.243807	
1300	0.244805	0.239149	0.259631	0.248802	0.264986	0.236262	0.250677	0.223781	0.253979	0.243769	
1305	0.247703	0.246401	0.252244	0.252485	0.271122	0.240908	0.253746	0.223688	0.255630	0.244937	
1310	0.244957	0.251281	0.249426	0.261815	0.267868	0.243492	0.253981	0.224097	0.266560	0.245996	
1315	0.245264	0.253251	0.246794	0.268465	0.267876	0.246178	0.253262	0.226678	0.274837	0.253690	
1320	0.248280	0.258194	0.249212	0.270626	0.262918	0.245974	0.257513	0.228918	0.279029	0.252022	
1325	0.244510	0.259588	0.252514	0.274926	0.262297	0.252325	0.254042	0.228338	0.280128	0.259044	
1330	0.246456	0.256717	0.249559	0.272209	0.262013	0.252569	0.251869	0.237593	0.279411	0.259050	
1335	0.248256	0.261262	0.248291	0.275864	0.262197	0.257669	0.248011	0.242031	0.276855	0.260793	
1340	0.249624	0.261498	0.245994	0.276254	0.262391	0.258208	0.248610	0.245313	0.284834	0.263814	
1345	0.254837	0.261856	0.247592	0.273735	0.261175	0.261918	0.247560	0.251500	0.281934	0.267124	
1350	0.254367	0.264714	0.252297	0.270065	0.254820	0.262078	0.249984	0.253016	0.281450	0.265335	
1355	0.255195	0.263040	0.258040	0.268951	0.247219	0.262288	0.249303	0.260889	0.276823	0.271321	
1360	0.253565	0.257396	0.250893	0.260494	0.250832	0.260081	0.250989	0.261497	0.274280	0.280131	
1365	0.250426	0.255890	0.250106	0.250021	0.253611	0.262414	0.259275	0.267426	0.278391	0.287162	
1370	0.257304	0.252159	0.249226	0.259285	0.258124	0.263631	0.253577	0.269362	0.275129	0.290457	
1375	0.258098	0.250957	0.253610	0.259692	0.256679	0.261971	0.253255	0.268168	0.269536	0.290707	
1380	0.260511	0.246552	0.259027	0.259242	0.255389	0.266795	0.249047	0.270309	0.269148	0.288898	
1385	0.258209	0.241352	0.260967	0.254959	0.257215	0.266939	0.248182	0.269943	0.257268	0.290988	
1390	0.262199	0.240620	0.259714	0.261085	0.253951	0.263830	0.245680	0.271730	0.262948	0.290065	
1395	0.260588	0.240778	0.268304	0.255583	0.256092	0.263609	0.246117	0.277513	0.260435	0.287575	
1400	0.259622	0.239923	0.265697	0.260574	0.252829	0.256965	0.246403	0.275092	0.253929	0.285123	
1405	0.253631	0.241584	0.266710	0.258806	0.258462	0.255852	0.248299	0.270213	0.250986	0.283273	
1410	0.251959	0.244904	0.263705	0.256656	0.259203	0.253848	0.251055	0.273929	0.252151	0.283177	
1415	0.248624	0.241866	0.254962	0.257435	0.262124	0.252786	0.256566	0.272949	0.254372	0.279246	
1420	0.248489	0.247610	0.250117	0.258546	0.265721	0.255982	0.258367	0.270980	0.246909	0.270351	
1425	0.252781	0.248702	0.239361	0.258343	0.260623	0.254335	0.262577	0.269676	0.244279	0.266460	
1430	0.250642	0.248977	0.239799	0.252378	0.262706	0.250586	0.267756	0.264273	0.241315	0.263201	
1435	0.238466	0.245882	0.244285	0.246274	0.258542	0.254394	0.272301	0.263682	0.242773	0.255518	
1440	0.241024	0.248464	0.239590	0.244498	0.257753	0.252913	0.274790	0.261232	0.241189	0.251668	
1445	0.243628	0.247538	0.230843	0.246511	0.249896	0.247538	0.279386	0.258170	0.242088	0.245044	
1450	0.245949	0.244978	0.233410	0.242410	0.253242	0.241912	0.276518	0.262799	0.247148	0.241837	
1455	0.243703	0.241074	0.230718	0.240536	0.250395	0.239043	0.274722	0.261607	0.250014	0.238273	
1460	0.244699	0.241645	0.228328	0.240275	0.246743	0.242612	0.275887	0.254004	0.248830	0.240618	
1465	0.244094	0.241544	0.223120	0.235599	0.248647	0.239087	0.277176	0.249360	0.246478	0.240883	
1470	0.252277	0.246576	0.226905	0.234283	0.253575	0.237466	0.274614	0.252152	0.244881	0.244194	
1475	0.250196	0.246536	0.224319	0.236848	0.258688	0.238967	0.278867	0.257394	0.246615	0.243732	
1480	0.248239	0.249017	0.226710	0.235517	0.258238	0.236825	0.276448	0.249295	0.255088	0.244796	
1485	0.255315	0.249500	0.230222	0.233736	0.264562	0.232766	0.271056	0.253604	0.259246	0.250300	
1490	0.259467	0.256695	0.232800	0.234426	0.269936	0.228925	0.265891	0.248129	0.264037	0.254778	
1495	0.256205	0.259852	0.234488	0.234212	0.277276	0.229244	0.266610	0.244505	0.267953	0.258781	
1500	0.249163	0.263150	0.240297	0.235857	0.281571	0.229400	0.259246	0.245596	0.272346	0.260043	
1505	0.246120	0.263794	0.246061	0.231294	0.281651	0.236677	0.256329	0.237697	0.273283	0.261022	
1510	0.246727	0.262573	0.255425	0.228806	0.276632	0.241439	0.254036	0.238726	0.278331	0.260717	
1515	0.245822	0.263831	0.260719	0.233165	0.273017	0.246669	0.252453	0.237496	0.282639	0.264967	
1520	0.248636	0.274164	0.263015	0.238013	0.268550	0.251005	0.252358	0.240760	0.282948	0.259880	
1525	0.241211	0.271911	0.266452	0.232597	0.265689	0.251607	0.247126	0.237232	0.282916	0.260792	
1530	0.239238	0.277579	0.262960	0.229118	0.256439	0.250989	0.248375	0.237607	0.276456	0.262743	
1535	0.232340	0.276819	0.259236	0.229609	0.252067	0.252791	0.251282	0.238224	0.271459	0.262664	
1540	0.232849	0.278861	0.258339	0.238119	0.249475	0.259701	0.258477	0.236233	0.259239	0.261216	
1545	0.226105	0.281052	0.259253	0.245092	0.243583	0.257575	0.257256	0.240618	0.259165	0.257555	
1550	0.229392	0.280621	0.265148	0.253360	0.242119	0.258008	0.257181	0.241753	0.254025	0.259451	
1555	0.227344	0.282699	0.267336	0.254009	0.240547	0.254440	0.263217	0.238191	0.250538	0.265226	
1560	0.235359	0.271079	0.269232	0.257877	0.238593	0.258734	0.253646	0.242166	0.247558	0.257094	
1565	0.238860	0.266208	0.275893	0.263404	0.240584	0.260045	0.251962	0.243156	0.246823	0.249420	
1570	0.241094	0.261810	0.273546	0.265578	0.242387	0.256719	0.252935	0.245745	0.243847	0.244637	
1575	0.243783	0.250601	0.280531	0.262749	0.240709	0.258299	0.250439	0.249067	0.243807	0.246394	
1580	0.248493	0.242113	0.276252	0.263698	0.239737	0.253937	0.250805	0.251403	0.239290	0.243073	
1585	0.250257	0.239679	0.276011	0.268010	0.240406	0.249300	0.250658	0.253486	0.237774	0.247214	
1590	0.246186	0.232770	0.272220	0.267808	0.239556	0.249175	0.249277	0.255421	0.242880	0.250519	
1595	0.243809	0.234325	0.267256	0.269835	0.240258	0.242082	0.252313	0.253942	0.241672	0.246662	
1600	0.246715	0.235908	0.271313	0.268986	0.237788	0.241647	0.254086	0.252422	0.241792	0.245880	
1605	0.247259	0.234720	0.272210	0.265892	0.242657	0.236493	0.250119	0.255363	0.233828	0.252785	
1610	0.253325	0.236948	0.273699	0.263879	0.240366	0.235900	0.252662	0.255598	0.232332	0.252838	
1615	0.251806	0.227272	0.271374	0.265171	0.243915	0.235992	0.257204	0.254592	0.229801	0.250211	
1620	0.254331	0.224070	0.271627	0.260798	0.242082	0.234683	0.260633	0.253548	0.234391	0.254413	
1625	0.254112	0.224702	0.277508	0.259303	0.246872	0.231712	0.262160	0.257985	0.235213	0.261349	
1630	0.255328	0.223855	0.283238	0.258226	0.247726	0.230906	0.259993	0.255714	0.233208	0.259014	
1635	0.251549	0.221749	0.281012	0.255143	0.252759	0.231199	0.254881	0.255314	0.239931	0.262320	
1640	0.253537	0.225919	0.281334	0.256956	0.244838	0.234873	0.255696	0.258402	0.244966	0.261778	
1645	0.257588	0.227736	0.274222	0.254286	0.254617	0.238866	0.254827	0.258580	0.247521	0.261615	
1650	0.263419	0.228253	0.275023	0.250047	0.251917	0.242247	0.256308	0.253920	0.247508	0.261325	
1655	0.257824	0.227972	0.268586	0.247257	0.250442	0.240550	0.257213	0.255986	0.254116	0.259295	
1660	0.256955	0.224461	0.262994	0.248454	0.247967	0.246169	0.257417	0.255028	0.254334	0.259868	
1665	0.259690	0.228437	0.259198	0.246726	0.243554	0.248208	0.256911	0.252413	0.256326	0.259360	
1670	0.259387	0.226026	0.257633	0.248224	0.246716	0.249157	0.252842	0.252927	0.257470	0.255157	
1675	0.254945	0.228770	0.251724	0.244964	0.249874	0.248677	0.247498	0.256646	0.259598	0.248842	
1680	0.252338	0.232455	0.247186	0.245758	0.238404	0.248525	0.240136	0.261183	0.260022	0.244364	
1685	0.248119	0.236594	0.245233	0.247821	0.235685	0.252126	0.236144	0.267323	0.261428	0.240698	
1690	0.246569	0.240841	0.241178	0.247133	0.233352	0.256664	0.229285	0.271032	0.261973	0.239412	
1695	0.249184	0.244277	0.234490	0.246303	0.229038	0.257164	0.223697	0.271808	0.263319	0.238709	
1700	0.246568	0.247377	0.235547	0.247682	0.229257	0.260711	0.227010	0.276965	0.259057	0.232543	
1705	0.247221	0.247024	0.236663	0.249946	0.229842	0.253950	0.224060	0.277315	0.257487	0.234532	
1710	0.240721	0.251556	0.234993	0.248851	0.226672	0.257782	0.232033	0.279573	0.254605	0.236337	
1715	0.238971	0.258609	0.237516	0.247908	0.236745	0.259399	0.231740	0.275440	0.253570	0.240059	
1720	0.237408	0.260830	0.241771	0.239711	0.236485	0.260570	0.230170	0.277057	0.251437	0.245241	
1725	0.239547	0.261121	0.243113	0.238632	0.240611	0.259284	0.236726	0.276745	0.252580	0.252168	
1730	0.242810	0.259444	0.247155	0.238978	0.252710	0.264057	0.246200	0.270308	0.258115	0.257876	
1735	0.234517	0.258364	0.249381	0.241182	0.255275	0.261509	0.254254	0.264539	0.257754	0.256048	
1740	0.233437	0.252045	0.250977	0.242212	0.252040	0.258604	0.255942	0.264494	0.256728	0.257631	
1745	0.239332	0.256842	0.248949	0.237055	0.252100	0.259315	0.258596	0.259955	0.253233	0.249729	
1750	0.238978	0.260689	0.255399	0.241552	0.252695	0.250654	0.267025	0.260122	0.255667	0.252512	
1755	0.240148	0.260686	0.254423	0.243263	0.261239	0.249163	0.269846	0.259401	0.261809	0.251197	
1760	0.241343	0.261360	0.249112	0.241475	0.255883	0.243481	0.273415	0.256793	0.262067	0.243904	
1765	0.239090	0.258481	0.250575	0.239591	0.256416	0.242323	0.275355	0.255020	0.256017	0.239263	
1770	0.242279	0.258951	0.252491	0.240171	0.257743	0.239485	0.282376	0.255656	0.254748	0.235774	
1775	0.245003	0.256304	0.263945	0.248012	0.258413	0.236960	0.286854	0.253263	0.252649	0.232777	
1780	0.249624	0.255589	0.265846	0.252015	0.257719	0.235594	0.285352	0.252520	0.252905	0.230384	
1785	0.249860	0.254941	0.269567	0.252683	0.253908	0.236893	0.290806	0.257458	0.250137	0.228915	
1790	0.251500	0.252443	0.260698	0.261542	0.253989	0.236381	0.291648	0.255224	0.250070	0.226642	
1795	0.254637	0.249350	0.264482	0.265338	0.255177	0.239175	0.286179	0.246678	0.248333	0.228282	
1800	0.257148	0.248891	0.260454	0.267106	0.260988	0.237716	0.274631	0.250052	0.251586	0.230673	
1805	0.259756	0.249408	0.264147	0.269781	0.264490	0.238265	0.265349	0.254711	0.255322	0.229933	
1810	0.264860	0.253439	0.269667	0.272467	0.261242	0.236708	0.260304	0.257260	0.256316	0.234145	
1815	0.264886	0.258409	0.275518	0.274669	0.267269	0.240634	0.253271	0.258175	0.248998	0.235648	
1820	0.272217	0.258009	0.271490	0.270319	0.264636	0.245242	0.245005	0.260310	0.250931	0.236778	
1825	0.273260	0.260603	0.272824	0.273366	0.263001	0.246913	0.238507	0.260501	0.252240	0.238655	
1830	0.273823	0.254898	0.273319	0.272942	0.259674	0.249838	0.238333	0.268888	0.252199	0.244722	
1835	0.278324	0.251364	0.270091	0.276404	0.253278	0.250995	0.231880	0.260811	0.253537	0.245068	
1840	0.277746	0.247971	0.267642	0.274903	0.254525	0.248199	0.233284	0.255895	0.252940	0.250195	
1845	0.275014	0.241672	0.269435	0.268572	0.256362	0.245948	0.233191	0.253699	0.253620	0.250831	
1850	0.272803	0.240512	0.267698	0.265424	0.259755	0.246024	0.236377	0.253874	0.251468	0.253507	
1855	0.276758	0.240917	0.262887	0.262094	0.254792	0.247824	0.235540	0.258051	0.253722	0.257684	
1860	0.278256	0.243505	0.263143	0.257305	0.254992	0.250441	0.230337	0.256768	0.253430	0.261347	
1865	0.276837	0.241378	0.255894	0.252532	0.255391	0.253229	0.228598	0.254709	0.250770	0.260545	
1870	0.277779	0.241222	0.254269	0.250634	0.260724	0.253355	0.228988	0.253000	0.257479	0.261443	
1875	0.278343	0.241257	0.249125	0.244952	0.264041	0.247078	0.227007	0.254196	0.265165	0.261355	
1880	0.277387	0.237220	0.246051	0.241892	0.258687	0.252984	0.227819	0.251037	0.263880	0.263439	
1885	0.278321	0.236645	0.240348	0.243948	0.254479	0.249547	0.225597	0.254286	0.267570	0.267528	
1890	0.273426	0.234120	0.231681	0.245150	0.252693	0.255159	0.226072	0.250420	0.275800	0.265003	
1895	0.275626	0.238354	0.224542	0.247586	0.253855	0.250652	0.221561	0.251401	0.275724	0.270741	
1900	0.268797	0.240220	0.221703	0.242261	0.251053	0.248410	0.224812	0.252629	0.276002	0.271471	
1905	0.267820	0.244173	0.220207	0.238395	0.253052	0.247765	0.227532	0.255708	0.275741	0.275914	
1910	0.266435	0.244061	0.218347	0.234788	0.248445	0.253941	0.231662	0.256662	0.271774	0.274297	
1915	0.264404	0.246613	0.216378	0.229832	0.253370	0.249099	0.233513	0.253594	0.272763	0.271251	
1920	0.269922	0.254688	0.214243	0.231315	0.251643	0.246514	0.240750	0.255386	0.266711	0.267987	
1925	0.264701	0.252523	0.216898	0.224333	0.251498	0.247800	0.241169	0.257234	0.263672	0.263635	
1930	0.265499	0.256598	0.216300	0.218427	0.250936	0.246686	0.248192	0.257501	0.259873	0.263364	
1935	0.265606	0.247588	0.220426	0.219534	0.261076	0.250019	0.248196	0.260870	0.251680	0.261157	
1940	0.266688	0.244376	0.229051	0.220246	0.256897	0.246915	0.250830	0.265601	0.242459	0.264260	
1945	0.266608	0.250923	0.237861	0.219153	0.252520	0.248119	0.249670	0.266507	0.247050	0.260569	
1950	0.266311	0.252003	0.239886	0.219524	0.253354	0.247767	0.248278	0.270441	0.248608	0.257699	
1955	0.267023	0.250429	0.237157	0.220250	0.253340	0.257892	0.249291	0.266120	0.247549	0.256522	
1960	0.264862	0.253354	0.246424	0.225555	0.252586	0.257074	0.247964	0.274557	0.241995	0.255982	
1965	0.264419	0.256524	0.254680	0.228180	0.247287	0.261092	0.249871	0.274104	0.235885	0.252176	
1970	0.264648	0.256662	0.249176	0.230165	0.249828	0.266743	0.251332	0.270379	0.234037	0.253737	
1975	0.261899	0.259760	0.252652	0.237711	0.253500	0.266889	0.260071	0.270590	0.227763	0.254762	
1980	0.259501	0.257251	0.254141	0.239574	0.253818	0.273426	0.255372	0.272404	0.226835	0.253561	
1985	0.259263	0.258084	0.257397	0.244721	0.260638	0.274890	0.252034	0.266970	0.229551	0.253587	
1990	0.255661	0.258825	0.261741	0.250615	0.259043	0.269750	0.251274	0.266459	0.228593	0.254026	
1995	0.255992	0.258032	0.252339	0.256428	0.258671	0.267792	0.247436	0.261971	0.229982	0.252855	
2000	0.253902	0.259322	0.248271	0.261907	0.253929	0.266121	0.252429	0.256470	0.224029	0.249397	
2005	0.254224	0.257405	0.245537	0.270381	0.249606	0.259409	0.256311	0.259935	0.222478	0.243051	
2010	0.251139	0.260093	0.244456	0.272959	0.246782	0.252213	0.252091	0.256984	0.222702	0.244832	
2015	0.251249	0.261146	0.241175	0.277196	0.245962	0.250139	0.247794	0.261498	0.225917	0.240024	
2020	0.249701	0.261573	0.240207	0.274991	0.243792	0.246993	0.243540	0.263712	0.227642	0.241120	
2025	0.252540	0.261259	0.234512	0.275159	0.241613	0.243829	0.239706	0.259240	0.234128	0.236759	
2030	0.254893	0.267026	0.231782	0.273615	0.241534	0.243573	0.238193	0.254567	0.234437	0.243444	
2035	0.255653	0.268835	0.236864	0.270188	0.238024	0.238515	0.237608	0.248253	0.241610	0.252360	
2040	0.253029	0.266492	0.240575	0.270321	0.236445	0.238398	0.236004	0.244804	0.240948	0.259401	
2045	0.254732	0.260689	0.239340	0.269584	0.234586	0.239895	0.239407	0.239398	0.244749	0.265190	
2050	0.246191	0.257272	0.233422	0.273511	0.234003	0.233876	0.247071	0.236680	0.244606	0.267438	
2055	0.241100	0.253941	0.232002	0.268019	0.234046	0.234002	0.243254	0.238719	0.250239	0.268184	
2060	0.237984	0.248936	0.235983	0.266253	0.224167	0.231230	0.243981	0.234963	0.258830	0.270630	
2065	0.235461	0.249902	0.237458	0.264148	0.215923	0.232562	0.238304	0.235601	0.257446	0.276115	
2070	0.235263	0.248225	0.240558	0.259564	0.217461	0.238659	0.225771	0.240271	0.258351	0.278360	
2075	0.240020	0.244819	0.239637	0.260513	0.220015	0.240845	0.217583	0.241020	0.259237	0.280797	
2080	0.248372	0.244644	0.243885	0.253797	0.212555	0.248264	0.216065	0.249244	0.259237	0.276680	
2085	0.249737	0.246522	0.246979	0.250377	0.216698	0.245816	0.210841	0.251636	0.260230	0.276103	
2090	0.247813	0.244216	0.256113	0.251419	0.220926	0.244769	0.202567	0.256355	0.259856	0.275594	
2095	0.246351	0.247095	0.260368	0.245728	0.220605	0.246858	0.202428	0.256972	0.254633	0.273429	
2100	0.253161	0.243604	0.267028	0.244540	0.221891	0.248371	0.201386	0.259481	0.252708	0.264505	
2105	0.250058	0.247179	0.269548	0.242389	0.227584	0.247728	0.206134	0.256262	0.255209	0.264145	
2110	0.257177	0.247144	0.273767	0.237460	0.243756	0.246797	0.207867	0.252574	0.254247	0.259714	
2115	0.255952	0.239919	0.279749	0.237461	0.252542	0.247660	0.214082	0.251834	0.251321	0.260933	
2120	0.258348	0.239259	0.284881	0.234654	0.255925	0.246074	0.214389	0.250477	0.247668	0.255456	
2125	0.260104	0.242814	0.288571	0.236513	0.258784	0.244721	0.218816	0.252024	0.246154	0.249954	
2130	0.261059	0.244522	0.284420	0.233496	0.268265	0.253626	0.220653	0.255542	0.250585	0.248618	
2135	0.262115	0.250060	0.284291	0.234941	0.272099	0.253825	0.224552	0.257720	0.254166	0.254884	
2140	0.264325	0.244096	0.290211	0.238102	0.271150	0.250128	0.231796	0.253419	0.248129	0.258824	
2145	0.261860	0.245394	0.291814	0.235869	0.270578	0.255827	0.239650	0.256450	0.247358	0.261325	
2150	0.255751	0.244082	0.286568	0.235797	0.265453	0.256817	0.251053	0.253931	0.239784	0.263391	
2155	0.252665	0.244168	0.286828	0.234543	0.262055	0.266246	0.259320	0.250892	0.244635	0.260968	
2160	0.244462	0.245200	0.290803	0.230628	0.260730	0.264795	0.270835	0.245959	0.241273	0.266473	
2165	0.243046	0.245323	0.282743	0.231002	0.256034	0.270371	0.278531	0.246296	0.242348	0.272404	
2170	0.241693	0.248375	0.275762	0.229693	0.258068	0.270372	0.281366	0.244750	0.242480	0.269515	
2175	0.237585	0.245185	0.263757	0.235771	0.256275	0.277568	0.285124	0.246305	0.241556	0.270366	
2180	0.240052	0.249027	0.261680	0.236894	0.259663	0.275575	0.288709	0.246148	0.243634	0.267809	
2185	0.237359	0.253577	0.259058	0.235849	0.258371	0.280464	0.289773	0.240984	0.245250	0.265283	
2190	0.239766	0.255295	0.251557	0.237585	0.254813	0.283699	0.289296	0.239922	0.241774	0.265523	
2195	0.243407	0.258503	0.252393	0.237833	0.251131	0.279575	0.284903	0.236795	0.244061	0.267884	
2200	0.247825	0.259658	0.252955	0.239439	0.245322	0.284616	0.273162	0.243312	0.244368	0.261144	
2205	0.246793	0.258713	0.258686	0.240761	0.244334	0.276353	0.267617	0.247136	0.246645	0.266165	
2210	0.246384	0.261474	0.258060	0.246718	0.241986	0.265406	0.266129	0.246811	0.246576	0.267522	
2215	0.245752	0.256027	0.258147	0.253323	0.243889	0.264334	0.264367	0.245610	0.244170	0.274385	
2220	0.249150	0.255425	0.258291	0.259620	0.247501	0.261390	0.252930	0.249256	0.242978	0.279189	
2225	0.249689	0.254167	0.256101	0.262331	0.251113	0.250326	0.248325	0.257731	0.244970	0.283130	
2230	0.249805	0.249461	0.256962	0.264520	0.248904	0.239940	0.237474	0.259412	0.242188	0.284378	
2235	0.256622	0.255834	0.254479	0.265067	0.254063	0.232733	0.236077	0.268784	0.237771	0.279877	
2240	0.261479	0.257258	0.247579	0.267051	0.252352	0.222665	0.227764	0.271862	0.241618	0.281912	
2245	0.260593	0.250951	0.243240	0.266672	0.254348	0.222258	0.229530	0.272755	0.242459	0.278818	
2250	0.263495	0.243402	0.237191	0.266396	0.257141	0.223931	0.228211	0.276842	0.237496	0.275347	
2255	0.264269	0.242049	0.234792	0.268119	0.259564	0.224261	0.231882	0.272231	0.240077	0.271548	
2260	0.262984	0.242750	0.229594	0.265184	0.258849	0.223324	0.235755	0.266916	0.240568	0.271385	
2265	0.271025	0.240188	0.226361	0.265942	0.255383	0.222988	0.241099	0.264945	0.247534	0.276530	
2270	0.268778	0.239494	0.231622	0.266753	0.253176	0.228227	0.242879	0.256979	0.250961	0.273408	
2275	0.275236	0.238738	0.228571	0.268340	0.255777	0.230421	0.242464	0.250976	0.250769	0.266601	
2280	0.278221	0.233922	0.222182	0.266949	0.256977	0.232474	0.248384	0.247745	0.249342	0.262611	
2285	0.276530	0.239386	0.219813	0.269946	0.265157	0.237129	0.250142	0.246017	0.249662	0.253277	
2290	0.278710	0.233778	0.219950	0.268485	0.263914	0.239788	0.258406	0.243003	0.248895	0.252646	
2295	0.275509	0.234237	0.216367	0.266570	0.262383	0.235703	0.263135	0.248652	0.243552	0.245801	
2300	0.280638	0.238431	0.223994	0.270466	0.258584	0.235003	0.266825	0.243246	0.239460	0.240486	
2305	0.273340	0.238974	0.225287	0.272470	0.261716	0.230277	0.269409	0.243086	0.236714	0.240397	
2310	0.271759	0.243592	0.221748	0.272537	0.252520	0.228699	0.270447	0.239494	0.235308	0.249354	
2315	0.265844	0.250987	0.223698	0.272043	0.247918	0.228160	0.264169	0.241540	0.238077	0.251629	
2320	0.256974	0.249922	0.232869	0.269287	0.255522	0.227538	0.262519	0.245416	0.234549	0.250157	
2325	0.255264	0.253658	0.236440	0.268640	0.253646	0.233206	0.262282	0.241207	0.228452	0.248909	
2330	0.256381	0.253470	0.243249	0.266192	0.257949	0.235185	0.261481	0.240226	0.224360	0.250774	
2335	0.259491	0.253939	0.248128	0.259919	0.260358	0.243269	0.267890	0.246164	0.223623	0.256939	
2340	0.259740	0.256082	0.253170	0.255891	0.259536	0.250035	0.268450	0.251498	0.227138	0.262357	
2345	0.256772	0.254839	0.252732	0.254103	0.266705	0.251397	0.266882	0.254331	0.229592	0.267074	
2350	0.259533	0.248222	0.259343	0.253922	0.264271	0.246879	0.269335	0.255382	0.226633	0.267706	
2355	0.253458	0.242028	0.257254	0.248019	0.269497	0.245960	0.264995	0.257652	0.228457	0.270309	
2360	0.255338	0.241013	0.260890	0.244276	0.273777	0.248539	0.266742	0.259694	0.235646	0.271662	
2365	0.252253	0.237802	0.263724	0.238816	0.272977	0.250635	0.266602	0.262887	0.237991	0.271404	
2370	0.248124	0.238105	0.268262	0.239367	0.275633	0.253644	0.271528	0.258581	0.239253	0.271564	
2375	0.247600	0.235316	0.265890	0.238030	0.268064	0.259508	0.268305	0.260712	0.236419	0.277355	
2380	0.249903	0.237482	0.271922	0.241817	0.267542	0.265201	0.267430	0.266879	0.238400	0.269315	
2385	0.243301	0.239668	0.277730	0.244831	0.263810	0.262796	0.269778	0.265828	0.241970	0.270563	
2390	0.240998	0.242046	0.284099	0.238109	0.258462	0.256137	0.263104	0.267422	0.247257	0.268858	
2395	0.244405	0.244098	0.283364	0.236724	0.257222	0.260888	0.257242	0.268249	0.247428	0.266385	
2400	0.242486	0.251662	0.278507	0.235037	0.261368	0.259711	0.249359	0.274718	0.250143	0.265899	
2405	0.240362	0.254408	0.272229	0.238388	0.262435	0.258980	0.244294	0.276530	0.253951	0.264855	
2410	0.239315	0.256549	0.263929	0.235058	0.261967	0.256862	0.235482	0.275624	0.260900	0.264780	
2415	0.241015	0.257922	0.256913	0.231796	0.264617	0.257807	0.234020	0.271658	0.264708	0.264210	
2420	0.239881	0.260142	0.254402	0.239851	0.256933	0.256985	0.238128	0.269555	0.263963	0.269474	
2425	0.236171	0.254887	0.251812	0.239008	0.254558	0.258354	0.235080	0.264721	0.266620	0.262626	
2430	0.235078	0.257539	0.252030	0.236631	0.252605	0.259071	0.236399	0.258835	0.262984	0.261299	
2435	0.232119	0.251308	0.253554	0.239207	0.253436	0.252237	0.234671	0.256395	0.261859	0.255552	
2440	0.235300	0.248859	0.250776	0.244169	0.254918	0.254305	0.235405	0.248247	0.256540	0.261162	
2445	0.237367	0.251268	0.251656	0.245829	0.254065	0.253649	0.236336	0.247628	0.257805	0.260391	
2450	0.239442	0.248303	0.245850	0.242558	0.252082	0.256767	0.239034	0.248367	0.257404	0.257475	
2455	0.237970	0.244294	0.243170	0.251482	0.247996	0.248397	0.237131	0.247388	0.257380	0.250710	
2460	0.238055	0.237333	0.242025	0.256852	0.253778	0.252907	0.240846	0.245320	0.256988	0.243455	
2465	0.241469	0.232711	0.244570	0.264229	0.252806	0.249293	0.236498	0.245906	0.254488	0.243115	
2470	0.242648	0.223930	0.240409	0.257086	0.246667	0.248445	0.231477	0.251893	0.255540	0.240924	
2475	0.247375	0.223555	0.240014	0.259677	0.245765	0.247246	0.229289	0.251346	0.253243	0.242530	
2480	0.253412	0.221581	0.236738	0.260508	0.239559	0.242205	0.233238	0.247033	0.249432	0.243953	
2485	0.253610	0.222389	0.238770	0.267985	0.234630	0.245807	0.234364	0.250161	0.248959	0.249857	
2490	0.258360	0.226211	0.242483	0.268669	0.231068	0.253186	0.236437	0.255936	0.242825	0.251642	
2495	0.260876	0.227320	0.244662	0.274858	0.228100	0.252386	0.235315	0.261130	0.242746	0.255021	
2500	0.262191	0.231431	0.240552	0.274863	0.222867	0.252910	0.237991	0.267470	0.240983	0.258699	
2505	0.261302	0.236891	0.248241	0.270070	0.228924	0.252559	0.247519	0.270218	0.236141	0.257446	
2510	0.260064	0.240323	0.249878	0.273197	0.230596	0.256936	0.256109	0.269612	0.234927	0.257382	
2515	0.252724	0.246442	0.250838	0.275614	0.229942	0.257395	0.257134	0.272189	0.236027	0.254190	
2520	0.250569	0.252270	0.258285	0.274383	0.226229	0.258318	0.253700	0.272516	0.237006	0.257243	
2525	0.252493	0.259169	0.266778	0.275869	0.234723	0.254376	0.257149	0.269425	0.235790	0.261373	
2530	0.253938	0.267118	0.267510	0.275858	0.236932	0.250172	0.262481	0.269060	0.229957	0.258704	
2535	0.246535	0.273413	0.276638	0.272160	0.232963	0.247976	0.263141	0.270040	0.231277	0.260925	
2540	0.241000	0.277931	0.276647	0.270621	0.235759	0.243798	0.260595	0.266881	0.233398	0.256531	
2545	0.238788	0.286535	0.273764	0.267871	0.231396	0.245841	0.264666	0.260781	0.229807	0.251021	
2550	0.231081	0.293444	0.276042	0.263494	0.230733	0.250268	0.258708	0.258279	0.227644	0.250584	
2555	0.229141	0.296314	0.280729	0.260913	0.233957	0.250919	0.256770	0.263437	0.224208	0.246653	
2560	0.229187	0.293041	0.273530	0.257129	0.238149	0.244160	0.255247	0.266860	0.226580	0.240013	
2565	0.227904	0.289396	0.273278	0.256423	0.241489	0.242270	0.255604	0.270774	0.224729	0.247576	
2570	0.223005	0.289266	0.262615	0.256158	0.250840	0.243042	0.251921	0.262779	0.221687	0.245822	
2575	0.220891	0.279965	0.255526	0.258811	0.253121	0.247566	0.246748	0.254759	0.216106	0.248279	
2580	0.217145	0.276352	0.249628	0.258102	0.250349	0.253491	0.247416	0.245806	0.216597	0.246013	
2585	0.219354	0.269334	0.250723	0.260574	0.254915	0.252354	0.245336	0.243018	0.221500	0.244622	
2590	0.218614	0.263582	0.244755	0.262300	0.247042	0.253828	0.246112	0.243909	0.224974	0.241978	
2595	0.216684	0.258601	0.244461	0.255124	0.249570	0.253692	0.243213	0.243970	0.228300	0.245207	
2600	0.221786	0.248054	0.236283	0.255961	0.253054	0.254821	0.244980	0.238817	0.225637	0.243086	
2605	0.218114	0.237400	0.231565	0.251276	0.258007	0.259283	0.241539	0.229212	0.228775	0.243728	
2610	0.220747	0.233533	0.230243	0.250611	0.258611	0.257660	0.246983	0.225667	0.230727	0.243927	
2615	0.225882	0.229344	0.233293	0.245830	0.264760	0.256886	0.254902	0.220723	0.238909	0.247240	
2620	0.228695	0.224947	0.235004	0.248344	0.265121	0.248464	0.256620	0.221181	0.242141	0.250368	
2625	0.228914	0.219494	0.230523	0.242406	0.269891	0.245373	0.259446	0.220036	0.251585	0.250780	
2630	0.231673	0.216883	0.227825	0.244225	0.270432	0.250062	0.260973	0.221728	0.246728	0.251690	
2635	0.233298	0.224897	0.221240	0.246831	0.263498	0.247853	0.266403	0.216786	0.249923	0.255375	
2640	0.241324	0.233075	0.223704	0.242378	0.259209	0.252769	0.268708	0.220408	0.256023	0.258425	
2645	0.239257	0.232856	0.218096	0.240757	0.253258	0.247745	0.271866	0.224257	0.259947	0.257376	
2650	0.241155	0.236264	0.218457	0.240615	0.244345	0.246579	0.277016	0.230359	0.254849	0.259813	
2655	0.242627	0.228379	0.218318	0.245232	0.238052	0.244834	0.279182	0.243125	0.249245	0.264305	
2660	0.237399	0.236127	0.220223	0.248029	0.236905	0.242333	0.275966	0.249866	0.245414	0.267848	
2665	0.240719	0.236610	0.220058	0.244113	0.230853	0.245040	0.270599	0.260832	0.244625	0.270096	
2670	0.246631	0.242713	0.225722	0.244906	0.231699	0.240344	0.265406	0.268073	0.237691	0.266174	
2675	0.251862	0.248522	0.228435	0.247434	0.230362	0.244711	0.256244	0.270413	0.237464	0.270756	
2680	0.255349	0.247067	0.235329	0.246484	0.236111	0.249762	0.248222	0.275263	0.236477	0.262964	
2685	0.257995	0.246252	0.240277	0.242028	0.232496	0.252540	0.243710	0.275492	0.236498	0.262223	
2690	0.262603	0.247074	0.243826	0.243835	0.231901	0.249815	0.240275	0.278281	0.233846	0.265340	
2695	0.258610	0.253154	0.255917	0.243829	0.229056	0.248776	0.238822	0.279716	0.235432	0.263630	
2700	0.252771	0.249900	0.257187	0.244366	0.230539	0.249874	0.233384	0.283588	0.233520	0.257419	
2705	0.250139	0.259424	0.262059	0.243658	0.230196	0.246193	0.231234	0.285177	0.232628	0.257219	
2710	0.245645	0.263884	0.263866	0.248068	0.222468	0.243322	0.237545	0.280635	0.235847	0.252538	
2715	0.253195	0.266439	0.269653	0.246677	0.223292	0.238063	0.242160	0.281830	0.242235	0.249495	
2720	0.250238	0.267131	0.271331	0.245970	0.223680	0.237659	0.242069	0.274749	0.244223	0.248259	
2725	0.243722	0.270048	0.273548	0.242293	0.217092	0.239258	0.246114	0.269352	0.244214	0.254185	
2730	0.240133	0.274001	0.272410	0.227565	0.218964	0.238977	0.246578	0.265619	0.249892	0.256911	
2735	0.237484	0.273162	0.270604	0.226465	0.222611	0.241430	0.248732	0.262922	0.251006	0.256085	
2740	0.236741	0.279670	0.267575	0.221774	0.229132	0.245135	0.251705	0.253729	0.250611	0.262557	
2745	0.235153	0.278845	0.262346	0.220471	0.227519	0.245367	0.253909	0.261500	0.253691	0.264889	
2750	0.235881	0.270872	0.255641	0.215618	0.235607	0.247606	0.255723	0.260605	0.253460	0.261564	
2755	0.233338	0.264221	0.249755	0.219019	0.242614	0.246283	0.254429	0.256763	0.253616	0.264077	
2760	0.236468	0.261589	0.239430	0.226999	0.249585	0.245363	0.266332	0.258578	0.252449	0.272458	
2765	0.234562	0.255207	0.231913	0.224991	0.244391	0.249243	0.263870	0.264279	0.252227	0.263066	
2770	0.239870	0.255010	0.228144	0.229269	0.246065	0.243297	0.266579	0.268363	0.256412	0.268405	
2775	0.235078	0.250741	0.222355	0.233095	0.250465	0.240717	0.268658	0.265320	0.257726	0.272248	
2780	0.234425	0.245782	0.225423	0.241608	0.250525	0.236456	0.273357	0.261349	0.248997	0.272233	
2785	0.238822	0.243891	0.224496	0.245339	0.251503	0.239482	0.275634	0.258024	0.244785	0.269564	
2790	0.237261	0.243559	0.222548	0.249615	0.250516	0.238101	0.279753	0.249603	0.241373	0.273585	
2795	0.237607	0.240275	0.221888	0.254266	0.255425	0.243718	0.280742	0.241509	0.235450	0.277624	
2800	0.235569	0.243133	0.215425	0.256389	0.252973	0.244427	0.277607	0.240106	0.237688	0.267697	
2805	0.230781	0.241215	0.217314	0.259450	0.250596	0.244637	0.279161	0.235649	0.235314	0.267100	
2810	0.227438	0.236922	0.228558	0.262055	0.248954	0.243532	0.279768	0.230872	0.233387	0.263630	
2815	0.229406	0.240569	0.233741	0.269745	0.251034	0.244309	0.283111	0.229999	0.230569	0.260898	
2820	0.230007	0.245678	0.238257	0.272525	0.242005	0.239726	0.278115	0.224353	0.223419	0.254372	
2825	0.228828	0.242957	0.238983	0.280875	0.241358	0.241340	0.280009	0.220760	0.222611	0.257889	
2830	0.230626	0.239133	0.242561	0.288631	0.243316	0.242999	0.276649	0.218869	0.222506	0.253334	
2835	0.231540	0.246991	0.251359	0.288782	0.242361	0.236706	0.276313	0.221012	0.222551	0.254634	
2840	0.237866	0.249631	0.259191	0.287511	0.249180	0.239330	0.270635	0.221832	0.223240	0.256592	
2845	0.243999	0.254926	0.260912	0.287685	0.242903	0.235916	0.272702	0.223336	0.225663	0.249854	
2850	0.243379	0.255038	0.264347	0.284810	0.240711	0.236947	0.267770	0.226199	0.231634	0.251224	
2855	0.246104	0.251813	0.271605	0.278168	0.242115	0.242507	0.270954	0.235060	0.226233	0.250301	
2860	0.255881	0.249834	0.276786	0.275836	0.247330	0.246573	0.270394	0.236354	0.224743	0.249211	
2865	0.257055	0.250091	0.281173	0.268126	0.244981	0.250525	0.262783	0.245226	0.228172	0.246028	
2870	0.262029	0.247168	0.282529	0.261105	0.246888	0.253888	0.260714	0.246522	0.229617	0.247207	
2875	0.263838	0.247913	0.282465	0.256987	0.252362	0.261008	0.260307	0.252502	0.230877	0.249640	
2880	0.266852	0.249519	0.285464	0.248676	0.261311	0.259283	0.254177	0.254581	0.229001	0.247432	
2885	0.263653	0.253652	0.281020	0.242412	0.267317	0.257115	0.250370	0.266519	0.233275	0.249333	
2890	0.269753	0.256386	0.281196	0.237306	0.259577	0.258326	0.251596	0.275143	0.233169	0.249238	
2895	0.267086	0.255812	0.277736	0.231366	0.256322	0.263037	0.246973	0.284148	0.239522	0.249619	
2900	0.260759	0.261766	0.274830	0.227695	0.257558	0.265183	0.245123	0.283952	0.241820	0.243138	
2905	0.255463	0.268319	0.263882	0.222293	0.257866	0.266462	0.243768	0.282643	0.246477	0.239736	
2910	0.259515	0.273916	0.261589	0.221390	0.255936	0.268473	0.243688	0.280442	0.248646	0.235410	
2915	0.257442	0.271225	0.262240	0.224916	0.255690	0.267478	0.243292	0.279557	0.253034	0.234518	
2920	0.257191	0.268586	0.261143	0.227411	0.250266	0.270813	0.236403	0.268034	0.251842	0.233176	
2925	0.258470	0.264171	0.261084	0.224174	0.241637	0.271495	0.234779	0.262341	0.248188	0.227903	
2930	0.257315	0.267573	0.260805	0.220651	0.243682	0.271108	0.234541	0.255329	0.245261	0.231339	
2935	0.254448	0.273661	0.256805	0.222221	0.237514	0.266151	0.233490	0.248542	0.253256	0.233178	
2940	0.242999	0.267056	0.254475	0.223642	0.231123	0.263299	0.232289	0.242492	0.253461	0.235765	
2945	0.244212	0.266874	0.257402	0.224719	0.228101	0.261404	0.230427	0.237591	0.250460	0.236903	
2950	0.241712	0.266044	0.253407	0.223220	0.225352	0.253464	0.227598	0.234851	0.247114	0.235864	
2955	0.250178	0.263340	0.251915	0.220289	0.220953	0.248493	0.225718	0.229023	0.245253	0.240056	
2960	0.246008	0.261915	0.250536	0.227909	0.215278	0.249674	0.230573	0.227964	0.248419	0.246193	
2965	0.242954	0.264435	0.247013	0.233122	0.214265	0.254284	0.232093	0.225950	0.252833	0.246646	
2970	0.248028	0.270213	0.247655	0.239583	0.212899	0.246959	0.231295	0.218649	0.256764	0.249296	
2975	0.253058	0.263618	0.243381	0.245585	0.214591	0.248651	0.236782	0.212645	0.258419	0.252210	
2980	0.251528	0.260376	0.242627	0.248505	0.214064	0.245110	0.232675	0.214048	0.257286	0.249341	
2985	0.255969	0.262926	0.240156	0.253203	0.221680	0.245063	0.234730	0.215786	0.259619	0.249522	
2990	0.255175	0.260395	0.243747	0.256976	0.229057	0.242660	0.231871	0.217692	0.267203	0.248859	
2995	0.262498	0.258572	0.247828	0.264873	0.228181	0.240182	0.228631	0.221559	0.273944	0.248133	
3000	0.266365	0.252723	0.249951	0.267373	0.234431	0.245766	0.233818	0.223219	0.274351	0.250509	
