T	rep_1	rep_2	rep_3	rep_4	rep_5	rep_6	rep_7	rep_8	rep_9	rep_10
5	0.007645	0.004422	0.005531	0.006352	0.003251	0.004061	0.004043	0.004667	0.006380	0.005104	
10	0.096295	0.076450	0.073511	0.081736	0.055439	0.059011	0.065549	0.066776	0.080088	0.076291	
15	0.169286	0.131091	0.135175	0.152217	0.136334	0.115176	0.163444	0.120804	0.150707	0.148458	
20	0.214745	0.173853	0.164622	0.214080	0.187732	0.152030	0.221981	0.166993	0.184733	0.191144	
25	0.251841	0.228261	0.193573	0.271704	0.221131	0.193813	0.265882	0.212015	0.216260	0.237531	
30	0.283912	0.262328	0.215298	0.299174	0.239204	0.246839	0.292745	0.248927	0.259030	0.274102	
35	0.315425	0.291172	0.230926	0.313933	0.262508	0.289999	0.310847	0.289142	0.297416	0.307215	
40	0.349660	0.316875	0.247454	0.322741	0.294469	0.313716	0.326522	0.316449	0.336326	0.341368	
45	0.372684	0.339836	0.268861	0.331964	0.330115	0.334216	0.336112	0.329315	0.356784	0.363822	
50	0.391508	0.352444	0.286649	0.341537	0.365218	0.345128	0.348398	0.335902	0.373326	0.385933	
55	0.402619	0.370311	0.313122	0.352194	0.381960	0.358581	0.367121	0.348559	0.379734	0.394132	
60	0.412270	0.383937	0.325941	0.367023	0.400280	0.366940	0.378750	0.360255	0.392582	0.408948	
65	0.419400	0.390051	0.338985	0.374779	0.409635	0.382574	0.391672	0.371606	0.398438	0.419746	
70	0.426474	0.404240	0.357077	0.384267	0.419507	0.398936	0.402552	0.380928	0.397370	0.428434	
75	0.436846	0.409926	0.368791	0.398647	0.429723	0.408239	0.409672	0.384617	0.397941	0.430798	
80	0.436796	0.422315	0.384927	0.412098	0.438411	0.420974	0.416641	0.395776	0.402065	0.436506	
85	0.430560	0.434537	0.399186	0.418573	0.442368	0.426021	0.422176	0.404927	0.407307	0.439971	
90	0.432583	0.444392	0.416107	0.426007	0.450762	0.432380	0.427165	0.415780	0.409275	0.440130	
95	0.432955	0.446845	0.422472	0.434401	0.451803	0.435112	0.429589	0.419423	0.413758	0.447158	
100	0.438011	0.456524	0.431109	0.434565	0.455442	0.445738	0.435329	0.419710	0.417803	0.450597	
105	0.436219	0.459131	0.433505	0.438100	0.454275	0.448228	0.442858	0.427415	0.422869	0.442378	
110	0.440662	0.462946	0.440516	0.440634	0.458601	0.451934	0.444886	0.436928	0.434431	0.449959	
115	0.444725	0.465984	0.443268	0.447595	0.457119	0.455760	0.446736	0.445525	0.440904	0.453988	
120	0.447778	0.470736	0.449832	0.448534	0.456455	0.469164	0.452050	0.445237	0.446921	0.458473	
125	0.450727	0.470061	0.455030	0.449518	0.455594	0.464857	0.452806	0.452642	0.449534	0.458940	
130	0.451047	0.466919	0.457026	0.454319	0.454383	0.467937	0.449161	0.456453	0.448043	0.462178	
135	0.451849	0.464300	0.462082	0.457677	0.456489	0.474803	0.444639	0.457323	0.454318	0.456583	
140	0.455545	0.462909	0.461003	0.458110	0.460497	0.469706	0.445154	0.465244	0.454130	0.454556	
145	0.454564	0.462760	0.462466	0.462142	0.464566	0.473873	0.446157	0.466952	0.454031	0.447960	
150	0.456884	0.461446	0.468868	0.465819	0.467980	0.480448	0.449479	0.470229	0.458465	0.447090	
155	0.461348	0.465574	0.471291	0.467894	0.467220	0.484705	0.452729	0.468762	0.464577	0.444522	
160	0.463992	0.471594	0.473755	0.471922	0.462884	0.482330	0.453969	0.470598	0.468781	0.441592	
165	0.468089	0.468524	0.470594	0.478231	0.463713	0.484084	0.454841	0.471010	0.464412	0.446024	
170	0.466238	0.471863	0.470461	0.475653	0.464867	0.478699	0.459536	0.471018	0.464929	0.441903	
175	0.464260	0.472154	0.475124	0.474563	0.467851	0.478728	0.461136	0.472031	0.472161	0.442304	
180	0.463054	0.474911	0.473111	0.477155	0.473621	0.476617	0.454327	0.471848	0.471920	0.446339	
185	0.463259	0.473927	0.474557	0.475717	0.474471	0.468014	0.456097	0.468814	0.475343	0.442466	
190	0.462375	0.471808	0.476045	0.476467	0.474897	0.474192	0.460011	0.467108	0.484303	0.442152	
195	0.469274	0.476569	0.475943	0.472990	0.474956	0.482074	0.464118	0.474976	0.479531	0.439705	
200	0.464961	0.486288	0.476932	0.481269	0.478512	0.485671	0.467305	0.476837	0.480123	0.441773	
205	0.467098	0.488997	0.481283	0.480051	0.483119	0.479002	0.462866	0.482087	0.482432	0.446131	
210	0.470667	0.492380	0.481787	0.482962	0.482742	0.479534	0.464635	0.482178	0.477522	0.453970	
215	0.468369	0.498624	0.482161	0.485146	0.478598	0.482503	0.467806	0.477438	0.474940	0.449898	
220	0.476182	0.498119	0.482851	0.485255	0.486156	0.481463	0.467042	0.483898	0.475540	0.457232	
225	0.475466	0.494625	0.482538	0.488490	0.488127	0.479689	0.470298	0.484651	0.478437	0.460080	
230	0.473724	0.492711	0.482943	0.491081	0.487259	0.477288	0.467750	0.486601	0.475551	0.457380	
235	0.472366	0.493007	0.478717	0.491640	0.484927	0.481422	0.467834	0.490714	0.477248	0.460960	
240	0.476735	0.496769	0.479104	0.493677	0.488882	0.484240	0.465249	0.494204	0.475412	0.460688	
245	0.479095	0.497766	0.479714	0.492078	0.492923	0.480004	0.466252	0.493248	0.474130	0.465408	
250	0.483394	0.497529	0.475639	0.485474	0.487370	0.480779	0.464217	0.495586	0.474785	0.464689	
255	0.482766	0.500810	0.478104	0.486068	0.489408	0.480557	0.467891	0.498154	0.478226	0.461162	
260	0.481906	0.502001	0.481298	0.486165	0.493022	0.485531	0.472058	0.494929	0.477637	0.463630	
265	0.483738	0.504399	0.479001	0.481655	0.499816	0.494991	0.468257	0.492686	0.482895	0.467421	
270	0.486232	0.502199	0.480143	0.479599	0.501862	0.495867	0.461215	0.494772	0.482198	0.469874	
275	0.484320	0.502162	0.485595	0.477511	0.500169	0.501815	0.463833	0.493483	0.484553	0.471413	
280	0.490706	0.504706	0.488606	0.483338	0.502331	0.501814	0.466616	0.485721	0.486483	0.468568	
285	0.491114	0.507857	0.488996	0.480172	0.502032	0.500842	0.465184	0.481321	0.486445	0.467592	
290	0.490065	0.504116	0.489055	0.484864	0.505260	0.503344	0.468245	0.483495	0.481685	0.465213	
295	0.490009	0.503022	0.487383	0.484198	0.505756	0.508487	0.467335	0.483765	0.483921	0.461043	
300	0.487701	0.504193	0.488548	0.483651	0.506686	0.510855	0.466427	0.487533	0.484739	0.457122	
305	0.486107	0.502746	0.484751	0.489689	0.503576	0.509148	0.467873	0.487069	0.487024	0.459739	
310	0.483208	0.501091	0.482713	0.486701	0.498773	0.511128	0.467228	0.490861	0.486676	0.463299	
315	0.481973	0.502208	0.483540	0.487088	0.500464	0.509060	0.471315	0.485466	0.486226	0.466490	
320	0.481456	0.502557	0.488891	0.489072	0.497603	0.505865	0.467353	0.490028	0.486448	0.468851	
325	0.486432	0.502821	0.490517	0.487164	0.503395	0.504858	0.467249	0.490187	0.489478	0.477781	
330	0.490142	0.500781	0.488869	0.488813	0.497997	0.507820	0.472065	0.493045	0.488364	0.471522	
335	0.484709	0.501246	0.486562	0.492546	0.492175	0.509361	0.474569	0.491033	0.492066	0.473846	
340	0.489338	0.506113	0.486411	0.484688	0.490863	0.511371	0.473805	0.491857	0.489513	0.474602	
345	0.486794	0.509342	0.486710	0.487288	0.495192	0.504850	0.474011	0.488583	0.488298	0.479535	
350	0.484551	0.510973	0.485310	0.485873	0.497186	0.506977	0.478054	0.486471	0.488052	0.484213	
355	0.486919	0.515203	0.484316	0.486436	0.491971	0.504142	0.479123	0.484634	0.487041	0.484946	
360	0.490099	0.513562	0.486378	0.483555	0.490941	0.503940	0.475398	0.484150	0.487875	0.484110	
365	0.489362	0.518932	0.492282	0.483079	0.494514	0.504970	0.475245	0.485379	0.484884	0.478413	
370	0.495919	0.517113	0.491025	0.482068	0.490735	0.503654	0.476220	0.486745	0.488547	0.484293	
375	0.496631	0.517249	0.489534	0.482724	0.491991	0.505087	0.475565	0.485695	0.490356	0.487757	
380	0.495029	0.514804	0.484221	0.484377	0.492153	0.502880	0.483027	0.482283	0.490376	0.486227	
385	0.495226	0.513645	0.484018	0.486065	0.491838	0.503326	0.477369	0.486500	0.492630	0.482692	
390	0.492821	0.516618	0.489042	0.483935	0.494012	0.504007	0.485407	0.486076	0.498369	0.486680	
395	0.488908	0.513130	0.482174	0.485060	0.496169	0.502553	0.481439	0.484887	0.500228	0.489269	
400	0.485972	0.513067	0.484120	0.485480	0.498331	0.498823	0.475407	0.484690	0.499896	0.489726	
405	0.484216	0.512897	0.482354	0.483963	0.500696	0.497017	0.476368	0.485194	0.499040	0.495909	
410	0.486259	0.516149	0.485127	0.483160	0.495048	0.496265	0.477495	0.487210	0.502078	0.498394	
415	0.487047	0.514943	0.482104	0.476974	0.498651	0.491588	0.474827	0.491400	0.499877	0.497745	
420	0.487401	0.514123	0.484044	0.477725	0.498566	0.491090	0.478816	0.488973	0.493636	0.491505	
425	0.484616	0.514344	0.481752	0.477022	0.501107	0.496367	0.481751	0.491160	0.498540	0.494232	
430	0.484721	0.508865	0.478355	0.477237	0.501144	0.496359	0.482640	0.488516	0.500970	0.492220	
435	0.482165	0.504837	0.479792	0.477002	0.499321	0.495406	0.481584	0.486976	0.504804	0.494343	
440	0.483852	0.502537	0.483008	0.478876	0.497181	0.498343	0.482308	0.486827	0.500945	0.499062	
445	0.484368	0.501496	0.484523	0.479630	0.495223	0.500209	0.486748	0.486658	0.504555	0.503208	
450	0.485803	0.501521	0.482572	0.482481	0.495434	0.495166	0.488337	0.481745	0.508137	0.502668	
455	0.486347	0.500340	0.488131	0.485088	0.497378	0.494718	0.485304	0.483494	0.505550	0.502289	
460	0.488120	0.500921	0.493465	0.484896	0.497256	0.496449	0.483672	0.480742	0.507000	0.505488	
465	0.485091	0.497399	0.494457	0.488016	0.500031	0.498627	0.483473	0.482716	0.509101	0.510759	
470	0.488314	0.495849	0.493291	0.483737	0.501286	0.497066	0.478706	0.481786	0.511292	0.507937	
475	0.494209	0.497370	0.488673	0.480361	0.502229	0.494375	0.483541	0.482694	0.508923	0.507548	
480	0.486861	0.499765	0.492294	0.483172	0.496077	0.495290	0.485469	0.486423	0.507715	0.504109	
485	0.481092	0.501642	0.493328	0.482353	0.500072	0.496812	0.489572	0.489205	0.503259	0.502043	
490	0.483345	0.504887	0.495870	0.485208	0.502826	0.497563	0.490589	0.488792	0.498756	0.499140	
495	0.484542	0.508388	0.497387	0.482891	0.500527	0.500029	0.491044	0.490858	0.498113	0.498730	
500	0.486407	0.509984	0.492820	0.487527	0.502785	0.500474	0.491317	0.489357	0.496955	0.501198	
505	0.482349	0.504947	0.495686	0.492468	0.500463	0.497829	0.491835	0.497685	0.499775	0.502790	
510	0.484104	0.510502	0.493308	0.494081	0.498929	0.495950	0.494305	0.495046	0.498752	0.504758	
515	0.484088	0.507563	0.495330	0.491167	0.496676	0.495325	0.490332	0.495839	0.499013	0.510777	
520	0.485445	0.506360	0.494908	0.486486	0.493125	0.494517	0.494095	0.498393	0.496398	0.512382	
525	0.486088	0.507051	0.494111	0.484370	0.495969	0.492840	0.491905	0.500892	0.502187	0.511349	
530	0.483803	0.506346	0.493517	0.483666	0.493878	0.496123	0.488901	0.498528	0.503295	0.508599	
535	0.485927	0.505664	0.493396	0.479039	0.494926	0.493313	0.487580	0.503304	0.501429	0.503722	
540	0.486413	0.508565	0.492689	0.478669	0.491973	0.488709	0.493774	0.500851	0.503198	0.503276	
545	0.483043	0.507419	0.496119	0.477687	0.493450	0.485542	0.486775	0.503524	0.504434	0.504601	
550	0.483819	0.508814	0.495839	0.473363	0.495636	0.484177	0.490845	0.505429	0.499056	0.510028	
555	0.486249	0.508344	0.499756	0.475079	0.491791	0.487052	0.491379	0.502864	0.499707	0.507361	
560	0.478659	0.509625	0.500854	0.472254	0.491175	0.489584	0.490466	0.501797	0.492413	0.512512	
565	0.480382	0.507892	0.506634	0.479808	0.491130	0.490335	0.486581	0.502528	0.491199	0.510304	
570	0.479680	0.510189	0.503980	0.479618	0.492641	0.492119	0.482996	0.503747	0.489554	0.506120	
575	0.478889	0.512482	0.503479	0.482716	0.498419	0.494429	0.482127	0.502622	0.494184	0.510479	
580	0.480442	0.510289	0.502615	0.479768	0.496913	0.493506	0.478826	0.504079	0.499988	0.506086	
585	0.486486	0.511659	0.502995	0.477955	0.495957	0.496327	0.482645	0.504045	0.496276	0.505325	
590	0.488351	0.512612	0.499105	0.476201	0.504245	0.493004	0.486102	0.504228	0.496710	0.503946	
595	0.486245	0.508274	0.500584	0.480494	0.503653	0.487610	0.484702	0.501578	0.491597	0.503725	
600	0.482189	0.506480	0.499547	0.480889	0.502686	0.485202	0.478888	0.496914	0.494772	0.501477	
605	0.482337	0.505650	0.499974	0.482414	0.501813	0.484050	0.473971	0.501419	0.493698	0.501611	
610	0.485452	0.504331	0.496213	0.481150	0.498350	0.483341	0.472358	0.498042	0.494530	0.494798	
615	0.486197	0.507730	0.496659	0.481667	0.498501	0.484459	0.471739	0.499417	0.490124	0.488753	
620	0.492215	0.506067	0.495065	0.482720	0.501321	0.483540	0.474419	0.501136	0.493375	0.491269	
625	0.489791	0.505067	0.499482	0.480417	0.498032	0.486742	0.471929	0.499748	0.494518	0.489396	
630	0.490611	0.508459	0.500217	0.480134	0.500144	0.489085	0.477621	0.502317	0.494845	0.494354	
635	0.490301	0.505604	0.500013	0.480475	0.498652	0.487514	0.475090	0.506391	0.488776	0.495007	
640	0.494032	0.503615	0.497100	0.477078	0.499018	0.486959	0.477267	0.505963	0.486011	0.494574	
645	0.489886	0.507173	0.495660	0.482689	0.499348	0.486234	0.474099	0.504870	0.483796	0.496084	
650	0.487705	0.508838	0.492403	0.476352	0.500268	0.485602	0.475638	0.499528	0.484384	0.497656	
655	0.484427	0.509509	0.491719	0.475462	0.500978	0.486493	0.476270	0.501660	0.487518	0.492773	
660	0.489809	0.504003	0.491880	0.480403	0.501696	0.485302	0.481379	0.499685	0.492526	0.493627	
665	0.489051	0.505852	0.492647	0.483648	0.499615	0.484642	0.481919	0.502984	0.491278	0.490023	
670	0.491875	0.508858	0.494062	0.483733	0.495655	0.484521	0.484895	0.500789	0.492122	0.490913	
675	0.491416	0.513889	0.499006	0.481801	0.500717	0.486034	0.479775	0.501766	0.491547	0.494650	
680	0.488494	0.515652	0.501571	0.484827	0.502808	0.488315	0.481416	0.500132	0.497804	0.498707	
685	0.492265	0.513395	0.504652	0.490307	0.504445	0.485182	0.485351	0.499150	0.500216	0.499995	
690	0.490892	0.519058	0.506372	0.492559	0.505875	0.483841	0.483254	0.498933	0.506216	0.501719	
695	0.487984	0.517187	0.507735	0.492527	0.507887	0.479682	0.482399	0.497050	0.504819	0.502077	
700	0.490452	0.514732	0.506248	0.491120	0.506383	0.480184	0.483104	0.499477	0.502130	0.501444	
705	0.491440	0.510527	0.508154	0.493107	0.506313	0.482587	0.484359	0.498646	0.498882	0.502495	
710	0.485888	0.513110	0.507327	0.496227	0.502494	0.484407	0.481165	0.496616	0.496396	0.501352	
715	0.488004	0.514183	0.512372	0.495472	0.504869	0.484152	0.480983	0.497947	0.497519	0.501603	
720	0.487980	0.516727	0.502653	0.493735	0.503494	0.487648	0.484764	0.496106	0.497532	0.498895	
725	0.483637	0.517605	0.500883	0.498106	0.504485	0.488009	0.485351	0.496778	0.499353	0.500826	
730	0.487779	0.519452	0.496121	0.498197	0.506327	0.492065	0.489651	0.503744	0.499696	0.503649	
735	0.489517	0.522418	0.489764	0.500032	0.504582	0.492678	0.490404	0.502529	0.498795	0.504715	
740	0.487550	0.520452	0.488917	0.498405	0.503552	0.483620	0.490414	0.502556	0.502607	0.502953	
745	0.483686	0.514134	0.493435	0.497205	0.499360	0.482610	0.493413	0.503006	0.504339	0.502161	
750	0.486140	0.515449	0.497523	0.493112	0.494307	0.481304	0.496046	0.503713	0.505201	0.503029	
755	0.484916	0.516722	0.497084	0.498129	0.491582	0.478608	0.494971	0.501636	0.503975	0.503985	
760	0.483225	0.512600	0.494354	0.496902	0.495301	0.482648	0.492210	0.499443	0.505093	0.504046	
765	0.485357	0.509865	0.493022	0.498534	0.497910	0.486260	0.493735	0.493636	0.498344	0.506162	
770	0.480755	0.511729	0.491711	0.496688	0.494025	0.491317	0.487176	0.493091	0.498109	0.509357	
775	0.480792	0.512745	0.488567	0.497981	0.494241	0.493617	0.492392	0.492130	0.496544	0.505107	
780	0.487821	0.510303	0.486120	0.499039	0.494181	0.496367	0.493302	0.497015	0.499942	0.504466	
785	0.486636	0.516416	0.485127	0.501445	0.489036	0.492485	0.494399	0.499030	0.500767	0.507105	
790	0.490517	0.514083	0.485643	0.499589	0.488316	0.488348	0.496624	0.497628	0.500949	0.506188	
795	0.492627	0.516089	0.490204	0.499905	0.489027	0.481826	0.494288	0.495701	0.505143	0.506296	
800	0.489162	0.512322	0.490942	0.501689	0.494241	0.486114	0.495491	0.496941	0.508746	0.500912	
805	0.486524	0.508539	0.491596	0.499765	0.494792	0.483617	0.495943	0.500704	0.501051	0.499553	
810	0.487112	0.509142	0.491395	0.496518	0.497054	0.483586	0.497240	0.503591	0.498251	0.503097	
815	0.483793	0.505533	0.487772	0.498671	0.496934	0.486825	0.496558	0.497127	0.498466	0.506347	
820	0.481298	0.508595	0.489740	0.497665	0.489108	0.493129	0.491957	0.496532	0.497189	0.505577	
825	0.481038	0.508936	0.491420	0.498638	0.490907	0.490868	0.491959	0.494819	0.499150	0.508392	
830	0.482429	0.509513	0.494730	0.500204	0.491050	0.492566	0.488549	0.492114	0.503536	0.505687	
835	0.484338	0.509847	0.499228	0.496664	0.492496	0.494574	0.492277	0.499127	0.499211	0.505086	
840	0.484245	0.509893	0.498327	0.494848	0.489730	0.492735	0.494234	0.499491	0.499730	0.508662	
845	0.488634	0.514614	0.498274	0.494625	0.483615	0.489480	0.496609	0.497048	0.500853	0.507792	
850	0.491786	0.511554	0.496484	0.494767	0.486782	0.495333	0.491568	0.495303	0.501439	0.509750	
855	0.491171	0.509157	0.496256	0.494266	0.490059	0.497181	0.489045	0.495817	0.500690	0.502939	
860	0.496117	0.509691	0.496332	0.495741	0.490533	0.496084	0.488226	0.489846	0.504684	0.505345	
865	0.496643	0.510092	0.496888	0.496220	0.493405	0.491168	0.490370	0.491132	0.504124	0.504796	
870	0.496693	0.510891	0.495860	0.496200	0.493571	0.493345	0.492732	0.492660	0.503449	0.501702	
875	0.494600	0.507598	0.497643	0.494206	0.493108	0.496097	0.490151	0.494002	0.503390	0.501623	
880	0.495830	0.506268	0.498800	0.496802	0.490258	0.499588	0.491590	0.490779	0.503859	0.502105	
885	0.497787	0.503813	0.494269	0.498028	0.495188	0.492460	0.486699	0.498198	0.505085	0.503955	
890	0.494916	0.499554	0.492244	0.495378	0.491996	0.495932	0.485755	0.502129	0.501478	0.500445	
895	0.492512	0.497841	0.496070	0.499152	0.497169	0.496518	0.487220	0.501936	0.504782	0.498420	
900	0.486979	0.494039	0.499453	0.495891	0.496149	0.490545	0.489911	0.498745	0.505009	0.500642	
905	0.484390	0.495345	0.496552	0.493646	0.498408	0.488773	0.488595	0.499263	0.500523	0.504194	
910	0.489018	0.494854	0.499481	0.492721	0.497704	0.488683	0.489744	0.496013	0.500915	0.504596	
915	0.490336	0.499254	0.496789	0.496272	0.499513	0.488935	0.490508	0.493737	0.503272	0.504042	
920	0.489290	0.495196	0.500449	0.498412	0.497953	0.486164	0.485765	0.486620	0.507938	0.501353	
925	0.489244	0.498806	0.491110	0.500255	0.497234	0.485034	0.486002	0.488310	0.507335	0.508798	
930	0.489364	0.496884	0.493334	0.505015	0.495831	0.481861	0.486955	0.488441	0.508528	0.506538	
935	0.489016	0.493621	0.492529	0.503100	0.493930	0.483325	0.484106	0.488711	0.507735	0.507738	
940	0.489002	0.491286	0.493866	0.506989	0.492233	0.484754	0.481597	0.491070	0.507786	0.510433	
945	0.484731	0.492929	0.497881	0.506061	0.495130	0.484785	0.475247	0.491883	0.502136	0.507532	
950	0.481357	0.490966	0.497843	0.506918	0.497629	0.482942	0.473865	0.494451	0.500361	0.506168	
955	0.482135	0.491061	0.499539	0.506022	0.499929	0.484152	0.475690	0.495111	0.499784	0.510046	
960	0.482727	0.491056	0.503670	0.511025	0.494470	0.484379	0.478110	0.492787	0.500904	0.507398	
965	0.477387	0.490367	0.509231	0.514296	0.497883	0.482387	0.476539	0.491995	0.498347	0.507502	
970	0.482154	0.491626	0.509985	0.514113	0.499436	0.487469	0.475597	0.492719	0.500285	0.509105	
975	0.493310	0.493859	0.511300	0.512680	0.499792	0.490220	0.479492	0.489148	0.500927	0.507080	
980	0.495853	0.493339	0.515811	0.512242	0.505443	0.490269	0.480868	0.491068	0.502522	0.505372	
985	0.497476	0.497120	0.513647	0.514815	0.504642	0.494545	0.484134	0.489583	0.503858	0.504663	
990	0.495922	0.498154	0.511308	0.512272	0.511032	0.492078	0.483758	0.494935	0.506082	0.505497	
995	0.491203	0.498441	0.511125	0.511189	0.508038	0.492476	0.482136	0.497949	0.500410	0.506042	
1000	0.492399	0.502184	0.510662	0.514316	0.504299	0.497225	0.480487	0.493885	0.496180	0.502780	
1005	0.488733	0.502986	0.505284	0.510886	0.503683	0.495095	0.473999	0.491458	0.496756	0.505461	
1010	0.487239	0.499927	0.506130	0.503518	0.498550	0.496002	0.475148	0.494217	0.494951	0.500984	
1015	0.489172	0.496036	0.504061	0.507331	0.497945	0.498932	0.483385	0.494739	0.495726	0.502235	
1020	0.491676	0.498137	0.500646	0.503415	0.498733	0.502043	0.483874	0.494712	0.492716	0.503035	
1025	0.489877	0.497673	0.501790	0.500591	0.493139	0.503897	0.489084	0.493921	0.492137	0.507093	
1030	0.491941	0.497085	0.498357	0.505240	0.490338	0.501666	0.487483	0.493438	0.486180	0.512329	
1035	0.487932	0.494020	0.497482	0.505461	0.493584	0.498813	0.491761	0.493065	0.484702	0.513833	
1040	0.488611	0.495141	0.497669	0.494561	0.491077	0.495718	0.490303	0.496030	0.487610	0.513509	
1045	0.491960	0.497848	0.497622	0.495423	0.488876	0.492571	0.492452	0.498805	0.487577	0.509315	
1050	0.491080	0.498794	0.499824	0.496515	0.489062	0.499420	0.493377	0.502604	0.488128	0.514069	
1055	0.491871	0.498750	0.497915	0.499653	0.488227	0.499647	0.494178	0.499832	0.487673	0.515049	
1060	0.492233	0.496846	0.499205	0.497704	0.488807	0.499141	0.492174	0.500870	0.487707	0.517677	
1065	0.492622	0.492434	0.497405	0.499192	0.488416	0.502336	0.489098	0.500313	0.487159	0.514835	
1070	0.494555	0.493448	0.500124	0.494764	0.490559	0.501609	0.488307	0.497851	0.487299	0.517748	
1075	0.498167	0.491236	0.497702	0.495276	0.486365	0.501620	0.489485	0.498249	0.482168	0.513969	
1080	0.491290	0.489887	0.497797	0.494984	0.488320	0.507324	0.483539	0.497761	0.482006	0.516887	
1085	0.488277	0.490276	0.497401	0.492897	0.491657	0.507779	0.482965	0.500020	0.485559	0.513592	
1090	0.489729	0.488589	0.499328	0.495415	0.494700	0.510647	0.490812	0.501295	0.490616	0.509695	
1095	0.494858	0.490969	0.498504	0.491888	0.499864	0.508080	0.493796	0.500674	0.487845	0.509174	
1100	0.490128	0.490571	0.505247	0.484229	0.497988	0.503772	0.495577	0.498003	0.496385	0.510269	
1105	0.492112	0.490389	0.504026	0.487900	0.495243	0.506693	0.493902	0.495677	0.494456	0.512324	
1110	0.487419	0.486077	0.499822	0.489280	0.494433	0.504244	0.499645	0.495148	0.491477	0.509378	
1115	0.491687	0.487281	0.501011	0.489578	0.492090	0.506096	0.500996	0.493005	0.488852	0.504834	
1120	0.492425	0.487844	0.500391	0.486306	0.492398	0.502042	0.506180	0.494243	0.485564	0.504589	
1125	0.493615	0.489704	0.499967	0.485620	0.489797	0.498830	0.510790	0.501012	0.489431	0.503189	
1130	0.493726	0.492376	0.499528	0.487766	0.494217	0.499396	0.513907	0.500078	0.485107	0.506431	
1135	0.493466	0.492088	0.499874	0.489571	0.490843	0.500606	0.513058	0.502809	0.489208	0.504583	
1140	0.493728	0.489774	0.497835	0.490837	0.490177	0.503426	0.505511	0.499572	0.491206	0.512796	
1145	0.492676	0.495916	0.502214	0.489692	0.487130	0.501876	0.508062	0.500524	0.488139	0.512225	
1150	0.490509	0.491882	0.501438	0.487469	0.486371	0.501128	0.509442	0.501100	0.486833	0.510992	
1155	0.488315	0.490813	0.497553	0.482717	0.485060	0.498913	0.514143	0.497501	0.486245	0.509679	
1160	0.489305	0.489311	0.496708	0.482506	0.480656	0.496549	0.512697	0.499964	0.486714	0.507639	
1165	0.491320	0.488411	0.491898	0.481757	0.482589	0.498536	0.509950	0.497819	0.485957	0.507518	
1170	0.492714	0.494943	0.490374	0.486675	0.481115	0.496676	0.511307	0.495789	0.490345	0.509101	
1175	0.494301	0.497884	0.489227	0.490444	0.484809	0.494554	0.512201	0.491521	0.490624	0.509505	
1180	0.487863	0.495521	0.488534	0.489158	0.476361	0.494910	0.509232	0.490609	0.489750	0.511991	
1185	0.488650	0.496257	0.489533	0.491594	0.481168	0.493435	0.512465	0.493787	0.492375	0.511424	
1190	0.494372	0.496893	0.488781	0.492629	0.481827	0.491495	0.513586	0.494933	0.491414	0.513740	
1195	0.491599	0.496413	0.487540	0.489803	0.489727	0.491077	0.514095	0.497838	0.491426	0.514437	
1200	0.494037	0.497899	0.486141	0.487195	0.486212	0.489899	0.510376	0.501054	0.491347	0.513921	
1205	0.498897	0.495918	0.488617	0.488227	0.486505	0.488219	0.510980	0.495947	0.493779	0.513441	
1210	0.495999	0.498119	0.484088	0.491308	0.483928	0.485304	0.508901	0.496016	0.495348	0.511311	
1215	0.494406	0.504056	0.478527	0.493012	0.484772	0.488183	0.502790	0.494397	0.497364	0.507974	
1220	0.494044	0.501898	0.475564	0.492053	0.484784	0.487071	0.505755	0.494203	0.498342	0.509549	
1225	0.491782	0.500663	0.479171	0.495459	0.483237	0.485906	0.501187	0.492767	0.502148	0.511594	
1230	0.495630	0.500842	0.484733	0.496448	0.483476	0.484212	0.500707	0.494185	0.497311	0.512298	
1235	0.496710	0.502809	0.480028	0.496360	0.483652	0.482908	0.498063	0.490671	0.502370	0.512902	
1240	0.494931	0.505043	0.487107	0.497905	0.486522	0.484960	0.500440	0.490294	0.503618	0.509381	
1245	0.493177	0.507804	0.486327	0.500631	0.486782	0.480308	0.498502	0.488205	0.507357	0.505810	
1250	0.495481	0.506079	0.485672	0.496452	0.489412	0.479514	0.493892	0.486537	0.502906	0.505072	
1255	0.494659	0.502781	0.482927	0.496827	0.486045	0.479892	0.501607	0.490649	0.494969	0.502300	
1260	0.495277	0.497789	0.484048	0.493889	0.488676	0.481510	0.505766	0.489759	0.486654	0.501904	
1265	0.493510	0.501875	0.483373	0.496245	0.484053	0.482667	0.505275	0.488996	0.487282	0.500065	
1270	0.493424	0.502290	0.485414	0.492600	0.484794	0.479702	0.506127	0.487651	0.486106	0.501971	
1275	0.495594	0.499455	0.488436	0.490890	0.484986	0.481057	0.501813	0.484117	0.485832	0.501652	
1280	0.496680	0.500083	0.493031	0.490801	0.487988	0.481700	0.500914	0.483022	0.484414	0.500293	
1285	0.495931	0.499121	0.494293	0.489403	0.488349	0.479382	0.498347	0.481523	0.484351	0.500941	
1290	0.492260	0.501526	0.491281	0.491401	0.492093	0.483957	0.497186	0.479926	0.481948	0.502913	
1295	0.493887	0.500318	0.491326	0.491416	0.490160	0.483907	0.495977	0.483871	0.476651	0.506102	
1300	0.495108	0.498930	0.493668	0.493643	0.493950	0.487471	0.498878	0.484953	0.480340	0.505787	
1305	0.490451	0.503364	0.489909	0.500047	0.492584	0.492766	0.492343	0.486228	0.478727	0.504453	
1310	0.494034	0.501940	0.492515	0.501198	0.494572	0.491310	0.491338	0.484096	0.483199	0.504517	
1315	0.493638	0.496802	0.496889	0.503185	0.493715	0.488470	0.491875	0.489303	0.485000	0.507621	
1320	0.490371	0.492585	0.494496	0.501160	0.488349	0.491672	0.491053	0.488593	0.486373	0.506982	
1325	0.490434	0.491857	0.494022	0.497918	0.491468	0.491873	0.494367	0.491321	0.486451	0.505669	
1330	0.488882	0.492848	0.486949	0.498976	0.495226	0.494522	0.496449	0.490394	0.491700	0.501986	
1335	0.487930	0.495079	0.485725	0.493911	0.493696	0.495011	0.499639	0.489607	0.491911	0.507087	
1340	0.486681	0.492528	0.489737	0.495052	0.489624	0.494120	0.502459	0.489457	0.488948	0.508226	
1345	0.489579	0.494514	0.486608	0.493748	0.490331	0.491205	0.499922	0.486083	0.486681	0.506827	
1350	0.488142	0.492318	0.488149	0.495722	0.491860	0.486539	0.499485	0.486192	0.493246	0.506152	
1355	0.490066	0.491897	0.491415	0.494977	0.492089	0.486665	0.503153	0.488252	0.498352	0.505563	
1360	0.491062	0.490753	0.491866	0.492681	0.489873	0.487341	0.504735	0.485600	0.497118	0.504482	
1365	0.487772	0.492316	0.490405	0.492365	0.491196	0.491907	0.503124	0.489169	0.492946	0.502904	
1370	0.485009	0.492707	0.492397	0.494970	0.492437	0.493770	0.500917	0.489361	0.491796	0.503401	
1375	0.485694	0.496856	0.488961	0.497023	0.489395	0.495926	0.496764	0.486005	0.491416	0.504950	
1380	0.487324	0.495365	0.492774	0.495224	0.490318	0.498858	0.492761	0.481603	0.494170	0.504641	
1385	0.487519	0.497129	0.493634	0.492363	0.497098	0.500395	0.495445	0.481164	0.493691	0.505255	
1390	0.485520	0.491567	0.497387	0.493902	0.494298	0.499082	0.492483	0.485867	0.491443	0.502756	
1395	0.485288	0.490742	0.493127	0.493452	0.493433	0.500269	0.493966	0.489539	0.486888	0.495679	
1400	0.484867	0.492478	0.496227	0.497095	0.487530	0.500601	0.496129	0.489580	0.492636	0.498685	
1405	0.488314	0.491602	0.497496	0.499563	0.486843	0.499626	0.492276	0.488269	0.490785	0.503122	
1410	0.483808	0.490547	0.497523	0.496306	0.488825	0.503620	0.492639	0.491622	0.495058	0.501603	
1415	0.484158	0.491798	0.496101	0.494561	0.488624	0.501585	0.493744	0.490436	0.497287	0.500755	
1420	0.481645	0.488734	0.492452	0.493704	0.493942	0.501573	0.495414	0.494024	0.493622	0.504459	
1425	0.480521	0.481860	0.494300	0.496010	0.494359	0.501354	0.496011	0.489497	0.490862	0.509431	
1430	0.482923	0.487852	0.490791	0.490951	0.494420	0.500945	0.495091	0.489055	0.492101	0.508398	
1435	0.482694	0.493934	0.489260	0.491931	0.489459	0.499048	0.494943	0.487541	0.491025	0.508787	
1440	0.483558	0.497280	0.492335	0.489344	0.491968	0.502335	0.498337	0.491128	0.485221	0.506020	
1445	0.483376	0.498408	0.497112	0.487343	0.488162	0.506206	0.498450	0.485921	0.485687	0.509892	
1450	0.489691	0.497699	0.500246	0.489316	0.489466	0.503456	0.498123	0.478752	0.482765	0.506816	
1455	0.489670	0.502683	0.502495	0.494832	0.489645	0.509283	0.497791	0.475415	0.485736	0.504523	
1460	0.494129	0.500058	0.496703	0.498068	0.491508	0.505537	0.496329	0.476449	0.482629	0.505705	
1465	0.493448	0.496718	0.499614	0.498055	0.493273	0.507739	0.496799	0.473515	0.483850	0.504077	
1470	0.497764	0.495517	0.498953	0.499545	0.493837	0.508106	0.498113	0.473167	0.489058	0.497467	
1475	0.500481	0.497638	0.502989	0.499344	0.494221	0.506784	0.496668	0.476463	0.491207	0.499691	
1480	0.500449	0.499347	0.508597	0.494357	0.496216	0.504510	0.495606	0.475487	0.485426	0.494697	
1485	0.496433	0.498392	0.507947	0.496435	0.495615	0.505675	0.496684	0.473622	0.487539	0.493472	
1490	0.495598	0.501237	0.506021	0.503272	0.496290	0.504929	0.495415	0.469587	0.488073	0.491149	
1495	0.493192	0.499986	0.509204	0.506895	0.492929	0.502130	0.490481	0.471617	0.482566	0.492564	
1500	0.491952	0.500869	0.507188	0.506873	0.494225	0.497878	0.490848	0.471080	0.483509	0.492712	
1505	0.494926	0.498467	0.507889	0.500723	0.489691	0.498738	0.492728	0.473162	0.486404	0.495299	
1510	0.493512	0.495268	0.513641	0.501163	0.489158	0.496402	0.494887	0.469657	0.484277	0.490932	
1515	0.495602	0.495015	0.508709	0.500202	0.490596	0.496032	0.489981	0.476115	0.488250	0.490619	
1520	0.500287	0.497358	0.503167	0.499259	0.488586	0.496882	0.492793	0.478689	0.491196	0.489184	
1525	0.499693	0.499890	0.503419	0.496671	0.487724	0.500123	0.492691	0.473702	0.493012	0.492114	
1530	0.502266	0.499556	0.507838	0.493684	0.492370	0.500599	0.497898	0.477218	0.497273	0.493806	
1535	0.494316	0.500562	0.503303	0.496038	0.494341	0.499193	0.498234	0.483091	0.496456	0.490069	
1540	0.494221	0.499910	0.503009	0.492874	0.495746	0.499744	0.501654	0.483006	0.493164	0.490572	
1545	0.494693	0.498889	0.507188	0.494172	0.497264	0.502469	0.501770	0.486673	0.489859	0.491235	
1550	0.495858	0.500019	0.509043	0.497842	0.498489	0.502014	0.500436	0.492115	0.490977	0.487087	
1555	0.497192	0.498486	0.507243	0.491606	0.498112	0.503493	0.500762	0.493558	0.488368	0.488093	
1560	0.494878	0.500034	0.504622	0.492016	0.496443	0.501106	0.499646	0.492925	0.490187	0.485405	
1565	0.494255	0.497026	0.503113	0.491392	0.497920	0.498409	0.498087	0.493042	0.487850	0.488927	
1570	0.492555	0.493679	0.505428	0.490531	0.493862	0.502477	0.493887	0.493217	0.489402	0.485544	
1575	0.486333	0.494428	0.506085	0.490542	0.497810	0.503774	0.489869	0.488403	0.491524	0.481858	
1580	0.485660	0.497781	0.507440	0.494491	0.498584	0.506641	0.488984	0.491703	0.490275	0.486480	
1585	0.486590	0.491582	0.506364	0.492329	0.494728	0.507992	0.492096	0.493484	0.490079	0.485134	
1590	0.487224	0.487975	0.504914	0.492021	0.493319	0.509973	0.494238	0.493187	0.490102	0.485478	
1595	0.490141	0.483027	0.505557	0.494280	0.493001	0.508740	0.493335	0.491358	0.488479	0.484202	
1600	0.493669	0.481709	0.504451	0.493261	0.491107	0.510938	0.492480	0.495905	0.489342	0.484991	
1605	0.495213	0.486445	0.508480	0.492899	0.493043	0.515036	0.492602	0.496506	0.489737	0.487587	
1610	0.493631	0.487377	0.510872	0.497265	0.495873	0.510993	0.495199	0.496986	0.489292	0.475137	
1615	0.494703	0.489816	0.506988	0.499345	0.495896	0.509734	0.495960	0.498567	0.490150	0.473556	
1620	0.490013	0.489936	0.508657	0.497283	0.496167	0.509317	0.496589	0.501724	0.492381	0.471892	
1625	0.489318	0.489782	0.505076	0.496083	0.494967	0.509305	0.496099	0.499086	0.490523	0.469888	
1630	0.496929	0.489814	0.499090	0.496741	0.495657	0.508045	0.495268	0.500728	0.495250	0.470143	
1635	0.497759	0.485280	0.497757	0.495958	0.494401	0.507462	0.491854	0.498748	0.491774	0.470799	
1640	0.501298	0.485605	0.495943	0.497546	0.494718	0.506458	0.495100	0.502537	0.491759	0.474630	
1645	0.498866	0.485280	0.492290	0.502547	0.496406	0.505968	0.493589	0.506199	0.491214	0.477181	
1650	0.497196	0.487946	0.491178	0.503955	0.500738	0.507121	0.490694	0.506693	0.491881	0.481224	
1655	0.499994	0.489721	0.492769	0.506160	0.496589	0.509040	0.488944	0.504803	0.489644	0.483248	
1660	0.494689	0.488880	0.492454	0.508071	0.493582	0.508973	0.486875	0.504222	0.491427	0.481503	
1665	0.498935	0.489218	0.489394	0.506904	0.496545	0.512441	0.489308	0.510132	0.487091	0.479953	
1670	0.501363	0.488578	0.491224	0.504326	0.498310	0.510492	0.489285	0.511040	0.489815	0.479630	
1675	0.503649	0.492503	0.489221	0.501035	0.497056	0.513563	0.485825	0.509073	0.489276	0.479035	
1680	0.507526	0.493978	0.493475	0.500138	0.496738	0.513513	0.481701	0.505034	0.490255	0.476069	
1685	0.504030	0.488854	0.492037	0.504480	0.492418	0.513217	0.482692	0.507480	0.490744	0.480594	
1690	0.506830	0.486036	0.493230	0.504003	0.497411	0.514116	0.485333	0.507448	0.491785	0.484001	
1695	0.503752	0.485985	0.493242	0.508204	0.502172	0.510734	0.486035	0.504141	0.495766	0.481077	
1700	0.502438	0.483036	0.503078	0.505316	0.502710	0.511244	0.487757	0.506010	0.492814	0.479597	
1705	0.501388	0.480714	0.505598	0.505847	0.502665	0.509867	0.484395	0.504979	0.489501	0.484375	
1710	0.504130	0.483250	0.507821	0.507734	0.502883	0.513989	0.483221	0.503630	0.484634	0.487191	
1715	0.506351	0.481815	0.503818	0.503597	0.506565	0.511680	0.485618	0.501262	0.482202	0.484848	
1720	0.504229	0.486801	0.500615	0.503067	0.511697	0.510280	0.491188	0.499339	0.487408	0.485012	
1725	0.502388	0.487494	0.501478	0.502125	0.504975	0.506116	0.489748	0.494578	0.485193	0.486995	
1730	0.500952	0.491736	0.502039	0.502491	0.508361	0.504248	0.490215	0.488403	0.484724	0.486202	
1735	0.499222	0.495464	0.497533	0.501863	0.503888	0.502435	0.491099	0.490880	0.487587	0.485592	
1740	0.497676	0.492308	0.502191	0.501036	0.503109	0.503774	0.492615	0.487309	0.487264	0.484479	
1745	0.499037	0.495158	0.498507	0.503453	0.503752	0.499110	0.493845	0.489479	0.484474	0.482455	
1750	0.503525	0.494133	0.500420	0.502716	0.512524	0.497646	0.492776	0.489860	0.484900	0.486664	
1755	0.503360	0.500421	0.502853	0.500611	0.514832	0.494620	0.490899	0.493186	0.478833	0.489837	
1760	0.506230	0.501446	0.500758	0.504309	0.512910	0.495191	0.489416	0.491194	0.483440	0.489098	
1765	0.505273	0.501647	0.504377	0.503570	0.515345	0.499598	0.489472	0.492699	0.487125	0.489414	
1770	0.506154	0.499329	0.506360	0.499472	0.514668	0.500509	0.490081	0.491529	0.489062	0.488803	
1775	0.504988	0.498044	0.506616	0.496898	0.514554	0.503453	0.487346	0.495215	0.493834	0.485054	
1780	0.509276	0.497262	0.505241	0.494215	0.514182	0.508755	0.488748	0.499963	0.492623	0.484098	
1785	0.503832	0.498412	0.507558	0.495131	0.510828	0.513021	0.487351	0.496422	0.488497	0.484038	
1790	0.504061	0.499282	0.504934	0.494719	0.511932	0.512213	0.491591	0.495426	0.494327	0.484821	
1795	0.503123	0.498846	0.501470	0.500015	0.505745	0.507485	0.497462	0.496183	0.499156	0.482596	
1800	0.502603	0.494210	0.498722	0.496590	0.510020	0.502809	0.498133	0.492249	0.498503	0.481732	
1805	0.498370	0.496235	0.493672	0.495855	0.507536	0.505725	0.499224	0.496447	0.502039	0.484633	
1810	0.498270	0.495356	0.498547	0.498965	0.512216	0.505888	0.500111	0.497537	0.501143	0.484408	
1815	0.497199	0.496242	0.502207	0.502140	0.512398	0.502245	0.504432	0.493017	0.506089	0.478275	
1820	0.494067	0.496335	0.506396	0.498858	0.510663	0.501765	0.503616	0.494775	0.506172	0.485153	
1825	0.490467	0.497264	0.505552	0.494202	0.510405	0.498980	0.502321	0.493450	0.507179	0.485548	
1830	0.492864	0.498359	0.507798	0.496683	0.510743	0.496760	0.501925	0.491510	0.507010	0.488852	
1835	0.498494	0.497012	0.507557	0.495803	0.513562	0.494645	0.501111	0.495744	0.510120	0.490906	
1840	0.494191	0.494578	0.506687	0.497168	0.516004	0.496309	0.499650	0.499004	0.512039	0.491773	
1845	0.497317	0.494541	0.504824	0.497850	0.518584	0.499571	0.495395	0.498194	0.510438	0.493191	
1850	0.498276	0.496013	0.502318	0.496667	0.516223	0.508840	0.497640	0.498200	0.504888	0.490902	
1855	0.494387	0.496354	0.507240	0.495659	0.507702	0.508741	0.497478	0.501737	0.502012	0.488609	
1860	0.492315	0.494263	0.508354	0.492998	0.505715	0.508142	0.493271	0.501428	0.497760	0.489750	
1865	0.499623	0.495743	0.506912	0.493979	0.511188	0.504322	0.496164	0.500703	0.497231	0.493724	
1870	0.495430	0.497357	0.507360	0.496416	0.510904	0.505282	0.498411	0.501001	0.497617	0.495048	
1875	0.499583	0.494493	0.502424	0.493349	0.508935	0.502851	0.493155	0.499866	0.499539	0.491412	
1880	0.493056	0.496017	0.507955	0.493876	0.508229	0.502950	0.494932	0.496717	0.500223	0.490491	
1885	0.492707	0.492944	0.508663	0.489569	0.509513	0.505570	0.492424	0.489062	0.499312	0.490764	
1890	0.498654	0.494619	0.505975	0.492235	0.510306	0.498995	0.493175	0.494781	0.499058	0.491742	
1895	0.496698	0.494574	0.509519	0.491494	0.511284	0.497101	0.494084	0.497550	0.495823	0.490467	
1900	0.498269	0.495872	0.507880	0.489484	0.506329	0.499680	0.491061	0.494971	0.500276	0.494200	
1905	0.496523	0.495843	0.506157	0.488854	0.502268	0.499515	0.493989	0.500155	0.493823	0.495296	
1910	0.497776	0.497405	0.505284	0.488771	0.499837	0.499728	0.493928	0.505093	0.494455	0.489392	
1915	0.498428	0.494536	0.505950	0.489285	0.496687	0.500403	0.494017	0.503290	0.495764	0.487423	
1920	0.498163	0.495152	0.505942	0.491549	0.497176	0.505830	0.492862	0.499860	0.495547	0.490719	
1925	0.498977	0.490761	0.505081	0.494915	0.500489	0.504925	0.491535	0.500656	0.492451	0.491423	
1930	0.499489	0.490521	0.505446	0.497725	0.497967	0.506258	0.494362	0.505130	0.491353	0.494998	
1935	0.503711	0.492936	0.503946	0.497838	0.503195	0.504870	0.491148	0.499354	0.489822	0.490538	
1940	0.505051	0.495197	0.507612	0.495837	0.505421	0.504001	0.489763	0.499897	0.492438	0.493938	
1945	0.504667	0.494286	0.505316	0.493832	0.502343	0.499283	0.494337	0.500995	0.495174	0.494814	
1950	0.502886	0.495161	0.501925	0.496779	0.504971	0.492588	0.496962	0.505217	0.496010	0.497284	
1955	0.502700	0.497111	0.499241	0.494387	0.498183	0.496276	0.498879	0.505480	0.496014	0.494172	
1960	0.508785	0.497071	0.498276	0.493231	0.493714	0.496814	0.496062	0.503026	0.494116	0.495253	
1965	0.503015	0.494346	0.501642	0.496717	0.495408	0.497956	0.493741	0.501864	0.500306	0.494701	
1970	0.502918	0.495482	0.501295	0.499799	0.495984	0.498199	0.489681	0.500865	0.503532	0.496663	
1975	0.501774	0.489982	0.503077	0.499450	0.502646	0.499702	0.489514	0.499675	0.504425	0.496591	
1980	0.493467	0.493550	0.501361	0.503431	0.505086	0.495322	0.486672	0.499481	0.502544	0.499414	
1985	0.490744	0.494025	0.499776	0.502069	0.502959	0.493825	0.485293	0.501170	0.501792	0.504509	
1990	0.491681	0.502336	0.496613	0.499795	0.501987	0.495227	0.483850	0.500543	0.502434	0.505947	
1995	0.489152	0.502829	0.498420	0.501084	0.500350	0.495374	0.486679	0.501770	0.502309	0.506018	
2000	0.489610	0.502786	0.496825	0.502501	0.495500	0.492344	0.482805	0.504895	0.501730	0.508117	
2005	0.485202	0.503581	0.492860	0.506588	0.496799	0.492814	0.481070	0.507606	0.499279	0.501494	
2010	0.488265	0.502342	0.494959	0.505084	0.495002	0.490942	0.485037	0.507553	0.497443	0.503791	
2015	0.489537	0.501829	0.495053	0.506821	0.497177	0.495743	0.480533	0.505317	0.495386	0.502693	
2020	0.490737	0.500176	0.496901	0.505407	0.497942	0.492383	0.477879	0.509211	0.493080	0.501527	
2025	0.493375	0.502640	0.498110	0.507027	0.497617	0.486577	0.479854	0.504292	0.490979	0.499501	
2030	0.489205	0.498867	0.497501	0.503981	0.497674	0.488609	0.477194	0.501530	0.496415	0.497777	
2035	0.486317	0.503390	0.504008	0.501648	0.497072	0.484742	0.476668	0.505151	0.499778	0.498729	
2040	0.486073	0.508356	0.501100	0.500145	0.497513	0.484445	0.476147	0.505554	0.501028	0.499678	
2045	0.483969	0.510705	0.503527	0.502576	0.493276	0.486907	0.478574	0.506139	0.501999	0.499314	
2050	0.481440	0.506696	0.501054	0.501206	0.493962	0.486331	0.479055	0.502013	0.502875	0.500538	
2055	0.481388	0.502689	0.499700	0.501491	0.493254	0.486925	0.482599	0.506006	0.501996	0.499510	
2060	0.481214	0.503250	0.498397	0.506100	0.491287	0.486985	0.481792	0.506481	0.501017	0.500443	
2065	0.486368	0.506226	0.502127	0.505065	0.493572	0.485388	0.478624	0.507188	0.498852	0.502633	
2070	0.487010	0.503568	0.501311	0.507513	0.491792	0.484313	0.477383	0.503780	0.492770	0.497783	
2075	0.491009	0.504463	0.501303	0.510291	0.489294	0.479690	0.477844	0.503257	0.498645	0.495494	
2080	0.493760	0.497340	0.505705	0.510574	0.488048	0.482410	0.477416	0.504572	0.495189	0.495413	
2085	0.492398	0.501221	0.504475	0.506467	0.489246	0.484747	0.479300	0.502887	0.494903	0.497214	
2090	0.490900	0.503220	0.501387	0.501692	0.492223	0.488659	0.476239	0.503172	0.496430	0.495665	
2095	0.493229	0.504326	0.503392	0.503080	0.492116	0.485040	0.478793	0.504400	0.499290	0.499021	
2100	0.497866	0.506587	0.502534	0.506542	0.493797	0.485161	0.480477	0.501935	0.500180	0.500816	
2105	0.498321	0.507197	0.501321	0.507462	0.494039	0.489671	0.479399	0.495983	0.497616	0.503192	
2110	0.497957	0.508056	0.498849	0.508420	0.496776	0.483746	0.478807	0.499692	0.495722	0.498443	
2115	0.496005	0.510291	0.495708	0.505837	0.496480	0.482312	0.470513	0.495021	0.493201	0.499382	
2120	0.496935	0.508911	0.498558	0.504534	0.502106	0.480150	0.475913	0.496741	0.493604	0.498618	
2125	0.496150	0.504324	0.502096	0.503180	0.506460	0.475824	0.475092	0.497959	0.496211	0.502436	
2130	0.491905	0.505316	0.509642	0.504276	0.507669	0.477368	0.474168	0.494246	0.491039	0.502050	
2135	0.494474	0.505893	0.505755	0.502607	0.509292	0.480349	0.476259	0.494401	0.491170	0.502382	
2140	0.498073	0.502759	0.499666	0.501695	0.510582	0.481287	0.479123	0.497831	0.489304	0.498563	
2145	0.498593	0.501587	0.495441	0.500791	0.512096	0.486544	0.479812	0.499613	0.488024	0.503498	
2150	0.496570	0.505083	0.496606	0.497933	0.508342	0.487208	0.478165	0.498879	0.486081	0.505567	
2155	0.498786	0.505222	0.494594	0.495532	0.514400	0.487149	0.483644	0.492387	0.486562	0.505525	
2160	0.499722	0.502946	0.496822	0.495146	0.512514	0.483572	0.484159	0.483421	0.491295	0.505457	
2165	0.497688	0.497821	0.491426	0.502181	0.509848	0.487224	0.486235	0.484644	0.492067	0.510384	
2170	0.498610	0.496370	0.491524	0.502358	0.508176	0.491103	0.487058	0.491545	0.489540	0.511384	
2175	0.499860	0.493266	0.498386	0.501996	0.508749	0.489874	0.481983	0.486781	0.489061	0.512800	
2180	0.499598	0.494900	0.496483	0.502908	0.510257	0.488200	0.478280	0.487243	0.487346	0.510993	
2185	0.502631	0.497136	0.493238	0.502025	0.508897	0.487555	0.478029	0.489143	0.487296	0.512354	
2190	0.505546	0.497503	0.491852	0.499536	0.503678	0.490931	0.479322	0.486590	0.488860	0.513247	
2195	0.508203	0.498415	0.488456	0.493387	0.498623	0.494464	0.483745	0.490682	0.491450	0.511090	
2200	0.505580	0.498162	0.489137	0.495233	0.500483	0.494304	0.479195	0.488582	0.490225	0.514155	
2205	0.507671	0.497241	0.489407	0.493760	0.502496	0.492611	0.482852	0.486149	0.486904	0.512756	
2210	0.508585	0.498809	0.488143	0.498803	0.502729	0.494519	0.479026	0.485346	0.487527	0.514604	
2215	0.507419	0.494631	0.487865	0.494244	0.502282	0.494639	0.481556	0.486509	0.486742	0.517142	
2220	0.510216	0.498490	0.486757	0.496784	0.500124	0.496460	0.476910	0.477985	0.486392	0.511879	
2225	0.511351	0.496403	0.485030	0.493716	0.500070	0.497585	0.480340	0.483095	0.485426	0.510785	
2230	0.512600	0.496706	0.487831	0.495156	0.501911	0.495999	0.482264	0.478580	0.487469	0.506080	
2235	0.513644	0.496373	0.485345	0.498876	0.498974	0.494007	0.485172	0.480257	0.484840	0.511263	
2240	0.512986	0.496590	0.485506	0.497561	0.499939	0.488976	0.484045	0.484330	0.484202	0.509488	
2245	0.512767	0.494777	0.485692	0.496762	0.501260	0.485679	0.479842	0.482522	0.485863	0.513066	
2250	0.508523	0.497593	0.486317	0.494143	0.499482	0.484100	0.479070	0.480911	0.482208	0.511584	
2255	0.506882	0.500099	0.486911	0.496118	0.498186	0.479015	0.480733	0.479003	0.483639	0.509749	
2260	0.507093	0.499762	0.486973	0.500311	0.500337	0.475937	0.485546	0.474466	0.486293	0.508503	
2265	0.507501	0.502117	0.487346	0.500800	0.503769	0.473908	0.488656	0.475069	0.485723	0.502192	
2270	0.503492	0.499956	0.484669	0.502889	0.504700	0.475556	0.489750	0.474582	0.482514	0.501413	
2275	0.500292	0.498491	0.487960	0.501199	0.501735	0.475629	0.491692	0.472713	0.485689	0.496524	
2280	0.499654	0.495296	0.487241	0.507264	0.500413	0.474626	0.493570	0.475752	0.490529	0.499901	
2285	0.496777	0.497027	0.488705	0.507162	0.503489	0.477319	0.496786	0.479462	0.492165	0.499416	
2290	0.500441	0.495499	0.485560	0.506159	0.500537	0.475924	0.495861	0.479072	0.495326	0.506822	
2295	0.502034	0.499593	0.483842	0.504801	0.500346	0.475143	0.496148	0.481720	0.495801	0.510094	
2300	0.497882	0.499224	0.488208	0.504930	0.498462	0.478058	0.497065	0.484652	0.493279	0.512183	
2305	0.498475	0.497466	0.492661	0.505398	0.496093	0.478932	0.494944	0.482566	0.496614	0.512448	
2310	0.498972	0.497939	0.490795	0.504778	0.498180	0.477855	0.491591	0.483431	0.494477	0.516730	
2315	0.500338	0.501373	0.494538	0.503898	0.497377	0.478846	0.490225	0.489196	0.494573	0.515609	
2320	0.501028	0.499564	0.490079	0.501279	0.494648	0.481518	0.492532	0.491211	0.490110	0.513947	
2325	0.501189	0.497427	0.490719	0.500060	0.492867	0.482698	0.490553	0.490422	0.493019	0.513900	
2330	0.503646	0.494693	0.496933	0.502564	0.491392	0.483159	0.492379	0.487229	0.493728	0.515335	
2335	0.500806	0.490733	0.499376	0.502017	0.494677	0.480709	0.490863	0.490160	0.497365	0.513144	
2340	0.499044	0.496289	0.497364	0.504930	0.493911	0.483810	0.492261	0.490306	0.498349	0.516802	
2345	0.497749	0.500763	0.495867	0.502876	0.493764	0.483600	0.492083	0.486102	0.498265	0.520992	
2350	0.500197	0.497834	0.492943	0.495722	0.493419	0.486184	0.489955	0.485421	0.501725	0.516831	
2355	0.494282	0.498937	0.492039	0.492585	0.497523	0.483443	0.493543	0.488588	0.500045	0.516068	
2360	0.491917	0.496525	0.487318	0.495589	0.497264	0.480923	0.496367	0.492234	0.498920	0.512401	
2365	0.490662	0.496683	0.486373	0.495623	0.493180	0.485246	0.495236	0.491733	0.500137	0.512641	
2370	0.490631	0.500303	0.489037	0.496196	0.498624	0.479331	0.491803	0.493561	0.501161	0.509909	
2375	0.490749	0.497868	0.488868	0.496539	0.495042	0.483722	0.492136	0.493712	0.495999	0.509861	
2380	0.489445	0.492813	0.487440	0.500399	0.495683	0.489761	0.494223	0.495950	0.491793	0.514009	
2385	0.487083	0.495265	0.484281	0.500817	0.494921	0.492209	0.496613	0.495330	0.493915	0.512019	
2390	0.483013	0.496785	0.483012	0.503808	0.494863	0.489735	0.500899	0.496388	0.492693	0.513046	
2395	0.488864	0.500407	0.484220	0.498907	0.495452	0.492185	0.500506	0.496517	0.493555	0.506128	
2400	0.485554	0.495746	0.487448	0.502453	0.495808	0.494464	0.498070	0.496359	0.494890	0.507365	
2405	0.483982	0.495391	0.489338	0.499542	0.494267	0.492034	0.494792	0.502861	0.492196	0.506839	
2410	0.485541	0.497885	0.486442	0.496867	0.491634	0.489119	0.497396	0.502792	0.492955	0.508798	
2415	0.485723	0.499193	0.487932	0.495594	0.490928	0.489185	0.493957	0.499917	0.494200	0.507936	
2420	0.483644	0.499406	0.492526	0.493856	0.492048	0.484600	0.492980	0.501097	0.495007	0.506586	
2425	0.484592	0.499347	0.490371	0.491433	0.493226	0.485549	0.495165	0.503503	0.491547	0.507398	
2430	0.482978	0.498696	0.491208	0.490001	0.493039	0.491021	0.491807	0.504115	0.490358	0.510211	
2435	0.486207	0.497292	0.488763	0.487896	0.493315	0.492940	0.490572	0.509679	0.489387	0.503486	
2440	0.482176	0.497653	0.489118	0.486130	0.492143	0.495530	0.488724	0.506460	0.490892	0.504566	
2445	0.483853	0.496219	0.491327	0.484592	0.489298	0.500451	0.487502	0.505077	0.494579	0.503655	
2450	0.487726	0.498914	0.490702	0.483452	0.493613	0.497380	0.490062	0.503729	0.496774	0.501970	
2455	0.487314	0.496987	0.490400	0.485747	0.494119	0.505398	0.492866	0.501221	0.500101	0.502843	
2460	0.488348	0.498478	0.490417	0.485016	0.494819	0.502009	0.486662	0.497571	0.499881	0.506534	
2465	0.484423	0.502792	0.487364	0.486588	0.495738	0.497555	0.487788	0.497835	0.499562	0.509661	
2470	0.482072	0.497027	0.488333	0.488524	0.498017	0.500924	0.484063	0.501870	0.502460	0.517891	
2475	0.486863	0.495943	0.487514	0.490492	0.498144	0.498257	0.483546	0.500790	0.500955	0.516944	
2480	0.483605	0.495426	0.486782	0.488008	0.501799	0.497061	0.480716	0.496483	0.504327	0.513972	
2485	0.481719	0.495330	0.485622	0.483716	0.501094	0.494550	0.479260	0.496295	0.505970	0.510453	
2490	0.481823	0.500057	0.482492	0.487472	0.502670	0.495297	0.479493	0.494837	0.507701	0.508608	
2495	0.484813	0.502017	0.482942	0.487170	0.502673	0.497981	0.482802	0.494475	0.515659	0.508671	
2500	0.486213	0.506243	0.486553	0.485583	0.501917	0.500949	0.485699	0.494241	0.514397	0.506960	
2505	0.493240	0.506040	0.488034	0.479741	0.501386	0.499308	0.490491	0.493840	0.513947	0.505721	
2510	0.497586	0.509854	0.486084	0.484794	0.502523	0.502987	0.493527	0.492521	0.512305	0.504768	
2515	0.494145	0.507875	0.482711	0.488603	0.502299	0.500640	0.491122	0.495526	0.513302	0.505809	
2520	0.491167	0.508326	0.486782	0.487771	0.499517	0.499243	0.491515	0.496536	0.509076	0.506005	
2525	0.493444	0.510381	0.489466	0.487140	0.496406	0.498313	0.495709	0.494498	0.511132	0.510660	
2530	0.499172	0.502708	0.489075	0.485792	0.492460	0.498376	0.499192	0.493151	0.509598	0.507919	
2535	0.502952	0.499381	0.487350	0.483254	0.494970	0.499521	0.501800	0.493642	0.509826	0.509350	
2540	0.500425	0.497419	0.488385	0.481067	0.494446	0.497916	0.500008	0.491892	0.504263	0.508749	
2545	0.496104	0.500256	0.489278	0.477685	0.492455	0.497928	0.497729	0.488903	0.505170	0.505529	
2550	0.497554	0.500081	0.490245	0.476885	0.493774	0.499100	0.504290	0.490769	0.499565	0.502179	
2555	0.502002	0.500077	0.484698	0.478803	0.490970	0.494734	0.499811	0.491447	0.504819	0.500623	
2560	0.498480	0.500250	0.482405	0.481967	0.488565	0.495030	0.502889	0.490279	0.501948	0.498277	
2565	0.502090	0.501083	0.483022	0.482866	0.491137	0.492881	0.499782	0.490177	0.499353	0.497228	
2570	0.500604	0.502983	0.483276	0.483722	0.494049	0.494155	0.502890	0.497861	0.501523	0.495342	
2575	0.506328	0.499538	0.480899	0.477948	0.492755	0.492815	0.500664	0.498768	0.504428	0.497406	
2580	0.506631	0.498151	0.477818	0.475447	0.494377	0.493719	0.500121	0.496997	0.502588	0.496315	
2585	0.508024	0.503239	0.478591	0.475633	0.491673	0.490239	0.502205	0.500167	0.502828	0.496791	
2590	0.508245	0.502573	0.479842	0.481261	0.496472	0.490627	0.501566	0.498774	0.503095	0.504023	
2595	0.509219	0.502582	0.475957	0.477680	0.496940	0.488039	0.496228	0.505511	0.506541	0.500196	
2600	0.500628	0.503830	0.476464	0.479422	0.498015	0.493962	0.494112	0.508975	0.507556	0.499772	
2605	0.505094	0.501627	0.480279	0.486999	0.495395	0.495137	0.493239	0.505772	0.505833	0.498853	
2610	0.507223	0.499353	0.477084	0.489722	0.493332	0.497490	0.496903	0.502571	0.506769	0.499075	
2615	0.505049	0.494439	0.478339	0.487270	0.492771	0.496830	0.499851	0.508054	0.502585	0.499249	
2620	0.504603	0.493280	0.480407	0.482385	0.490098	0.497904	0.502450	0.508367	0.508296	0.498894	
2625	0.505131	0.494167	0.481957	0.480277	0.490943	0.493724	0.503698	0.514221	0.506543	0.499734	
2630	0.505090	0.495169	0.481620	0.479474	0.489571	0.492768	0.506414	0.508072	0.505036	0.499946	
2635	0.504879	0.493821	0.480299	0.483123	0.494049	0.494524	0.503029	0.505449	0.502594	0.504484	
2640	0.506208	0.497460	0.481910	0.484139	0.489253	0.492396	0.507613	0.503172	0.497365	0.503319	
2645	0.507838	0.499132	0.481665	0.479429	0.490359	0.495312	0.511006	0.503866	0.500169	0.500224	
2650	0.508892	0.502717	0.476273	0.480174	0.487194	0.499905	0.512935	0.501316	0.499635	0.499269	
2655	0.505657	0.497550	0.475654	0.480616	0.487195	0.498131	0.511350	0.504261	0.496957	0.501073	
2660	0.505650	0.496236	0.476709	0.480817	0.489267	0.501376	0.510031	0.504985	0.497304	0.496764	
2665	0.505190	0.500345	0.479013	0.478983	0.494310	0.502391	0.509611	0.501664	0.495571	0.496929	
2670	0.503721	0.499662	0.479732	0.483604	0.494334	0.503217	0.509814	0.505379	0.496135	0.495714	
2675	0.501238	0.501986	0.478588	0.483181	0.489468	0.503583	0.509966	0.505499	0.497326	0.496104	
2680	0.504122	0.499878	0.478622	0.478464	0.488658	0.503698	0.507424	0.511147	0.496192	0.495387	
2685	0.500720	0.504571	0.478509	0.482258	0.492120	0.499577	0.506196	0.509837	0.495113	0.495552	
2690	0.495747	0.502012	0.478465	0.483193	0.491766	0.501586	0.503416	0.509778	0.498012	0.495701	
2695	0.495311	0.502293	0.480511	0.483344	0.491815	0.502865	0.500679	0.512488	0.497887	0.496531	
2700	0.495923	0.502847	0.487301	0.485996	0.493968	0.502387	0.498420	0.511764	0.501522	0.499348	
2705	0.497454	0.498089	0.492551	0.484587	0.500229	0.499578	0.498873	0.509839	0.496056	0.500964	
2710	0.495051	0.497928	0.493053	0.480477	0.500318	0.499824	0.500887	0.512531	0.494813	0.506352	
2715	0.499484	0.499379	0.500056	0.480798	0.501811	0.497959	0.504811	0.514092	0.496713	0.503810	
2720	0.497650	0.498609	0.499521	0.481473	0.503336	0.500589	0.506965	0.517087	0.499437	0.502071	
2725	0.496395	0.497136	0.499058	0.483290	0.504291	0.497164	0.508202	0.514859	0.498082	0.502337	
2730	0.497528	0.490532	0.498631	0.477407	0.506718	0.504229	0.506845	0.515082	0.499838	0.499781	
2735	0.495945	0.494414	0.501338	0.479397	0.508142	0.503340	0.505016	0.515956	0.498281	0.493886	
2740	0.493664	0.498740	0.502349	0.475217	0.505853	0.502643	0.509688	0.518477	0.502764	0.494141	
2745	0.491816	0.501175	0.503726	0.478039	0.506989	0.502802	0.507760	0.514526	0.503523	0.494022	
2750	0.493518	0.501205	0.503929	0.480351	0.509148	0.497664	0.507840	0.510139	0.496302	0.494702	
2755	0.498563	0.501413	0.499672	0.480768	0.505719	0.496566	0.506329	0.506719	0.501572	0.496481	
2760	0.500280	0.497799	0.502352	0.482239	0.501167	0.493510	0.506529	0.505017	0.502400	0.492087	
2765	0.501998	0.492572	0.505165	0.482273	0.501645	0.491312	0.503017	0.508001	0.506426	0.494288	
2770	0.503390	0.494880	0.505595	0.486865	0.502425	0.487865	0.499460	0.501473	0.503478	0.494029	
2775	0.498237	0.495406	0.502828	0.487893	0.506502	0.488296	0.503813	0.501845	0.498216	0.496465	
2780	0.497982	0.492104	0.501590	0.489046	0.501385	0.487040	0.504532	0.502157	0.499046	0.495073	
2785	0.499257	0.492108	0.499179	0.490849	0.498341	0.488311	0.505259	0.498704	0.496211	0.497832	
2790	0.502191	0.488455	0.499924	0.489812	0.502422	0.487547	0.504410	0.499351	0.499994	0.502582	
2795	0.502364	0.489381	0.498119	0.490932	0.500139	0.490068	0.499769	0.498468	0.500518	0.502281	
2800	0.498652	0.491236	0.499679	0.489953	0.502683	0.491182	0.501331	0.497647	0.497390	0.503229	
2805	0.500084	0.491578	0.500318	0.488624	0.502271	0.492503	0.497661	0.499003	0.500458	0.499895	
2810	0.494724	0.490674	0.503781	0.484763	0.503967	0.492914	0.503125	0.502542	0.499416	0.498514	
2815	0.493388	0.487907	0.505094	0.486819	0.504455	0.487109	0.503789	0.502033	0.503965	0.495474	
2820	0.494385	0.488710	0.511795	0.486145	0.506686	0.489626	0.506723	0.501721	0.502328	0.492560	
2825	0.494704	0.489668	0.507068	0.487330	0.508102	0.486549	0.501215	0.496995	0.504933	0.494293	
2830	0.494105	0.488273	0.507145	0.487795	0.510601	0.488809	0.503300	0.498009	0.510422	0.491000	
2835	0.491611	0.490978	0.509932	0.488822	0.511796	0.492505	0.502469	0.494977	0.506618	0.489240	
2840	0.493586	0.492192	0.507954	0.491485	0.513521	0.487953	0.503366	0.490577	0.508922	0.486333	
2845	0.496106	0.496013	0.504426	0.489485	0.515517	0.485055	0.503651	0.490128	0.503287	0.484393	
2850	0.498701	0.495760	0.504400	0.490884	0.508915	0.486164	0.502329	0.489688	0.503851	0.489038	
2855	0.495549	0.498228	0.502061	0.489735	0.509762	0.486743	0.503333	0.488914	0.504220	0.484395	
2860	0.493774	0.501928	0.498154	0.492725	0.514043	0.487137	0.506120	0.485763	0.506159	0.483623	
2865	0.494655	0.501006	0.497086	0.494022	0.513485	0.487223	0.504814	0.490101	0.507770	0.485379	
2870	0.494148	0.500026	0.496530	0.491675	0.508434	0.487405	0.506152	0.486831	0.510125	0.481114	
2875	0.494410	0.498699	0.495782	0.488921	0.507911	0.492013	0.505223	0.488156	0.508919	0.480738	
2880	0.493276	0.498643	0.494418	0.493440	0.508678	0.488261	0.506173	0.487292	0.516863	0.476960	
2885	0.493847	0.502059	0.496249	0.491706	0.505637	0.489399	0.504913	0.487236	0.512200	0.475843	
2890	0.489881	0.497560	0.495448	0.488555	0.503650	0.491189	0.507512	0.487103	0.511451	0.477574	
2895	0.488045	0.496736	0.495346	0.490539	0.505160	0.490014	0.505429	0.484097	0.513331	0.476404	
2900	0.487231	0.494800	0.493497	0.488254	0.504304	0.490451	0.506754	0.485018	0.514485	0.480657	
2905	0.488471	0.496385	0.499819	0.490660	0.500009	0.489027	0.508816	0.488849	0.514583	0.482988	
2910	0.487352	0.498044	0.500514	0.491740	0.503475	0.489226	0.513363	0.490667	0.515689	0.482069	
2915	0.490370	0.500507	0.498218	0.490698	0.499804	0.485888	0.510805	0.486742	0.518309	0.483018	
2920	0.491640	0.501007	0.497313	0.490403	0.500831	0.484006	0.510715	0.490491	0.515542	0.481636	
2925	0.490183	0.501484	0.494990	0.491421	0.500812	0.486692	0.504473	0.485957	0.512411	0.476866	
2930	0.487064	0.493246	0.491537	0.492785	0.500095	0.489717	0.504030	0.487089	0.510371	0.477469	
2935	0.489313	0.491234	0.489070	0.492268	0.497409	0.490308	0.501138	0.493217	0.513093	0.472275	
2940	0.489195	0.494486	0.492144	0.494291	0.498424	0.487037	0.503403	0.488662	0.511004	0.471764	
2945	0.492841	0.495732	0.486866	0.489882	0.496451	0.487182	0.505018	0.491337	0.505504	0.472014	
2950	0.494186	0.495395	0.486918	0.493163	0.499583	0.489411	0.500858	0.491598	0.507648	0.473407	
2955	0.491119	0.502493	0.488046	0.492401	0.500327	0.493065	0.505825	0.490719	0.505528	0.472561	
2960	0.492780	0.504153	0.490955	0.492006	0.507043	0.496065	0.504034	0.490154	0.507921	0.471710	
2965	0.491899	0.507929	0.494174	0.492996	0.505104	0.498594	0.505143	0.493348	0.503994	0.472280	
2970	0.492940	0.510673	0.493808	0.495961	0.502325	0.498006	0.503922	0.492392	0.505616	0.470747	
2975	0.498519	0.509272	0.493124	0.493807	0.507230	0.499066	0.503865	0.495859	0.505032	0.477265	
2980	0.495965	0.512401	0.494189	0.496159	0.505844	0.499706	0.502223	0.492378	0.499593	0.482407	
2985	0.496836	0.510923	0.497500	0.498131	0.505797	0.498911	0.501893	0.492529	0.498627	0.483794	
2990	0.495157	0.510931	0.497990	0.494000	0.508927	0.502659	0.501752	0.489753	0.497119	0.486094	
2995	0.496668	0.501361	0.497591	0.494813	0.506007	0.506207	0.501770	0.487577	0.496260	0.484097	
3000	0.496831	0.498816	0.498948	0.495945	0.503242	0.501190	0.501507	0.491531	0.492915	0.484524	
