T	rep_1	rep_2	rep_3	rep_4	rep_5	rep_6	rep_7	rep_8	rep_9	rep_10
5	0.003521	0.004050	0.005614	0.003867	0.007195	0.007172	0.005925	0.005519	0.007483	0.002713	
10	0.062444	0.059019	0.079714	0.057028	0.081615	0.076138	0.086066	0.063485	0.082329	0.069985	
15	0.137467	0.140532	0.133626	0.128269	0.116420	0.171453	0.143234	0.107094	0.140151	0.157357	
20	0.178360	0.196608	0.174543	0.163078	0.145143	0.231495	0.187651	0.154175	0.179311	0.181919	
25	0.221045	0.228052	0.215391	0.188532	0.175071	0.261460	0.232457	0.207542	0.215325	0.199452	
30	0.250563	0.256012	0.240741	0.214101	0.207828	0.281708	0.278861	0.263547	0.249191	0.227170	
35	0.281831	0.276427	0.267144	0.240907	0.236215	0.306700	0.313898	0.312755	0.277734	0.252064	
40	0.317042	0.298222	0.281690	0.269886	0.273395	0.328268	0.346471	0.337651	0.305995	0.287546	
45	0.347425	0.309831	0.302793	0.291009	0.309448	0.342728	0.367142	0.356582	0.333630	0.327519	
50	0.367770	0.324557	0.321160	0.312397	0.333193	0.363769	0.381256	0.369478	0.352723	0.353834	
55	0.382048	0.337186	0.338499	0.326182	0.357208	0.375715	0.394888	0.379785	0.367078	0.367768	
60	0.392553	0.345129	0.353503	0.337666	0.372240	0.390071	0.406489	0.385147	0.376577	0.380528	
65	0.398948	0.357190	0.366376	0.348601	0.392785	0.400315	0.415741	0.393937	0.386928	0.389420	
70	0.404277	0.371524	0.381193	0.363693	0.406680	0.410307	0.426725	0.400346	0.397251	0.403844	
75	0.412832	0.394395	0.391357	0.380255	0.415164	0.419466	0.428544	0.405802	0.405852	0.408615	
80	0.417985	0.406482	0.396557	0.388540	0.418454	0.423499	0.439540	0.411470	0.415820	0.416940	
85	0.423371	0.419634	0.406157	0.401843	0.420392	0.431678	0.438582	0.409454	0.426767	0.422577	
90	0.430606	0.426650	0.416354	0.415122	0.425073	0.439108	0.445346	0.412538	0.428719	0.428792	
95	0.437287	0.434346	0.411690	0.428801	0.428839	0.438775	0.452477	0.421278	0.434967	0.428178	
100	0.437986	0.444801	0.416904	0.435458	0.433363	0.442285	0.453231	0.422461	0.441651	0.437630	
105	0.446069	0.444317	0.421966	0.447396	0.432080	0.454482	0.457975	0.430922	0.443418	0.445158	
110	0.449127	0.446197	0.421954	0.450935	0.434414	0.458984	0.455765	0.437409	0.449055	0.448291	
115	0.451446	0.444780	0.425639	0.454938	0.433643	0.456799	0.460106	0.441644	0.450288	0.449245	
120	0.452535	0.457067	0.430963	0.458079	0.442190	0.463454	0.471745	0.451860	0.451899	0.447979	
125	0.454880	0.461760	0.432764	0.460917	0.441350	0.467329	0.473751	0.447936	0.458804	0.445758	
130	0.460241	0.464253	0.435809	0.460530	0.441569	0.474092	0.471357	0.446660	0.461135	0.443413	
135	0.464332	0.465676	0.442159	0.461710	0.447623	0.472998	0.465809	0.447037	0.466969	0.445841	
140	0.459406	0.463759	0.445765	0.464789	0.448632	0.472942	0.467515	0.443341	0.459624	0.447316	
145	0.462763	0.465148	0.446584	0.463560	0.449459	0.474320	0.461954	0.445295	0.462108	0.445035	
150	0.465635	0.466403	0.445676	0.460794	0.446767	0.474690	0.471074	0.443909	0.461766	0.447170	
155	0.463950	0.465944	0.447666	0.459478	0.448860	0.476231	0.477327	0.448139	0.464391	0.444591	
160	0.465071	0.462246	0.450976	0.464219	0.449518	0.475842	0.478572	0.454196	0.462693	0.448652	
165	0.462213	0.462143	0.449162	0.462586	0.449060	0.470088	0.478809	0.454055	0.462451	0.447765	
170	0.460904	0.460840	0.448451	0.464597	0.444133	0.466843	0.476821	0.452533	0.462647	0.454265	
175	0.465673	0.460867	0.448236	0.464020	0.441686	0.466823	0.473816	0.456721	0.462885	0.452942	
180	0.464187	0.457563	0.450988	0.459527	0.440560	0.469063	0.472849	0.459258	0.467096	0.454538	
185	0.464783	0.455642	0.447616	0.457991	0.440193	0.468567	0.470315	0.461559	0.472563	0.452474	
190	0.462011	0.462165	0.441283	0.461915	0.442799	0.468980	0.464700	0.458008	0.474886	0.446839	
195	0.462341	0.458850	0.440914	0.461636	0.447089	0.466813	0.459569	0.460861	0.477618	0.444392	
200	0.460238	0.453518	0.445094	0.456156	0.452022	0.459743	0.454585	0.462599	0.477881	0.443681	
205	0.457630	0.452421	0.443998	0.454531	0.447786	0.461923	0.454439	0.464986	0.478492	0.447162	
210	0.459608	0.451594	0.444722	0.452396	0.447654	0.460291	0.453852	0.461398	0.474116	0.445103	
215	0.463451	0.454487	0.445538	0.453896	0.448818	0.457031	0.449876	0.456042	0.471920	0.444974	
220	0.461224	0.455476	0.437534	0.448663	0.447164	0.455790	0.446389	0.458561	0.468287	0.443981	
225	0.458395	0.455637	0.434631	0.446869	0.446138	0.458110	0.441282	0.453961	0.468556	0.447369	
230	0.459706	0.455271	0.434003	0.445020	0.444626	0.453663	0.442457	0.454709	0.466771	0.446052	
235	0.452144	0.454771	0.432856	0.441327	0.444534	0.453387	0.438468	0.455154	0.462013	0.444839	
240	0.452719	0.454657	0.434576	0.438390	0.443897	0.453198	0.439880	0.457856	0.458438	0.448296	
245	0.451542	0.449761	0.432138	0.441956	0.442518	0.452453	0.434291	0.454598	0.456053	0.444965	
250	0.452702	0.451404	0.434596	0.439659	0.442379	0.451364	0.436019	0.451822	0.455603	0.442926	
255	0.453226	0.452545	0.436400	0.440801	0.440659	0.454132	0.432332	0.450094	0.455359	0.442674	
260	0.444507	0.453619	0.430747	0.443762	0.437799	0.456983	0.430998	0.447222	0.452478	0.446695	
265	0.439093	0.452400	0.434817	0.445180	0.438733	0.454711	0.432262	0.445158	0.450032	0.445400	
270	0.440408	0.451529	0.436440	0.443844	0.439812	0.456146	0.437630	0.445288	0.452298	0.447654	
275	0.437902	0.450496	0.432502	0.444183	0.441618	0.450607	0.437274	0.445385	0.445696	0.444083	
280	0.440390	0.453543	0.432235	0.442563	0.444225	0.452095	0.438446	0.446183	0.445121	0.447504	
285	0.437780	0.446787	0.434530	0.441824	0.442562	0.454508	0.435027	0.443093	0.437277	0.443411	
290	0.434481	0.448381	0.436224	0.447380	0.442211	0.456756	0.436649	0.442763	0.435429	0.442564	
295	0.438328	0.449519	0.437559	0.446331	0.438133	0.452987	0.439021	0.443352	0.439408	0.446143	
300	0.435408	0.447187	0.441011	0.440843	0.439933	0.453629	0.439796	0.440884	0.446978	0.449074	
305	0.437521	0.446619	0.445491	0.445614	0.437785	0.461608	0.440637	0.440962	0.452487	0.448493	
310	0.433230	0.447907	0.442443	0.446590	0.434109	0.459860	0.436823	0.438058	0.447588	0.443851	
315	0.434184	0.447655	0.445966	0.444974	0.435235	0.462419	0.442661	0.440433	0.452624	0.442264	
320	0.436688	0.447962	0.444083	0.447811	0.432675	0.457970	0.442718	0.438313	0.448484	0.440990	
325	0.435598	0.446436	0.444175	0.447712	0.432395	0.454929	0.442108	0.436709	0.452920	0.440621	
330	0.438442	0.443478	0.440816	0.455125	0.436205	0.454777	0.437439	0.436048	0.448783	0.433730	
335	0.440565	0.446690	0.441738	0.459613	0.437936	0.451871	0.437606	0.436566	0.449253	0.433753	
340	0.443478	0.446046	0.438378	0.458147	0.433617	0.452049	0.439097	0.433933	0.449266	0.435772	
345	0.444217	0.440800	0.436349	0.455322	0.435982	0.452000	0.434474	0.434244	0.451816	0.437673	
350	0.452229	0.441624	0.439230	0.455078	0.439949	0.446898	0.435256	0.439354	0.447280	0.438929	
355	0.450916	0.439027	0.443274	0.457181	0.437943	0.451205	0.435558	0.439378	0.445163	0.438150	
360	0.446751	0.438669	0.440838	0.458355	0.435278	0.451790	0.440628	0.441797	0.447141	0.434924	
365	0.447360	0.437892	0.439037	0.456260	0.434399	0.451994	0.438581	0.442284	0.449797	0.438609	
370	0.447980	0.437069	0.438121	0.455442	0.435103	0.451193	0.437055	0.442884	0.448990	0.442007	
375	0.443159	0.433454	0.440928	0.454278	0.436718	0.449302	0.437248	0.437864	0.445616	0.445990	
380	0.447779	0.435806	0.438526	0.451679	0.437949	0.450500	0.438727	0.438319	0.449031	0.444742	
385	0.447373	0.436405	0.438880	0.452312	0.441252	0.452089	0.432863	0.435040	0.450942	0.444900	
390	0.451177	0.438047	0.437590	0.451561	0.446593	0.458675	0.430878	0.435892	0.449249	0.446384	
395	0.444630	0.440883	0.435184	0.447574	0.447362	0.459311	0.433218	0.438718	0.450605	0.447308	
400	0.440550	0.437668	0.432511	0.450110	0.449700	0.459996	0.432817	0.442483	0.450384	0.446873	
405	0.441354	0.442834	0.431372	0.451095	0.453369	0.453655	0.435001	0.437486	0.450852	0.450274	
410	0.440264	0.445006	0.435340	0.447950	0.451659	0.452582	0.440561	0.436009	0.449403	0.446846	
415	0.439077	0.445348	0.439400	0.446270	0.453518	0.449462	0.438158	0.435058	0.448329	0.443620	
420	0.437884	0.440722	0.441501	0.445727	0.452202	0.451047	0.435974	0.435349	0.446475	0.446401	
425	0.445528	0.439490	0.438423	0.448446	0.451661	0.453402	0.433894	0.433086	0.447175	0.442777	
430	0.451689	0.438240	0.437712	0.450947	0.450507	0.447502	0.432081	0.434293	0.448894	0.438833	
435	0.447571	0.439768	0.436247	0.445276	0.449296	0.446745	0.431824	0.436435	0.446763	0.433926	
440	0.445538	0.437462	0.437593	0.443952	0.451499	0.446186	0.436987	0.436264	0.441413	0.431301	
445	0.445460	0.438647	0.437181	0.444281	0.449360	0.445128	0.435447	0.437236	0.438421	0.433564	
450	0.448096	0.437948	0.437840	0.442307	0.452551	0.444391	0.438919	0.438669	0.437924	0.434245	
455	0.451393	0.438029	0.438364	0.445574	0.452555	0.451571	0.443433	0.439444	0.439764	0.433646	
460	0.457494	0.433943	0.439501	0.452905	0.455737	0.452329	0.442848	0.441712	0.437509	0.437753	
465	0.451964	0.436360	0.440583	0.446657	0.460631	0.450866	0.438667	0.443507	0.437631	0.444026	
470	0.459172	0.437944	0.437688	0.445822	0.459595	0.455911	0.436629	0.447143	0.440339	0.446129	
475	0.453696	0.437252	0.439654	0.450194	0.454842	0.454363	0.438545	0.444451	0.440676	0.447191	
480	0.448659	0.438410	0.438564	0.446176	0.458774	0.455702	0.441448	0.439240	0.443279	0.442229	
485	0.447656	0.438208	0.435199	0.443294	0.455646	0.461868	0.446123	0.438886	0.445552	0.440279	
490	0.444034	0.439102	0.433032	0.447771	0.453799	0.460132	0.446945	0.443010	0.450274	0.440390	
495	0.445402	0.438170	0.433738	0.449225	0.452322	0.459490	0.448128	0.441457	0.446185	0.441396	
500	0.445638	0.437090	0.432719	0.451353	0.446002	0.458126	0.447749	0.441426	0.446433	0.438758	
505	0.443264	0.438417	0.433023	0.454978	0.442748	0.458002	0.444186	0.441231	0.445790	0.439248	
510	0.442160	0.440874	0.434081	0.452264	0.447045	0.459175	0.443239	0.444710	0.446001	0.436630	
515	0.436495	0.443830	0.434330	0.446781	0.448007	0.462745	0.440958	0.444407	0.448560	0.439716	
520	0.436440	0.448440	0.433732	0.455069	0.444373	0.460902	0.440319	0.444235	0.439723	0.439952	
525	0.439663	0.448609	0.438267	0.453422	0.447137	0.459036	0.443924	0.446169	0.441706	0.441016	
530	0.441419	0.450637	0.440438	0.450283	0.448028	0.460566	0.442545	0.447093	0.443602	0.445932	
535	0.437092	0.453938	0.438496	0.454438	0.446025	0.466325	0.439351	0.448915	0.445035	0.444860	
540	0.437484	0.455887	0.435439	0.455042	0.443578	0.464088	0.440232	0.450467	0.446326	0.446944	
545	0.438396	0.452675	0.437026	0.449168	0.439628	0.467412	0.440793	0.451179	0.444287	0.444106	
550	0.440159	0.450611	0.435457	0.446600	0.439623	0.471484	0.438887	0.449896	0.446516	0.445998	
555	0.440553	0.450515	0.435750	0.439733	0.435817	0.468219	0.436464	0.449902	0.445149	0.444352	
560	0.443343	0.453553	0.435389	0.438402	0.431178	0.468354	0.434952	0.453176	0.442827	0.443805	
565	0.442299	0.461109	0.437514	0.444418	0.426306	0.461602	0.435999	0.451466	0.443373	0.439298	
570	0.441468	0.462088	0.436741	0.445966	0.430985	0.456224	0.434999	0.456886	0.443548	0.440104	
575	0.439945	0.461394	0.436575	0.444513	0.431079	0.452471	0.441439	0.458412	0.437591	0.438490	
580	0.440538	0.467056	0.436108	0.450110	0.433370	0.451318	0.440490	0.455819	0.437495	0.437013	
585	0.438540	0.466191	0.438916	0.449240	0.430603	0.452980	0.440344	0.453076	0.439391	0.433790	
590	0.435770	0.464113	0.438611	0.447927	0.431126	0.452803	0.438380	0.454472	0.436580	0.435009	
595	0.439094	0.462731	0.438209	0.446213	0.434711	0.454091	0.438649	0.457019	0.436792	0.431775	
600	0.439813	0.460884	0.442043	0.447490	0.430061	0.455001	0.441423	0.459401	0.436401	0.432236	
605	0.439632	0.460535	0.442708	0.448085	0.430359	0.453926	0.439510	0.459618	0.438722	0.437246	
610	0.441081	0.461248	0.449230	0.443115	0.424905	0.452836	0.442862	0.458861	0.433927	0.431860	
615	0.434683	0.462026	0.450408	0.446484	0.425027	0.457156	0.444663	0.455907	0.432985	0.430723	
620	0.430697	0.462777	0.452888	0.450822	0.426306	0.459901	0.446410	0.456737	0.436329	0.439047	
625	0.438239	0.461669	0.453273	0.450017	0.430519	0.457350	0.444788	0.458474	0.438847	0.440732	
630	0.434089	0.459010	0.454796	0.447377	0.434401	0.460127	0.444235	0.460568	0.439730	0.441951	
635	0.440132	0.454792	0.452836	0.443679	0.436739	0.459028	0.449972	0.458343	0.438120	0.439548	
640	0.441066	0.455128	0.454024	0.447550	0.434367	0.456116	0.452777	0.460547	0.438613	0.436606	
645	0.446824	0.456393	0.453547	0.445561	0.432171	0.460326	0.452548	0.458961	0.444569	0.437210	
650	0.450034	0.453632	0.456237	0.444436	0.430454	0.460256	0.456420	0.459668	0.445045	0.438668	
655	0.442614	0.453953	0.453103	0.441867	0.426980	0.457300	0.450349	0.460380	0.443814	0.441583	
660	0.445797	0.457004	0.456441	0.435486	0.427697	0.461594	0.445387	0.456722	0.443147	0.436567	
665	0.449239	0.455776	0.458844	0.439091	0.428186	0.459989	0.442446	0.454587	0.442165	0.437797	
670	0.454090	0.451274	0.457317	0.440320	0.433105	0.461270	0.440933	0.455045	0.444178	0.438116	
675	0.449187	0.449248	0.453633	0.442587	0.434791	0.465649	0.439348	0.451067	0.445331	0.437760	
680	0.446859	0.455317	0.448428	0.444356	0.432925	0.467052	0.444821	0.451914	0.445469	0.442230	
685	0.456379	0.457490	0.448795	0.444081	0.433866	0.461530	0.439865	0.452969	0.448772	0.440703	
690	0.454906	0.457694	0.445716	0.441656	0.430417	0.461124	0.442298	0.455132	0.442685	0.441336	
695	0.457901	0.458801	0.445764	0.445024	0.429781	0.463839	0.442893	0.456846	0.446698	0.436526	
700	0.459413	0.456412	0.443094	0.447105	0.430415	0.461617	0.443603	0.450406	0.442656	0.438795	
705	0.459020	0.453479	0.440827	0.442549	0.434367	0.465858	0.444194	0.447423	0.440507	0.431944	
710	0.460518	0.453896	0.440160	0.440691	0.431374	0.467019	0.443524	0.446366	0.439770	0.431983	
715	0.461202	0.456070	0.442573	0.436503	0.432580	0.463470	0.442310	0.448656	0.439547	0.433016	
720	0.458894	0.460787	0.441596	0.439166	0.434447	0.465679	0.438237	0.448910	0.442336	0.431513	
725	0.461426	0.462061	0.443183	0.438154	0.432226	0.466858	0.440305	0.448494	0.441377	0.435723	
730	0.457535	0.464653	0.442885	0.441485	0.432633	0.461273	0.440841	0.446469	0.442308	0.437476	
735	0.457306	0.458999	0.443404	0.444713	0.432438	0.456765	0.442397	0.445751	0.441843	0.438442	
740	0.461039	0.458202	0.444534	0.435764	0.432831	0.458495	0.441115	0.445371	0.439068	0.443879	
745	0.455717	0.456277	0.446608	0.434010	0.428654	0.462759	0.439602	0.446119	0.443284	0.440963	
750	0.458035	0.453831	0.444223	0.434312	0.434831	0.458855	0.438791	0.444890	0.445617	0.446730	
755	0.454104	0.454442	0.445008	0.433013	0.427131	0.455957	0.439526	0.447213	0.450651	0.453046	
760	0.456580	0.452736	0.448438	0.432165	0.433831	0.452980	0.441559	0.446381	0.452055	0.447568	
765	0.456725	0.453318	0.449990	0.433524	0.434794	0.451832	0.444378	0.452904	0.449919	0.452197	
770	0.457592	0.455427	0.447741	0.435270	0.433722	0.449816	0.443302	0.457128	0.452932	0.455130	
775	0.458762	0.455180	0.451739	0.441007	0.437323	0.449405	0.441051	0.457759	0.455233	0.450735	
780	0.458257	0.457692	0.451649	0.441423	0.437099	0.451190	0.441298	0.458792	0.451423	0.448013	
785	0.457979	0.456077	0.449810	0.441195	0.439526	0.451880	0.438449	0.456813	0.445762	0.445868	
790	0.452443	0.460522	0.451252	0.439720	0.442168	0.452104	0.433328	0.457601	0.444375	0.447270	
795	0.457043	0.466198	0.455896	0.450512	0.446421	0.451846	0.432659	0.455261	0.436165	0.449991	
800	0.455847	0.463942	0.454338	0.444008	0.445717	0.452235	0.428070	0.449079	0.442317	0.453830	
805	0.459671	0.462418	0.454856	0.446139	0.446119	0.447965	0.429757	0.448278	0.442706	0.451175	
810	0.462438	0.461143	0.456065	0.445009	0.450114	0.453725	0.430056	0.440487	0.445011	0.450099	
815	0.463086	0.461840	0.454161	0.448348	0.452943	0.451431	0.427271	0.445644	0.451121	0.450677	
820	0.463588	0.461726	0.451860	0.445505	0.447683	0.448196	0.432464	0.446435	0.455189	0.455413	
825	0.462417	0.462890	0.452553	0.448788	0.446769	0.448954	0.430564	0.448026	0.456493	0.454922	
830	0.464504	0.459295	0.454654	0.447342	0.447561	0.441665	0.431566	0.449157	0.458159	0.455803	
835	0.459358	0.459196	0.451385	0.445761	0.445816	0.442405	0.431034	0.451007	0.456980	0.460992	
840	0.459295	0.461386	0.453944	0.444505	0.451182	0.441954	0.429379	0.448876	0.450282	0.462831	
845	0.460901	0.457432	0.453382	0.445307	0.446878	0.442562	0.432336	0.446300	0.447953	0.466010	
850	0.460985	0.460569	0.451276	0.446765	0.451299	0.439949	0.437434	0.448352	0.448100	0.465344	
855	0.458235	0.462537	0.447501	0.444629	0.453059	0.440254	0.436997	0.448623	0.446385	0.464822	
860	0.455700	0.463140	0.449956	0.444202	0.454829	0.438521	0.438775	0.454811	0.448882	0.465008	
865	0.448999	0.461399	0.447737	0.439217	0.450600	0.439490	0.437050	0.456058	0.452390	0.462420	
870	0.445846	0.461431	0.448341	0.440814	0.449265	0.440404	0.439864	0.455895	0.450011	0.463776	
875	0.435880	0.460926	0.444904	0.438082	0.448831	0.437173	0.443038	0.458385	0.448667	0.467290	
880	0.434879	0.462959	0.445601	0.438829	0.451278	0.435408	0.442466	0.458604	0.451778	0.464032	
885	0.434404	0.465655	0.444986	0.444433	0.451357	0.432604	0.444508	0.450053	0.443123	0.466988	
890	0.435901	0.464465	0.446430	0.447239	0.451211	0.434928	0.443613	0.448764	0.442568	0.461836	
895	0.435551	0.461372	0.446681	0.445204	0.451815	0.432162	0.439417	0.449084	0.445922	0.459591	
900	0.431381	0.462863	0.446150	0.442109	0.454442	0.429208	0.440121	0.449268	0.448350	0.454406	
905	0.430868	0.458979	0.445341	0.443160	0.452111	0.433280	0.443474	0.448312	0.445708	0.453822	
910	0.432672	0.463669	0.444885	0.441823	0.448577	0.428843	0.439802	0.451317	0.444190	0.457795	
915	0.434389	0.462583	0.443050	0.442285	0.447047	0.425856	0.440224	0.450714	0.439161	0.455625	
920	0.434408	0.467075	0.446617	0.443248	0.447270	0.423420	0.439724	0.446985	0.439158	0.452371	
925	0.435948	0.470352	0.448631	0.442048	0.448215	0.424175	0.439079	0.448977	0.442222	0.453646	
930	0.438336	0.472298	0.444286	0.441120	0.448283	0.424519	0.437859	0.452275	0.444347	0.454299	
935	0.437107	0.468256	0.443665	0.445613	0.446054	0.420373	0.436716	0.446853	0.441206	0.456445	
940	0.440637	0.470319	0.439161	0.446390	0.446544	0.422145	0.439238	0.442061	0.445512	0.454897	
945	0.441734	0.466962	0.438232	0.442357	0.449893	0.428996	0.436989	0.440727	0.449848	0.456338	
950	0.445561	0.466910	0.438628	0.442260	0.447022	0.426059	0.441776	0.444673	0.452109	0.453807	
955	0.445055	0.468316	0.436844	0.444986	0.445485	0.422622	0.442405	0.447350	0.452415	0.455170	
960	0.446497	0.465816	0.435446	0.445370	0.451888	0.423258	0.444000	0.445032	0.450835	0.453222	
965	0.448514	0.461128	0.436352	0.447840	0.452967	0.424171	0.444140	0.446881	0.450087	0.452730	
970	0.444313	0.459437	0.439693	0.448044	0.452044	0.424626	0.445462	0.445525	0.451281	0.454762	
975	0.443954	0.464132	0.437746	0.447714	0.450117	0.429360	0.447972	0.442309	0.448069	0.456925	
980	0.442215	0.472016	0.434689	0.447541	0.451172	0.426540	0.444860	0.442420	0.455087	0.458552	
985	0.443118	0.468770	0.437118	0.444923	0.452177	0.426671	0.449174	0.436998	0.454857	0.456554	
990	0.449853	0.467629	0.437749	0.446434	0.453127	0.422871	0.447922	0.432755	0.455446	0.461227	
995	0.443612	0.460120	0.440990	0.446579	0.456556	0.421733	0.447002	0.434986	0.455934	0.462672	
1000	0.443301	0.457661	0.441952	0.445697	0.458192	0.423716	0.443583	0.439738	0.455302	0.464693	
1005	0.442240	0.450122	0.437731	0.449395	0.461845	0.426664	0.443279	0.438853	0.450233	0.465065	
1010	0.443203	0.450344	0.442100	0.450372	0.463109	0.428213	0.439792	0.437906	0.450534	0.467853	
1015	0.442489	0.449693	0.437164	0.449709	0.459767	0.427960	0.437239	0.436806	0.452530	0.464232	
1020	0.437046	0.447411	0.436698	0.447763	0.461516	0.434442	0.440317	0.432209	0.449859	0.469334	
1025	0.436411	0.446581	0.438117	0.446621	0.455608	0.437927	0.438344	0.432080	0.451586	0.470529	
1030	0.440270	0.444661	0.438985	0.445583	0.460504	0.437510	0.438337	0.433354	0.450491	0.470424	
1035	0.440477	0.443144	0.437486	0.447871	0.454561	0.436118	0.440195	0.437824	0.446577	0.471511	
1040	0.436353	0.444232	0.441256	0.451141	0.455142	0.440933	0.438591	0.437373	0.449951	0.473694	
1045	0.430721	0.443947	0.441700	0.453978	0.455930	0.441851	0.439496	0.438055	0.449105	0.474250	
1050	0.433537	0.445556	0.438632	0.450300	0.453866	0.440596	0.435657	0.440111	0.447081	0.470548	
1055	0.437873	0.449411	0.438127	0.450992	0.452713	0.436508	0.438312	0.440556	0.448672	0.467859	
1060	0.440070	0.443297	0.432432	0.449605	0.450770	0.434978	0.438492	0.440971	0.451598	0.466773	
1065	0.438617	0.439488	0.435554	0.451233	0.453291	0.433823	0.441194	0.443258	0.446820	0.471681	
1070	0.441376	0.438041	0.433798	0.451008	0.450469	0.428017	0.440826	0.449318	0.446919	0.476050	
1075	0.440886	0.437824	0.432461	0.452788	0.445504	0.431577	0.445325	0.450439	0.444263	0.471797	
1080	0.438978	0.444289	0.430246	0.454314	0.443380	0.432665	0.449428	0.449345	0.446381	0.474653	
1085	0.441840	0.441388	0.436976	0.450439	0.444646	0.433357	0.451738	0.455166	0.443208	0.469569	
1090	0.444709	0.443343	0.440003	0.455128	0.450091	0.440992	0.451631	0.456181	0.446772	0.471467	
1095	0.447354	0.443541	0.437885	0.458697	0.453351	0.443452	0.453935	0.453189	0.445324	0.469933	
1100	0.449488	0.443330	0.440998	0.460572	0.455341	0.444537	0.452413	0.455148	0.438997	0.470399	
1105	0.446249	0.445950	0.439643	0.462138	0.450848	0.443864	0.447423	0.456887	0.437344	0.472217	
1110	0.444942	0.445373	0.437113	0.460707	0.450214	0.444322	0.450655	0.454471	0.440083	0.472581	
1115	0.446641	0.448616	0.438705	0.461479	0.450383	0.447508	0.450540	0.458327	0.440367	0.471651	
1120	0.444089	0.446920	0.440236	0.461176	0.451778	0.444397	0.450189	0.463057	0.435415	0.471390	
1125	0.445559	0.442352	0.438039	0.458652	0.448547	0.444271	0.448892	0.468355	0.440272	0.467902	
1130	0.442721	0.445440	0.440941	0.455381	0.447520	0.441903	0.446316	0.468963	0.440330	0.463069	
1135	0.435321	0.442685	0.443602	0.452405	0.445988	0.439412	0.444589	0.471315	0.441361	0.460030	
1140	0.432792	0.438879	0.446653	0.448725	0.445834	0.435175	0.447157	0.471658	0.441786	0.459564	
1145	0.434093	0.442051	0.443300	0.447999	0.443959	0.433335	0.446739	0.468372	0.443798	0.458635	
1150	0.429628	0.441448	0.442216	0.444765	0.443180	0.428964	0.448185	0.467179	0.446349	0.459054	
1155	0.436353	0.439817	0.440626	0.445648	0.442460	0.430276	0.450261	0.468387	0.447065	0.459417	
1160	0.434524	0.437356	0.441231	0.443586	0.442537	0.428910	0.451755	0.468737	0.447315	0.464427	
1165	0.433967	0.435764	0.436898	0.441112	0.441607	0.428274	0.457363	0.467014	0.447824	0.460919	
1170	0.431147	0.436497	0.435676	0.442325	0.445476	0.431583	0.459531	0.467461	0.445353	0.458813	
1175	0.428380	0.428225	0.433862	0.438047	0.443432	0.436202	0.461108	0.461977	0.441894	0.457371	
1180	0.424985	0.429564	0.439595	0.438763	0.443354	0.438073	0.459688	0.460112	0.444777	0.457498	
1185	0.431370	0.429554	0.441600	0.437334	0.444109	0.438555	0.459474	0.468525	0.446543	0.461374	
1190	0.433099	0.425192	0.436464	0.437191	0.444732	0.436466	0.465675	0.464111	0.449144	0.457581	
1195	0.436539	0.423531	0.436152	0.435082	0.445553	0.436916	0.459327	0.463254	0.451777	0.461132	
1200	0.436839	0.423652	0.434818	0.433916	0.446841	0.437387	0.458433	0.462947	0.452547	0.457708	
1205	0.436270	0.420811	0.434525	0.436903	0.445509	0.435337	0.456727	0.467460	0.448830	0.454818	
1210	0.437262	0.424162	0.434984	0.441471	0.442659	0.433427	0.459525	0.464782	0.450440	0.459637	
1215	0.441705	0.427662	0.434799	0.442752	0.442554	0.437911	0.459492	0.465255	0.454322	0.460868	
1220	0.438219	0.428576	0.438454	0.441173	0.444499	0.437728	0.460522	0.462469	0.454895	0.462702	
1225	0.430633	0.428782	0.439215	0.445187	0.446013	0.433063	0.459952	0.457099	0.455538	0.461605	
1230	0.437790	0.426192	0.442513	0.451986	0.446193	0.435142	0.456827	0.455991	0.456827	0.461449	
1235	0.435749	0.430079	0.443510	0.453501	0.439685	0.434349	0.456373	0.459025	0.455618	0.458526	
1240	0.437428	0.434772	0.437571	0.445023	0.443819	0.434618	0.455044	0.462662	0.455944	0.459869	
1245	0.433368	0.433358	0.432700	0.442377	0.446783	0.431335	0.456084	0.460972	0.456634	0.461160	
1250	0.429105	0.433273	0.433055	0.446685	0.446212	0.431635	0.461880	0.467343	0.455988	0.458251	
1255	0.431099	0.437555	0.433084	0.447783	0.448958	0.428237	0.460759	0.466846	0.457023	0.458656	
1260	0.432851	0.437109	0.436005	0.449003	0.446530	0.428356	0.459428	0.467704	0.458716	0.453871	
1265	0.430096	0.435256	0.435078	0.449042	0.445489	0.427102	0.457173	0.463763	0.457037	0.454078	
1270	0.428743	0.434067	0.433427	0.445886	0.445792	0.431537	0.454788	0.462147	0.454751	0.447496	
1275	0.429871	0.434979	0.438476	0.451954	0.445390	0.434241	0.457856	0.454901	0.460753	0.446574	
1280	0.432201	0.439165	0.438555	0.451439	0.446231	0.435141	0.455344	0.455791	0.460963	0.448616	
1285	0.434336	0.437818	0.438168	0.451861	0.440494	0.435890	0.461539	0.457593	0.458612	0.445639	
1290	0.429459	0.440269	0.442969	0.450183	0.439131	0.439276	0.459142	0.453753	0.458742	0.443909	
1295	0.430120	0.445696	0.443103	0.449136	0.438096	0.440776	0.459506	0.454457	0.455976	0.444036	
1300	0.427595	0.443595	0.439527	0.452082	0.446601	0.441867	0.459079	0.451574	0.458844	0.448186	
1305	0.420970	0.443349	0.438165	0.452013	0.444714	0.441939	0.458436	0.450620	0.456557	0.443280	
1310	0.420423	0.442870	0.441227	0.453775	0.444199	0.441590	0.458720	0.451616	0.455980	0.446795	
1315	0.426183	0.441004	0.435972	0.459557	0.445007	0.439189	0.455411	0.452936	0.457386	0.448363	
1320	0.427820	0.445589	0.435447	0.460696	0.444164	0.441636	0.452580	0.448526	0.458439	0.454345	
1325	0.429086	0.441938	0.440908	0.460997	0.450841	0.437029	0.451928	0.454008	0.459806	0.452725	
1330	0.425184	0.441666	0.439665	0.461901	0.441701	0.439945	0.447148	0.459887	0.460195	0.459081	
1335	0.424594	0.443013	0.438676	0.455071	0.445581	0.441488	0.451472	0.457633	0.458052	0.461414	
1340	0.426539	0.444708	0.437962	0.455543	0.445762	0.439625	0.447498	0.460975	0.461349	0.459651	
1345	0.428496	0.440581	0.440556	0.455582	0.445291	0.440561	0.441450	0.457301	0.461908	0.459043	
1350	0.426578	0.443635	0.444934	0.459538	0.450611	0.443141	0.438495	0.458341	0.463000	0.456497	
1355	0.433340	0.445199	0.448883	0.462172	0.451118	0.442968	0.441654	0.462732	0.462236	0.457773	
1360	0.433064	0.447147	0.445612	0.470422	0.446676	0.445093	0.437654	0.463251	0.461808	0.459033	
1365	0.436456	0.445814	0.446662	0.471018	0.443021	0.446625	0.438524	0.459661	0.460823	0.459477	
1370	0.433996	0.440913	0.451116	0.471320	0.445910	0.445591	0.438617	0.457619	0.461358	0.457731	
1375	0.436010	0.438740	0.445996	0.466025	0.448551	0.447064	0.435989	0.456006	0.457987	0.458853	
1380	0.439337	0.439700	0.448401	0.458650	0.449476	0.446328	0.436467	0.456448	0.454803	0.459784	
1385	0.441298	0.441068	0.445910	0.462583	0.450055	0.443065	0.434384	0.454904	0.454557	0.461438	
1390	0.439079	0.446599	0.443982	0.462866	0.450882	0.443195	0.438223	0.454328	0.454997	0.462776	
1395	0.444755	0.446724	0.438844	0.456432	0.454102	0.439750	0.433448	0.455633	0.454342	0.458361	
1400	0.446957	0.446252	0.440574	0.455991	0.451658	0.438471	0.434104	0.452534	0.454703	0.456466	
1405	0.446684	0.447615	0.441093	0.451757	0.454040	0.442270	0.433752	0.448867	0.455181	0.462759	
1410	0.446537	0.447091	0.439687	0.453928	0.454197	0.440849	0.440331	0.448133	0.453832	0.465446	
1415	0.446843	0.446997	0.434903	0.454496	0.453056	0.440181	0.438936	0.443885	0.451366	0.465594	
1420	0.441517	0.443532	0.436175	0.453237	0.453291	0.439804	0.436559	0.444271	0.452512	0.467717	
1425	0.438253	0.441730	0.438949	0.453289	0.453694	0.440477	0.434235	0.443752	0.454130	0.462636	
1430	0.437012	0.439021	0.438632	0.457227	0.454871	0.440746	0.433930	0.444989	0.451648	0.463932	
1435	0.436510	0.438339	0.437524	0.459060	0.454710	0.442609	0.436612	0.440506	0.454628	0.461315	
1440	0.434793	0.442668	0.441801	0.463260	0.451616	0.444480	0.441009	0.437593	0.454554	0.463493	
1445	0.440163	0.442481	0.445060	0.458502	0.443163	0.446030	0.438752	0.440875	0.459042	0.458883	
1450	0.441976	0.446196	0.443341	0.458174	0.446520	0.446584	0.439897	0.437842	0.461572	0.457809	
1455	0.440847	0.444269	0.443423	0.456648	0.443440	0.446369	0.440042	0.439607	0.457158	0.455942	
1460	0.441355	0.448562	0.447379	0.453778	0.442215	0.444673	0.436800	0.436217	0.456646	0.455311	
1465	0.440867	0.446804	0.444790	0.456379	0.438806	0.444214	0.434543	0.435702	0.459955	0.453341	
1470	0.437550	0.447830	0.446400	0.456129	0.438709	0.444789	0.439148	0.440830	0.458069	0.448917	
1475	0.441217	0.449808	0.443471	0.453724	0.439757	0.444546	0.439324	0.441698	0.452914	0.448879	
1480	0.444184	0.449367	0.445225	0.451571	0.436769	0.444301	0.439363	0.443120	0.454207	0.449127	
1485	0.446180	0.448484	0.443739	0.447030	0.434844	0.443541	0.443596	0.443843	0.449615	0.450784	
1490	0.443881	0.444029	0.445325	0.447523	0.434344	0.444222	0.441238	0.442374	0.449455	0.445933	
1495	0.445768	0.443808	0.441524	0.450205	0.432410	0.446480	0.443054	0.441995	0.447414	0.447856	
1500	0.446471	0.438440	0.441815	0.448355	0.437500	0.444232	0.445418	0.440132	0.449455	0.445474	
1505	0.448707	0.440731	0.444807	0.451221	0.439627	0.444945	0.444539	0.438612	0.447998	0.447305	
1510	0.450062	0.445339	0.448804	0.452956	0.442560	0.445191	0.445062	0.436140	0.443372	0.446130	
1515	0.444451	0.446813	0.455030	0.451890	0.441583	0.442706	0.446466	0.439049	0.443095	0.442369	
1520	0.446515	0.444261	0.453795	0.455467	0.440590	0.444232	0.443299	0.440566	0.444145	0.439151	
1525	0.446755	0.441277	0.454151	0.454232	0.441979	0.443347	0.441557	0.444489	0.445815	0.439709	
1530	0.440596	0.440307	0.455653	0.453305	0.437750	0.444378	0.437817	0.445726	0.448205	0.439731	
1535	0.442891	0.442312	0.453391	0.456446	0.435575	0.442466	0.437303	0.448537	0.443457	0.439000	
1540	0.445060	0.443902	0.452125	0.452894	0.436439	0.439869	0.441122	0.448197	0.445223	0.440236	
1545	0.444676	0.446337	0.450733	0.452146	0.432848	0.438809	0.439374	0.446899	0.444557	0.442371	
1550	0.442081	0.448446	0.449403	0.450891	0.433942	0.433853	0.435444	0.443977	0.448533	0.440979	
1555	0.441516	0.448498	0.440501	0.451747	0.436550	0.432152	0.436753	0.449466	0.448594	0.439946	
1560	0.442909	0.448151	0.443684	0.446753	0.438400	0.429145	0.439948	0.449660	0.451094	0.444652	
1565	0.445908	0.446299	0.440737	0.444110	0.439264	0.430965	0.441149	0.449635	0.447711	0.444030	
1570	0.452071	0.444513	0.441961	0.445917	0.439716	0.429370	0.442506	0.451455	0.452349	0.443107	
1575	0.455376	0.446055	0.443265	0.449734	0.441833	0.431823	0.446162	0.449775	0.450004	0.442750	
1580	0.449921	0.447088	0.443971	0.448300	0.442632	0.433276	0.446343	0.448987	0.450963	0.441329	
1585	0.449699	0.447598	0.448871	0.450319	0.447492	0.431607	0.444835	0.448069	0.454622	0.439289	
1590	0.450857	0.447027	0.445555	0.450337	0.447094	0.435015	0.447673	0.448584	0.454279	0.438975	
1595	0.448572	0.444027	0.446031	0.448195	0.445657	0.436135	0.441363	0.447409	0.453211	0.437832	
1600	0.447975	0.442121	0.446301	0.446478	0.446614	0.431249	0.443040	0.449205	0.455483	0.442153	
1605	0.440171	0.444537	0.445318	0.447836	0.441237	0.432023	0.443894	0.453977	0.454446	0.437472	
1610	0.444433	0.437471	0.445846	0.451141	0.441787	0.426967	0.444327	0.452709	0.457096	0.433309	
1615	0.447056	0.435456	0.442500	0.446040	0.442261	0.428113	0.443949	0.455873	0.459446	0.433866	
1620	0.445568	0.432665	0.439008	0.449243	0.442016	0.424062	0.447380	0.460666	0.458217	0.436151	
1625	0.440679	0.434753	0.440504	0.448992	0.441146	0.424618	0.444448	0.454272	0.459001	0.433034	
1630	0.439600	0.438886	0.436947	0.450646	0.435573	0.424917	0.446341	0.455618	0.457912	0.434600	
1635	0.439981	0.440475	0.435624	0.448753	0.436400	0.427701	0.445749	0.456193	0.454562	0.434627	
1640	0.444331	0.442826	0.441314	0.444618	0.439586	0.427454	0.446083	0.451470	0.450832	0.437166	
1645	0.442877	0.441757	0.441190	0.440706	0.437131	0.432270	0.450640	0.451677	0.447853	0.433890	
1650	0.446941	0.439357	0.435909	0.440468	0.437941	0.433356	0.450679	0.450423	0.442078	0.430403	
1655	0.446982	0.445875	0.438793	0.441942	0.438472	0.431724	0.452722	0.454164	0.439214	0.433067	
1660	0.448176	0.445084	0.439074	0.441499	0.441290	0.433062	0.456419	0.457225	0.440664	0.432944	
1665	0.448105	0.443750	0.438527	0.439796	0.443444	0.435931	0.448604	0.455930	0.441626	0.434083	
1670	0.449095	0.441588	0.435816	0.442871	0.441308	0.431786	0.444605	0.453551	0.442145	0.432331	
1675	0.451873	0.442010	0.433711	0.445803	0.447242	0.436220	0.443764	0.445725	0.438872	0.430276	
1680	0.447329	0.442920	0.435072	0.448455	0.441161	0.437761	0.442689	0.441840	0.443683	0.430731	
1685	0.450212	0.445022	0.440635	0.453948	0.440114	0.438579	0.441320	0.438066	0.447376	0.428413	
1690	0.453542	0.445965	0.444537	0.452615	0.441431	0.436954	0.442512	0.432413	0.443636	0.430940	
1695	0.455055	0.442992	0.442950	0.447120	0.442405	0.436599	0.441587	0.435933	0.445619	0.435308	
1700	0.453752	0.446356	0.440998	0.447607	0.443505	0.439584	0.438430	0.439054	0.442616	0.435832	
1705	0.451887	0.444176	0.446130	0.451263	0.444965	0.436152	0.439800	0.438702	0.446509	0.434177	
1710	0.450821	0.444353	0.442798	0.451013	0.443802	0.436466	0.435839	0.439402	0.447571	0.431047	
1715	0.453938	0.440276	0.444561	0.447086	0.447693	0.437759	0.433166	0.441023	0.447602	0.430659	
1720	0.453658	0.440445	0.445333	0.446240	0.441063	0.432670	0.431228	0.440948	0.443025	0.431841	
1725	0.450490	0.443394	0.448103	0.442955	0.441540	0.435142	0.433186	0.442580	0.440370	0.433094	
1730	0.451448	0.446107	0.445872	0.439256	0.438202	0.434357	0.431310	0.446822	0.442405	0.434126	
1735	0.450392	0.446374	0.451721	0.436888	0.440552	0.433300	0.436960	0.452052	0.441696	0.434272	
1740	0.447307	0.447369	0.450894	0.440630	0.439737	0.432578	0.433746	0.453156	0.446437	0.432860	
1745	0.447704	0.447193	0.452600	0.442861	0.440441	0.431926	0.436553	0.451792	0.444236	0.436987	
1750	0.448394	0.444850	0.453541	0.440715	0.440411	0.433343	0.438505	0.449293	0.441668	0.438463	
1755	0.447209	0.448462	0.452496	0.437482	0.443519	0.433741	0.437410	0.450224	0.442221	0.437489	
1760	0.447891	0.445012	0.447718	0.435252	0.449996	0.435630	0.434927	0.451540	0.439898	0.434193	
1765	0.447334	0.444388	0.452043	0.432470	0.453479	0.435135	0.435014	0.454480	0.437546	0.433897	
1770	0.450613	0.442390	0.454461	0.430924	0.451540	0.433899	0.435420	0.451594	0.437511	0.435274	
1775	0.449937	0.442705	0.457690	0.427210	0.452777	0.433361	0.435645	0.447432	0.436664	0.437460	
1780	0.452258	0.440752	0.453716	0.424616	0.450583	0.437989	0.439941	0.450216	0.436059	0.439571	
1785	0.454858	0.436696	0.452331	0.428429	0.446915	0.436145	0.440814	0.451963	0.439582	0.442297	
1790	0.455314	0.439090	0.452239	0.428590	0.447110	0.440219	0.444550	0.457056	0.435963	0.442125	
1795	0.460074	0.437552	0.452258	0.430092	0.443726	0.440111	0.441847	0.454964	0.439271	0.449024	
1800	0.459401	0.435205	0.451550	0.434714	0.442296	0.440128	0.443706	0.457073	0.432804	0.445467	
1805	0.463369	0.434875	0.457257	0.436942	0.439351	0.443624	0.446393	0.459922	0.433966	0.441996	
1810	0.457915	0.438387	0.457877	0.437701	0.438720	0.443549	0.444119	0.464902	0.432814	0.443779	
1815	0.456224	0.441273	0.455301	0.435416	0.439996	0.438904	0.442870	0.460299	0.435095	0.442850	
1820	0.456024	0.444926	0.456366	0.439303	0.437861	0.439519	0.444933	0.462624	0.435290	0.441878	
1825	0.454848	0.441095	0.460015	0.441269	0.439370	0.441763	0.447994	0.466494	0.438201	0.441662	
1830	0.454801	0.441870	0.456980	0.439867	0.441382	0.444491	0.447869	0.466309	0.439309	0.441493	
1835	0.453862	0.439433	0.456534	0.436956	0.435514	0.443416	0.441847	0.462143	0.445290	0.440927	
1840	0.456937	0.440061	0.458128	0.440207	0.435773	0.442799	0.442094	0.460799	0.442117	0.440385	
1845	0.455284	0.439579	0.454352	0.440854	0.435935	0.441825	0.438648	0.459502	0.440934	0.437296	
1850	0.457052	0.439961	0.457394	0.443988	0.436078	0.440029	0.434808	0.462072	0.438954	0.434095	
1855	0.456331	0.441871	0.461489	0.448406	0.434078	0.436892	0.437339	0.468787	0.442999	0.435667	
1860	0.452862	0.439025	0.463715	0.446531	0.432871	0.435950	0.436007	0.468135	0.439427	0.436156	
1865	0.452714	0.436952	0.466120	0.444927	0.434861	0.440029	0.434588	0.466554	0.439714	0.437050	
1870	0.453271	0.437664	0.466752	0.442188	0.433941	0.440068	0.437015	0.469390	0.438517	0.439917	
1875	0.454874	0.441831	0.465048	0.442346	0.436426	0.443987	0.439182	0.466800	0.436008	0.441105	
1880	0.451018	0.438017	0.463407	0.444754	0.436250	0.436299	0.436041	0.465030	0.434934	0.443374	
1885	0.448570	0.441431	0.462483	0.443775	0.435977	0.435482	0.441836	0.467619	0.434187	0.443245	
1890	0.447888	0.438367	0.461491	0.446785	0.431673	0.434599	0.440787	0.467364	0.439470	0.441608	
1895	0.448877	0.443672	0.465541	0.445893	0.432513	0.433504	0.438997	0.460881	0.436574	0.444432	
1900	0.444040	0.438857	0.459186	0.447607	0.431569	0.433143	0.443209	0.460241	0.438755	0.445074	
1905	0.441849	0.431946	0.460753	0.442497	0.436886	0.432341	0.447012	0.457117	0.440719	0.444543	
1910	0.439935	0.432738	0.462235	0.447438	0.437887	0.437600	0.447692	0.458147	0.441365	0.448058	
1915	0.444517	0.434842	0.461150	0.445027	0.444637	0.440408	0.448043	0.456654	0.443820	0.446973	
1920	0.442229	0.437402	0.460990	0.444302	0.442885	0.439221	0.448786	0.455808	0.445396	0.442010	
1925	0.444394	0.430721	0.460593	0.443078	0.443070	0.438557	0.446219	0.459149	0.450491	0.443759	
1930	0.445233	0.434592	0.461958	0.445173	0.443653	0.440400	0.448501	0.461089	0.450916	0.439235	
1935	0.447439	0.436062	0.461832	0.446214	0.446996	0.441603	0.449970	0.464712	0.447694	0.438829	
1940	0.443455	0.438277	0.460884	0.443789	0.449485	0.437695	0.448770	0.461696	0.449891	0.440302	
1945	0.442415	0.435160	0.457832	0.442314	0.449666	0.445228	0.449512	0.461356	0.448695	0.437911	
1950	0.443238	0.435613	0.456375	0.439887	0.445734	0.442789	0.450933	0.461560	0.448742	0.437334	
1955	0.447073	0.439532	0.450165	0.439676	0.444276	0.438452	0.451305	0.460144	0.452275	0.430765	
1960	0.444804	0.435561	0.448552	0.435623	0.443551	0.437251	0.451239	0.460364	0.453260	0.433144	
1965	0.442637	0.435816	0.448623	0.435913	0.444993	0.440490	0.451612	0.458146	0.450895	0.433072	
1970	0.437606	0.430318	0.444764	0.439702	0.447291	0.438738	0.450553	0.461289	0.450976	0.433523	
1975	0.437344	0.430828	0.443126	0.435261	0.445559	0.435432	0.448049	0.458253	0.452081	0.433301	
1980	0.437009	0.425901	0.442660	0.444155	0.448794	0.437390	0.449937	0.457370	0.452963	0.435725	
1985	0.443529	0.424768	0.444151	0.445992	0.442811	0.433970	0.450778	0.457552	0.450275	0.437963	
1990	0.442409	0.426268	0.439982	0.444128	0.442672	0.436642	0.456169	0.462512	0.446393	0.436745	
1995	0.445187	0.428692	0.441841	0.440276	0.448258	0.435758	0.459097	0.461294	0.445096	0.438446	
2000	0.444861	0.430671	0.437512	0.437463	0.449995	0.434509	0.461439	0.457612	0.447249	0.438853	
2005	0.441745	0.428467	0.439943	0.439877	0.450916	0.437395	0.461005	0.451142	0.449254	0.440992	
2010	0.442538	0.436558	0.442011	0.439230	0.457245	0.435748	0.458785	0.450592	0.447551	0.441474	
2015	0.444200	0.433426	0.438209	0.442549	0.457471	0.434365	0.457585	0.449171	0.444566	0.443078	
2020	0.446730	0.429340	0.438328	0.441007	0.457579	0.441783	0.456369	0.449120	0.444489	0.446688	
2025	0.446521	0.433454	0.440992	0.440784	0.455319	0.448952	0.452618	0.452032	0.447898	0.446171	
2030	0.444572	0.434604	0.437264	0.441997	0.452963	0.450273	0.448045	0.455143	0.441783	0.443622	
2035	0.439030	0.431534	0.436138	0.439247	0.447663	0.454546	0.450271	0.461733	0.438350	0.443264	
2040	0.444147	0.434318	0.435879	0.439434	0.450513	0.452967	0.451268	0.464361	0.437966	0.445385	
2045	0.444048	0.434516	0.436969	0.437176	0.449196	0.451681	0.448973	0.461948	0.447402	0.443684	
2050	0.444125	0.436001	0.437803	0.440833	0.445044	0.452078	0.446112	0.459790	0.442969	0.444654	
2055	0.448034	0.432165	0.436456	0.443342	0.442322	0.449712	0.448681	0.462806	0.442150	0.445432	
2060	0.446912	0.431298	0.439335	0.444492	0.442734	0.448832	0.439581	0.465563	0.441655	0.446025	
2065	0.445419	0.432913	0.439189	0.442365	0.446159	0.453220	0.437186	0.465744	0.447871	0.448153	
2070	0.447074	0.435316	0.441622	0.441091	0.443660	0.451160	0.438453	0.468333	0.438383	0.448370	
2075	0.447250	0.431258	0.441878	0.441673	0.445610	0.447306	0.441768	0.467715	0.435712	0.451720	
2080	0.452146	0.426291	0.441556	0.440070	0.446469	0.449807	0.440592	0.467718	0.435268	0.445528	
2085	0.448661	0.430783	0.443576	0.439524	0.444272	0.452228	0.439953	0.467908	0.434910	0.447863	
2090	0.449469	0.434212	0.447990	0.441779	0.445850	0.449390	0.441002	0.470148	0.434016	0.443178	
2095	0.451713	0.438196	0.448359	0.442327	0.448521	0.450673	0.445418	0.463248	0.437641	0.441946	
2100	0.449345	0.438871	0.444593	0.441408	0.450542	0.451856	0.444471	0.464463	0.439671	0.444298	
2105	0.450002	0.439767	0.448359	0.440026	0.446047	0.448555	0.444882	0.465777	0.439972	0.447682	
2110	0.447466	0.440245	0.447164	0.436157	0.448155	0.450826	0.443752	0.467539	0.437278	0.447483	
2115	0.448528	0.440705	0.448958	0.436235	0.446149	0.446019	0.441452	0.467588	0.436221	0.447395	
2120	0.449315	0.441198	0.448287	0.436213	0.441905	0.440867	0.440661	0.464693	0.435806	0.449339	
2125	0.446756	0.438671	0.450623	0.440281	0.442411	0.438742	0.437891	0.463659	0.435338	0.456277	
2130	0.448129	0.442401	0.450177	0.436215	0.445693	0.439399	0.436228	0.465058	0.433314	0.455322	
2135	0.450012	0.434869	0.453993	0.437496	0.449377	0.443923	0.437765	0.469011	0.435542	0.454366	
2140	0.452276	0.435825	0.454484	0.441499	0.449390	0.448980	0.436150	0.467332	0.429111	0.457497	
2145	0.450280	0.434167	0.456641	0.440171	0.447546	0.448957	0.434743	0.463477	0.428095	0.455434	
2150	0.449426	0.439478	0.462111	0.442232	0.447628	0.448026	0.435972	0.465096	0.431848	0.456982	
2155	0.447105	0.438927	0.464476	0.443602	0.445502	0.446540	0.441427	0.467408	0.430176	0.459999	
2160	0.450698	0.438761	0.462308	0.440763	0.447534	0.445339	0.443065	0.470946	0.425808	0.458452	
2165	0.450764	0.439903	0.457027	0.440233	0.448385	0.443610	0.442845	0.468869	0.423233	0.461246	
2170	0.450757	0.440594	0.452616	0.442874	0.452038	0.440889	0.441731	0.467295	0.424865	0.458133	
2175	0.457322	0.443982	0.448260	0.439559	0.455635	0.441142	0.441546	0.461744	0.420051	0.462380	
2180	0.460599	0.442436	0.448579	0.439489	0.454503	0.442757	0.438663	0.462163	0.421025	0.462869	
2185	0.457173	0.444073	0.452911	0.440025	0.456348	0.443299	0.441208	0.461455	0.424481	0.466032	
2190	0.458095	0.444997	0.454780	0.438995	0.454362	0.448317	0.443332	0.460172	0.425968	0.463881	
2195	0.454429	0.446732	0.450552	0.439769	0.454627	0.451904	0.441705	0.457253	0.425014	0.464786	
2200	0.454781	0.448904	0.455400	0.437721	0.456981	0.453447	0.437703	0.450711	0.426014	0.464629	
2205	0.454373	0.443312	0.456510	0.434854	0.453931	0.448146	0.437865	0.449878	0.420373	0.466781	
2210	0.447808	0.444896	0.453503	0.439171	0.453919	0.448107	0.436627	0.449270	0.422735	0.461370	
2215	0.448461	0.443011	0.452831	0.445262	0.453745	0.447267	0.437099	0.454249	0.426935	0.462075	
2220	0.443636	0.445641	0.452119	0.441303	0.450841	0.447488	0.432846	0.454315	0.426204	0.465643	
2225	0.440608	0.442216	0.452532	0.440875	0.450224	0.445282	0.438375	0.454900	0.426629	0.465122	
2230	0.443346	0.438328	0.453273	0.447761	0.452198	0.449017	0.439653	0.453965	0.421073	0.466334	
2235	0.441759	0.441096	0.445353	0.446470	0.452154	0.452489	0.447459	0.447876	0.420608	0.467032	
2240	0.446408	0.444444	0.446917	0.445150	0.448317	0.447209	0.445386	0.442924	0.421028	0.464354	
2245	0.449759	0.443048	0.449207	0.439949	0.445098	0.445646	0.440202	0.448388	0.421932	0.460439	
2250	0.453325	0.444919	0.452978	0.437672	0.442791	0.448748	0.443804	0.446471	0.424856	0.462808	
2255	0.449344	0.439336	0.451991	0.441411	0.439020	0.449227	0.444621	0.447215	0.427994	0.461198	
2260	0.449780	0.438658	0.452137	0.447199	0.439721	0.449042	0.436729	0.444292	0.429409	0.465062	
2265	0.451258	0.434802	0.452740	0.447646	0.445775	0.447970	0.426563	0.446047	0.435135	0.459888	
2270	0.447852	0.438865	0.454004	0.447349	0.440908	0.446310	0.432055	0.450162	0.433486	0.457704	
2275	0.450595	0.441488	0.449324	0.443837	0.439314	0.444508	0.429453	0.448173	0.434314	0.456216	
2280	0.446031	0.440835	0.444962	0.441371	0.441076	0.444438	0.432703	0.449497	0.434545	0.459965	
2285	0.442842	0.444897	0.444470	0.442978	0.436218	0.443087	0.440238	0.451666	0.436983	0.457928	
2290	0.449107	0.445113	0.440780	0.440611	0.439442	0.446000	0.441629	0.451796	0.435175	0.459708	
2295	0.448218	0.440118	0.436625	0.445125	0.437632	0.447338	0.440528	0.448889	0.435683	0.461419	
2300	0.447259	0.445821	0.436052	0.445590	0.435023	0.447286	0.439807	0.444910	0.434496	0.463622	
2305	0.448562	0.449043	0.437586	0.449158	0.438683	0.447425	0.436924	0.443787	0.434303	0.462429	
2310	0.446756	0.447681	0.440001	0.447624	0.439412	0.442852	0.437869	0.442593	0.435211	0.458559	
2315	0.448017	0.444771	0.443715	0.444972	0.437242	0.443704	0.439021	0.444921	0.435736	0.462503	
2320	0.442414	0.445009	0.450504	0.448248	0.437591	0.442979	0.439039	0.444628	0.438132	0.465984	
2325	0.445669	0.440956	0.450673	0.445882	0.439329	0.444897	0.435475	0.444510	0.436782	0.464039	
2330	0.444482	0.442058	0.454128	0.444011	0.437698	0.441373	0.434777	0.446261	0.439933	0.457742	
2335	0.440443	0.441748	0.452675	0.441361	0.436005	0.443409	0.434503	0.440444	0.441916	0.456596	
2340	0.440756	0.441249	0.449270	0.439142	0.437593	0.440621	0.427000	0.442639	0.443439	0.454221	
2345	0.444386	0.445970	0.447716	0.437378	0.435830	0.433904	0.423219	0.440632	0.441861	0.456577	
2350	0.443365	0.444842	0.447454	0.432764	0.439666	0.428859	0.427106	0.431344	0.443262	0.451192	
2355	0.442990	0.452197	0.449585	0.432540	0.437127	0.430913	0.430354	0.430012	0.444727	0.451308	
2360	0.443350	0.452901	0.450174	0.431298	0.436459	0.432806	0.429289	0.433779	0.449153	0.450906	
2365	0.445856	0.454667	0.447023	0.433709	0.434124	0.435048	0.425743	0.435818	0.454383	0.446903	
2370	0.442739	0.458082	0.452254	0.435761	0.435811	0.434773	0.424310	0.434720	0.459473	0.445475	
2375	0.444791	0.456221	0.461753	0.430557	0.436617	0.432404	0.430461	0.441868	0.459678	0.447808	
2380	0.444702	0.456118	0.461849	0.432797	0.438584	0.435983	0.432090	0.439505	0.458639	0.449742	
2385	0.450522	0.455586	0.460919	0.433787	0.435014	0.435242	0.432304	0.435888	0.458889	0.452760	
2390	0.450740	0.456182	0.456749	0.435359	0.431691	0.430324	0.431365	0.435442	0.455861	0.452843	
2395	0.454952	0.460323	0.457042	0.433413	0.434435	0.431719	0.434058	0.434603	0.454581	0.453072	
2400	0.452633	0.461077	0.454886	0.435500	0.436961	0.436183	0.438099	0.435280	0.453425	0.457284	
2405	0.450305	0.452723	0.455948	0.433151	0.436856	0.437173	0.435976	0.435079	0.448527	0.454527	
2410	0.451412	0.451416	0.457311	0.431727	0.434661	0.436150	0.431842	0.438084	0.449168	0.452165	
2415	0.447898	0.449492	0.457954	0.434563	0.437214	0.437182	0.433059	0.441825	0.448698	0.449461	
2420	0.443842	0.445324	0.458353	0.438385	0.440541	0.442552	0.434169	0.442238	0.448042	0.450911	
2425	0.445627	0.448515	0.457298	0.441617	0.440364	0.446325	0.434886	0.448422	0.446913	0.451115	
2430	0.451722	0.445494	0.459760	0.444162	0.437912	0.449482	0.435020	0.448823	0.445801	0.453575	
2435	0.449785	0.444049	0.454027	0.442876	0.437633	0.444908	0.434589	0.451785	0.443633	0.456205	
2440	0.446616	0.448097	0.460266	0.441695	0.433960	0.442152	0.436158	0.449891	0.444243	0.453098	
2445	0.449672	0.444110	0.461248	0.440423	0.434835	0.440081	0.439217	0.449061	0.447664	0.454615	
2450	0.450468	0.442143	0.463138	0.438774	0.433584	0.438283	0.441537	0.451204	0.449866	0.457661	
2455	0.447571	0.445444	0.463884	0.436146	0.436987	0.440089	0.442800	0.452443	0.449953	0.455685	
2460	0.443582	0.444109	0.465489	0.436937	0.435455	0.442451	0.442455	0.454172	0.448478	0.455127	
2465	0.444940	0.445093	0.467039	0.436435	0.431076	0.439327	0.436261	0.454768	0.452215	0.456627	
2470	0.443540	0.444990	0.464069	0.441976	0.431087	0.442506	0.428911	0.451476	0.450315	0.452923	
2475	0.444827	0.443871	0.465652	0.442911	0.431808	0.440342	0.425012	0.452093	0.450492	0.458194	
2480	0.441739	0.444605	0.459804	0.449371	0.430202	0.440071	0.429028	0.451501	0.451360	0.454618	
2485	0.444211	0.445230	0.455148	0.448861	0.433322	0.435994	0.434162	0.446083	0.451928	0.453512	
2490	0.441626	0.444310	0.456017	0.450873	0.434625	0.433283	0.435110	0.449643	0.454797	0.454458	
2495	0.448262	0.446795	0.458974	0.451236	0.434420	0.433596	0.438803	0.451764	0.455925	0.455791	
2500	0.444429	0.447803	0.459577	0.450845	0.435048	0.433523	0.434555	0.446842	0.455154	0.453122	
2505	0.445663	0.450009	0.461682	0.450497	0.429513	0.432939	0.437539	0.446672	0.452765	0.452183	
2510	0.447654	0.453579	0.460637	0.451395	0.428085	0.432125	0.437299	0.445749	0.450979	0.449373	
2515	0.439962	0.457342	0.457098	0.448262	0.426992	0.428212	0.437812	0.445335	0.453117	0.452059	
2520	0.442190	0.457509	0.452989	0.447697	0.434426	0.428723	0.429262	0.446075	0.455338	0.454014	
2525	0.440734	0.454473	0.455460	0.446820	0.434797	0.431768	0.429624	0.446086	0.453554	0.453359	
2530	0.439970	0.452899	0.451954	0.446256	0.432889	0.428187	0.425532	0.443602	0.447668	0.450233	
2535	0.446036	0.456641	0.451840	0.446748	0.438297	0.427323	0.429774	0.448264	0.452126	0.449193	
2540	0.439633	0.451841	0.452801	0.448109	0.442262	0.425264	0.430917	0.444300	0.453912	0.444475	
2545	0.441240	0.448956	0.452018	0.449561	0.439023	0.425587	0.434479	0.449381	0.453597	0.439683	
2550	0.440592	0.446037	0.450939	0.449414	0.437740	0.430072	0.433789	0.449339	0.457231	0.441467	
2555	0.445671	0.446044	0.451222	0.447078	0.438110	0.431212	0.432232	0.455617	0.459988	0.443561	
2560	0.442037	0.443578	0.447797	0.445695	0.438965	0.430705	0.435700	0.453342	0.461964	0.446088	
2565	0.445411	0.444255	0.443836	0.447540	0.443724	0.432192	0.438724	0.447870	0.456251	0.445009	
2570	0.443745	0.445151	0.446064	0.448190	0.443339	0.433200	0.440171	0.448508	0.454563	0.451373	
2575	0.444701	0.450343	0.447707	0.449928	0.443650	0.431719	0.445361	0.443944	0.455888	0.453204	
2580	0.447111	0.454081	0.449062	0.446282	0.444302	0.435807	0.440554	0.443020	0.456598	0.454765	
2585	0.442571	0.456013	0.447994	0.447461	0.443322	0.437948	0.441465	0.443452	0.459066	0.449943	
2590	0.443338	0.452072	0.445784	0.447619	0.441447	0.436931	0.442284	0.444272	0.461355	0.447285	
2595	0.444999	0.449600	0.445306	0.447339	0.439415	0.440963	0.440346	0.447245	0.456071	0.452633	
2600	0.441281	0.447420	0.444723	0.445834	0.437303	0.436675	0.438498	0.447157	0.449670	0.454066	
2605	0.439921	0.450125	0.449110	0.444217	0.436559	0.442972	0.443224	0.448840	0.445251	0.459132	
2610	0.435979	0.448600	0.451084	0.445369	0.437908	0.443540	0.442300	0.446203	0.445172	0.456418	
2615	0.436895	0.449522	0.448001	0.443106	0.439619	0.443263	0.440625	0.449181	0.445274	0.455171	
2620	0.431069	0.451064	0.446493	0.440939	0.438785	0.441048	0.441361	0.449364	0.446082	0.449765	
2625	0.430236	0.449847	0.449184	0.437857	0.442034	0.443563	0.435933	0.448830	0.440896	0.447713	
2630	0.427391	0.449176	0.447463	0.443245	0.444236	0.450038	0.434818	0.442984	0.442055	0.450296	
2635	0.426674	0.447635	0.445012	0.444516	0.444882	0.449206	0.435348	0.450853	0.446186	0.452912	
2640	0.426721	0.447939	0.449586	0.445593	0.441953	0.449168	0.438516	0.453385	0.452025	0.453558	
2645	0.427505	0.446117	0.453755	0.448760	0.442606	0.446158	0.435704	0.449297	0.450343	0.448689	
2650	0.430462	0.451133	0.454512	0.450639	0.440105	0.446613	0.432692	0.447469	0.451786	0.449080	
2655	0.430021	0.455161	0.452659	0.451342	0.434784	0.439511	0.434422	0.445335	0.454999	0.448699	
2660	0.432137	0.447901	0.454121	0.449316	0.438468	0.435533	0.433429	0.443565	0.456961	0.448609	
2665	0.436464	0.447969	0.452746	0.448003	0.436790	0.435707	0.434413	0.441475	0.453386	0.447437	
2670	0.436137	0.445054	0.453079	0.447790	0.436799	0.440844	0.433179	0.439817	0.451056	0.447833	
2675	0.438768	0.450149	0.455148	0.440934	0.434113	0.442587	0.436405	0.440202	0.451177	0.449985	
2680	0.441942	0.449915	0.457374	0.439089	0.439240	0.444615	0.434368	0.440124	0.453914	0.453357	
2685	0.442737	0.449113	0.457986	0.436945	0.442162	0.443096	0.428994	0.440847	0.457304	0.449309	
2690	0.439865	0.447695	0.459392	0.436426	0.444478	0.444142	0.427333	0.441266	0.460393	0.447181	
2695	0.441320	0.448900	0.456344	0.434709	0.444282	0.445250	0.425951	0.444450	0.456315	0.448404	
2700	0.445595	0.446989	0.459286	0.436287	0.443124	0.446579	0.427379	0.446940	0.455945	0.447945	
2705	0.443736	0.450406	0.458431	0.435133	0.439454	0.443054	0.432410	0.446883	0.456156	0.444727	
2710	0.444171	0.451287	0.453272	0.431597	0.439548	0.440192	0.430153	0.445473	0.455937	0.443566	
2715	0.438479	0.446582	0.454937	0.427225	0.442319	0.436278	0.432488	0.441346	0.452378	0.442719	
2720	0.439398	0.445285	0.451500	0.430010	0.439624	0.436099	0.427147	0.439543	0.451583	0.441342	
2725	0.442774	0.447806	0.453016	0.422159	0.443256	0.437657	0.431994	0.436270	0.454606	0.440607	
2730	0.443928	0.448461	0.452207	0.425234	0.445618	0.436411	0.430880	0.438410	0.456391	0.440523	
2735	0.443073	0.450276	0.454441	0.424530	0.446863	0.434288	0.431968	0.435957	0.454039	0.437950	
2740	0.443762	0.451404	0.450401	0.430092	0.442747	0.434990	0.434163	0.431345	0.452538	0.437385	
2745	0.444288	0.452809	0.453072	0.430518	0.444897	0.434219	0.438433	0.432749	0.450411	0.433000	
2750	0.446790	0.452557	0.450927	0.431270	0.445555	0.430660	0.434424	0.436335	0.447358	0.437608	
2755	0.448960	0.449865	0.450431	0.435889	0.446797	0.425913	0.434913	0.434923	0.448696	0.436825	
2760	0.448024	0.447387	0.451551	0.433673	0.441777	0.425331	0.437210	0.435496	0.448716	0.433034	
2765	0.449843	0.445836	0.450132	0.434595	0.440529	0.424480	0.437194	0.437177	0.448394	0.435767	
2770	0.451578	0.445207	0.453442	0.434380	0.436092	0.418719	0.434067	0.435150	0.449695	0.435111	
2775	0.450906	0.446378	0.453349	0.433776	0.437251	0.416855	0.434319	0.437183	0.449846	0.436046	
2780	0.454950	0.446778	0.454370	0.431649	0.435918	0.417625	0.434320	0.442293	0.451882	0.440349	
2785	0.456525	0.448529	0.451057	0.435566	0.433022	0.416352	0.438060	0.442832	0.445321	0.441770	
2790	0.454743	0.444778	0.451331	0.435416	0.431993	0.415156	0.439881	0.444383	0.443301	0.436461	
2795	0.454941	0.444217	0.451306	0.438033	0.431813	0.418425	0.437208	0.443124	0.441990	0.440778	
2800	0.455627	0.443490	0.451579	0.440282	0.430462	0.417511	0.438534	0.444567	0.437762	0.445696	
2805	0.455136	0.444639	0.447695	0.439640	0.432528	0.417166	0.439814	0.440080	0.435971	0.446759	
2810	0.453316	0.441078	0.446181	0.440332	0.431280	0.422361	0.443655	0.442132	0.437414	0.454371	
2815	0.455482	0.439835	0.445945	0.438347	0.428771	0.423883	0.438204	0.436767	0.443042	0.456280	
2820	0.454158	0.440485	0.447005	0.439321	0.428459	0.426144	0.441480	0.438813	0.448150	0.451364	
2825	0.452526	0.444298	0.445491	0.439486	0.433048	0.425700	0.443257	0.442916	0.448163	0.449367	
2830	0.454066	0.444289	0.446374	0.433104	0.434925	0.426726	0.443427	0.441977	0.451391	0.447015	
2835	0.454923	0.444154	0.446125	0.430999	0.434602	0.426695	0.445777	0.443674	0.455144	0.445174	
2840	0.448166	0.442223	0.443828	0.432717	0.433644	0.421116	0.443540	0.450938	0.457472	0.440816	
2845	0.449319	0.442622	0.445381	0.435377	0.433975	0.423621	0.445231	0.452382	0.461923	0.442043	
2850	0.441792	0.443970	0.446951	0.436492	0.439756	0.420201	0.443692	0.453143	0.462913	0.437159	
2855	0.435531	0.442298	0.443185	0.436823	0.441418	0.425173	0.445864	0.457962	0.459934	0.438266	
2860	0.433910	0.436304	0.444498	0.438781	0.446333	0.425525	0.451466	0.461254	0.458297	0.437821	
2865	0.433829	0.439295	0.447811	0.434517	0.442488	0.428728	0.452289	0.458161	0.449727	0.437681	
2870	0.438570	0.440835	0.447995	0.431765	0.443198	0.428764	0.451002	0.453345	0.449105	0.436723	
2875	0.436817	0.439333	0.448848	0.424636	0.440787	0.425419	0.449262	0.450532	0.458203	0.438960	
2880	0.434872	0.432263	0.452456	0.428982	0.443486	0.423529	0.445786	0.447117	0.456149	0.436851	
2885	0.434784	0.431853	0.451256	0.428784	0.444789	0.424447	0.444581	0.445943	0.456331	0.439925	
2890	0.431069	0.435109	0.455724	0.427335	0.440429	0.425408	0.444585	0.445539	0.454456	0.440751	
2895	0.435289	0.437451	0.457771	0.430195	0.438577	0.426663	0.441329	0.442260	0.452366	0.445284	
2900	0.436904	0.441533	0.463011	0.431187	0.445062	0.429183	0.441688	0.443486	0.452651	0.444744	
2905	0.439785	0.437604	0.465324	0.433252	0.442592	0.430101	0.439879	0.443721	0.453370	0.444716	
2910	0.435406	0.438334	0.463773	0.435658	0.441113	0.426385	0.441391	0.444044	0.451086	0.449274	
2915	0.434173	0.437095	0.464073	0.435033	0.442494	0.423807	0.439484	0.449694	0.447086	0.453222	
2920	0.437067	0.440698	0.463160	0.436112	0.443593	0.426209	0.437567	0.450390	0.447707	0.454284	
2925	0.438798	0.442275	0.463251	0.433019	0.442335	0.429040	0.431635	0.457263	0.445777	0.455155	
2930	0.436730	0.441990	0.462388	0.437389	0.438892	0.432261	0.436268	0.456820	0.444737	0.447342	
2935	0.435129	0.439067	0.462497	0.435742	0.438837	0.434840	0.431531	0.456219	0.444565	0.440417	
2940	0.438497	0.440525	0.459727	0.432026	0.433255	0.433911	0.432832	0.456469	0.444799	0.446663	
2945	0.439668	0.440472	0.450897	0.431235	0.436389	0.433293	0.436101	0.456395	0.445021	0.449537	
2950	0.437040	0.442154	0.451933	0.432102	0.437018	0.431109	0.439336	0.458151	0.442835	0.450108	
2955	0.435458	0.438742	0.455793	0.431798	0.438609	0.432682	0.437484	0.457886	0.435906	0.446029	
2960	0.432762	0.440194	0.457243	0.424669	0.440592	0.427757	0.434722	0.459016	0.442709	0.446294	
2965	0.431742	0.440700	0.453482	0.426063	0.441931	0.430767	0.437046	0.457469	0.444432	0.449493	
2970	0.429293	0.438888	0.451550	0.424096	0.441529	0.428786	0.437035	0.460246	0.449148	0.447657	
2975	0.432078	0.444177	0.450490	0.428844	0.442017	0.425304	0.432319	0.464184	0.453331	0.446376	
2980	0.427202	0.440939	0.452362	0.426845	0.442122	0.432743	0.434057	0.460032	0.454209	0.447303	
2985	0.425876	0.450922	0.451559	0.429519	0.440880	0.435451	0.435798	0.458795	0.453741	0.446834	
2990	0.422085	0.453252	0.453794	0.428653	0.438024	0.432404	0.436880	0.453675	0.452740	0.450288	
2995	0.421249	0.453212	0.455025	0.435163	0.436212	0.429218	0.437435	0.449003	0.455953	0.448341	
3000	0.426683	0.452757	0.450825	0.435462	0.440877	0.431227	0.436984	0.449124	0.454618	0.446119	
