T	rep_1	rep_2	rep_3	rep_4	rep_5	rep_6	rep_7	rep_8	rep_9	rep_10
5	0.000000	0.000000	0.000000	0.000000	0.000000	0.000000	0.000000	0.000000	0.000000	0.000000	
10	0.000000	0.000000	0.000000	0.000000	0.000000	0.000000	0.000000	0.000000	0.000000	0.000000	
15	0.000000	0.000000	0.000000	0.000000	0.000000	0.000000	0.000000	0.000000	0.000000	0.000000	
20	0.000000	0.000000	0.000000	0.000000	0.000000	0.000000	0.000000	0.000000	0.000000	0.000000	
25	0.000000	0.000000	0.000000	0.000000	0.000000	0.000000	0.000000	0.000000	0.000000	0.000000	
30	0.000000	0.000000	0.000000	0.000000	0.000000	0.000000	0.000000	0.000000	0.000000	0.000000	
35	0.000000	0.000000	0.000000	0.000000	0.000000	0.000000	0.000000	0.000000	0.000000	0.000000	
40	0.000000	0.000000	0.000000	0.000000	0.000000	0.000000	0.000000	0.000000	0.000000	0.000000	
45	0.000000	0.000000	0.000000	0.000000	0.000000	0.000000	0.000000	0.000000	0.000000	0.000000	
50	0.000000	0.000000	0.000000	0.000000	0.000000	0.000000	0.000000	0.000000	0.000000	0.000000	
55	0.000000	0.000000	0.000000	0.000000	0.000000	0.000000	0.000000	0.000000	0.000000	0.000000	
60	0.000000	0.000000	0.000000	0.000000	0.000000	0.000000	0.000000	0.000000	0.000000	0.000000	
65	0.000000	0.000000	0.000000	0.000000	0.000000	0.000000	0.000000	0.000000	0.000000	0.000000	
70	0.000000	0.000000	0.000000	0.000000	0.000000	0.000000	0.000000	0.000000	0.000000	0.000000	
75	0.000000	0.000000	0.000000	0.000000	0.000000	0.000000	0.000000	0.000000	0.000000	0.000000	
80	0.000000	0.000000	0.000000	0.000000	0.000000	0.000000	0.000000	0.000000	0.000000	0.000000	
85	0.000000	0.000000	0.000000	0.000000	0.000000	0.000000	0.000000	0.000000	0.000000	0.000000	
90	0.000000	0.000000	0.000000	0.000000	0.000000	0.000000	0.000000	0.000000	0.000000	0.000000	
95	0.000000	0.000000	0.000000	0.000000	0.000000	0.000000	0.000000	0.000000	0.000000	0.000000	
100	0.000000	0.000000	0.000000	0.000000	0.000000	0.000000	0.000000	0.000000	0.000000	0.000000	
105	0.001194	0.000967	0.001036	0.001465	0.001623	0.001588	0.001784	0.001877	0.001431	0.001149	
110	0.003331	0.003394	0.002938	0.004549	0.003844	0.004251	0.004083	0.003015	0.004250	0.003496	
115	0.006582	0.006706	0.005833	0.005792	0.005412	0.005104	0.006341	0.006209	0.005515	0.003984	
120	0.009218	0.009202	0.007738	0.010365	0.007312	0.006915	0.009211	0.010316	0.009312	0.006260	
125	0.011594	0.010859	0.008924	0.014035	0.010394	0.009426	0.011937	0.014148	0.013047	0.007906	
130	0.014780	0.012707	0.013138	0.017834	0.011791	0.014397	0.013491	0.014583	0.018353	0.011514	
135	0.018272	0.013523	0.018529	0.021100	0.012449	0.018363	0.015726	0.018262	0.021098	0.015608	
140	0.019661	0.017150	0.023413	0.023551	0.014266	0.023148	0.021083	0.021416	0.022129	0.018967	
145	0.022948	0.020768	0.026846	0.028068	0.019313	0.028169	0.022327	0.028151	0.025448	0.022624	
150	0.025274	0.023465	0.030559	0.029172	0.021271	0.031194	0.024437	0.031710	0.027376	0.023246	
155	0.028462	0.026198	0.030295	0.035495	0.024766	0.032284	0.027375	0.036598	0.030541	0.027517	
160	0.030775	0.029109	0.031143	0.038054	0.027858	0.034176	0.030773	0.036171	0.033473	0.032621	
165	0.033325	0.031666	0.033531	0.040522	0.030689	0.037401	0.032180	0.038296	0.036535	0.035278	
170	0.035996	0.033131	0.038590	0.040966	0.032341	0.041837	0.034405	0.041352	0.038379	0.036562	
175	0.037260	0.034091	0.040386	0.040068	0.032883	0.044238	0.039433	0.042341	0.040193	0.037949	
180	0.038379	0.037378	0.041436	0.041385	0.036071	0.043751	0.042347	0.040320	0.042529	0.038339	
185	0.040747	0.036482	0.041109	0.043000	0.037353	0.048565	0.045020	0.041869	0.039721	0.038533	
190	0.041824	0.038814	0.039916	0.043164	0.037058	0.048165	0.045543	0.042682	0.040305	0.039279	
195	0.046972	0.040509	0.039801	0.043422	0.037219	0.050641	0.044959	0.040834	0.041160	0.039116	
200	0.046938	0.042464	0.041118	0.045415	0.039689	0.049892	0.046461	0.041243	0.042788	0.040533	
205	0.046003	0.043296	0.042163	0.044355	0.040263	0.051368	0.046344	0.041996	0.041659	0.040449	
210	0.046708	0.043494	0.044227	0.045370	0.040968	0.051000	0.047560	0.040967	0.045763	0.039057	
215	0.044700	0.044890	0.045665	0.047099	0.044431	0.050267	0.048096	0.041676	0.046008	0.041594	
220	0.046602	0.044846	0.046954	0.046325	0.042981	0.050218	0.048626	0.042422	0.046353	0.042537	
225	0.046538	0.045513	0.048259	0.045090	0.041570	0.050915	0.048817	0.043060	0.044693	0.044466	
230	0.046243	0.045982	0.049664	0.046039	0.041684	0.052271	0.048238	0.044420	0.045117	0.047092	
235	0.045890	0.047598	0.048482	0.045391	0.041296	0.052236	0.049136	0.042757	0.045395	0.045899	
240	0.046792	0.047812	0.050394	0.044766	0.041778	0.052417	0.049341	0.041756	0.044818	0.045186	
245	0.049667	0.048771	0.051559	0.043485	0.040796	0.053034	0.048097	0.042223	0.043970	0.046055	
250	0.049593	0.047580	0.048215	0.046785	0.040200	0.051568	0.046245	0.042506	0.044056	0.047137	
255	0.046853	0.047895	0.047838	0.046237	0.039988	0.049599	0.046256	0.042674	0.045330	0.046559	
260	0.045758	0.047764	0.045464	0.045960	0.041101	0.047559	0.045859	0.041581	0.047471	0.047747	
265	0.046094	0.047911	0.047598	0.046704	0.042044	0.050315	0.045256	0.043709	0.047958	0.047141	
270	0.049464	0.047515	0.048713	0.047357	0.041207	0.051081	0.044945	0.042085	0.047456	0.047947	
275	0.050204	0.047297	0.047846	0.047845	0.041584	0.048881	0.044169	0.041476	0.045806	0.046505	
280	0.049232	0.044851	0.050067	0.048422	0.040496	0.047219	0.043726	0.042255	0.046479	0.044868	
285	0.050794	0.043586	0.050838	0.047317	0.040231	0.049729	0.044974	0.044484	0.047605	0.045407	
290	0.052784	0.044949	0.052136	0.049465	0.039090	0.050272	0.044159	0.042243	0.049997	0.045962	
295	0.050277	0.044547	0.050919	0.047953	0.039898	0.050158	0.043792	0.042657	0.051122	0.043632	
300	0.049153	0.044409	0.049010	0.047582	0.040936	0.048674	0.043730	0.041661	0.047056	0.041709	
305	0.046929	0.043958	0.047968	0.045838	0.039093	0.047644	0.045165	0.044059	0.045878	0.041461	
310	0.046156	0.043206	0.049164	0.045876	0.039507	0.048061	0.042732	0.043702	0.045077	0.041084	
315	0.044848	0.041989	0.047050	0.043952	0.037038	0.047067	0.040469	0.043353	0.044333	0.042883	
320	0.043622	0.041905	0.048930	0.044494	0.037273	0.046032	0.040567	0.043724	0.043037	0.040423	
325	0.044460	0.042111	0.047951	0.042209	0.037014	0.047160	0.041537	0.044692	0.043115	0.040439	
330	0.045123	0.041944	0.049575	0.043988	0.036090	0.045783	0.039692	0.043558	0.042247	0.040117	
335	0.046046	0.043009	0.048690	0.046234	0.035752	0.046128	0.039886	0.043764	0.043115	0.039935	
340	0.045902	0.043293	0.048770	0.048324	0.037259	0.048866	0.039637	0.042893	0.042546	0.038324	
345	0.046926	0.042289	0.046591	0.046314	0.039359	0.050826	0.039553	0.043243	0.042441	0.040142	
350	0.044826	0.042479	0.047181	0.045425	0.040426	0.049484	0.039939	0.043529	0.041692	0.041409	
355	0.047519	0.043205	0.047607	0.045663	0.039899	0.049842	0.039322	0.043154	0.039829	0.041531	
360	0.047406	0.043172	0.047345	0.045985	0.039472	0.049336	0.037711	0.041683	0.039950	0.041020	
365	0.046692	0.044637	0.048314	0.043003	0.040249	0.049228	0.037849	0.042496	0.039742	0.042330	
370	0.047746	0.047118	0.047682	0.043257	0.039802	0.048349	0.038213	0.042291	0.040538	0.041170	
375	0.048764	0.045720	0.046316	0.043177	0.038760	0.047658	0.040355	0.043108	0.039826	0.040750	
380	0.047733	0.044909	0.046015	0.042389	0.039784	0.046566	0.040985	0.042242	0.039535	0.039521	
385	0.047878	0.044440	0.046131	0.044107	0.041699	0.047030	0.041814	0.041859	0.040316	0.037912	
390	0.047259	0.044941	0.046198	0.045775	0.041662	0.047647	0.040485	0.042467	0.041465	0.038221	
395	0.046805	0.046327	0.045612	0.045916	0.040680	0.048250	0.041866	0.042339	0.041343	0.036999	
400	0.046597	0.045824	0.046175	0.045599	0.040380	0.048625	0.042110	0.043023	0.041559	0.037849	
405	0.047453	0.045416	0.045608	0.046348	0.039998	0.048583	0.041096	0.043933	0.040498	0.036697	
410	0.045640	0.046906	0.045548	0.046630	0.038332	0.048258	0.038860	0.043685	0.040773	0.036862	
415	0.045780	0.049262	0.045918	0.048812	0.039074	0.047427	0.040185	0.043871	0.039891	0.036552	
420	0.045124	0.047234	0.047423	0.048327	0.037320	0.048003	0.039923	0.043037	0.037896	0.036733	
425	0.044514	0.049520	0.044462	0.048537	0.037263	0.046591	0.038030	0.043082	0.037561	0.037479	
430	0.043536	0.049742	0.045779	0.047495	0.036851	0.044752	0.038500	0.043598	0.038227	0.038315	
435	0.043126	0.049348	0.045882	0.047870	0.036714	0.047059	0.038512	0.043863	0.037954	0.038444	
440	0.043060	0.047847	0.046752	0.045367	0.038313	0.047278	0.036910	0.044638	0.036378	0.038518	
445	0.043853	0.045566	0.045410	0.046060	0.038511	0.047292	0.036912	0.044698	0.038044	0.039080	
450	0.044126	0.046636	0.046068	0.047019	0.038405	0.047786	0.037493	0.046338	0.038005	0.037918	
455	0.044202	0.045317	0.045325	0.047163	0.037873	0.048664	0.038065	0.045572	0.038432	0.038980	
460	0.045711	0.046330	0.045888	0.047328	0.037346	0.048650	0.039939	0.044293	0.037621	0.039582	
465	0.045763	0.045027	0.044844	0.047114	0.036564	0.047255	0.039473	0.045307	0.038083	0.039447	
470	0.045324	0.044768	0.042902	0.045129	0.038629	0.046720	0.039203	0.044420	0.037787	0.039107	
475	0.045243	0.044730	0.044290	0.044828	0.038741	0.046446	0.040088	0.045436	0.038962	0.038572	
480	0.045067	0.044539	0.044084	0.045035	0.038242	0.047020	0.037911	0.047246	0.040203	0.038178	
485	0.046075	0.044332	0.044154	0.045061	0.037222	0.048452	0.038166	0.047475	0.039501	0.038832	
490	0.045890	0.044545	0.044359	0.044078	0.036249	0.046727	0.038112	0.047987	0.041621	0.039141	
495	0.043175	0.044083	0.044690	0.044567	0.035879	0.047133	0.039122	0.047911	0.041646	0.039602	
500	0.043165	0.044685	0.045692	0.042796	0.035586	0.047156	0.040021	0.046415	0.041285	0.036978	
505	0.043743	0.042734	0.045452	0.043377	0.036350	0.045395	0.039850	0.047173	0.042323	0.038124	
510	0.043162	0.042302	0.045299	0.044857	0.034832	0.045596	0.038987	0.046629	0.043195	0.040012	
515	0.044365	0.042127	0.047697	0.047869	0.035765	0.045123	0.038166	0.047319	0.043083	0.040271	
520	0.045071	0.041059	0.048085	0.048395	0.036937	0.047315	0.037506	0.047339	0.043117	0.040843	
525	0.044875	0.039701	0.047812	0.047123	0.036425	0.045134	0.040019	0.046361	0.042305	0.042228	
530	0.043930	0.038578	0.049004	0.046989	0.035989	0.046729	0.041947	0.046017	0.043961	0.040000	
535	0.042544	0.040012	0.046283	0.048385	0.034973	0.046437	0.042620	0.046770	0.041893	0.039367	
540	0.043239	0.041254	0.044629	0.049571	0.034063	0.047032	0.042254	0.048666	0.042143	0.039911	
545	0.044997	0.040544	0.044374	0.046874	0.033920	0.044005	0.042626	0.045886	0.041756	0.040274	
550	0.043518	0.041014	0.044525	0.047217	0.034078	0.044918	0.041980	0.043308	0.041229	0.040389	
555	0.042173	0.041524	0.044175	0.047386	0.033904	0.043705	0.044323	0.043943	0.041078	0.041313	
560	0.042500	0.040152	0.044896	0.046536	0.033582	0.042620	0.046635	0.043357	0.040395	0.040315	
565	0.043102	0.038766	0.046424	0.045901	0.034175	0.041753	0.045312	0.041818	0.041474	0.038937	
570	0.044398	0.039746	0.045602	0.044627	0.033524	0.042244	0.045316	0.040342	0.041186	0.039199	
575	0.044739	0.039892	0.047344	0.042894	0.033884	0.040334	0.046970	0.041489	0.041261	0.040643	
580	0.044232	0.039504	0.045862	0.043563	0.033937	0.040758	0.046525	0.042493	0.042176	0.038274	
585	0.045697	0.039748	0.047603	0.044055	0.035867	0.042101	0.046580	0.041964	0.040832	0.037739	
590	0.045964	0.039296	0.047547	0.042603	0.035425	0.042652	0.045490	0.040879	0.039814	0.041085	
595	0.044025	0.039731	0.046578	0.043762	0.035925	0.042401	0.045843	0.040146	0.040527	0.040296	
600	0.044037	0.039763	0.046448	0.045692	0.035588	0.043126	0.045060	0.040438	0.040330	0.040569	
605	0.044844	0.040614	0.046467	0.044729	0.036342	0.045351	0.045486	0.040716	0.037954	0.041669	
610	0.045880	0.039224	0.046478	0.044716	0.035944	0.046628	0.044225	0.041753	0.038104	0.042001	
615	0.048143	0.040320	0.046828	0.046163	0.033489	0.045160	0.044742	0.043231	0.038985	0.040954	
620	0.045283	0.040685	0.046818	0.047806	0.031743	0.045743	0.043795	0.043566	0.039036	0.041844	
625	0.045900	0.041635	0.047207	0.044451	0.032130	0.046088	0.043392	0.042729	0.040674	0.042245	
630	0.047266	0.041667	0.047421	0.045464	0.032042	0.046322	0.040836	0.045877	0.041976	0.042441	
635	0.045618	0.042502	0.047028	0.046741	0.033140	0.047524	0.040581	0.045920	0.043754	0.043885	
640	0.044978	0.041021	0.045239	0.047096	0.034328	0.048493	0.041601	0.046966	0.043203	0.045530	
645	0.044101	0.039651	0.044881	0.045532	0.034059	0.047493	0.040483	0.048300	0.042771	0.045679	
650	0.042918	0.041180	0.042929	0.043659	0.033925	0.047476	0.038498	0.049054	0.041808	0.045396	
655	0.046029	0.040365	0.042653	0.047727	0.034873	0.048374	0.037602	0.047918	0.041430	0.046397	
660	0.043568	0.041015	0.042521	0.045655	0.035507	0.050576	0.038522	0.049690	0.041643	0.046029	
665	0.041970	0.040341	0.042591	0.045616	0.036620	0.050842	0.040092	0.048350	0.042901	0.046421	
670	0.040594	0.041123	0.042967	0.044284	0.033959	0.049252	0.041550	0.048945	0.039642	0.045648	
675	0.041843	0.040831	0.044701	0.045398	0.034389	0.050324	0.039977	0.049053	0.039444	0.045405	
680	0.040704	0.041379	0.044015	0.046939	0.036012	0.048563	0.038642	0.048861	0.038791	0.044209	
685	0.041534	0.041134	0.043821	0.049523	0.034533	0.048819	0.037360	0.048739	0.038583	0.043697	
690	0.041302	0.041907	0.043552	0.047701	0.033643	0.049930	0.036692	0.046587	0.040435	0.044046	
695	0.040632	0.043414	0.042523	0.047661	0.032131	0.049349	0.034747	0.045865	0.041887	0.045621	
700	0.038658	0.045432	0.042278	0.048073	0.033358	0.049023	0.035815	0.047455	0.042999	0.048156	
705	0.038145	0.044458	0.040122	0.047418	0.032136	0.047798	0.037136	0.047016	0.042247	0.048539	
710	0.037694	0.042562	0.041497	0.047858	0.033983	0.049110	0.037841	0.046973	0.041527	0.048311	
715	0.036577	0.043809	0.042198	0.049177	0.034333	0.047248	0.038282	0.046761	0.040398	0.047624	
720	0.037421	0.043532	0.042061	0.049338	0.032201	0.045826	0.037207	0.047239	0.040333	0.047102	
725	0.038028	0.043733	0.042783	0.050159	0.030026	0.044629	0.037199	0.044694	0.041026	0.046493	
730	0.038652	0.044426	0.040900	0.049126	0.030442	0.044098	0.037081	0.045514	0.041314	0.046805	
735	0.038511	0.044494	0.039994	0.048661	0.030926	0.043507	0.035490	0.044404	0.041627	0.046682	
740	0.038015	0.043670	0.040227	0.049167	0.030898	0.043074	0.035731	0.044754	0.043858	0.048969	
745	0.038843	0.042931	0.039823	0.048084	0.032219	0.042296	0.034847	0.045239	0.045990	0.044912	
750	0.037364	0.043925	0.038810	0.046443	0.032457	0.041961	0.035585	0.045326	0.046166	0.044594	
755	0.038347	0.042608	0.040092	0.046442	0.032520	0.042515	0.037271	0.043162	0.045003	0.043972	
760	0.038552	0.042117	0.041351	0.045075	0.033963	0.044599	0.037730	0.043656	0.044194	0.043351	
765	0.038689	0.042058	0.044551	0.046767	0.033015	0.042105	0.037410	0.044255	0.045147	0.043616	
770	0.037733	0.043639	0.043065	0.047467	0.033209	0.040677	0.037776	0.044414	0.043527	0.043049	
775	0.037431	0.044231	0.043225	0.046259	0.033271	0.038343	0.039476	0.045053	0.042462	0.044713	
780	0.038610	0.043823	0.043582	0.046978	0.032371	0.040453	0.039657	0.044345	0.041959	0.044699	
785	0.040445	0.043469	0.042206	0.046553	0.032946	0.039695	0.039730	0.045414	0.044021	0.045334	
790	0.042619	0.044517	0.042056	0.045625	0.034277	0.040228	0.040512	0.045537	0.043374	0.045447	
795	0.042360	0.044523	0.042226	0.044245	0.034265	0.038181	0.039997	0.046389	0.043515	0.044349	
800	0.042524	0.046200	0.042475	0.043778	0.034748	0.037823	0.039993	0.048036	0.044062	0.043802	
805	0.042522	0.045054	0.041647	0.043942	0.037203	0.039534	0.040158	0.047204	0.043564	0.042809	
810	0.041629	0.045230	0.042624	0.042694	0.037856	0.039056	0.041035	0.049338	0.041818	0.042632	
815	0.041855	0.046294	0.042635	0.042516	0.035593	0.038968	0.041961	0.049362	0.039768	0.041682	
820	0.044588	0.046932	0.043154	0.042872	0.036645	0.039072	0.039147	0.049030	0.040377	0.041879	
825	0.041831	0.047545	0.042693	0.043194	0.036080	0.037743	0.038152	0.049803	0.040357	0.042411	
830	0.038690	0.046341	0.043223	0.045141	0.036897	0.039069	0.042121	0.048431	0.040906	0.043721	
835	0.038338	0.047855	0.041559	0.044023	0.037719	0.038712	0.042082	0.047115	0.039060	0.042713	
840	0.039204	0.046033	0.041778	0.043402	0.038835	0.038653	0.042869	0.048080	0.039598	0.040830	
845	0.039828	0.046229	0.039230	0.041927	0.037709	0.037823	0.042259	0.050140	0.039133	0.041673	
850	0.039426	0.045627	0.042099	0.042040	0.038449	0.040342	0.042290	0.050327	0.038186	0.040846	
855	0.037651	0.045954	0.041376	0.043294	0.039614	0.040860	0.042821	0.049067	0.038191	0.042638	
860	0.038621	0.046944	0.041561	0.041538	0.040264	0.037877	0.042973	0.050257	0.038838	0.040964	
865	0.039404	0.046097	0.042374	0.042719	0.039540	0.037549	0.041492	0.050534	0.036923	0.039167	
870	0.041654	0.044933	0.042912	0.043216	0.042605	0.037995	0.039681	0.049100	0.036831	0.039147	
875	0.039122	0.045796	0.042612	0.044703	0.043906	0.037495	0.039852	0.049570	0.038413	0.040818	
880	0.040274	0.047040	0.041613	0.046581	0.041373	0.037124	0.040972	0.047600	0.038360	0.041691	
885	0.041893	0.049358	0.041865	0.046561	0.043262	0.037829	0.042622	0.046805	0.039329	0.040452	
890	0.041664	0.049030	0.042505	0.047237	0.040180	0.037699	0.043550	0.048605	0.039163	0.043542	
895	0.042968	0.047121	0.043896	0.048044	0.038868	0.037251	0.044970	0.047738	0.038229	0.043022	
900	0.041481	0.048758	0.044673	0.048047	0.039606	0.037838	0.045073	0.046394	0.036753	0.042646	
905	0.042638	0.047882	0.043919	0.047206	0.038960	0.038176	0.043409	0.046158	0.036921	0.044306	
910	0.043977	0.048644	0.045906	0.047256	0.039133	0.036939	0.042106	0.046422	0.036764	0.043182	
915	0.045163	0.047856	0.046468	0.047706	0.038742	0.038874	0.043140	0.046524	0.037299	0.043234	
920	0.044526	0.046773	0.045076	0.047197	0.039013	0.040096	0.042586	0.046830	0.038186	0.041775	
925	0.045513	0.047386	0.045801	0.047608	0.040762	0.039005	0.043053	0.047676	0.038216	0.040312	
930	0.045732	0.047739	0.046085	0.044863	0.041945	0.037064	0.044056	0.047588	0.037352	0.040842	
935	0.046483	0.046228	0.045576	0.045278	0.042850	0.037644	0.044643	0.044974	0.036650	0.041695	
940	0.044678	0.047432	0.045896	0.045233	0.042831	0.037572	0.045074	0.045783	0.037766	0.042901	
945	0.042488	0.047316	0.044688	0.045140	0.040617	0.039001	0.044695	0.046259	0.037780	0.041968	
950	0.042743	0.046711	0.046339	0.045904	0.040890	0.041312	0.041906	0.046823	0.036661	0.041883	
955	0.042520	0.047025	0.045249	0.047045	0.040890	0.041037	0.040882	0.045448	0.037369	0.041555	
960	0.042684	0.047598	0.046546	0.046538	0.041600	0.040576	0.041376	0.046035	0.038528	0.041662	
965	0.044657	0.046060	0.046462	0.045996	0.040688	0.040629	0.043068	0.044928	0.038424	0.043024	
970	0.043790	0.049730	0.045829	0.047078	0.041215	0.040072	0.041589	0.045320	0.039509	0.046310	
975	0.044201	0.047852	0.046744	0.047302	0.042550	0.040812	0.042456	0.046937	0.040548	0.044829	
980	0.044093	0.046663	0.045206	0.046589	0.043551	0.041038	0.043489	0.047469	0.041723	0.043080	
985	0.044665	0.046233	0.045283	0.044724	0.044165	0.041200	0.043952	0.046529	0.040692	0.044088	
990	0.044552	0.043739	0.047306	0.045463	0.047153	0.040317	0.045147	0.045933	0.039653	0.041447	
995	0.044618	0.044131	0.045767	0.044684	0.048338	0.040976	0.044227	0.045440	0.039453	0.040816	
1000	0.046131	0.043954	0.044407	0.044604	0.047206	0.041728	0.044737	0.045019	0.039544	0.040055	
1005	0.046459	0.043766	0.043470	0.044804	0.047348	0.041798	0.043018	0.044461	0.039954	0.038295	
1010	0.046016	0.044444	0.043060	0.043931	0.044923	0.042725	0.042824	0.043929	0.039668	0.038774	
1015	0.047763	0.044656	0.045030	0.044125	0.045805	0.042426	0.042964	0.045688	0.039698	0.038923	
1020	0.047565	0.046084	0.042760	0.043626	0.047338	0.042165	0.043544	0.046029	0.039718	0.039256	
1025	0.046241	0.044987	0.042520	0.044862	0.045869	0.043053	0.043475	0.045605	0.041010	0.039706	
1030	0.046903	0.043998	0.041885	0.044990	0.043981	0.043981	0.044526	0.048685	0.041118	0.040283	
1035	0.047330	0.043495	0.041167	0.046752	0.043487	0.043465	0.043871	0.047289	0.040954	0.040254	
1040	0.048606	0.044239	0.040254	0.045714	0.042721	0.041510	0.043042	0.047000	0.041025	0.039497	
1045	0.048296	0.044058	0.040947	0.044125	0.041778	0.040998	0.041920	0.047248	0.041358	0.040205	
1050	0.048430	0.045849	0.041349	0.044707	0.042978	0.041891	0.040715	0.046242	0.040496	0.039523	
1055	0.048238	0.042770	0.043580	0.045900	0.041960	0.042549	0.039532	0.044559	0.040990	0.041357	
1060	0.048866	0.042190	0.043012	0.045126	0.039853	0.040847	0.037487	0.043810	0.039960	0.041505	
1065	0.049785	0.043071	0.043810	0.045708	0.039682	0.041122	0.035667	0.044275	0.040769	0.043295	
1070	0.049405	0.043860	0.042133	0.045020	0.040981	0.041808	0.038962	0.042766	0.041126	0.044782	
1075	0.045633	0.044047	0.043648	0.045946	0.038830	0.040819	0.041684	0.041947	0.042210	0.043261	
1080	0.047753	0.047091	0.044379	0.047191	0.039448	0.040365	0.041048	0.043206	0.041479	0.041071	
1085	0.047468	0.045633	0.045163	0.049289	0.039593	0.039651	0.042069	0.042066	0.041060	0.041878	
1090	0.048311	0.045493	0.044361	0.049034	0.041205	0.039267	0.042739	0.040299	0.041892	0.041476	
1095	0.046726	0.045525	0.044612	0.048234	0.040917	0.040752	0.040623	0.039508	0.042858	0.040590	
1100	0.048305	0.043946	0.044010	0.045695	0.039740	0.041004	0.040750	0.040851	0.042474	0.040454	
1105	0.046815	0.044758	0.042771	0.044713	0.040431	0.041377	0.041694	0.040007	0.042784	0.040426	
1110	0.045997	0.045544	0.042379	0.045504	0.041399	0.041101	0.043878	0.039975	0.044513	0.042779	
1115	0.045162	0.044795	0.041586	0.044320	0.038549	0.040316	0.041981	0.039712	0.042348	0.041368	
1120	0.045879	0.044973	0.040139	0.043792	0.039247	0.039558	0.042264	0.040052	0.040460	0.041186	
1125	0.047141	0.044388	0.039560	0.044626	0.041321	0.041122	0.043750	0.038140	0.041802	0.043358	
1130	0.045931	0.043162	0.039926	0.045643	0.041071	0.042563	0.044362	0.038557	0.042530	0.043315	
1135	0.045665	0.041559	0.038642	0.046880	0.041175	0.043328	0.045754	0.037391	0.044186	0.042947	
1140	0.044808	0.040574	0.038947	0.047824	0.042196	0.043710	0.044631	0.036547	0.043403	0.044039	
1145	0.046619	0.040698	0.038680	0.047523	0.043107	0.042565	0.046104	0.037313	0.042302	0.041786	
1150	0.046395	0.041916	0.037817	0.045618	0.044272	0.041926	0.045693	0.037627	0.042862	0.040292	
1155	0.048680	0.042698	0.038657	0.043246	0.045463	0.040362	0.045572	0.037717	0.040433	0.040501	
1160	0.048950	0.043405	0.039299	0.043040	0.044749	0.038592	0.045383	0.038220	0.040670	0.039807	
1165	0.048269	0.044654	0.038601	0.043654	0.045934	0.037895	0.044977	0.038345	0.040888	0.040960	
1170	0.047704	0.043186	0.038724	0.043951	0.046485	0.039316	0.043298	0.037762	0.042031	0.041603	
1175	0.045631	0.042819	0.039307	0.043510	0.045033	0.039798	0.043075	0.039447	0.041429	0.041095	
1180	0.044983	0.044210	0.038490	0.042008	0.046497	0.041674	0.042223	0.040998	0.041475	0.040831	
1185	0.044807	0.043648	0.038563	0.042346	0.046223	0.040373	0.043705	0.041253	0.040871	0.042701	
1190	0.043788	0.042789	0.038354	0.041150	0.044247	0.040141	0.045651	0.041342	0.039602	0.041052	
1195	0.043897	0.041997	0.039987	0.040146	0.044918	0.039464	0.044837	0.042074	0.040534	0.041787	
1200	0.046168	0.042854	0.041728	0.040516	0.046017	0.040722	0.044256	0.040864	0.040036	0.042550	
1205	0.044400	0.042127	0.041092	0.040980	0.045437	0.041724	0.045959	0.040295	0.040747	0.041025	
1210	0.043837	0.042666	0.041427	0.039820	0.046587	0.040994	0.045753	0.041147	0.039981	0.041385	
1215	0.043179	0.043007	0.039779	0.039473	0.045630	0.040843	0.044606	0.038414	0.040373	0.041788	
1220	0.045290	0.043178	0.039234	0.042193	0.046355	0.040159	0.043087	0.040552	0.042220	0.042329	
1225	0.044215	0.043442	0.038131	0.042148	0.045846	0.040377	0.043387	0.041507	0.043824	0.040516	
1230	0.046139	0.043755	0.038257	0.041559	0.045220	0.041399	0.042557	0.041638	0.042090	0.041824	
1235	0.045483	0.042517	0.036947	0.039441	0.047589	0.042882	0.043737	0.040240	0.040198	0.041125	
1240	0.046445	0.043465	0.037863	0.039517	0.046594	0.041746	0.042780	0.041931	0.041302	0.039209	
1245	0.045211	0.045002	0.036568	0.038618	0.044106	0.040539	0.042127	0.042498	0.043022	0.039140	
1250	0.045502	0.045298	0.037380	0.040507	0.042865	0.040355	0.043410	0.044258	0.041952	0.041691	
1255	0.046564	0.045106	0.037506	0.042613	0.041579	0.040995	0.044869	0.045427	0.040797	0.042427	
1260	0.045894	0.043085	0.037722	0.042191	0.042329	0.040550	0.044635	0.045274	0.040809	0.042249	
1265	0.046750	0.042161	0.038682	0.039812	0.043319	0.039671	0.044955	0.045082	0.041634	0.041986	
1270	0.045215	0.043417	0.039320	0.039743	0.044613	0.039732	0.045074	0.046791	0.039954	0.044093	
1275	0.044270	0.043762	0.041589	0.039337	0.045008	0.039510	0.044849	0.046099	0.040766	0.044026	
1280	0.046217	0.046189	0.042106	0.038714	0.043210	0.039781	0.045532	0.044195	0.039555	0.043508	
1285	0.045510	0.046067	0.040214	0.039026	0.041589	0.040818	0.043537	0.043560	0.039784	0.042894	
1290	0.044374	0.045246	0.039811	0.039800	0.041971	0.038596	0.042872	0.044623	0.040159	0.042235	
1295	0.043436	0.043724	0.038955	0.039360	0.042153	0.038312	0.043076	0.043729	0.039728	0.042619	
1300	0.043440	0.044013	0.039645	0.040520	0.040920	0.037767	0.043896	0.043512	0.039651	0.043401	
1305	0.044208	0.044823	0.039066	0.042817	0.040520	0.038048	0.044256	0.042782	0.041581	0.042308	
1310	0.043846	0.045193	0.039942	0.042811	0.041942	0.038707	0.042467	0.043856	0.042422	0.042931	
1315	0.043675	0.046830	0.040920	0.041958	0.040744	0.039560	0.042701	0.042902	0.042526	0.043926	
1320	0.044948	0.047025	0.040578	0.040988	0.038090	0.041284	0.042183	0.044639	0.041266	0.044612	
1325	0.045059	0.046450	0.040493	0.040528	0.037715	0.040269	0.043108	0.043913	0.043157	0.044110	
1330	0.044436	0.047399	0.040428	0.039900	0.039819	0.041163	0.044024	0.042137	0.043464	0.045419	
1335	0.045736	0.046926	0.041205	0.040382	0.040335	0.042344	0.043462	0.043313	0.042261	0.045053	
1340	0.046218	0.046414	0.041636	0.039739	0.040485	0.043369	0.042129	0.045049	0.042002	0.043163	
1345	0.047736	0.046940	0.041782	0.037888	0.040398	0.041800	0.040441	0.044771	0.042641	0.042369	
1350	0.047182	0.046570	0.043676	0.037712	0.039815	0.042124	0.039032	0.044076	0.041047	0.043873	
1355	0.049829	0.047055	0.042823	0.039115	0.040290	0.041665	0.039694	0.042777	0.040160	0.044311	
1360	0.051354	0.048115	0.040688	0.039362	0.039014	0.040738	0.039592	0.042756	0.039661	0.044008	
1365	0.050799	0.047968	0.041775	0.037835	0.039476	0.040938	0.039914	0.040898	0.038984	0.043218	
1370	0.048815	0.047971	0.042270	0.037493	0.039552	0.042138	0.037614	0.040184	0.041070	0.043159	
1375	0.047646	0.045691	0.040481	0.036652	0.036680	0.042886	0.037295	0.039679	0.040776	0.042059	
1380	0.047613	0.043700	0.039261	0.036408	0.035361	0.041245	0.037858	0.038666	0.039580	0.043148	
1385	0.048507	0.042980	0.040013	0.037961	0.034807	0.041029	0.038590	0.039764	0.040046	0.042894	
1390	0.049947	0.043282	0.041721	0.039350	0.037940	0.040516	0.038025	0.039814	0.041101	0.043288	
1395	0.049107	0.044270	0.042005	0.038966	0.039470	0.042046	0.037158	0.040505	0.040884	0.042319	
1400	0.048565	0.043446	0.041329	0.039963	0.039516	0.042246	0.037931	0.040581	0.041597	0.042694	
1405	0.049552	0.043770	0.042292	0.040705	0.040249	0.042503	0.038510	0.040990	0.039808	0.042171	
1410	0.049876	0.044657	0.040630	0.039948	0.039710	0.042184	0.036031	0.042324	0.039882	0.042032	
1415	0.049063	0.043771	0.041034	0.039805	0.038584	0.043053	0.038433	0.041860	0.040350	0.041769	
1420	0.048467	0.044065	0.040717	0.038943	0.039464	0.044040	0.039578	0.041463	0.039457	0.042546	
1425	0.047355	0.042847	0.040621	0.038961	0.038136	0.046193	0.039935	0.041821	0.041575	0.044439	
1430	0.045012	0.041521	0.041827	0.040059	0.038510	0.046871	0.039551	0.041357	0.040893	0.044934	
1435	0.043909	0.040847	0.040732	0.037713	0.040590	0.044721	0.039531	0.041824	0.041741	0.045051	
1440	0.045035	0.039859	0.038569	0.038307	0.037838	0.043553	0.041084	0.042698	0.041147	0.045193	
1445	0.045222	0.041019	0.040228	0.040195	0.039110	0.044165	0.042089	0.042691	0.040882	0.046968	
1450	0.045542	0.040634	0.041670	0.040568	0.039096	0.041838	0.041128	0.043605	0.042966	0.047813	
1455	0.046165	0.042950	0.041670	0.040114	0.039214	0.041086	0.042639	0.044830	0.043749	0.046933	
1460	0.047289	0.042208	0.040344	0.039381	0.041000	0.041493	0.040928	0.044254	0.044793	0.046764	
1465	0.046942	0.041798	0.039323	0.039771	0.039165	0.041399	0.041148	0.044340	0.045051	0.048565	
1470	0.047426	0.041692	0.040673	0.040416	0.037421	0.039824	0.040797	0.046061	0.043866	0.046663	
1475	0.047355	0.041484	0.040750	0.038698	0.038014	0.042779	0.041938	0.044155	0.046352	0.045403	
1480	0.045994	0.041329	0.041410	0.040091	0.038187	0.042729	0.041576	0.045483	0.047108	0.043121	
1485	0.046000	0.042219	0.042234	0.038397	0.040007	0.043249	0.042700	0.046026	0.045171	0.041317	
1490	0.046504	0.040889	0.042698	0.039599	0.040365	0.040909	0.042791	0.045310	0.045309	0.042402	
1495	0.048059	0.040997	0.043227	0.039122	0.039372	0.040971	0.043376	0.043588	0.043494	0.042040	
1500	0.048374	0.040678	0.042519	0.042181	0.040451	0.040311	0.043703	0.043519	0.041940	0.040176	
1505	0.047186	0.040878	0.041261	0.041579	0.041579	0.041865	0.044271	0.043391	0.042220	0.040551	
1510	0.047438	0.041401	0.041516	0.040747	0.041356	0.043489	0.042689	0.045416	0.041211	0.040050	
1515	0.045383	0.042133	0.040843	0.042967	0.039793	0.045567	0.044225	0.046443	0.040791	0.041297	
1520	0.044224	0.040425	0.039955	0.040931	0.039689	0.042328	0.044927	0.047618	0.041169	0.041963	
1525	0.045250	0.041055	0.041174	0.041030	0.039913	0.040702	0.044007	0.045872	0.043352	0.041768	
1530	0.046370	0.042901	0.041693	0.040847	0.038655	0.041706	0.044803	0.045756	0.042761	0.042230	
1535	0.042240	0.041876	0.040985	0.042133	0.037237	0.040802	0.044666	0.045806	0.044115	0.040948	
1540	0.041700	0.044169	0.039759	0.042037	0.035883	0.039640	0.043785	0.044996	0.043625	0.042698	
1545	0.044180	0.043222	0.040553	0.042941	0.035423	0.040353	0.045103	0.043101	0.041528	0.042373	
1550	0.043065	0.040513	0.037732	0.041189	0.037191	0.039736	0.044106	0.042202	0.040639	0.042481	
1555	0.043002	0.041354	0.040318	0.042186	0.036492	0.039178	0.043081	0.041662	0.042065	0.043312	
1560	0.044691	0.042485	0.039878	0.041973	0.035770	0.038656	0.043229	0.041445	0.041660	0.044849	
1565	0.044425	0.040767	0.041377	0.041304	0.037358	0.040169	0.042718	0.041498	0.039529	0.044872	
1570	0.045214	0.040700	0.041917	0.038280	0.038351	0.038499	0.042558	0.042663	0.039440	0.045121	
1575	0.046767	0.039079	0.040486	0.037573	0.038017	0.039480	0.043260	0.043080	0.040534	0.044886	
1580	0.045406	0.039632	0.042568	0.036812	0.039401	0.038843	0.044137	0.042951	0.041655	0.046782	
1585	0.046223	0.039434	0.044142	0.037900	0.039499	0.039485	0.042645	0.043406	0.039636	0.046709	
1590	0.046718	0.037905	0.043774	0.036904	0.039822	0.042735	0.041229	0.042521	0.040109	0.047645	
1595	0.045042	0.037326	0.043673	0.037634	0.040521	0.040836	0.039223	0.043187	0.039789	0.047338	
1600	0.044510	0.036940	0.044906	0.038971	0.040577	0.040470	0.040014	0.042979	0.040992	0.047186	
1605	0.044536	0.039900	0.042847	0.038329	0.041253	0.040520	0.039766	0.043706	0.042898	0.045182	
1610	0.043768	0.040102	0.042180	0.039962	0.038919	0.041297	0.041573	0.045614	0.043812	0.044543	
1615	0.044318	0.040340	0.041176	0.039242	0.040953	0.041933	0.041049	0.046402	0.042992	0.043239	
1620	0.044597	0.037978	0.041561	0.040415	0.041114	0.041515	0.042534	0.044535	0.042781	0.042638	
1625	0.043952	0.038933	0.043416	0.040394	0.038876	0.040099	0.043755	0.044258	0.042448	0.043173	
1630	0.044862	0.040398	0.043528	0.039401	0.037485	0.039679	0.043636	0.044306	0.042580	0.043631	
1635	0.044497	0.038486	0.042977	0.038723	0.039519	0.039484	0.042762	0.043580	0.042371	0.042751	
1640	0.043793	0.038113	0.042967	0.037150	0.038875	0.040852	0.043600	0.044627	0.044031	0.041577	
1645	0.045160	0.037907	0.043363	0.037548	0.038732	0.041270	0.043073	0.045885	0.042806	0.040086	
1650	0.044947	0.037055	0.043819	0.036376	0.037159	0.041776	0.042431	0.044193	0.042000	0.039245	
1655	0.042795	0.036023	0.043678	0.035630	0.035923	0.041004	0.042389	0.043180	0.042487	0.039777	
1660	0.040789	0.036954	0.043695	0.036055	0.036109	0.040762	0.044124	0.044011	0.040464	0.040000	
1665	0.040142	0.038261	0.043159	0.036580	0.039115	0.040728	0.043638	0.043726	0.041646	0.040524	
1670	0.041890	0.036997	0.040950	0.036238	0.037213	0.040164	0.042260	0.043825	0.041435	0.042384	
1675	0.040748	0.036605	0.040660	0.035842	0.035923	0.041090	0.041788	0.046508	0.042492	0.040622	
1680	0.043559	0.039098	0.041147	0.035816	0.037732	0.042924	0.042781	0.046398	0.041955	0.040965	
1685	0.043201	0.040936	0.042420	0.034790	0.037175	0.041197	0.040704	0.045970	0.042954	0.040299	
1690	0.043066	0.042559	0.041878	0.037270	0.039721	0.040904	0.040250	0.045772	0.044274	0.041335	
1695	0.044573	0.042265	0.039908	0.038016	0.038705	0.040317	0.042731	0.044730	0.043089	0.041765	
1700	0.043223	0.041877	0.041634	0.038745	0.038651	0.040845	0.043317	0.046595	0.044262	0.040910	
1705	0.041984	0.040635	0.042625	0.038665	0.038213	0.041368	0.043557	0.046700	0.045138	0.040712	
1710	0.040702	0.040582	0.042995	0.038637	0.039224	0.041746	0.043857	0.046627	0.046518	0.039728	
1715	0.041992	0.041125	0.041686	0.039534	0.038546	0.043162	0.043870	0.047121	0.043596	0.039661	
1720	0.041317	0.043718	0.040457	0.037435	0.038494	0.042279	0.042039	0.046479	0.044740	0.037760	
1725	0.044024	0.043328	0.039559	0.038865	0.038157	0.043146	0.040205	0.045186	0.043289	0.040000	
1730	0.042888	0.044042	0.042278	0.038879	0.037466	0.043489	0.039310	0.045981	0.042842	0.041143	
1735	0.043204	0.041826	0.041926	0.039815	0.036811	0.042639	0.039627	0.045061	0.044766	0.041846	
1740	0.044466	0.041331	0.041694	0.038734	0.036810	0.040607	0.040040	0.046406	0.043113	0.043229	
1745	0.043389	0.042362	0.041906	0.038871	0.036070	0.040725	0.038831	0.045005	0.044608	0.044450	
1750	0.042187	0.042076	0.042538	0.038714	0.037301	0.040948	0.039322	0.045628	0.045471	0.043029	
1755	0.042508	0.041244	0.042292	0.038957	0.037304	0.042429	0.038319	0.046185	0.045142	0.040280	
1760	0.043312	0.038963	0.041326	0.036632	0.036838	0.042714	0.038216	0.046003	0.044237	0.040558	
1765	0.047204	0.038967	0.042426	0.037902	0.035893	0.042521	0.037582	0.044211	0.043518	0.040197	
1770	0.046634	0.038954	0.040861	0.041704	0.037514	0.043313	0.038754	0.046074	0.044107	0.039300	
1775	0.047735	0.037284	0.041237	0.040040	0.037933	0.042636	0.039514	0.045242	0.044290	0.039324	
1780	0.046589	0.036912	0.042781	0.038754	0.037561	0.043295	0.040408	0.045108	0.044085	0.039773	
1785	0.045062	0.036236	0.043204	0.040029	0.038433	0.045074	0.041472	0.047057	0.043668	0.039865	
1790	0.046294	0.036610	0.042925	0.040660	0.037497	0.043462	0.042099	0.046185	0.043956	0.038521	
1795	0.045744	0.037686	0.043800	0.039210	0.037959	0.043373	0.043851	0.045145	0.042357	0.039059	
1800	0.046048	0.037856	0.044154	0.039817	0.038256	0.043913	0.044832	0.043761	0.042309	0.038587	
1805	0.046548	0.037096	0.043253	0.041663	0.038278	0.044353	0.043506	0.046926	0.042838	0.038480	
1810	0.047404	0.037538	0.042922	0.040050	0.038039	0.041730	0.044337	0.047986	0.041480	0.038415	
1815	0.045990	0.036774	0.042434	0.038429	0.037341	0.039512	0.045308	0.045734	0.040982	0.038497	
1820	0.045659	0.037505	0.045547	0.037599	0.038798	0.040911	0.043324	0.045515	0.039828	0.038965	
1825	0.044697	0.037410	0.046400	0.038241	0.038961	0.041291	0.042994	0.045802	0.040588	0.039764	
1830	0.044351	0.038197	0.045338	0.036529	0.037418	0.041009	0.043364	0.047467	0.041156	0.039879	
1835	0.045762	0.037444	0.045972	0.036400	0.037965	0.041034	0.044860	0.046249	0.042019	0.037397	
1840	0.044370	0.037424	0.044241	0.036410	0.040057	0.042464	0.045002	0.045175	0.041876	0.037145	
1845	0.044640	0.037991	0.044611	0.035676	0.039183	0.042599	0.045781	0.043220	0.040918	0.038003	
1850	0.046497	0.036075	0.045302	0.034175	0.036848	0.043578	0.045373	0.043191	0.039729	0.037409	
1855	0.046462	0.037360	0.044645	0.035992	0.035580	0.042613	0.044497	0.041317	0.039511	0.039935	
1860	0.043936	0.037344	0.045552	0.036696	0.034411	0.042071	0.045574	0.043984	0.039652	0.040141	
1865	0.045207	0.035226	0.043580	0.037743	0.035559	0.041421	0.047051	0.044192	0.041228	0.039079	
1870	0.046663	0.036967	0.043893	0.036841	0.037141	0.042157	0.046198	0.043527	0.042487	0.038104	
1875	0.046512	0.038148	0.044434	0.039067	0.035496	0.040249	0.045641	0.043080	0.041124	0.041981	
1880	0.045611	0.037653	0.044191	0.038987	0.035629	0.041541	0.045415	0.043640	0.041326	0.039550	
1885	0.044251	0.040072	0.045443	0.039295	0.036711	0.041428	0.044227	0.041109	0.042339	0.040610	
1890	0.046384	0.038862	0.043764	0.041376	0.036319	0.041440	0.044864	0.043027	0.042741	0.040254	
1895	0.046631	0.038236	0.043986	0.041206	0.037299	0.041657	0.043900	0.042037	0.043557	0.039472	
1900	0.047815	0.038475	0.043426	0.041080	0.038988	0.041521	0.045906	0.041253	0.042323	0.039845	
1905	0.046876	0.040824	0.043910	0.040663	0.038143	0.041905	0.044128	0.041743	0.041930	0.038832	
1910	0.047269	0.040833	0.045359	0.041335	0.040174	0.041051	0.043031	0.040754	0.041753	0.038228	
1915	0.046469	0.040056	0.041711	0.041760	0.040204	0.042829	0.043787	0.042288	0.042028	0.040512	
1920	0.049316	0.041031	0.039888	0.040381	0.038796	0.042290	0.041394	0.042971	0.042974	0.039302	
1925	0.050974	0.042175	0.040382	0.041744	0.037851	0.044416	0.042554	0.042104	0.043722	0.039781	
1930	0.050170	0.041487	0.039602	0.042299	0.039017	0.043999	0.041130	0.041931	0.042910	0.037226	
1935	0.049637	0.039842	0.040502	0.043601	0.039671	0.043750	0.041008	0.042866	0.041922	0.038686	
1940	0.049931	0.041561	0.040721	0.042846	0.041516	0.041967	0.041229	0.042558	0.040032	0.039378	
1945	0.049718	0.039449	0.042725	0.040852	0.040030	0.042766	0.041978	0.042634	0.039483	0.042066	
1950	0.050321	0.041934	0.042105	0.040976	0.038399	0.042572	0.042154	0.042995	0.041153	0.041105	
1955	0.050328	0.041783	0.040919	0.041555	0.040614	0.042602	0.040340	0.041852	0.040120	0.042226	
1960	0.050408	0.041393	0.040340	0.042134	0.041537	0.043124	0.038562	0.042659	0.040742	0.041671	
1965	0.049423	0.039474	0.039595	0.042539	0.041246	0.042531	0.039228	0.042343	0.040349	0.041687	
1970	0.049137	0.039789	0.040023	0.044206	0.041898	0.042412	0.037455	0.043568	0.042541	0.040338	
1975	0.048391	0.040241	0.042050	0.044962	0.040277	0.043499	0.037905	0.045494	0.041048	0.042074	
1980	0.048988	0.039397	0.041430	0.043663	0.039868	0.044575	0.037994	0.045063	0.040677	0.042846	
1985	0.050669	0.040667	0.040457	0.043672	0.039818	0.043816	0.037204	0.045174	0.038103	0.043440	
1990	0.050771	0.042102	0.039073	0.043029	0.039984	0.043617	0.038004	0.043078	0.039873	0.042388	
1995	0.050061	0.041206	0.040775	0.044602	0.040391	0.044116	0.039298	0.044199	0.040371	0.041984	
2000	0.048261	0.042193	0.040461	0.044760	0.041349	0.042139	0.038005	0.045607	0.040050	0.041867	
2005	0.049056	0.041148	0.040877	0.045260	0.043606	0.043175	0.038895	0.043225	0.040697	0.043423	
2010	0.048246	0.041459	0.042311	0.043464	0.045177	0.043167	0.037552	0.045134	0.039448	0.041223	
2015	0.049456	0.043260	0.041474	0.042874	0.045655	0.043250	0.037471	0.044954	0.038047	0.038275	
2020	0.049270	0.043793	0.039719	0.042163	0.042722	0.045990	0.038049	0.043169	0.038372	0.039061	
2025	0.048638	0.044006	0.040921	0.040861	0.044037	0.046219	0.038287	0.042481	0.037019	0.041101	
2030	0.047572	0.044316	0.043309	0.041336	0.044596	0.044906	0.036787	0.041444	0.036316	0.041397	
2035	0.047817	0.042398	0.044272	0.042595	0.044163	0.044408	0.038420	0.042988	0.034714	0.041593	
2040	0.048508	0.040676	0.046773	0.045173	0.044223	0.045180	0.038265	0.040784	0.037644	0.041222	
2045	0.047602	0.041835	0.048553	0.042273	0.043151	0.043836	0.040271	0.041348	0.036692	0.042486	
2050	0.048803	0.042584	0.047939	0.043924	0.042636	0.042497	0.039664	0.040633	0.039139	0.042900	
2055	0.045449	0.041221	0.046999	0.043397	0.043085	0.042454	0.041042	0.041596	0.038150	0.042967	
2060	0.044017	0.041535	0.046021	0.041730	0.042681	0.043032	0.042311	0.040285	0.038334	0.043219	
2065	0.045216	0.041341	0.048028	0.042984	0.041134	0.042851	0.040330	0.040426	0.037960	0.042860	
2070	0.044450	0.041147	0.047604	0.041124	0.042605	0.043830	0.043596	0.040222	0.037321	0.041649	
2075	0.045557	0.042212	0.046967	0.043298	0.042576	0.044568	0.042828	0.039720	0.037381	0.043588	
2080	0.046435	0.042826	0.047156	0.043129	0.041893	0.045105	0.042644	0.041578	0.037899	0.046845	
2085	0.048464	0.043700	0.047077	0.042360	0.041546	0.044116	0.043999	0.042587	0.039400	0.045196	
2090	0.048292	0.043858	0.045094	0.044335	0.042455	0.043284	0.042758	0.042650	0.037682	0.044009	
2095	0.046515	0.044041	0.043210	0.044115	0.041445	0.042597	0.041046	0.041147	0.038073	0.044973	
2100	0.047049	0.043758	0.044312	0.040264	0.040515	0.043601	0.040486	0.041277	0.040428	0.043164	
2105	0.046893	0.043256	0.044317	0.039520	0.039450	0.044144	0.040697	0.039999	0.040408	0.045330	
2110	0.044925	0.042023	0.046360	0.038401	0.039827	0.042179	0.040035	0.041109	0.039625	0.044717	
2115	0.044994	0.044342	0.046935	0.037953	0.039739	0.042710	0.039392	0.040701	0.038647	0.045002	
2120	0.044220	0.043731	0.047074	0.039612	0.040132	0.041567	0.042329	0.041583	0.037729	0.045661	
2125	0.044363	0.042475	0.048456	0.037688	0.039892	0.043486	0.042415	0.041811	0.037164	0.047031	
2130	0.043934	0.043244	0.047042	0.038223	0.041175	0.042803	0.040952	0.040042	0.036813	0.047151	
2135	0.044604	0.042778	0.047011	0.037818	0.040227	0.043494	0.043333	0.041104	0.037315	0.047184	
2140	0.046537	0.043654	0.045218	0.037987	0.041323	0.041453	0.041427	0.041346	0.038115	0.045452	
2145	0.046718	0.043254	0.046334	0.038253	0.041253	0.039956	0.043237	0.042534	0.041114	0.044358	
2150	0.045188	0.042350	0.044169	0.039990	0.043000	0.041966	0.042125	0.040473	0.040219	0.044671	
2155	0.046430	0.043020	0.045130	0.041701	0.041918	0.041944	0.042350	0.040933	0.042003	0.043987	
2160	0.045048	0.043888	0.044937	0.041641	0.041070	0.040970	0.042207	0.040714	0.041305	0.043294	
2165	0.045821	0.044360	0.044904	0.043261	0.041278	0.040652	0.043100	0.040632	0.039721	0.042892	
2170	0.047569	0.044123	0.043998	0.044078	0.041261	0.040889	0.043027	0.041010	0.039437	0.041307	
2175	0.047131	0.043941	0.043594	0.044570	0.042888	0.040328	0.043603	0.040624	0.037917	0.040073	
2180	0.047046	0.043759	0.044561	0.043636	0.044688	0.041320	0.041370	0.040523	0.039804	0.039670	
2185	0.046089	0.044577	0.047356	0.043141	0.045498	0.043885	0.042020	0.040748	0.039138	0.039825	
2190	0.044818	0.043466	0.046250	0.041160	0.045757	0.042398	0.043117	0.040116	0.040482	0.038720	
2195	0.044680	0.044866	0.044999	0.041708	0.044438	0.041034	0.043110	0.042480	0.040941	0.038788	
2200	0.044834	0.046016	0.044303	0.041133	0.044885	0.041472	0.044457	0.042108	0.042127	0.038036	
2205	0.045475	0.046074	0.045438	0.040960	0.043806	0.039822	0.045457	0.040653	0.042274	0.037761	
2210	0.045987	0.044057	0.046491	0.040378	0.044949	0.039799	0.043864	0.041585	0.040241	0.037678	
2215	0.046852	0.043655	0.045250	0.042506	0.045248	0.041631	0.044216	0.040724	0.039193	0.039401	
2220	0.045590	0.044155	0.046325	0.041204	0.045258	0.042164	0.042923	0.041095	0.040742	0.038899	
2225	0.045681	0.044821	0.045830	0.041603	0.043628	0.042525	0.043186	0.041170	0.040780	0.038505	
2230	0.044900	0.042768	0.048610	0.042512	0.041391	0.042043	0.041382	0.041506	0.042106	0.038099	
2235	0.047038	0.043430	0.049108	0.040326	0.042780	0.041664	0.043020	0.039552	0.043991	0.037771	
2240	0.048035	0.043599	0.050108	0.041331	0.042904	0.041639	0.041965	0.038843	0.043173	0.037111	
2245	0.048024	0.043279	0.049039	0.041461	0.042208	0.043921	0.041283	0.038531	0.043807	0.037454	
2250	0.049443	0.043475	0.049047	0.040982	0.042683	0.043564	0.040968	0.040442	0.044143	0.038317	
2255	0.048160	0.041762	0.047787	0.042095	0.044641	0.042993	0.039112	0.040418	0.043103	0.038471	
2260	0.047259	0.042065	0.047726	0.042326	0.043307	0.041370	0.039599	0.040372	0.043010	0.038469	
2265	0.046062	0.040935	0.045784	0.042192	0.044042	0.040940	0.040820	0.041721	0.041943	0.040190	
2270	0.045824	0.041061	0.044180	0.041817	0.043935	0.042766	0.041140	0.043700	0.043176	0.041607	
2275	0.045705	0.043117	0.044417	0.042154	0.044396	0.043093	0.042516	0.042805	0.042269	0.040723	
2280	0.045464	0.042178	0.042420	0.040835	0.044992	0.043651	0.042495	0.040677	0.042773	0.041892	
2285	0.043035	0.041763	0.042237	0.040701	0.044939	0.042376	0.043530	0.039785	0.044037	0.042432	
2290	0.044021	0.042649	0.043377	0.041402	0.046001	0.042713	0.044131	0.041077	0.043671	0.041299	
2295	0.045494	0.042260	0.045441	0.040689	0.044131	0.043446	0.043617	0.038572	0.041072	0.042599	
2300	0.046081	0.041579	0.044925	0.041580	0.044054	0.044045	0.042891	0.039906	0.039905	0.043673	
2305	0.046995	0.041624	0.044222	0.041423	0.043410	0.044325	0.043279	0.040544	0.040146	0.042771	
2310	0.046485	0.044153	0.044221	0.040380	0.043043	0.046050	0.043635	0.040460	0.041648	0.042058	
2315	0.046496	0.042228	0.043991	0.041229	0.042998	0.046531	0.042359	0.040047	0.041606	0.043181	
2320	0.044494	0.043968	0.042527	0.041045	0.041581	0.046755	0.041973	0.041317	0.042739	0.040021	
2325	0.045357	0.043528	0.040534	0.040872	0.041794	0.043922	0.044549	0.041431	0.041826	0.040905	
2330	0.044257	0.044419	0.038051	0.038677	0.043361	0.043808	0.044943	0.041474	0.041998	0.040894	
2335	0.044352	0.044058	0.039015	0.039228	0.044783	0.044296	0.044714	0.042083	0.041064	0.041585	
2340	0.044452	0.043262	0.038129	0.037500	0.043333	0.044706	0.045459	0.041148	0.040102	0.041412	
2345	0.043182	0.041779	0.039487	0.038523	0.043892	0.045996	0.046483	0.041422	0.040288	0.041357	
2350	0.044398	0.042230	0.039901	0.038774	0.044143	0.044773	0.048827	0.043109	0.040829	0.042201	
2355	0.044083	0.041128	0.041193	0.040700	0.042848	0.044824	0.047735	0.041587	0.039011	0.041241	
2360	0.042892	0.040393	0.041012	0.041541	0.041519	0.043979	0.046559	0.042898	0.038443	0.040296	
2365	0.041222	0.042270	0.041371	0.040965	0.042692	0.043659	0.047208	0.042269	0.037830	0.039512	
2370	0.040263	0.041414	0.042464	0.042243	0.043802	0.043996	0.048399	0.042065	0.036266	0.041073	
2375	0.039213	0.041521	0.042349	0.040912	0.043823	0.045620	0.047873	0.040172	0.035953	0.042003	
2380	0.041030	0.042931	0.042704	0.041623	0.045152	0.045413	0.049102	0.040875	0.039582	0.041556	
2385	0.042467	0.044824	0.041752	0.042622	0.044963	0.043973	0.048471	0.040268	0.039841	0.041619	
2390	0.042845	0.042709	0.040367	0.041751	0.044559	0.045503	0.047701	0.040664	0.039291	0.040698	
2395	0.044324	0.042345	0.042711	0.042027	0.044443	0.043202	0.049239	0.040863	0.037298	0.041424	
2400	0.042680	0.041905	0.041533	0.041335	0.044216	0.044444	0.051186	0.041421	0.040276	0.044284	
2405	0.044012	0.040123	0.040610	0.040711	0.042415	0.045600	0.050283	0.041488	0.041085	0.046019	
2410	0.041534	0.041775	0.039988	0.041383	0.043621	0.043938	0.051782	0.042486	0.040476	0.046275	
2415	0.040408	0.043339	0.040542	0.044099	0.043133	0.041412	0.050612	0.041378	0.040128	0.047438	
2420	0.040372	0.043472	0.041760	0.044373	0.042137	0.041252	0.049466	0.042549	0.038203	0.043708	
2425	0.041753	0.043187	0.039400	0.044489	0.044520	0.043251	0.049278	0.043942	0.037816	0.046453	
2430	0.042523	0.041834	0.039581	0.044602	0.044437	0.043172	0.049291	0.045372	0.039981	0.045271	
2435	0.041125	0.040110	0.041520	0.045823	0.043663	0.043189	0.050801	0.043164	0.039613	0.042995	
2440	0.039463	0.042356	0.039870	0.046071	0.042280	0.043574	0.049169	0.043691	0.041133	0.042839	
2445	0.038606	0.043996	0.038501	0.047123	0.041934	0.043754	0.048797	0.044549	0.039918	0.041350	
2450	0.038410	0.043305	0.040179	0.045312	0.041322	0.043073	0.047405	0.043988	0.038954	0.041395	
2455	0.036828	0.043086	0.040269	0.046145	0.040677	0.044401	0.047218	0.042982	0.038477	0.039381	
2460	0.037114	0.042868	0.040358	0.047180	0.040465	0.042414	0.046467	0.045434	0.038426	0.038828	
2465	0.037321	0.042766	0.039849	0.047623	0.038841	0.042230	0.045293	0.044810	0.038297	0.038182	
2470	0.038847	0.042270	0.039864	0.047792	0.042099	0.043337	0.045660	0.044917	0.039093	0.038143	
2475	0.039656	0.043893	0.041528	0.045574	0.041862	0.046659	0.047628	0.046851	0.040241	0.039394	
2480	0.041253	0.043525	0.042388	0.045282	0.038110	0.045499	0.046768	0.047365	0.039130	0.037963	
2485	0.043449	0.042394	0.041844	0.043448	0.039838	0.045537	0.046357	0.045545	0.040160	0.038453	
2490	0.040778	0.040778	0.042128	0.043172	0.037490	0.047413	0.047300	0.045839	0.038324	0.037796	
2495	0.040662	0.040360	0.042621	0.043998	0.038030	0.045891	0.047574	0.044699	0.039752	0.038645	
2500	0.040716	0.041320	0.041585	0.043955	0.038812	0.047855	0.047666	0.042727	0.040530	0.042430	
2505	0.039616	0.040324	0.040412	0.044789	0.038032	0.048132	0.046839	0.043718	0.040044	0.040602	
2510	0.039087	0.042714	0.041002	0.044869	0.039830	0.048348	0.045849	0.043140	0.041403	0.041255	
2515	0.039578	0.044169	0.042377	0.044257	0.038512	0.048814	0.046233	0.042938	0.040619	0.042003	
2520	0.040400	0.045047	0.041568	0.043078	0.038396	0.048527	0.045298	0.043459	0.039801	0.041079	
2525	0.039122	0.045541	0.043536	0.040935	0.040465	0.047841	0.045948	0.041433	0.037981	0.042582	
2530	0.038261	0.044302	0.043625	0.042942	0.038374	0.046808	0.047397	0.043278	0.038848	0.041604	
2535	0.040251	0.043989	0.045048	0.041549	0.037999	0.048103	0.046892	0.044379	0.037787	0.040788	
2540	0.039190	0.043356	0.044791	0.041587	0.039973	0.048883	0.047731	0.044053	0.039358	0.040186	
2545	0.038323	0.044568	0.044835	0.041249	0.040734	0.048363	0.045899	0.042777	0.040211	0.040104	
2550	0.038865	0.044033	0.042641	0.040414	0.041823	0.049001	0.047065	0.042858	0.039327	0.038674	
2555	0.036827	0.043816	0.042974	0.040630	0.041244	0.047853	0.047395	0.043501	0.040543	0.037771	
2560	0.037334	0.042359	0.042086	0.040561	0.042976	0.047931	0.046065	0.043455	0.042228	0.038601	
2565	0.037493	0.041432	0.043014	0.041768	0.041498	0.049504	0.046599	0.041672	0.041321	0.039146	
2570	0.040672	0.042902	0.041697	0.041915	0.041701	0.050560	0.046375	0.043208	0.038179	0.039222	
2575	0.040923	0.043546	0.041583	0.042919	0.042604	0.051282	0.045376	0.042139	0.038675	0.039507	
2580	0.040858	0.042498	0.042558	0.044240	0.042293	0.051799	0.045158	0.040098	0.038031	0.040754	
2585	0.043365	0.041052	0.045220	0.042513	0.043245	0.048201	0.044517	0.041283	0.037182	0.042401	
2590	0.045279	0.040006	0.044741	0.041596	0.041554	0.047162	0.043652	0.040137	0.039761	0.041646	
2595	0.041695	0.040818	0.046853	0.041104	0.042830	0.047482	0.044145	0.038488	0.040923	0.041268	
2600	0.042777	0.041189	0.045667	0.040167	0.042915	0.048481	0.044162	0.038313	0.039679	0.041312	
2605	0.042403	0.040692	0.046801	0.039817	0.042534	0.046671	0.044570	0.037824	0.039454	0.042449	
2610	0.041581	0.041669	0.045415	0.039173	0.041908	0.047903	0.045305	0.036752	0.041239	0.041114	
2615	0.042405	0.040779	0.044417	0.038895	0.043107	0.048749	0.045273	0.034719	0.039335	0.041076	
2620	0.041775	0.040964	0.045621	0.039606	0.040871	0.046302	0.045638	0.035501	0.038321	0.041651	
2625	0.040115	0.041132	0.044902	0.038355	0.040962	0.047112	0.045932	0.035984	0.039062	0.041499	
2630	0.038913	0.039642	0.045302	0.037660	0.041342	0.045615	0.043955	0.037535	0.037261	0.040451	
2635	0.040201	0.041561	0.044205	0.037617	0.040350	0.045962	0.041970	0.038377	0.037930	0.040925	
2640	0.040772	0.040528	0.043139	0.038797	0.043061	0.045478	0.040871	0.037755	0.038239	0.039918	
2645	0.042011	0.040943	0.043063	0.039218	0.041029	0.047377	0.043377	0.035796	0.039409	0.041211	
2650	0.042526	0.042186	0.043222	0.039867	0.040503	0.047784	0.044333	0.035575	0.040889	0.040909	
2655	0.045345	0.042809	0.040508	0.037873	0.042052	0.047632	0.045123	0.036888	0.039962	0.040884	
2660	0.045508	0.041403	0.040963	0.037735	0.040818	0.048449	0.045397	0.037437	0.041317	0.040469	
2665	0.046685	0.041988	0.040152	0.039330	0.040364	0.047863	0.046338	0.039249	0.040108	0.039776	
2670	0.046199	0.042700	0.040041	0.040788	0.040432	0.048938	0.046538	0.041741	0.040185	0.040995	
2675	0.042543	0.040893	0.041064	0.040767	0.042331	0.047535	0.047433	0.040361	0.039133	0.041628	
2680	0.041351	0.041455	0.041466	0.041773	0.042312	0.045843	0.046115	0.039884	0.037726	0.041547	
2685	0.040723	0.041892	0.040090	0.041654	0.041123	0.045046	0.045174	0.039303	0.039167	0.042747	
2690	0.042545	0.040194	0.040833	0.040289	0.042054	0.045019	0.044475	0.041573	0.037490	0.043289	
2695	0.041291	0.040150	0.042617	0.038711	0.042533	0.045374	0.045208	0.040314	0.038182	0.043210	
2700	0.041208	0.040387	0.041484	0.038214	0.041476	0.046278	0.045672	0.041629	0.037916	0.042172	
2705	0.041684	0.042337	0.042116	0.038944	0.041989	0.046242	0.046059	0.040431	0.038019	0.042056	
2710	0.041614	0.043171	0.042873	0.040058	0.041424	0.046218	0.045621	0.038939	0.038083	0.044590	
2715	0.042646	0.041777	0.042523	0.039384	0.041772	0.046420	0.044311	0.038513	0.037511	0.043668	
2720	0.041532	0.042550	0.040499	0.041111	0.042600	0.044393	0.045950	0.040009	0.037538	0.045708	
2725	0.042535	0.043276	0.040734	0.042236	0.041031	0.044513	0.044791	0.039893	0.036653	0.045241	
2730	0.041091	0.043889	0.043563	0.041131	0.042424	0.044113	0.045413	0.040207	0.035833	0.044526	
2735	0.042724	0.043294	0.040877	0.039908	0.040673	0.044538	0.046817	0.038222	0.035354	0.044183	
2740	0.043683	0.044824	0.041427	0.043400	0.039415	0.044881	0.047638	0.038923	0.035094	0.044204	
2745	0.044542	0.046387	0.040068	0.042876	0.039370	0.043939	0.048931	0.040388	0.034415	0.045369	
2750	0.045326	0.044388	0.040886	0.043932	0.038402	0.046068	0.047797	0.040507	0.035308	0.044472	
2755	0.043613	0.042494	0.044534	0.045181	0.038343	0.045748	0.043645	0.039660	0.036414	0.044735	
2760	0.044088	0.043272	0.041179	0.046056	0.038592	0.046033	0.042013	0.037042	0.035846	0.044847	
2765	0.045748	0.044597	0.041891	0.044388	0.036966	0.045654	0.041958	0.037235	0.035610	0.043984	
2770	0.044973	0.044901	0.040763	0.044209	0.036480	0.044964	0.043022	0.038273	0.037571	0.041385	
2775	0.046655	0.044356	0.039241	0.044554	0.034031	0.045806	0.040268	0.040839	0.039128	0.043110	
2780	0.046156	0.044989	0.039187	0.044832	0.033940	0.047790	0.040180	0.041327	0.039995	0.043233	
2785	0.044980	0.044500	0.038905	0.047840	0.034129	0.045408	0.040373	0.040093	0.039430	0.042194	
2790	0.045471	0.044257	0.039861	0.045736	0.033432	0.044045	0.039316	0.039974	0.040029	0.040906	
2795	0.045945	0.045070	0.037316	0.046855	0.036444	0.044551	0.038952	0.039058	0.039165	0.040426	
2800	0.044520	0.046046	0.037321	0.046431	0.037689	0.043139	0.039361	0.038634	0.038191	0.040900	
2805	0.044560	0.048381	0.038295	0.044390	0.035215	0.044007	0.036817	0.039364	0.037086	0.041296	
2810	0.045096	0.046551	0.040846	0.045012	0.037191	0.044438	0.037805	0.037391	0.038495	0.039561	
2815	0.045304	0.046484	0.039821	0.046276	0.038130	0.045287	0.038398	0.037127	0.039004	0.039891	
2820	0.045163	0.048509	0.038366	0.042857	0.038223	0.044784	0.039126	0.038166	0.040439	0.042761	
2825	0.044143	0.047318	0.039300	0.042945	0.039511	0.043768	0.038214	0.038896	0.040720	0.043149	
2830	0.043007	0.048479	0.038494	0.041832	0.041113	0.044497	0.038676	0.041602	0.038402	0.043931	
2835	0.042056	0.046505	0.039194	0.042349	0.041984	0.044926	0.037970	0.041022	0.037933	0.044665	
2840	0.040754	0.046626	0.040656	0.044883	0.042595	0.044729	0.038496	0.039370	0.037999	0.046054	
2845	0.042008	0.048018	0.042478	0.042189	0.040185	0.045537	0.040009	0.039598	0.038691	0.045952	
2850	0.040976	0.045706	0.040716	0.044032	0.040775	0.043744	0.040869	0.038144	0.039072	0.048065	
2855	0.041845	0.046887	0.040291	0.043257	0.041946	0.044609	0.042072	0.038957	0.039100	0.047737	
2860	0.042639	0.044085	0.042950	0.044216	0.040316	0.043102	0.040246	0.038341	0.040235	0.048093	
2865	0.043224	0.043398	0.043810	0.044383	0.039509	0.042942	0.041187	0.039850	0.040214	0.048111	
2870	0.045333	0.041272	0.041598	0.040960	0.040230	0.044416	0.041673	0.038847	0.040560	0.047059	
2875	0.046526	0.043210	0.041008	0.038695	0.038203	0.043878	0.041111	0.040535	0.041856	0.046021	
2880	0.047123	0.042830	0.042720	0.040179	0.040833	0.043276	0.040253	0.041999	0.041821	0.046321	
2885	0.047314	0.043580	0.042894	0.040774	0.040685	0.044934	0.039698	0.042617	0.043506	0.045308	
2890	0.048111	0.044929	0.042627	0.040017	0.039827	0.045028	0.040320	0.041080	0.042053	0.045339	
2895	0.046810	0.044746	0.041881	0.041007	0.039046	0.044835	0.039689	0.041789	0.041611	0.044819	
2900	0.047147	0.043386	0.042017	0.039921	0.038839	0.044510	0.039938	0.042605	0.043084	0.041993	
2905	0.046787	0.043538	0.042407	0.039436	0.039473	0.043840	0.040171	0.043148	0.043784	0.043391	
2910	0.048741	0.042837	0.043943	0.039651	0.038734	0.043730	0.039401	0.043293	0.044946	0.045110	
2915	0.046644	0.041997	0.042567	0.039943	0.038644	0.044486	0.038800	0.043476	0.043493	0.048088	
2920	0.044898	0.040929	0.042057	0.040660	0.040594	0.048096	0.039570	0.042446	0.044790	0.050394	
2925	0.044511	0.039889	0.040034	0.040459	0.038199	0.047232	0.038461	0.042357	0.043160	0.046971	
2930	0.045174	0.040181	0.039724	0.039446	0.039691	0.046407	0.037382	0.042151	0.044622	0.046150	
2935	0.045258	0.041549	0.039517	0.037825	0.038432	0.045127	0.039022	0.042316	0.044937	0.043836	
2940	0.044730	0.041019	0.040505	0.039402	0.037366	0.046003	0.036579	0.041177	0.044160	0.044560	
2945	0.044341	0.042145	0.038203	0.038456	0.037672	0.045402	0.038401	0.040735	0.046082	0.042449	
2950	0.045239	0.042766	0.036082	0.039818	0.038533	0.045116	0.038493	0.043356	0.045345	0.043090	
2955	0.045757	0.041640	0.036315	0.037823	0.037769	0.045105	0.036841	0.043923	0.044306	0.043430	
2960	0.046981	0.042211	0.037735	0.037524	0.039692	0.041630	0.035952	0.043605	0.044887	0.042681	
2965	0.047131	0.043035	0.039146	0.036151	0.039203	0.042535	0.037184	0.044078	0.043899	0.043697	
2970	0.047426	0.041474	0.038919	0.034273	0.040448	0.041914	0.037872	0.044298	0.045038	0.043622	
2975	0.044845	0.040560	0.038816	0.034780	0.040138	0.042369	0.039729	0.044127	0.045506	0.045251	
2980	0.045843	0.039967	0.040716	0.035054	0.039432	0.039513	0.039953	0.042977	0.044595	0.044987	
2985	0.046194	0.041811	0.042158	0.034846	0.039842	0.039106	0.041736	0.044913	0.044790	0.046989	
2990	0.047603	0.040987	0.042949	0.034477	0.041533	0.040315	0.042822	0.043795	0.045816	0.044230	
2995	0.047944	0.039160	0.042210	0.036208	0.040473	0.041588	0.041840	0.045008	0.043677	0.042268	
3000	0.049280	0.039946	0.042152	0.036276	0.039063	0.040577	0.038784	0.044069	0.044627	0.042416	
