T	rep_1	rep_2	rep_3	rep_4	rep_5	rep_6	rep_7	rep_8	rep_9	rep_10
5	0.000000	0.000000	0.000000	0.000000	0.000000	0.000000	0.000000	0.000000	0.000000	0.000000	
10	0.000000	0.000000	0.000000	0.000000	0.000000	0.000000	0.000000	0.000000	0.000000	0.000000	
15	0.000000	0.000000	0.000000	0.000000	0.000000	0.000000	0.000000	0.000000	0.000000	0.000000	
20	0.000000	0.000000	0.000000	0.000000	0.000000	0.000000	0.000000	0.000000	0.000000	0.000000	
25	0.000000	0.000000	0.000000	0.000000	0.000000	0.000000	0.000000	0.000000	0.000000	0.000000	
30	0.000000	0.000000	0.000000	0.000000	0.000000	0.000000	0.000000	0.000000	0.000000	0.000000	
35	0.000000	0.000000	0.000000	0.000000	0.000000	0.000000	0.000000	0.000000	0.000000	0.000000	
40	0.000000	0.000000	0.000000	0.000000	0.000000	0.000000	0.000000	0.000000	0.000000	0.000000	
45	0.000000	0.000000	0.000000	0.000000	0.000000	0.000000	0.000000	0.000000	0.000000	0.000000	
50	0.000000	0.000000	0.000000	0.000000	0.000000	0.000000	0.000000	0.000000	0.000000	0.000000	
55	0.000000	0.000000	0.000000	0.000000	0.000000	0.000000	0.000000	0.000000	0.000000	0.000000	
60	0.000000	0.000000	0.000000	0.000000	0.000000	0.000000	0.000000	0.000000	0.000000	0.000000	
65	0.000000	0.000000	0.000000	0.000000	0.000000	0.000000	0.000000	0.000000	0.000000	0.000000	
70	0.000000	0.000000	0.000000	0.000000	0.000000	0.000000	0.000000	0.000000	0.000000	0.000000	
75	0.000000	0.000000	0.000000	0.000000	0.000000	0.000000	0.000000	0.000000	0.000000	0.000000	
80	0.000000	0.000000	0.000000	0.000000	0.000000	0.000000	0.000000	0.000000	0.000000	0.000000	
85	0.000000	0.000000	0.000000	0.000000	0.000000	0.000000	0.000000	0.000000	0.000000	0.000000	
90	0.000000	0.000000	0.000000	0.000000	0.000000	0.000000	0.000000	0.000000	0.000000	0.000000	
95	0.000000	0.000000	0.000000	0.000000	0.000000	0.000000	0.000000	0.000000	0.000000	0.000000	
100	0.000000	0.000000	0.000000	0.000000	0.000000	0.000000	0.000000	0.000000	0.000000	0.000000	
105	0.001752	0.002122	0.001731	0.002266	0.002767	0.002241	0.001649	0.002642	0.002064	0.002610	
110	0.005886	0.008993	0.006074	0.006980	0.008824	0.005630	0.007195	0.006995	0.006710	0.005710	
115	0.016840	0.021427	0.014614	0.014808	0.015318	0.011866	0.015357	0.014876	0.014452	0.011502	
120	0.032120	0.035292	0.025420	0.028536	0.032761	0.019195	0.026821	0.025165	0.029483	0.019978	
125	0.049646	0.055929	0.041974	0.047280	0.055882	0.032842	0.041675	0.043434	0.046725	0.033161	
130	0.075914	0.076835	0.068063	0.066359	0.078046	0.046714	0.056670	0.063567	0.063457	0.051104	
135	0.106081	0.091416	0.095093	0.082897	0.103396	0.066377	0.075875	0.087538	0.080889	0.068516	
140	0.121214	0.102299	0.109257	0.092762	0.118708	0.077892	0.086944	0.107331	0.092763	0.083146	
145	0.135037	0.106947	0.119173	0.100235	0.131263	0.089010	0.095896	0.122458	0.103365	0.089309	
150	0.142963	0.108109	0.123662	0.105460	0.138721	0.094611	0.100611	0.132242	0.110028	0.097039	
155	0.149403	0.113704	0.128870	0.112234	0.147643	0.097889	0.107006	0.138873	0.117851	0.105632	
160	0.154742	0.119712	0.133641	0.121343	0.156223	0.103842	0.115338	0.144369	0.124339	0.117251	
165	0.158990	0.125576	0.141086	0.124850	0.157163	0.108156	0.120050	0.152699	0.125587	0.123031	
170	0.163173	0.128313	0.150197	0.132252	0.161558	0.114308	0.125056	0.158880	0.131848	0.133815	
175	0.168140	0.133359	0.156705	0.140631	0.163627	0.120618	0.133215	0.167530	0.136077	0.140096	
180	0.176248	0.137938	0.166911	0.146777	0.167797	0.125137	0.139966	0.176041	0.141248	0.143900	
185	0.175622	0.140111	0.170350	0.152708	0.171772	0.128599	0.144509	0.179043	0.143169	0.152233	
190	0.177925	0.144825	0.179733	0.157603	0.179063	0.135751	0.148285	0.185806	0.152028	0.159487	
195	0.181439	0.149775	0.183907	0.166197	0.184443	0.141922	0.152828	0.190841	0.152930	0.164758	
200	0.189210	0.158741	0.191158	0.175066	0.185828	0.146045	0.154838	0.190447	0.157554	0.169763	
205	0.192452	0.163939	0.193580	0.182673	0.186495	0.148590	0.158310	0.194578	0.159706	0.174870	
210	0.191619	0.171537	0.196978	0.193863	0.189917	0.153942	0.160753	0.191032	0.166370	0.177821	
215	0.190206	0.176993	0.204047	0.200769	0.193681	0.158204	0.163755	0.191389	0.171044	0.181759	
220	0.195002	0.181178	0.206690	0.200748	0.195840	0.162335	0.164734	0.195445	0.179231	0.183610	
225	0.196442	0.189310	0.206207	0.208673	0.198073	0.166760	0.171621	0.201289	0.182184	0.183477	
230	0.199232	0.189003	0.209615	0.217658	0.199250	0.169067	0.170072	0.200289	0.185012	0.187405	
235	0.203455	0.193385	0.205407	0.219157	0.201860	0.169653	0.175834	0.201653	0.183239	0.188435	
240	0.205062	0.196454	0.205841	0.223624	0.200798	0.174291	0.178110	0.204248	0.184820	0.188996	
245	0.203396	0.203158	0.206290	0.224584	0.204287	0.176928	0.181117	0.204846	0.187021	0.194352	
250	0.202933	0.208022	0.208766	0.222271	0.200795	0.174414	0.185205	0.205904	0.183496	0.194113	
255	0.201247	0.210136	0.207352	0.215823	0.203523	0.174897	0.183752	0.208748	0.186310	0.195324	
260	0.202063	0.208126	0.206289	0.213484	0.203744	0.178588	0.184943	0.204145	0.187404	0.200101	
265	0.199837	0.205976	0.204400	0.211019	0.201890	0.180815	0.187604	0.200577	0.190323	0.200374	
270	0.204748	0.206159	0.203342	0.207187	0.198981	0.184166	0.186909	0.198780	0.192386	0.199125	
275	0.201856	0.200804	0.201662	0.208023	0.197938	0.186231	0.186487	0.196740	0.190174	0.196933	
280	0.203286	0.196683	0.199646	0.201297	0.195267	0.187000	0.186331	0.194600	0.188797	0.193496	
285	0.202373	0.198388	0.195106	0.204478	0.194967	0.185704	0.188704	0.191728	0.186521	0.191830	
290	0.201436	0.194326	0.193955	0.205439	0.196607	0.182524	0.184468	0.189924	0.183765	0.191585	
295	0.199372	0.195914	0.190821	0.198485	0.198471	0.181051	0.180824	0.188597	0.183553	0.191327	
300	0.197759	0.195372	0.189205	0.196240	0.196091	0.180728	0.182174	0.185671	0.188950	0.191018	
305	0.191888	0.193590	0.186360	0.194665	0.195360	0.182571	0.179552	0.184473	0.190267	0.190017	
310	0.189143	0.188052	0.184015	0.192047	0.199925	0.178979	0.180685	0.183499	0.187249	0.188907	
315	0.187329	0.185902	0.182427	0.188461	0.198141	0.176924	0.180574	0.185256	0.185480	0.189787	
320	0.185494	0.177471	0.179587	0.186487	0.198005	0.176640	0.181136	0.183798	0.183215	0.189859	
325	0.185824	0.171745	0.180170	0.183920	0.195922	0.175866	0.179819	0.183686	0.178496	0.188788	
330	0.183825	0.167788	0.177629	0.186333	0.191328	0.177510	0.177191	0.179479	0.176258	0.182164	
335	0.180678	0.165345	0.177360	0.183061	0.188805	0.174536	0.178434	0.176570	0.175770	0.184851	
340	0.181215	0.162339	0.175418	0.176771	0.186030	0.173028	0.175333	0.175327	0.174632	0.184199	
345	0.181554	0.158774	0.173643	0.173415	0.184979	0.172199	0.178500	0.176663	0.175931	0.180060	
350	0.178135	0.156882	0.172107	0.169706	0.181114	0.168138	0.174482	0.176678	0.176338	0.181870	
355	0.183905	0.158004	0.175431	0.166091	0.177940	0.169218	0.175575	0.174813	0.174373	0.177841	
360	0.180238	0.156934	0.174128	0.166067	0.177186	0.166816	0.176454	0.175441	0.171924	0.174023	
365	0.177883	0.157710	0.170649	0.166553	0.176259	0.166268	0.174203	0.176808	0.171055	0.172946	
370	0.177648	0.157016	0.172055	0.162922	0.174562	0.167157	0.170670	0.178419	0.167397	0.170309	
375	0.172165	0.153122	0.172713	0.160613	0.176980	0.164374	0.169302	0.174118	0.167649	0.171423	
380	0.170787	0.155924	0.172043	0.160740	0.179983	0.167478	0.171477	0.171025	0.167941	0.168540	
385	0.169410	0.157436	0.171301	0.157821	0.177530	0.165832	0.170707	0.170601	0.165434	0.167167	
390	0.167453	0.151665	0.170551	0.154867	0.179865	0.164332	0.169358	0.171749	0.166067	0.166625	
395	0.165621	0.145604	0.173677	0.158060	0.178644	0.163416	0.169059	0.172424	0.162070	0.166261	
400	0.164528	0.146736	0.169557	0.155475	0.178648	0.160512	0.168237	0.169930	0.158871	0.164530	
405	0.165917	0.149600	0.168782	0.154545	0.178331	0.161736	0.166919	0.166794	0.160340	0.164501	
410	0.165823	0.152211	0.169190	0.154740	0.175603	0.161247	0.166600	0.167576	0.159337	0.162800	
415	0.165679	0.155814	0.167574	0.153162	0.175239	0.161638	0.164534	0.165661	0.158126	0.162946	
420	0.162561	0.155839	0.164984	0.154048	0.173690	0.161707	0.167942	0.165607	0.157782	0.162750	
425	0.159393	0.155474	0.163941	0.151675	0.171084	0.160155	0.166113	0.163995	0.164161	0.164045	
430	0.156492	0.153208	0.163338	0.150318	0.172451	0.157145	0.167035	0.159243	0.162009	0.164058	
435	0.156398	0.155344	0.162989	0.149518	0.173350	0.158398	0.164751	0.160891	0.161394	0.159536	
440	0.157526	0.149461	0.162624	0.145627	0.173813	0.158901	0.170151	0.165297	0.163388	0.163274	
445	0.157042	0.150289	0.163247	0.146175	0.173566	0.159321	0.167085	0.162547	0.165172	0.163019	
450	0.160631	0.153676	0.166766	0.146452	0.170889	0.160414	0.167029	0.156453	0.166585	0.158282	
455	0.161451	0.155410	0.166195	0.147378	0.171980	0.159901	0.165601	0.155785	0.164775	0.161463	
460	0.162793	0.157672	0.163063	0.145218	0.169549	0.160649	0.163547	0.156416	0.159585	0.160811	
465	0.162827	0.158021	0.164113	0.145582	0.174512	0.161372	0.162544	0.159236	0.157356	0.159664	
470	0.162295	0.156152	0.161519	0.152927	0.169711	0.158658	0.161542	0.160802	0.158984	0.159666	
475	0.166730	0.157690	0.163907	0.154855	0.168915	0.161103	0.161434	0.160592	0.157212	0.161558	
480	0.170185	0.161154	0.163313	0.157232	0.165148	0.159339	0.158261	0.164439	0.154528	0.160857	
485	0.168821	0.158959	0.163476	0.157534	0.164985	0.160752	0.157646	0.163558	0.154795	0.162417	
490	0.169319	0.161166	0.159575	0.161772	0.167867	0.164281	0.159855	0.161912	0.156686	0.162333	
495	0.163604	0.161869	0.158701	0.164382	0.171238	0.164435	0.159432	0.163050	0.154856	0.162067	
500	0.162019	0.159806	0.154802	0.161351	0.172665	0.167590	0.160026	0.163458	0.154852	0.161704	
505	0.162886	0.165318	0.155346	0.162062	0.169109	0.168043	0.155423	0.160261	0.157795	0.162743	
510	0.163902	0.163372	0.155290	0.161016	0.168497	0.166350	0.158908	0.160805	0.159229	0.165610	
515	0.157378	0.165907	0.155489	0.160270	0.167682	0.165871	0.161306	0.161609	0.156958	0.166612	
520	0.161431	0.161810	0.153790	0.159657	0.165406	0.166753	0.159447	0.160213	0.160178	0.162920	
525	0.159956	0.163857	0.155766	0.156351	0.164097	0.167604	0.157245	0.156797	0.164647	0.159728	
530	0.158613	0.164820	0.159617	0.158507	0.164362	0.162478	0.158003	0.155210	0.165051	0.158486	
535	0.160502	0.163442	0.160549	0.153827	0.163890	0.165222	0.157096	0.155375	0.162003	0.161484	
540	0.159472	0.162187	0.160022	0.152754	0.165458	0.167555	0.157026	0.155762	0.158899	0.158472	
545	0.159114	0.161911	0.160407	0.155428	0.162530	0.169131	0.156914	0.151221	0.157936	0.160061	
550	0.162506	0.161267	0.162458	0.150462	0.167103	0.172152	0.154242	0.151832	0.156674	0.158107	
555	0.162832	0.163163	0.162787	0.151380	0.166529	0.169598	0.152130	0.152129	0.159205	0.156034	
560	0.162151	0.161473	0.162345	0.151642	0.166556	0.167427	0.153099	0.151102	0.158129	0.154225	
565	0.157660	0.160457	0.162386	0.151474	0.168687	0.167538	0.155173	0.151987	0.161218	0.154682	
570	0.155807	0.161584	0.161340	0.153467	0.168300	0.166983	0.154070	0.152687	0.162090	0.154696	
575	0.151450	0.160807	0.161377	0.156611	0.166456	0.160747	0.157233	0.156797	0.162960	0.158251	
580	0.151456	0.159333	0.166269	0.154275	0.164123	0.161884	0.156969	0.153937	0.159283	0.157472	
585	0.151897	0.156716	0.164305	0.153545	0.163663	0.163777	0.158571	0.152012	0.157122	0.155245	
590	0.152525	0.158556	0.165862	0.154190	0.165667	0.159014	0.158549	0.151226	0.156239	0.155892	
595	0.151102	0.160598	0.167341	0.156845	0.165914	0.158902	0.160391	0.155995	0.158855	0.158502	
600	0.153554	0.157804	0.170691	0.159998	0.164476	0.164992	0.160129	0.154633	0.158257	0.160674	
605	0.153139	0.157981	0.170123	0.161875	0.162946	0.162755	0.164569	0.153971	0.163127	0.160921	
610	0.158364	0.156856	0.171785	0.162997	0.160482	0.161452	0.162460	0.149484	0.164527	0.157916	
615	0.158541	0.160095	0.172717	0.162566	0.157064	0.165886	0.161877	0.150597	0.165771	0.159619	
620	0.159805	0.158939	0.172999	0.162560	0.156263	0.165651	0.157936	0.152659	0.165146	0.159905	
625	0.162159	0.158600	0.171553	0.160603	0.155600	0.163837	0.160442	0.154655	0.166470	0.158732	
630	0.165633	0.157113	0.170154	0.163388	0.154135	0.160519	0.160795	0.155554	0.166563	0.161309	
635	0.166300	0.154358	0.166872	0.159292	0.158115	0.159613	0.159480	0.156209	0.165636	0.160327	
640	0.168486	0.155592	0.166991	0.155227	0.157157	0.158665	0.161634	0.152136	0.166420	0.159009	
645	0.170378	0.154329	0.166471	0.155247	0.158800	0.154680	0.163421	0.149236	0.166405	0.161052	
650	0.173019	0.152201	0.166525	0.155363	0.163746	0.155763	0.164539	0.148857	0.163924	0.163335	
655	0.171626	0.154832	0.168491	0.154936	0.165221	0.158560	0.163413	0.147798	0.167585	0.162088	
660	0.174205	0.152936	0.170732	0.154100	0.166923	0.163407	0.163304	0.147578	0.168326	0.161631	
665	0.168064	0.156480	0.174039	0.153406	0.165422	0.163593	0.161966	0.146058	0.167984	0.157109	
670	0.170991	0.155632	0.172738	0.150828	0.161939	0.161974	0.163182	0.148880	0.169166	0.156898	
675	0.172855	0.156335	0.172139	0.152634	0.160957	0.166550	0.163929	0.149028	0.171452	0.158543	
680	0.168952	0.155669	0.171479	0.151151	0.160523	0.169558	0.163608	0.146540	0.171494	0.155444	
685	0.165543	0.157781	0.167226	0.148271	0.160754	0.167985	0.165240	0.147990	0.167701	0.153091	
690	0.166091	0.154731	0.166319	0.148824	0.161691	0.168986	0.165746	0.148963	0.170529	0.153887	
695	0.160391	0.156882	0.165866	0.146405	0.164458	0.172618	0.163506	0.146779	0.168435	0.154892	
700	0.159696	0.154870	0.165437	0.147329	0.163043	0.170972	0.158131	0.151829	0.169011	0.153116	
705	0.159341	0.154052	0.164616	0.149935	0.161859	0.171748	0.166507	0.150759	0.169731	0.156592	
710	0.156825	0.155101	0.164952	0.152136	0.164245	0.172782	0.164768	0.154358	0.168823	0.157069	
715	0.156758	0.153908	0.168403	0.150851	0.163610	0.171227	0.166093	0.152068	0.165415	0.154632	
720	0.156057	0.154850	0.168428	0.151517	0.160845	0.168184	0.163795	0.157813	0.165381	0.156469	
725	0.153516	0.151538	0.170463	0.151701	0.161990	0.169829	0.162669	0.159833	0.164285	0.155462	
730	0.156504	0.153023	0.171772	0.150515	0.166702	0.170460	0.159504	0.159238	0.164851	0.155463	
735	0.153515	0.155559	0.173399	0.151204	0.166143	0.171246	0.161285	0.158863	0.167356	0.156491	
740	0.153113	0.154932	0.169457	0.151952	0.167072	0.171713	0.160241	0.154472	0.169521	0.152003	
745	0.152416	0.154816	0.167845	0.156650	0.165665	0.170414	0.158774	0.154172	0.168462	0.150720	
750	0.151486	0.152596	0.167934	0.156824	0.167150	0.170618	0.156719	0.156228	0.170419	0.152434	
755	0.155642	0.153150	0.167978	0.160205	0.167153	0.174793	0.157999	0.156531	0.168425	0.152898	
760	0.157784	0.152676	0.168438	0.164829	0.164983	0.173551	0.158181	0.154244	0.166597	0.151561	
765	0.154980	0.153655	0.168938	0.163278	0.161946	0.170675	0.160281	0.152797	0.167721	0.152802	
770	0.155945	0.154947	0.163363	0.160172	0.166198	0.167851	0.158520	0.157469	0.166530	0.154528	
775	0.155444	0.152727	0.163184	0.160934	0.166421	0.170213	0.159171	0.155731	0.167509	0.153482	
780	0.153999	0.152832	0.165017	0.159355	0.166964	0.170990	0.159238	0.156461	0.169576	0.154311	
785	0.152505	0.151892	0.166737	0.158654	0.170680	0.170288	0.156955	0.160434	0.168758	0.156386	
790	0.152469	0.154774	0.163938	0.157255	0.172531	0.169929	0.154469	0.159229	0.171557	0.155267	
795	0.152054	0.157039	0.161518	0.156739	0.173661	0.169544	0.153002	0.160129	0.174624	0.155465	
800	0.150611	0.157755	0.160427	0.156378	0.169023	0.169321	0.155651	0.158116	0.175295	0.154997	
805	0.151855	0.156975	0.159305	0.158676	0.167040	0.168820	0.156302	0.156760	0.172745	0.156088	
810	0.152571	0.156736	0.162733	0.155469	0.165192	0.171144	0.156021	0.157331	0.170945	0.155016	
815	0.150622	0.155635	0.163270	0.155072	0.169267	0.169113	0.158589	0.160720	0.167549	0.156091	
820	0.147150	0.155220	0.164332	0.154939	0.169760	0.170208	0.155272	0.158169	0.165780	0.155904	
825	0.146578	0.152739	0.164439	0.157281	0.170630	0.167952	0.152694	0.155288	0.163456	0.156665	
830	0.148140	0.149904	0.161744	0.155437	0.170848	0.170589	0.150919	0.153631	0.163196	0.155863	
835	0.151034	0.151903	0.159933	0.159579	0.166159	0.170608	0.151504	0.152091	0.162371	0.157248	
840	0.153087	0.154553	0.160282	0.159041	0.164895	0.171854	0.150292	0.150788	0.163245	0.155806	
845	0.155025	0.155716	0.159406	0.159324	0.164587	0.170871	0.150886	0.150851	0.163227	0.155423	
850	0.153553	0.153836	0.155491	0.159295	0.164812	0.172288	0.156076	0.150494	0.160151	0.159787	
855	0.151372	0.152656	0.158743	0.161872	0.163071	0.173671	0.153089	0.150662	0.161331	0.162647	
860	0.148356	0.152625	0.159063	0.162642	0.164979	0.172702	0.154807	0.152445	0.160006	0.161834	
865	0.150058	0.149822	0.159705	0.163694	0.165733	0.172996	0.152474	0.151256	0.162150	0.163665	
870	0.151006	0.150260	0.161210	0.165882	0.164972	0.175947	0.150855	0.150813	0.161601	0.166364	
875	0.153574	0.149837	0.156271	0.166901	0.159623	0.178501	0.149523	0.152639	0.159976	0.163774	
880	0.155856	0.150059	0.156631	0.167815	0.161709	0.180800	0.151187	0.152070	0.160011	0.164446	
885	0.154898	0.150590	0.158827	0.168491	0.163718	0.176920	0.148518	0.154415	0.160648	0.164683	
890	0.153643	0.149309	0.163888	0.166747	0.165379	0.176316	0.145329	0.156187	0.157113	0.164242	
895	0.151491	0.151144	0.163060	0.167400	0.165784	0.179448	0.148399	0.156199	0.159154	0.166450	
900	0.155859	0.149596	0.160186	0.166563	0.168597	0.180379	0.148172	0.158463	0.159750	0.163928	
905	0.157119	0.149515	0.164566	0.163683	0.169435	0.178761	0.147584	0.160991	0.160924	0.166870	
910	0.157753	0.148400	0.165348	0.161883	0.171142	0.181431	0.146984	0.159847	0.158443	0.165020	
915	0.158746	0.147884	0.166962	0.160304	0.170506	0.178491	0.147768	0.160257	0.159495	0.167946	
920	0.160714	0.148582	0.169054	0.160515	0.171077	0.177065	0.151207	0.165373	0.159798	0.168151	
925	0.161083	0.148462	0.168028	0.160687	0.171773	0.175633	0.152227	0.166360	0.159223	0.165411	
930	0.158939	0.148503	0.169549	0.159484	0.170000	0.173908	0.149364	0.164849	0.159971	0.166088	
935	0.160829	0.146313	0.169596	0.163162	0.168467	0.174285	0.148571	0.164402	0.158882	0.162395	
940	0.167423	0.146208	0.172819	0.163330	0.166495	0.173521	0.147328	0.165798	0.157745	0.164684	
945	0.166746	0.142139	0.173429	0.164234	0.165418	0.174529	0.145837	0.165553	0.157844	0.164222	
950	0.165966	0.141263	0.175029	0.165583	0.163131	0.176027	0.143395	0.159580	0.156814	0.166281	
955	0.165065	0.142356	0.172420	0.167901	0.160103	0.174214	0.142781	0.158086	0.156945	0.171071	
960	0.164808	0.141536	0.170801	0.170735	0.160535	0.175545	0.143412	0.157411	0.158713	0.172258	
965	0.157739	0.140126	0.170435	0.169051	0.160819	0.178850	0.143450	0.159147	0.159028	0.176389	
970	0.158372	0.143643	0.171035	0.172734	0.161834	0.178804	0.147313	0.155908	0.160852	0.175343	
975	0.157104	0.146629	0.172958	0.170171	0.160738	0.174895	0.145817	0.155501	0.160135	0.173053	
980	0.155102	0.147179	0.170550	0.169291	0.162060	0.173780	0.144678	0.155054	0.161842	0.172109	
985	0.158036	0.146564	0.172780	0.164045	0.165512	0.173616	0.140886	0.154836	0.160253	0.169766	
990	0.154781	0.147485	0.170594	0.165137	0.166305	0.175377	0.142042	0.156188	0.161438	0.168894	
995	0.151666	0.147980	0.171361	0.165274	0.164769	0.178318	0.140894	0.160213	0.158526	0.167004	
1000	0.148996	0.148199	0.172761	0.164149	0.163564	0.177606	0.141701	0.161627	0.163149	0.162337	
1005	0.150759	0.148096	0.173219	0.164166	0.165253	0.173574	0.142412	0.161800	0.165416	0.159843	
1010	0.152540	0.150003	0.173410	0.163255	0.162995	0.175369	0.145788	0.159233	0.164502	0.161086	
1015	0.150470	0.152148	0.171045	0.163055	0.162156	0.175033	0.146540	0.159515	0.162813	0.158285	
1020	0.152811	0.150926	0.172971	0.158008	0.158700	0.173781	0.148537	0.160308	0.165022	0.160680	
1025	0.155603	0.148494	0.175789	0.155216	0.160487	0.172617	0.148034	0.160245	0.160197	0.159674	
1030	0.156890	0.147947	0.178443	0.156294	0.161432	0.172492	0.148891	0.160878	0.161635	0.158772	
1035	0.158016	0.152281	0.173767	0.157216	0.163715	0.169353	0.148518	0.158059	0.160612	0.159365	
1040	0.154297	0.152095	0.173343	0.157022	0.161100	0.169107	0.150217	0.157395	0.164774	0.163335	
1045	0.152652	0.152197	0.173039	0.158884	0.163605	0.173033	0.150636	0.155556	0.171497	0.162192	
1050	0.154592	0.154447	0.171225	0.157316	0.162429	0.171302	0.151080	0.155215	0.168442	0.162976	
1055	0.155227	0.156114	0.170936	0.158080	0.159728	0.172229	0.148703	0.156578	0.168456	0.160126	
1060	0.156083	0.160338	0.171340	0.157479	0.157696	0.173716	0.150613	0.158261	0.170140	0.160347	
1065	0.155477	0.161128	0.168509	0.160503	0.160527	0.173139	0.149618	0.159264	0.167141	0.162569	
1070	0.152817	0.162171	0.169195	0.164759	0.159303	0.174859	0.148011	0.161240	0.171883	0.159318	
1075	0.154248	0.163052	0.170171	0.161632	0.158583	0.171427	0.147849	0.159684	0.170139	0.158746	
1080	0.156250	0.162676	0.167154	0.158358	0.157695	0.171153	0.146663	0.160094	0.170865	0.162079	
1085	0.157469	0.164400	0.166047	0.160241	0.156677	0.169549	0.147404	0.162323	0.171031	0.164975	
1090	0.155077	0.163859	0.166714	0.160060	0.154185	0.170059	0.148993	0.161844	0.169925	0.161501	
1095	0.155637	0.163826	0.165668	0.159366	0.154085	0.168629	0.148270	0.158070	0.167826	0.158285	
1100	0.154272	0.162856	0.166291	0.160924	0.155843	0.169066	0.150663	0.158909	0.163501	0.159805	
1105	0.157196	0.166002	0.162766	0.160390	0.157554	0.165518	0.148993	0.158936	0.165670	0.158290	
1110	0.155440	0.166437	0.164754	0.157971	0.155926	0.162889	0.148981	0.157368	0.164872	0.158556	
1115	0.156711	0.164339	0.165434	0.159081	0.158275	0.166207	0.150105	0.156760	0.167933	0.161081	
1120	0.156741	0.166632	0.170241	0.158036	0.156409	0.165474	0.150050	0.157624	0.165626	0.159418	
1125	0.157225	0.167975	0.169290	0.158882	0.157695	0.166508	0.151765	0.160670	0.166863	0.158432	
1130	0.153040	0.167652	0.171437	0.160667	0.156227	0.162921	0.150878	0.158901	0.167119	0.159946	
1135	0.153328	0.167280	0.168245	0.161411	0.155640	0.162651	0.150017	0.156246	0.165129	0.158462	
1140	0.156313	0.171591	0.170435	0.158408	0.159351	0.166075	0.151953	0.154029	0.164375	0.161131	
1145	0.156260	0.171888	0.173862	0.154262	0.160435	0.167101	0.153791	0.155589	0.164291	0.161954	
1150	0.160328	0.172213	0.169700	0.154085	0.164163	0.166410	0.153706	0.159325	0.164825	0.163147	
1155	0.158560	0.170359	0.168378	0.153376	0.166056	0.165545	0.154574	0.161076	0.165655	0.161859	
1160	0.158981	0.170805	0.170121	0.151396	0.165886	0.164237	0.155154	0.160264	0.165172	0.160873	
1165	0.160030	0.174211	0.170115	0.155140	0.166437	0.163830	0.151601	0.160760	0.166053	0.161563	
1170	0.162823	0.173151	0.171288	0.154989	0.164818	0.164972	0.150694	0.159754	0.167574	0.163667	
1175	0.164995	0.171518	0.172125	0.157888	0.169133	0.165938	0.151529	0.160218	0.167245	0.165421	
1180	0.165553	0.169064	0.172438	0.160005	0.169467	0.165792	0.150918	0.155532	0.169745	0.164091	
1185	0.165953	0.170310	0.173654	0.159947	0.168094	0.166777	0.151179	0.156145	0.167529	0.162025	
1190	0.160942	0.167049	0.173770	0.157736	0.166303	0.163028	0.151060	0.158511	0.165083	0.164187	
1195	0.167318	0.168015	0.176052	0.159420	0.166284	0.161807	0.148680	0.160448	0.164499	0.164475	
1200	0.167005	0.165527	0.173038	0.159899	0.165681	0.161594	0.151166	0.161369	0.164025	0.163520	
1205	0.171053	0.164483	0.177017	0.157080	0.163204	0.162543	0.153895	0.159479	0.164935	0.161640	
1210	0.175148	0.162770	0.176523	0.153988	0.162505	0.167494	0.152537	0.159528	0.167794	0.163089	
1215	0.171531	0.164447	0.172706	0.152281	0.160117	0.169761	0.154515	0.159256	0.165077	0.162940	
1220	0.169636	0.165208	0.173915	0.154716	0.157913	0.170001	0.155462	0.158664	0.165338	0.165063	
1225	0.169552	0.167601	0.175222	0.153748	0.154741	0.172913	0.153050	0.157494	0.161969	0.168245	
1230	0.169852	0.169434	0.175126	0.155417	0.159665	0.169440	0.153435	0.160247	0.164021	0.166497	
1235	0.173054	0.168185	0.180420	0.154381	0.159571	0.170011	0.157989	0.161496	0.166818	0.165415	
1240	0.172486	0.170511	0.179938	0.156380	0.157325	0.166989	0.160593	0.158859	0.164592	0.164401	
1245	0.175904	0.171705	0.178120	0.156138	0.156458	0.166081	0.160377	0.159217	0.165374	0.165054	
1250	0.175345	0.173859	0.178002	0.155134	0.159383	0.166529	0.163576	0.162935	0.162289	0.166757	
1255	0.173783	0.176687	0.174302	0.153018	0.156031	0.166914	0.163091	0.163408	0.162677	0.169362	
1260	0.170534	0.173724	0.174047	0.153808	0.154202	0.168213	0.164289	0.160623	0.161711	0.169548	
1265	0.168649	0.172891	0.172697	0.154600	0.151803	0.167118	0.165042	0.161144	0.161421	0.169346	
1270	0.166506	0.172537	0.172373	0.157982	0.153827	0.164879	0.165837	0.159923	0.159839	0.168998	
1275	0.166133	0.172649	0.171194	0.156380	0.155209	0.163570	0.164904	0.159418	0.158243	0.168695	
1280	0.163584	0.170416	0.169590	0.152196	0.155395	0.165515	0.161734	0.156325	0.158845	0.171515	
1285	0.167178	0.166315	0.168154	0.153981	0.154632	0.167692	0.165546	0.154968	0.157849	0.172344	
1290	0.164107	0.166137	0.170126	0.150820	0.155610	0.168729	0.166647	0.155750	0.157479	0.169634	
1295	0.167285	0.164266	0.170869	0.147201	0.154677	0.168256	0.168788	0.157128	0.157538	0.171900	
1300	0.166104	0.165395	0.169893	0.149930	0.154633	0.165885	0.167510	0.155954	0.157109	0.170529	
1305	0.164052	0.161291	0.166822	0.151124	0.154074	0.169252	0.167030	0.155390	0.154540	0.170730	
1310	0.162682	0.161653	0.164873	0.149394	0.155429	0.165363	0.169782	0.156737	0.159243	0.172902	
1315	0.162008	0.162275	0.162604	0.148734	0.154924	0.165330	0.167347	0.155505	0.160709	0.176225	
1320	0.161046	0.163312	0.164522	0.148844	0.156583	0.162616	0.167980	0.155768	0.160468	0.173797	
1325	0.158148	0.163774	0.163791	0.153033	0.156936	0.162073	0.169446	0.158170	0.161994	0.174143	
1330	0.161433	0.163305	0.164280	0.153360	0.157028	0.165269	0.169259	0.160202	0.166773	0.174686	
1335	0.161847	0.160550	0.162585	0.154024	0.155507	0.167249	0.166769	0.159716	0.166190	0.172248	
1340	0.163102	0.163463	0.160624	0.157863	0.154030	0.163615	0.163767	0.161374	0.166771	0.175436	
1345	0.162290	0.163147	0.162317	0.156849	0.156058	0.164105	0.162912	0.158901	0.167469	0.172275	
1350	0.165024	0.160347	0.160731	0.158255	0.156959	0.159963	0.157861	0.157969	0.169785	0.168370	
1355	0.164347	0.162143	0.160028	0.157092	0.162227	0.157173	0.157046	0.155911	0.169804	0.165701	
1360	0.162506	0.162295	0.158498	0.157816	0.165589	0.158691	0.155759	0.157065	0.171002	0.164731	
1365	0.163403	0.160936	0.159757	0.157624	0.165686	0.161561	0.157763	0.158625	0.175341	0.161940	
1370	0.162073	0.159884	0.159284	0.158459	0.168585	0.158282	0.158509	0.160423	0.174277	0.160942	
1375	0.162644	0.160458	0.159207	0.157841	0.167665	0.161270	0.162900	0.159339	0.172397	0.159793	
1380	0.161986	0.163296	0.158813	0.161016	0.165600	0.161769	0.162833	0.159928	0.171652	0.159444	
1385	0.160885	0.162976	0.157367	0.163622	0.165003	0.159895	0.164965	0.157693	0.174936	0.160898	
1390	0.163626	0.161449	0.158622	0.164672	0.167470	0.153870	0.166885	0.159747	0.171858	0.163538	
1395	0.161428	0.159187	0.161312	0.164137	0.168227	0.155516	0.161740	0.160617	0.175566	0.159001	
1400	0.161132	0.156365	0.164023	0.163706	0.166605	0.154053	0.162271	0.160515	0.173182	0.158236	
1405	0.160845	0.154536	0.162543	0.165145	0.167252	0.150691	0.161407	0.160981	0.176824	0.161202	
1410	0.157725	0.154170	0.162292	0.166144	0.162938	0.149998	0.163144	0.162268	0.171509	0.160922	
1415	0.159201	0.154282	0.163352	0.164272	0.160703	0.154155	0.163572	0.161318	0.169647	0.161642	
1420	0.162293	0.158084	0.165843	0.164481	0.167191	0.159255	0.168924	0.162752	0.171829	0.160749	
1425	0.165914	0.161599	0.163819	0.164894	0.166334	0.161133	0.166856	0.161317	0.169411	0.162487	
1430	0.160509	0.163489	0.159628	0.162889	0.163100	0.161031	0.164849	0.162349	0.168475	0.162505	
1435	0.156805	0.165139	0.157590	0.161215	0.161320	0.161262	0.164872	0.162856	0.169805	0.162155	
1440	0.156432	0.160314	0.157736	0.163211	0.158187	0.160850	0.163687	0.161955	0.171287	0.163543	
1445	0.155074	0.161467	0.160210	0.165533	0.159150	0.158590	0.162920	0.162133	0.169094	0.164346	
1450	0.158204	0.159123	0.161367	0.168942	0.159846	0.157219	0.163014	0.161234	0.167417	0.164266	
1455	0.159114	0.160706	0.157547	0.166249	0.158441	0.156927	0.160439	0.163638	0.167235	0.162432	
1460	0.153645	0.158676	0.157625	0.168024	0.158398	0.158929	0.160203	0.164214	0.168179	0.161691	
1465	0.151925	0.156156	0.159520	0.167155	0.160835	0.159247	0.162077	0.165380	0.170339	0.158310	
1470	0.151336	0.153296	0.161910	0.167202	0.164998	0.155937	0.162435	0.165645	0.171635	0.157273	
1475	0.153459	0.151934	0.163281	0.166991	0.165871	0.153480	0.159759	0.166137	0.172781	0.159701	
1480	0.154216	0.157381	0.161196	0.164350	0.166912	0.153537	0.161322	0.173003	0.175111	0.159555	
1485	0.153379	0.161714	0.160378	0.162791	0.166734	0.155902	0.160883	0.176903	0.175187	0.162074	
1490	0.153544	0.160402	0.160558	0.161091	0.168699	0.156129	0.164702	0.174095	0.176025	0.160889	
1495	0.151548	0.159413	0.162236	0.161218	0.168042	0.154767	0.163730	0.173594	0.173497	0.158775	
1500	0.151962	0.159144	0.163402	0.160711	0.168105	0.154459	0.164461	0.174683	0.175517	0.157777	
1505	0.153707	0.160495	0.161713	0.158849	0.165406	0.153145	0.164383	0.176636	0.178990	0.159587	
1510	0.151233	0.160718	0.161615	0.159704	0.164101	0.150442	0.165704	0.173558	0.178125	0.159890	
1515	0.151502	0.157291	0.166650	0.159602	0.159453	0.150874	0.169449	0.174778	0.178751	0.160123	
1520	0.149227	0.153083	0.169182	0.156314	0.162896	0.150161	0.168276	0.174611	0.177934	0.157158	
1525	0.145007	0.154057	0.164355	0.156707	0.164360	0.149896	0.171958	0.175989	0.175985	0.160901	
1530	0.147501	0.153321	0.163897	0.156164	0.164366	0.148086	0.172310	0.173433	0.173680	0.161882	
1535	0.149009	0.153195	0.162581	0.160247	0.166528	0.151130	0.173554	0.171106	0.172170	0.165713	
1540	0.150600	0.151126	0.160723	0.160179	0.167918	0.149006	0.173419	0.175136	0.172364	0.165901	
1545	0.152032	0.150081	0.156077	0.157931	0.167934	0.151887	0.172416	0.173826	0.167678	0.167601	
1550	0.151206	0.149848	0.157898	0.160036	0.163546	0.155113	0.169873	0.175492	0.166526	0.168884	
1555	0.155008	0.150972	0.157575	0.160504	0.165565	0.154686	0.171040	0.175849	0.170480	0.172891	
1560	0.151040	0.152088	0.158327	0.164455	0.169971	0.156873	0.170787	0.178642	0.172162	0.172268	
1565	0.156295	0.151308	0.156715	0.162148	0.167264	0.158590	0.172880	0.180118	0.168331	0.174303	
1570	0.161217	0.153172	0.156001	0.163156	0.164393	0.159548	0.172213	0.180476	0.171459	0.174642	
1575	0.158447	0.151761	0.156313	0.165667	0.163952	0.160197	0.173411	0.180683	0.173590	0.172355	
1580	0.158564	0.153623	0.159105	0.164969	0.166083	0.157701	0.173612	0.184919	0.174765	0.168260	
1585	0.159535	0.150633	0.155853	0.165233	0.163670	0.155276	0.168247	0.185698	0.173623	0.169628	
1590	0.158143	0.148761	0.157002	0.167384	0.161899	0.154427	0.166977	0.188945	0.173756	0.168675	
1595	0.158709	0.148310	0.157124	0.168642	0.160842	0.153143	0.166435	0.190202	0.171092	0.166517	
1600	0.161724	0.146446	0.158803	0.167597	0.162995	0.154196	0.167643	0.191860	0.170325	0.166753	
1605	0.158306	0.148638	0.153694	0.166939	0.162658	0.154502	0.164940	0.192759	0.170728	0.169191	
1610	0.158221	0.150986	0.153782	0.167674	0.157207	0.152384	0.162431	0.188766	0.171016	0.168318	
1615	0.162631	0.151091	0.155208	0.167332	0.162014	0.151249	0.164360	0.190200	0.169950	0.165299	
1620	0.160433	0.152818	0.153094	0.164831	0.160473	0.148964	0.162333	0.188202	0.169082	0.162612	
1625	0.159660	0.155302	0.155875	0.164407	0.161631	0.148133	0.163060	0.185224	0.169755	0.163521	
1630	0.159303	0.157964	0.155445	0.161227	0.160745	0.147814	0.162114	0.193193	0.169379	0.162239	
1635	0.159228	0.158520	0.155048	0.161939	0.161941	0.147912	0.164590	0.191303	0.168260	0.161946	
1640	0.154695	0.161782	0.152112	0.162897	0.163217	0.150483	0.167640	0.188950	0.168314	0.162909	
1645	0.153779	0.161723	0.151774	0.166274	0.163643	0.151611	0.165639	0.189841	0.166240	0.161478	
1650	0.150610	0.162547	0.154208	0.165824	0.165854	0.151798	0.165292	0.186686	0.165844	0.158528	
1655	0.146524	0.161136	0.151648	0.163960	0.164097	0.150153	0.163647	0.188732	0.165992	0.157172	
1660	0.147043	0.160234	0.154905	0.160425	0.162468	0.151910	0.163715	0.185330	0.164166	0.158570	
1665	0.148020	0.163514	0.152646	0.156557	0.160502	0.152283	0.162796	0.185865	0.164579	0.161431	
1670	0.149635	0.164308	0.151411	0.155221	0.160694	0.150513	0.164796	0.181605	0.163202	0.162674	
1675	0.151298	0.163284	0.149049	0.152413	0.162575	0.149952	0.166818	0.177817	0.164575	0.162757	
1680	0.151295	0.161459	0.150140	0.155468	0.162111	0.150376	0.165763	0.179617	0.166272	0.161521	
1685	0.150156	0.159777	0.153862	0.152847	0.166035	0.152443	0.164774	0.176256	0.168491	0.161050	
1690	0.151127	0.161341	0.154019	0.156405	0.164806	0.151742	0.163384	0.175231	0.168710	0.158013	
1695	0.152680	0.163430	0.156361	0.158739	0.163089	0.155054	0.164307	0.173838	0.166347	0.159255	
1700	0.156404	0.160263	0.157620	0.161038	0.159637	0.155308	0.163676	0.170053	0.168559	0.161744	
1705	0.153876	0.159605	0.155539	0.157214	0.160963	0.153469	0.164422	0.169171	0.170110	0.159078	
1710	0.154235	0.161954	0.156195	0.156687	0.160416	0.152914	0.166500	0.165414	0.171167	0.157588	
1715	0.153337	0.162420	0.155659	0.156728	0.160851	0.152946	0.162915	0.164033	0.172272	0.156365	
1720	0.155999	0.159996	0.156116	0.160118	0.158991	0.154057	0.162768	0.160453	0.170125	0.156286	
1725	0.154889	0.157944	0.156248	0.159930	0.165854	0.158196	0.162024	0.161307	0.172202	0.155413	
1730	0.156742	0.155707	0.157573	0.161064	0.165888	0.162477	0.160049	0.166012	0.170768	0.153384	
1735	0.156404	0.155888	0.152473	0.164229	0.165934	0.165520	0.161369	0.168883	0.167971	0.154971	
1740	0.155324	0.155281	0.149562	0.160204	0.164533	0.165834	0.158402	0.169092	0.166403	0.154260	
1745	0.156004	0.156261	0.151213	0.159277	0.164592	0.162344	0.157176	0.167290	0.164493	0.155024	
1750	0.158114	0.156001	0.150409	0.158973	0.166047	0.161545	0.157781	0.165868	0.165232	0.152249	
1755	0.157608	0.154802	0.150378	0.156622	0.166892	0.164327	0.162492	0.163257	0.163637	0.152532	
1760	0.158781	0.157022	0.146583	0.156704	0.167274	0.164168	0.164663	0.160872	0.160459	0.154156	
1765	0.159041	0.157382	0.148756	0.158583	0.165685	0.164269	0.163928	0.158280	0.161591	0.151068	
1770	0.160060	0.154859	0.150918	0.160033	0.164200	0.163514	0.163084	0.158629	0.163343	0.151755	
1775	0.158971	0.155150	0.151517	0.160329	0.165200	0.163166	0.160831	0.160287	0.164122	0.150456	
1780	0.160538	0.154109	0.149951	0.159932	0.162708	0.161279	0.160624	0.164194	0.162104	0.149049	
1785	0.159495	0.156392	0.149673	0.163247	0.162507	0.159538	0.162960	0.162567	0.163033	0.149637	
1790	0.156664	0.154037	0.149479	0.162463	0.164549	0.158162	0.162751	0.163248	0.159511	0.148193	
1795	0.155679	0.155960	0.150856	0.159830	0.160467	0.157902	0.166153	0.162484	0.155890	0.150486	
1800	0.155357	0.155082	0.151200	0.161319	0.162374	0.157306	0.164515	0.161788	0.156383	0.148545	
1805	0.157623	0.154470	0.151077	0.163644	0.163364	0.157839	0.166302	0.158349	0.157813	0.150094	
1810	0.157304	0.154629	0.154941	0.164229	0.163357	0.159329	0.165413	0.158916	0.158085	0.150098	
1815	0.156893	0.153933	0.157485	0.161232	0.166463	0.158619	0.165489	0.162255	0.152707	0.149169	
1820	0.156531	0.152755	0.159302	0.161143	0.166068	0.159314	0.161803	0.157239	0.156372	0.150214	
1825	0.155146	0.153307	0.157628	0.161196	0.164073	0.153746	0.161630	0.157596	0.159179	0.149685	
1830	0.155175	0.153462	0.152215	0.163654	0.161802	0.155078	0.158706	0.155353	0.160959	0.154555	
1835	0.154025	0.152706	0.150972	0.162720	0.166350	0.151465	0.158078	0.155601	0.160945	0.154628	
1840	0.155860	0.151845	0.149972	0.164329	0.163457	0.153691	0.156911	0.152458	0.162686	0.151010	
1845	0.154682	0.151691	0.154883	0.164324	0.161700	0.155414	0.157417	0.151767	0.162008	0.150977	
1850	0.156392	0.150080	0.155495	0.164613	0.164796	0.153639	0.157455	0.153646	0.161293	0.151251	
1855	0.156417	0.150733	0.156501	0.160760	0.165143	0.150543	0.152244	0.152380	0.158066	0.149853	
1860	0.159162	0.150573	0.156318	0.158251	0.163050	0.151513	0.154304	0.152780	0.157920	0.148776	
1865	0.157884	0.152056	0.155312	0.154925	0.164381	0.151628	0.155481	0.154798	0.157750	0.148761	
1870	0.154375	0.151452	0.151201	0.155067	0.161398	0.152214	0.156035	0.153064	0.155298	0.149338	
1875	0.159892	0.151538	0.148890	0.159612	0.159920	0.150605	0.155493	0.149367	0.155642	0.151345	
1880	0.162388	0.150671	0.149490	0.161559	0.158710	0.154649	0.155337	0.150543	0.157627	0.153278	
1885	0.161169	0.151463	0.150939	0.162528	0.159631	0.151755	0.156498	0.150606	0.157632	0.153043	
1890	0.162823	0.152731	0.156551	0.165004	0.160278	0.151406	0.156674	0.146524	0.158182	0.155605	
1895	0.163160	0.148992	0.155754	0.165056	0.162304	0.150855	0.157522	0.149045	0.161225	0.154248	
1900	0.160561	0.149869	0.157073	0.163162	0.160986	0.147754	0.158778	0.146859	0.165143	0.156598	
1905	0.160070	0.148559	0.156357	0.164269	0.161024	0.145970	0.158720	0.148710	0.164960	0.155492	
1910	0.159856	0.149656	0.155070	0.165542	0.163442	0.146825	0.159567	0.153763	0.165713	0.152313	
1915	0.163556	0.150580	0.157308	0.165017	0.162280	0.149011	0.158381	0.152203	0.164314	0.153172	
1920	0.165386	0.149946	0.159081	0.165845	0.161780	0.149177	0.159723	0.156084	0.164105	0.153902	
1925	0.163395	0.151524	0.160094	0.165237	0.161731	0.149707	0.158108	0.159843	0.167474	0.155563	
1930	0.164197	0.158705	0.161261	0.167400	0.163905	0.147160	0.158133	0.158559	0.168263	0.155200	
1935	0.166148	0.158205	0.159537	0.169055	0.161333	0.145777	0.158287	0.159809	0.170079	0.154667	
1940	0.164715	0.157573	0.162013	0.168339	0.162877	0.144348	0.157830	0.158253	0.166284	0.151708	
1945	0.164708	0.158406	0.158711	0.167614	0.162636	0.144220	0.157960	0.158391	0.167736	0.152342	
1950	0.163580	0.154195	0.156890	0.164233	0.165157	0.145594	0.157814	0.156927	0.167548	0.151644	
1955	0.166502	0.153010	0.159421	0.162156	0.164928	0.146935	0.154995	0.155443	0.167257	0.154284	
1960	0.165493	0.153185	0.161583	0.162955	0.162947	0.144912	0.155444	0.149646	0.167518	0.154091	
1965	0.165284	0.152912	0.161244	0.160611	0.161824	0.143057	0.154258	0.148047	0.168968	0.156588	
1970	0.161381	0.155488	0.161269	0.163253	0.162209	0.140683	0.156839	0.146064	0.171504	0.157172	
1975	0.160527	0.155517	0.160018	0.161660	0.161020	0.140636	0.160283	0.143660	0.172352	0.157272	
1980	0.157209	0.156245	0.162231	0.161925	0.157528	0.139701	0.157349	0.144577	0.171567	0.157114	
1985	0.155228	0.154270	0.165005	0.162198	0.160043	0.140414	0.155605	0.142363	0.170353	0.156168	
1990	0.158352	0.149457	0.165519	0.162527	0.160848	0.140307	0.153245	0.144951	0.167523	0.152543	
1995	0.156252	0.152512	0.167248	0.161942	0.163304	0.142312	0.153469	0.143660	0.168349	0.157561	
2000	0.155478	0.155063	0.167780	0.162746	0.165167	0.144097	0.154044	0.146519	0.169410	0.158400	
2005	0.155754	0.158180	0.163539	0.157321	0.163070	0.145035	0.155446	0.148271	0.166602	0.159826	
2010	0.155192	0.161155	0.162890	0.158217	0.165165	0.146000	0.157623	0.147979	0.165875	0.158660	
2015	0.156171	0.161385	0.162453	0.157331	0.166770	0.143924	0.157781	0.149745	0.165566	0.158635	
2020	0.156024	0.160457	0.164818	0.158700	0.166423	0.144795	0.156361	0.150552	0.168190	0.156103	
2025	0.154233	0.161066	0.164185	0.159329	0.162426	0.143632	0.152144	0.151219	0.169999	0.156204	
2030	0.154741	0.164603	0.163459	0.160501	0.161273	0.144744	0.154835	0.151560	0.172716	0.157244	
2035	0.153459	0.167104	0.166427	0.160103	0.160811	0.143144	0.154475	0.152725	0.171308	0.156470	
2040	0.152989	0.167313	0.161395	0.159980	0.159397	0.148936	0.153262	0.156813	0.168163	0.156152	
2045	0.153833	0.168905	0.162776	0.159973	0.160734	0.149314	0.155126	0.156291	0.169732	0.156729	
2050	0.150339	0.169569	0.162656	0.160601	0.155012	0.149741	0.156442	0.156629	0.170114	0.152144	
2055	0.148182	0.166674	0.164374	0.162449	0.155502	0.149326	0.157501	0.156571	0.167688	0.153350	
2060	0.149711	0.166812	0.163295	0.162465	0.157381	0.150598	0.159335	0.157811	0.164607	0.149255	
2065	0.151530	0.162262	0.163919	0.160924	0.158505	0.153663	0.159350	0.160374	0.165711	0.149819	
2070	0.149748	0.161857	0.161742	0.159509	0.161430	0.156878	0.161272	0.161701	0.165283	0.154764	
2075	0.150791	0.163560	0.157900	0.159372	0.163414	0.159293	0.161111	0.159921	0.161582	0.155940	
2080	0.150156	0.164576	0.161899	0.160023	0.158613	0.159529	0.163632	0.162242	0.164009	0.157259	
2085	0.148856	0.164480	0.162302	0.162464	0.154351	0.160306	0.164090	0.163096	0.164254	0.158512	
2090	0.150358	0.165232	0.165380	0.161024	0.155513	0.164146	0.167380	0.162752	0.164979	0.154438	
2095	0.149186	0.160280	0.164857	0.164123	0.156760	0.162400	0.167848	0.160104	0.163065	0.154889	
2100	0.148972	0.162161	0.166482	0.161225	0.157092	0.162115	0.168863	0.159509	0.160136	0.152686	
2105	0.148497	0.158777	0.165831	0.165236	0.158082	0.158235	0.166302	0.158739	0.163445	0.149473	
2110	0.150834	0.155634	0.166667	0.163149	0.160732	0.156736	0.163149	0.158224	0.161966	0.150275	
2115	0.151316	0.155615	0.166118	0.164684	0.163206	0.157692	0.165477	0.157979	0.162714	0.150816	
2120	0.149467	0.155013	0.165154	0.163875	0.161725	0.157114	0.166868	0.156130	0.164129	0.149956	
2125	0.148909	0.157249	0.165770	0.164855	0.156665	0.160645	0.168376	0.154277	0.163943	0.153010	
2130	0.146364	0.158625	0.165934	0.166390	0.154667	0.164269	0.168358	0.155239	0.162674	0.151837	
2135	0.146651	0.158006	0.168178	0.166836	0.155623	0.164330	0.168891	0.153266	0.164048	0.152668	
2140	0.144877	0.156534	0.167650	0.165920	0.154974	0.163052	0.169123	0.152128	0.165388	0.149174	
2145	0.146113	0.156144	0.169020	0.163409	0.154855	0.163899	0.172486	0.154519	0.164016	0.151455	
2150	0.146086	0.156659	0.165582	0.162254	0.153587	0.162804	0.173487	0.153681	0.163199	0.151345	
2155	0.145125	0.155556	0.163824	0.161893	0.153423	0.162614	0.172680	0.150722	0.158892	0.149762	
2160	0.144955	0.157651	0.162107	0.161091	0.153964	0.159923	0.172331	0.152343	0.160943	0.149652	
2165	0.143271	0.157088	0.163983	0.164001	0.153792	0.165515	0.171377	0.155304	0.159275	0.150792	
2170	0.140970	0.160585	0.162167	0.161461	0.156455	0.167715	0.172383	0.154439	0.157796	0.149443	
2175	0.145472	0.159637	0.164802	0.163254	0.157600	0.167331	0.172906	0.152618	0.159542	0.148239	
2180	0.144628	0.158766	0.165175	0.168839	0.158595	0.166896	0.174521	0.152716	0.159670	0.147823	
2185	0.145540	0.159008	0.164820	0.166056	0.163455	0.169452	0.174037	0.149944	0.159259	0.148455	
2190	0.147376	0.156062	0.162625	0.167161	0.165604	0.172060	0.170031	0.151197	0.159134	0.148644	
2195	0.145562	0.154076	0.161980	0.166611	0.167691	0.172624	0.168884	0.155101	0.159556	0.149287	
2200	0.144889	0.149538	0.165095	0.168607	0.164793	0.171180	0.172918	0.156508	0.160767	0.147591	
2205	0.146579	0.152219	0.164328	0.166560	0.163996	0.170710	0.171904	0.154216	0.157963	0.145301	
2210	0.145693	0.154259	0.165811	0.169841	0.164608	0.167800	0.170191	0.155347	0.153775	0.145555	
2215	0.143171	0.152768	0.164086	0.170151	0.161748	0.168558	0.171804	0.153110	0.153126	0.143505	
2220	0.143387	0.153540	0.162407	0.168352	0.161861	0.169084	0.168343	0.149787	0.154170	0.142334	
2225	0.146065	0.156301	0.162228	0.169099	0.160930	0.166359	0.165618	0.149958	0.155212	0.143404	
2230	0.148553	0.153753	0.165871	0.169073	0.160028	0.164944	0.165361	0.150427	0.158371	0.144594	
2235	0.148342	0.152352	0.167878	0.168545	0.162871	0.164413	0.167427	0.151022	0.156967	0.147433	
2240	0.151050	0.151606	0.167066	0.165808	0.163654	0.162282	0.168205	0.151856	0.156686	0.146063	
2245	0.148746	0.150031	0.169292	0.167363	0.165989	0.163112	0.166801	0.152429	0.159652	0.146598	
2250	0.149450	0.149690	0.168653	0.166903	0.168173	0.160023	0.166347	0.153132	0.160678	0.142043	
2255	0.150829	0.148790	0.170395	0.166832	0.163836	0.160344	0.166030	0.149689	0.159679	0.143855	
2260	0.150513	0.146540	0.169591	0.171296	0.161767	0.158988	0.164076	0.150410	0.161951	0.142354	
2265	0.152923	0.148156	0.168079	0.172639	0.161370	0.157531	0.162936	0.148218	0.162878	0.145890	
2270	0.153833	0.143954	0.167768	0.170502	0.162863	0.153602	0.162838	0.146882	0.163993	0.147577	
2275	0.155881	0.142931	0.166529	0.168229	0.162431	0.149641	0.160971	0.144417	0.162674	0.147703	
2280	0.157308	0.138661	0.168074	0.168568	0.162348	0.150167	0.160991	0.144962	0.165330	0.148089	
2285	0.154689	0.139538	0.166328	0.166451	0.166081	0.149033	0.159423	0.146360	0.168002	0.148861	
2290	0.155152	0.139713	0.162596	0.168227	0.166012	0.147955	0.163911	0.149839	0.165668	0.147781	
2295	0.154296	0.142526	0.164220	0.167597	0.163844	0.151317	0.164083	0.150127	0.163148	0.150902	
2300	0.155292	0.143954	0.164196	0.167479	0.166267	0.153274	0.161305	0.148300	0.163833	0.151231	
2305	0.151621	0.147238	0.162801	0.167005	0.168329	0.149279	0.160792	0.148852	0.163265	0.152964	
2310	0.152619	0.146722	0.164940	0.166641	0.168945	0.149568	0.159451	0.149606	0.163106	0.153598	
2315	0.154540	0.148807	0.167520	0.167356	0.170779	0.148293	0.160235	0.149371	0.164817	0.158916	
2320	0.152014	0.148783	0.166492	0.167544	0.173023	0.147791	0.157163	0.151631	0.161603	0.158855	
2325	0.153090	0.146533	0.164884	0.167184	0.174440	0.151994	0.158685	0.151144	0.161990	0.159674	
2330	0.154297	0.146749	0.160022	0.166544	0.172878	0.151001	0.157587	0.150577	0.165786	0.162889	
2335	0.158786	0.148473	0.159924	0.166224	0.167952	0.152827	0.158086	0.148169	0.163166	0.158092	
2340	0.160513	0.150205	0.158785	0.167457	0.165819	0.154300	0.157225	0.149996	0.161469	0.158821	
2345	0.158267	0.150343	0.160672	0.169533	0.169395	0.155828	0.157031	0.151430	0.160163	0.152698	
2350	0.155770	0.150175	0.162345	0.169922	0.172131	0.159587	0.155514	0.146539	0.164742	0.155394	
2355	0.154710	0.147775	0.162096	0.170906	0.170200	0.155714	0.155768	0.147157	0.161999	0.155612	
2360	0.156539	0.145062	0.161708	0.171486	0.170533	0.156574	0.155111	0.147880	0.163936	0.157400	
2365	0.156281	0.147148	0.161116	0.169007	0.169806	0.158008	0.155698	0.147861	0.162691	0.159259	
2370	0.154626	0.145588	0.157716	0.167996	0.174057	0.159191	0.153334	0.149821	0.163158	0.160054	
2375	0.154330	0.145858	0.156278	0.166661	0.173776	0.159881	0.152305	0.148828	0.164213	0.159466	
2380	0.155951	0.146548	0.158390	0.168095	0.174862	0.160915	0.152119	0.145429	0.160405	0.163035	
2385	0.154842	0.150883	0.158138	0.166129	0.176031	0.159057	0.152408	0.143898	0.163930	0.166530	
2390	0.158090	0.150819	0.158283	0.166828	0.178192	0.160058	0.149880	0.143425	0.163527	0.163152	
2395	0.156594	0.150796	0.160938	0.166709	0.178810	0.159982	0.151046	0.143116	0.161032	0.164994	
2400	0.154175	0.151527	0.161186	0.167016	0.177347	0.159595	0.150350	0.141498	0.159960	0.164233	
2405	0.153507	0.153997	0.161449	0.164565	0.179691	0.162421	0.150989	0.142815	0.160132	0.164851	
2410	0.149522	0.156637	0.161884	0.162432	0.176270	0.162720	0.152130	0.143931	0.159514	0.167149	
2415	0.147957	0.158251	0.163261	0.162105	0.177187	0.160196	0.151494	0.149799	0.156678	0.168999	
2420	0.146421	0.154916	0.160829	0.162306	0.176893	0.160249	0.150901	0.151998	0.155118	0.168188	
2425	0.143863	0.150618	0.156035	0.160503	0.172703	0.163130	0.150028	0.153230	0.154432	0.169433	
2430	0.143182	0.152354	0.154747	0.157839	0.170771	0.163975	0.148835	0.156611	0.157907	0.172507	
2435	0.145123	0.155632	0.156066	0.157942	0.170120	0.164212	0.153944	0.158072	0.158535	0.168511	
2440	0.143724	0.154263	0.157083	0.157763	0.170988	0.167179	0.151545	0.159638	0.159124	0.167918	
2445	0.144656	0.156456	0.159827	0.157543	0.170000	0.168686	0.155279	0.157098	0.156292	0.165335	
2450	0.142774	0.156867	0.161852	0.154749	0.174361	0.171748	0.157246	0.160001	0.158316	0.164402	
2455	0.141844	0.154982	0.161791	0.150753	0.174597	0.171758	0.160137	0.158250	0.155710	0.164660	
2460	0.141454	0.155144	0.162118	0.151442	0.174472	0.173306	0.155763	0.159139	0.159846	0.165562	
2465	0.143437	0.152167	0.165230	0.149493	0.171780	0.173192	0.156721	0.157156	0.160132	0.167776	
2470	0.146180	0.150331	0.163253	0.152105	0.169976	0.172700	0.156909	0.156869	0.164393	0.167177	
2475	0.145797	0.153065	0.165622	0.151708	0.170912	0.173271	0.156238	0.155250	0.168182	0.167597	
2480	0.144868	0.152258	0.165703	0.151088	0.170131	0.173106	0.162205	0.154602	0.168131	0.168556	
2485	0.146581	0.153545	0.165998	0.152571	0.167847	0.173835	0.167151	0.155271	0.170850	0.169894	
2490	0.146886	0.152748	0.167094	0.156381	0.167917	0.178507	0.164436	0.156683	0.172036	0.169156	
2495	0.147844	0.156896	0.166627	0.159417	0.169626	0.175281	0.165341	0.158438	0.170131	0.167631	
2500	0.147697	0.159047	0.166241	0.159481	0.169715	0.174328	0.166892	0.160285	0.170019	0.170702	
2505	0.148706	0.159685	0.166273	0.155651	0.167495	0.172771	0.169651	0.159998	0.169367	0.175586	
2510	0.147929	0.157658	0.165011	0.158179	0.167314	0.169928	0.166676	0.158454	0.172104	0.176678	
2515	0.149549	0.158554	0.166241	0.159492	0.167137	0.171139	0.165413	0.156279	0.169838	0.177216	
2520	0.149884	0.160896	0.165495	0.161668	0.167058	0.171057	0.162826	0.156076	0.168134	0.177213	
2525	0.150679	0.162389	0.164554	0.160111	0.167342	0.170278	0.163904	0.161438	0.171078	0.174488	
2530	0.150150	0.162935	0.160480	0.162959	0.167487	0.170554	0.163622	0.162480	0.168845	0.174100	
2535	0.146548	0.161477	0.163945	0.160868	0.163686	0.166760	0.163528	0.160816	0.168446	0.172208	
2540	0.148367	0.160043	0.164982	0.163415	0.160721	0.166965	0.167104	0.160467	0.169876	0.170874	
2545	0.145316	0.162192	0.165597	0.166067	0.162243	0.163653	0.169554	0.165170	0.170723	0.173418	
2550	0.143597	0.161038	0.164557	0.163432	0.161950	0.163974	0.168907	0.165993	0.170701	0.176328	
2555	0.143216	0.161945	0.162606	0.163098	0.162273	0.165634	0.169667	0.166854	0.169931	0.178073	
2560	0.141307	0.162321	0.162115	0.161688	0.162277	0.168410	0.168619	0.165218	0.168353	0.179959	
2565	0.142021	0.158890	0.161538	0.166167	0.161300	0.170925	0.169139	0.165107	0.163876	0.178075	
2570	0.142572	0.159998	0.161388	0.163743	0.159344	0.171132	0.167754	0.165058	0.166176	0.174547	
2575	0.145957	0.158157	0.164083	0.164161	0.156651	0.169428	0.165667	0.166895	0.165999	0.171903	
2580	0.145253	0.156737	0.164946	0.168501	0.156394	0.168871	0.164681	0.167218	0.165568	0.172150	
2585	0.145986	0.158158	0.162180	0.171171	0.155516	0.168318	0.162558	0.165524	0.168611	0.173086	
2590	0.144784	0.157395	0.161084	0.174298	0.154878	0.167341	0.164449	0.168925	0.167189	0.173343	
2595	0.146572	0.157199	0.161266	0.174891	0.157673	0.165396	0.164102	0.172538	0.167414	0.168392	
2600	0.149714	0.155097	0.160154	0.176418	0.157209	0.162761	0.165608	0.170689	0.168749	0.173556	
2605	0.152271	0.154994	0.161604	0.177523	0.159563	0.165014	0.167371	0.172664	0.169492	0.178074	
2610	0.149372	0.156278	0.164457	0.173006	0.159267	0.162865	0.165827	0.169719	0.167870	0.177082	
2615	0.151028	0.154366	0.165975	0.173824	0.158294	0.162414	0.166284	0.166965	0.167132	0.175556	
2620	0.149395	0.155623	0.167884	0.175596	0.157798	0.164014	0.165390	0.167266	0.169383	0.174583	
2625	0.147197	0.157545	0.171072	0.176915	0.155966	0.165367	0.163549	0.165891	0.170618	0.177874	
2630	0.149008	0.155591	0.171235	0.177252	0.154324	0.166072	0.165662	0.166147	0.166574	0.178272	
2635	0.150026	0.156846	0.172909	0.177634	0.155043	0.167126	0.167609	0.168443	0.167375	0.177830	
2640	0.148768	0.157035	0.172599	0.177317	0.157400	0.166566	0.164144	0.168971	0.172410	0.177630	
2645	0.150078	0.159398	0.170121	0.174675	0.158081	0.166454	0.165929	0.169882	0.174495	0.176502	
2650	0.151136	0.158463	0.168477	0.177393	0.160004	0.168423	0.166982	0.166057	0.174154	0.175528	
2655	0.149728	0.155812	0.166752	0.177462	0.157722	0.167281	0.164864	0.165115	0.171573	0.173130	
2660	0.152198	0.156132	0.167818	0.177799	0.159764	0.162812	0.164490	0.165525	0.173369	0.172054	
2665	0.152870	0.156971	0.172117	0.178919	0.162942	0.166415	0.163048	0.162759	0.172862	0.171947	
2670	0.154488	0.155836	0.171356	0.180239	0.162107	0.166184	0.158228	0.160855	0.171912	0.176073	
2675	0.157709	0.156034	0.169617	0.179611	0.162021	0.166995	0.156735	0.161619	0.173008	0.173798	
2680	0.160167	0.155553	0.167346	0.178066	0.159679	0.165627	0.154191	0.160172	0.172557	0.170537	
2685	0.159735	0.155913	0.166266	0.179863	0.160619	0.164625	0.151980	0.157659	0.170012	0.168977	
2690	0.161295	0.157299	0.165417	0.177188	0.161373	0.166869	0.152513	0.158615	0.168786	0.167459	
2695	0.161255	0.159221	0.162102	0.177466	0.160995	0.167482	0.151250	0.160398	0.164728	0.166396	
2700	0.158721	0.159338	0.162133	0.175811	0.161170	0.170095	0.152851	0.156881	0.163566	0.166320	
2705	0.156955	0.158548	0.161687	0.177943	0.162323	0.171196	0.151305	0.156185	0.162404	0.166426	
2710	0.160974	0.160921	0.163404	0.176777	0.162987	0.172995	0.149190	0.154636	0.162955	0.166645	
2715	0.158902	0.160568	0.163608	0.176074	0.159634	0.172774	0.149113	0.153444	0.164346	0.170671	
2720	0.156348	0.164079	0.161267	0.174640	0.158758	0.173290	0.149526	0.152370	0.163410	0.168548	
2725	0.155611	0.163701	0.158329	0.172892	0.160273	0.174457	0.148360	0.153349	0.165774	0.168821	
2730	0.153626	0.163149	0.158834	0.176503	0.161396	0.174026	0.150179	0.153972	0.167492	0.168816	
2735	0.153813	0.162615	0.160795	0.173904	0.160291	0.176801	0.151072	0.156396	0.163603	0.168892	
2740	0.156333	0.161881	0.160085	0.169435	0.160596	0.174207	0.154379	0.157045	0.164656	0.171117	
2745	0.158726	0.164479	0.160890	0.169656	0.158126	0.171313	0.154210	0.158054	0.163869	0.169816	
2750	0.156477	0.165265	0.160035	0.168746	0.158242	0.170515	0.155481	0.159938	0.165130	0.169365	
2755	0.157137	0.166313	0.159376	0.170874	0.162002	0.168379	0.158703	0.161472	0.163882	0.168905	
2760	0.155974	0.168764	0.159869	0.172277	0.162661	0.168213	0.157983	0.158118	0.162184	0.169139	
2765	0.155782	0.167948	0.160689	0.172163	0.161195	0.168046	0.155628	0.159435	0.161307	0.170233	
2770	0.152910	0.170009	0.162410	0.169068	0.160819	0.167150	0.159785	0.158619	0.161273	0.168658	
2775	0.150760	0.170435	0.161885	0.169202	0.158265	0.167458	0.159853	0.158638	0.159226	0.167675	
2780	0.152624	0.167473	0.161231	0.170293	0.158145	0.166727	0.157981	0.159121	0.158177	0.166941	
2785	0.151845	0.169279	0.163688	0.174657	0.158732	0.168125	0.161018	0.160701	0.159964	0.164937	
2790	0.154695	0.169694	0.164670	0.171334	0.156798	0.167188	0.160347	0.160125	0.158970	0.166384	
2795	0.155274	0.173054	0.164774	0.172050	0.155682	0.165402	0.162365	0.158981	0.158375	0.164275	
2800	0.154156	0.169886	0.165208	0.168910	0.151564	0.163755	0.161563	0.157095	0.160295	0.163232	
2805	0.153135	0.171537	0.164666	0.168219	0.152638	0.163106	0.163172	0.157164	0.159201	0.162760	
2810	0.151625	0.171481	0.165276	0.166545	0.152816	0.164939	0.165097	0.157451	0.160574	0.159020	
2815	0.149013	0.170263	0.168667	0.163667	0.157236	0.160729	0.167561	0.159605	0.162529	0.160127	
2820	0.148703	0.173335	0.167550	0.165717	0.158487	0.160935	0.167131	0.160240	0.162695	0.157400	
2825	0.149622	0.173730	0.167918	0.168963	0.160783	0.160025	0.166165	0.161947	0.163664	0.155951	
2830	0.151838	0.174282	0.169056	0.168737	0.160730	0.160138	0.164658	0.164151	0.164825	0.156759	
2835	0.151921	0.172428	0.172261	0.173583	0.157197	0.162840	0.165198	0.162454	0.166978	0.154030	
2840	0.153098	0.173748	0.170013	0.172402	0.153712	0.162145	0.163429	0.158409	0.169029	0.152881	
2845	0.150493	0.172887	0.168513	0.170770	0.155400	0.161988	0.162471	0.157449	0.168106	0.152339	
2850	0.150792	0.171014	0.168491	0.168565	0.154688	0.162745	0.160574	0.154139	0.166218	0.152968	
2855	0.150776	0.170541	0.169038	0.166308	0.157385	0.160143	0.158848	0.154527	0.165376	0.153633	
2860	0.148553	0.169097	0.168775	0.166047	0.156581	0.161953	0.158216	0.153977	0.164793	0.157646	
2865	0.148340	0.175947	0.172834	0.165282	0.155404	0.161495	0.157571	0.152403	0.162295	0.160839	
2870	0.148182	0.171299	0.169068	0.165509	0.155917	0.159913	0.155945	0.152186	0.165063	0.162749	
2875	0.149418	0.174671	0.169470	0.165077	0.158435	0.158441	0.156017	0.152723	0.167177	0.164688	
2880	0.150425	0.172282	0.170937	0.167048	0.158645	0.159361	0.157249	0.153609	0.166786	0.162277	
2885	0.149127	0.172537	0.170826	0.166588	0.158852	0.156887	0.162196	0.154652	0.166218	0.160999	
2890	0.147249	0.170747	0.171058	0.164705	0.156728	0.157082	0.163053	0.152967	0.166531	0.158405	
2895	0.148684	0.169027	0.172441	0.162432	0.157549	0.154534	0.164398	0.154576	0.166014	0.155095	
2900	0.151327	0.165817	0.173327	0.161680	0.156790	0.153847	0.164423	0.154218	0.162547	0.155104	
2905	0.153573	0.162834	0.170561	0.162411	0.156338	0.153701	0.167400	0.150364	0.162074	0.155390	
2910	0.153831	0.161399	0.172166	0.161853	0.154865	0.153896	0.168261	0.148590	0.161558	0.155941	
2915	0.153836	0.161307	0.173434	0.161464	0.153635	0.155031	0.166175	0.149591	0.158134	0.153991	
2920	0.156000	0.161572	0.175429	0.163549	0.157225	0.153221	0.165379	0.149734	0.159639	0.150789	
2925	0.153909	0.164006	0.174376	0.162540	0.157081	0.154602	0.163669	0.150007	0.157641	0.150768	
2930	0.156024	0.163553	0.173011	0.158963	0.155409	0.157990	0.166721	0.153971	0.157531	0.149058	
2935	0.153871	0.159014	0.174468	0.160927	0.153729	0.159862	0.168339	0.151894	0.160071	0.148684	
2940	0.151913	0.158423	0.173275	0.160664	0.155738	0.159462	0.166802	0.149440	0.158500	0.147974	
2945	0.152412	0.156541	0.171011	0.160451	0.152234	0.158057	0.168837	0.147226	0.159593	0.150219	
2950	0.153631	0.156385	0.174171	0.165427	0.152164	0.160914	0.169720	0.147018	0.160374	0.148560	
2955	0.151448	0.156646	0.169981	0.162306	0.150137	0.165413	0.167651	0.147192	0.162154	0.149031	
2960	0.151071	0.156307	0.168742	0.162771	0.149383	0.160703	0.165799	0.151003	0.158700	0.151167	
2965	0.146587	0.155593	0.165549	0.164580	0.146775	0.162739	0.163389	0.154298	0.157790	0.148690	
2970	0.143719	0.153560	0.162352	0.161876	0.146843	0.161711	0.162976	0.155116	0.154491	0.149006	
2975	0.146193	0.154150	0.165183	0.161273	0.146931	0.159617	0.159904	0.156592	0.153588	0.145886	
2980	0.146146	0.151049	0.166125	0.161209	0.148072	0.157431	0.161614	0.156237	0.155311	0.143298	
2985	0.148848	0.148844	0.163472	0.159677	0.149888	0.157123	0.158979	0.156009	0.157882	0.146567	
2990	0.148049	0.150902	0.164129	0.159241	0.152303	0.153855	0.157895	0.158177	0.159104	0.144730	
2995	0.147525	0.153187	0.163552	0.160610	0.148010	0.152634	0.156393	0.159649	0.155994	0.144359	
3000	0.144696	0.153091	0.165751	0.160348	0.149231	0.152627	0.157426	0.158191	0.157707	0.141571	
