T	rep_1	rep_2	rep_3	rep_4	rep_5	rep_6	rep_7	rep_8	rep_9	rep_10
5	0.000000	0.000000	0.000000	0.000000	0.000000	0.000000	0.000000	0.000000	0.000000	0.000000	
10	0.000000	0.000000	0.000000	0.000000	0.000000	0.000000	0.000000	0.000000	0.000000	0.000000	
15	0.000000	0.000000	0.000000	0.000000	0.000000	0.000000	0.000000	0.000000	0.000000	0.000000	
20	0.000000	0.000000	0.000000	0.000000	0.000000	0.000000	0.000000	0.000000	0.000000	0.000000	
25	0.000000	0.000000	0.000000	0.000000	0.000000	0.000000	0.000000	0.000000	0.000000	0.000000	
30	0.000000	0.000000	0.000000	0.000000	0.000000	0.000000	0.000000	0.000000	0.000000	0.000000	
35	0.000000	0.000000	0.000000	0.000000	0.000000	0.000000	0.000000	0.000000	0.000000	0.000000	
40	0.000000	0.000000	0.000000	0.000000	0.000000	0.000000	0.000000	0.000000	0.000000	0.000000	
45	0.000000	0.000000	0.000000	0.000000	0.000000	0.000000	0.000000	0.000000	0.000000	0.000000	
50	0.000000	0.000000	0.000000	0.000000	0.000000	0.000000	0.000000	0.000000	0.000000	0.000000	
55	0.000000	0.000000	0.000000	0.000000	0.000000	0.000000	0.000000	0.000000	0.000000	0.000000	
60	0.000000	0.000000	0.000000	0.000000	0.000000	0.000000	0.000000	0.000000	0.000000	0.000000	
65	0.000000	0.000000	0.000000	0.000000	0.000000	0.000000	0.000000	0.000000	0.000000	0.000000	
70	0.000000	0.000000	0.000000	0.000000	0.000000	0.000000	0.000000	0.000000	0.000000	0.000000	
75	0.000000	0.000000	0.000000	0.000000	0.000000	0.000000	0.000000	0.000000	0.000000	0.000000	
80	0.000000	0.000000	0.000000	0.000000	0.000000	0.000000	0.000000	0.000000	0.000000	0.000000	
85	0.000000	0.000000	0.000000	0.000000	0.000000	0.000000	0.000000	0.000000	0.000000	0.000000	
90	0.000000	0.000000	0.000000	0.000000	0.000000	0.000000	0.000000	0.000000	0.000000	0.000000	
95	0.000000	0.000000	0.000000	0.000000	0.000000	0.000000	0.000000	0.000000	0.000000	0.000000	
100	0.000000	0.000000	0.000000	0.000000	0.000000	0.000000	0.000000	0.000000	0.000000	0.000000	
105	0.000000	0.000000	0.000000	0.000000	0.000000	0.000000	0.000000	0.000000	0.000000	0.000000	
110	0.000000	0.000000	0.000000	0.000000	0.000000	0.000000	0.000000	0.000000	0.000000	0.000000	
115	0.000000	0.000000	0.000000	0.000000	0.000000	0.000000	0.000000	0.000000	0.000000	0.000000	
120	0.000000	0.000000	0.000000	0.000000	0.000000	0.000000	0.000000	0.000000	0.000000	0.000000	
125	0.000000	0.000000	0.000000	0.000000	0.000000	0.000000	0.000000	0.000000	0.000000	0.000000	
130	0.000000	0.000000	0.000000	0.000000	0.000000	0.000000	0.000000	0.000000	0.000000	0.000000	
135	0.000000	0.000000	0.000000	0.000000	0.000000	0.000000	0.000000	0.000000	0.000000	0.000000	
140	0.000000	0.000000	0.000000	0.000000	0.000000	0.000000	0.000000	0.000000	0.000000	0.000000	
145	0.000000	0.000000	0.000000	0.000000	0.000000	0.000000	0.000000	0.000000	0.000000	0.000000	
150	0.000000	0.000000	0.000000	0.000000	0.000000	0.000000	0.000000	0.000000	0.000000	0.000000	
155	0.000000	0.000000	0.000000	0.000000	0.000000	0.000000	0.000000	0.000000	0.000000	0.000000	
160	0.000000	0.000000	0.000000	0.000000	0.000000	0.000000	0.000000	0.000000	0.000000	0.000000	
165	0.000000	0.000000	0.000000	0.000000	0.000000	0.000000	0.000000	0.000000	0.000000	0.000000	
170	0.000000	0.000000	0.000000	0.000000	0.000000	0.000000	0.000000	0.000000	0.000000	0.000000	
175	0.000000	0.000000	0.000000	0.000000	0.000000	0.000000	0.000000	0.000000	0.000000	0.000000	
180	0.000000	0.000000	0.000000	0.000000	0.000000	0.000000	0.000000	0.000000	0.000000	0.000000	
185	0.000000	0.000000	0.000000	0.000000	0.000000	0.000000	0.000000	0.000000	0.000000	0.000000	
190	0.000000	0.000000	0.000000	0.000000	0.000000	0.000000	0.000000	0.000000	0.000000	0.000000	
195	0.000000	0.000000	0.000000	0.000000	0.000000	0.000000	0.000000	0.000000	0.000000	0.000000	
200	0.000000	0.000000	0.000000	0.000000	0.000000	0.000000	0.000000	0.000000	0.000000	0.000000	
205	0.001878	0.001680	0.001549	0.001486	0.001229	0.002160	0.001696	0.001471	0.002164	0.001792	
210	0.003120	0.001928	0.002731	0.002163	0.002161	0.003036	0.002646	0.002995	0.002689	0.004223	
215	0.004322	0.001989	0.003102	0.002645	0.003200	0.003790	0.003210	0.004245	0.002725	0.003952	
220	0.004871	0.003271	0.004362	0.003113	0.003516	0.004946	0.003462	0.005272	0.003210	0.004200	
225	0.006038	0.004061	0.003215	0.004563	0.004027	0.004398	0.003774	0.004954	0.004707	0.004583	
230	0.005606	0.004247	0.003577	0.004684	0.004177	0.005434	0.004073	0.005727	0.006310	0.005110	
235	0.004645	0.004579	0.004470	0.004627	0.004719	0.005733	0.004865	0.005996	0.005758	0.005828	
240	0.005121	0.005720	0.005258	0.004976	0.004178	0.006408	0.004504	0.004855	0.005635	0.005936	
245	0.005236	0.005952	0.005782	0.004760	0.004766	0.006727	0.005100	0.004678	0.006694	0.005871	
250	0.005656	0.006451	0.006001	0.005822	0.003650	0.006362	0.005817	0.004909	0.006528	0.006430	
255	0.004524	0.006808	0.006263	0.005945	0.005078	0.006767	0.006849	0.004678	0.006664	0.007104	
260	0.003836	0.007483	0.005089	0.007646	0.006426	0.007817	0.007563	0.004299	0.005497	0.007607	
265	0.004661	0.007381	0.004114	0.007182	0.006852	0.008550	0.007670	0.004026	0.005089	0.008544	
270	0.005770	0.008190	0.003862	0.007781	0.005764	0.009169	0.007936	0.004977	0.005631	0.008386	
275	0.006186	0.007341	0.003906	0.010371	0.006294	0.008872	0.006096	0.005910	0.005968	0.008897	
280	0.007407	0.008173	0.004237	0.010325	0.006845	0.010704	0.006821	0.005576	0.004913	0.010232	
285	0.006317	0.008361	0.005285	0.010042	0.007517	0.008244	0.006885	0.004938	0.005706	0.009449	
290	0.007458	0.008923	0.005449	0.009327	0.006773	0.007518	0.006440	0.006160	0.006637	0.008326	
295	0.007519	0.008941	0.006432	0.009257	0.007908	0.008763	0.007457	0.005983	0.006149	0.008702	
300	0.006878	0.009239	0.006919	0.008917	0.007172	0.008219	0.006971	0.006892	0.008262	0.009506	
305	0.006561	0.009052	0.006863	0.008753	0.008093	0.007861	0.008682	0.006832	0.006657	0.009070	
310	0.006732	0.009198	0.006212	0.010550	0.007688	0.008379	0.009272	0.007951	0.005582	0.007839	
315	0.006513	0.009486	0.005917	0.010149	0.009315	0.006913	0.009220	0.008675	0.005914	0.007263	
320	0.006201	0.009287	0.005963	0.011051	0.010003	0.008728	0.009396	0.009504	0.006294	0.008418	
325	0.007575	0.008736	0.006811	0.009281	0.009741	0.009092	0.009048	0.009916	0.006640	0.007734	
330	0.007845	0.009840	0.005638	0.010106	0.009882	0.009309	0.009207	0.011407	0.007165	0.007741	
335	0.007692	0.010331	0.006312	0.010370	0.010786	0.009678	0.007462	0.013095	0.007788	0.008111	
340	0.008298	0.009626	0.006662	0.010529	0.010188	0.010607	0.008193	0.014038	0.008548	0.009195	
345	0.008487	0.012391	0.008192	0.012857	0.010723	0.012171	0.008699	0.014776	0.009280	0.009460	
350	0.010235	0.013686	0.009638	0.014152	0.012139	0.014171	0.008532	0.014508	0.010076	0.011634	
355	0.010244	0.013799	0.010119	0.014017	0.012502	0.012096	0.010434	0.014237	0.010106	0.012416	
360	0.012190	0.017016	0.010172	0.013921	0.012795	0.012681	0.010356	0.015165	0.011192	0.012563	
365	0.010388	0.023661	0.011081	0.012812	0.012315	0.013690	0.012215	0.014042	0.011103	0.012615	
370	0.008523	0.027582	0.011764	0.013687	0.013053	0.014940	0.013028	0.014865	0.012190	0.013762	
375	0.008624	0.035136	0.012028	0.013449	0.013618	0.015199	0.012708	0.015353	0.011882	0.014374	
380	0.010091	0.036010	0.011766	0.014739	0.014068	0.014095	0.015394	0.014181	0.012373	0.013953	
385	0.010289	0.036798	0.011747	0.013785	0.014807	0.016330	0.014421	0.014934	0.012385	0.013077	
390	0.009637	0.041660	0.011066	0.012926	0.014613	0.018700	0.014591	0.015252	0.012982	0.014922	
395	0.010702	0.045690	0.011681	0.012383	0.013353	0.016981	0.015574	0.014787	0.012399	0.016200	
400	0.009898	0.048859	0.012443	0.012571	0.015301	0.017669	0.015335	0.016045	0.012084	0.016118	
405	0.008966	0.052641	0.012011	0.015484	0.016800	0.016748	0.014690	0.014925	0.013306	0.016277	
410	0.009566	0.052438	0.013614	0.015940	0.014602	0.017516	0.014010	0.014429	0.014736	0.017938	
415	0.009956	0.053834	0.014323	0.017251	0.014144	0.016672	0.015253	0.015665	0.015009	0.017819	
420	0.011357	0.052299	0.014494	0.018633	0.013769	0.018404	0.016325	0.015849	0.014430	0.018968	
425	0.011315	0.050123	0.015939	0.017988	0.011708	0.020091	0.016053	0.016959	0.014779	0.020227	
430	0.012600	0.051093	0.013998	0.019065	0.015052	0.022292	0.018534	0.018687	0.015463	0.018814	
435	0.012577	0.052491	0.014531	0.018996	0.016089	0.022610	0.019708	0.019112	0.015366	0.017593	
440	0.012404	0.050256	0.014161	0.020510	0.016657	0.024666	0.017534	0.020340	0.014629	0.018893	
445	0.014284	0.049870	0.014130	0.021937	0.017100	0.026885	0.016641	0.017981	0.016615	0.019663	
450	0.014387	0.049219	0.013813	0.020221	0.021860	0.025867	0.015529	0.017749	0.016747	0.021373	
455	0.014891	0.049360	0.015329	0.018109	0.022888	0.023963	0.015808	0.020465	0.017215	0.023523	
460	0.013518	0.049753	0.014153	0.019696	0.022223	0.025796	0.017527	0.020065	0.019816	0.023391	
465	0.014759	0.048716	0.015313	0.020227	0.021477	0.022943	0.018091	0.018907	0.022689	0.025623	
470	0.013209	0.047999	0.015181	0.017633	0.023338	0.023378	0.017212	0.020073	0.021035	0.025845	
475	0.014231	0.046574	0.017829	0.019045	0.022221	0.025699	0.016504	0.022080	0.019761	0.028979	
480	0.014374	0.042763	0.017819	0.019254	0.022741	0.027894	0.018396	0.023668	0.019972	0.031395	
485	0.013227	0.041840	0.017027	0.018829	0.019232	0.028588	0.016714	0.027236	0.023349	0.032193	
490	0.013793	0.039612	0.017147	0.016862	0.018707	0.032925	0.017734	0.029634	0.022908	0.034256	
495	0.015250	0.038007	0.018097	0.018594	0.019426	0.037852	0.017133	0.032502	0.023034	0.038574	
500	0.013810	0.037913	0.018290	0.019291	0.020601	0.040399	0.018224	0.034855	0.024204	0.045804	
505	0.015379	0.035542	0.018943	0.020878	0.022005	0.046625	0.016277	0.036502	0.029315	0.050638	
510	0.015352	0.034349	0.020521	0.022566	0.023019	0.049321	0.015640	0.039144	0.032487	0.052249	
515	0.015522	0.033146	0.019879	0.022430	0.025490	0.045133	0.019781	0.037959	0.034985	0.053962	
520	0.015695	0.032289	0.020166	0.022533	0.027507	0.046093	0.021717	0.035164	0.044225	0.052018	
525	0.017318	0.031373	0.018438	0.022404	0.028496	0.046688	0.025242	0.035171	0.052918	0.054468	
530	0.021173	0.029626	0.018778	0.023458	0.024566	0.046038	0.027318	0.032461	0.061803	0.052919	
535	0.026126	0.030220	0.021089	0.025328	0.022674	0.044002	0.030893	0.033249	0.065766	0.051829	
540	0.035114	0.029546	0.020930	0.027738	0.025375	0.044230	0.036084	0.033878	0.068007	0.051403	
545	0.038239	0.028898	0.021590	0.029194	0.025717	0.043974	0.041987	0.034769	0.070690	0.048427	
550	0.039199	0.031885	0.023076	0.030570	0.027610	0.044360	0.044983	0.032131	0.069822	0.044071	
555	0.041253	0.028927	0.022069	0.031201	0.027728	0.040879	0.045414	0.031824	0.073570	0.042096	
560	0.042674	0.028573	0.021231	0.032478	0.029055	0.040683	0.046999	0.028940	0.071066	0.041716	
565	0.046436	0.029243	0.021071	0.033181	0.031378	0.039338	0.047362	0.027686	0.068116	0.037926	
570	0.044927	0.027231	0.022856	0.033017	0.031417	0.039398	0.047292	0.026403	0.064378	0.036977	
575	0.049233	0.026051	0.027827	0.032996	0.034426	0.039800	0.045147	0.024561	0.063528	0.036307	
580	0.051706	0.024258	0.026762	0.033963	0.034949	0.039607	0.044197	0.024896	0.062554	0.034928	
585	0.052531	0.025159	0.026984	0.036134	0.038366	0.039092	0.038923	0.023193	0.057954	0.034437	
590	0.050066	0.025578	0.025155	0.033198	0.039663	0.038129	0.039761	0.024712	0.056490	0.034298	
595	0.051306	0.024539	0.024713	0.036022	0.036561	0.040167	0.039521	0.023903	0.052746	0.033424	
600	0.050138	0.024227	0.026814	0.035205	0.035341	0.037989	0.036111	0.022056	0.052303	0.032345	
605	0.055864	0.022582	0.028677	0.035293	0.036649	0.038936	0.030698	0.024461	0.044971	0.032165	
610	0.055216	0.022651	0.028378	0.034954	0.035889	0.038059	0.032845	0.021386	0.039774	0.030766	
615	0.049468	0.021575	0.031878	0.037467	0.035457	0.035373	0.034034	0.021768	0.037996	0.032310	
620	0.047723	0.024030	0.032807	0.037686	0.036934	0.033470	0.033861	0.023997	0.032177	0.032349	
625	0.045993	0.023929	0.033939	0.036514	0.035615	0.032089	0.034018	0.024067	0.034110	0.031983	
630	0.048081	0.024226	0.033469	0.034287	0.038929	0.028582	0.036168	0.024629	0.032120	0.031959	
635	0.051987	0.024509	0.033502	0.031937	0.038062	0.027342	0.038632	0.024567	0.030169	0.031038	
640	0.050975	0.026726	0.035978	0.030993	0.039704	0.026357	0.041422	0.022923	0.027164	0.030556	
645	0.047377	0.025581	0.035230	0.029314	0.041055	0.025959	0.042793	0.021739	0.025530	0.031018	
650	0.042192	0.027309	0.034279	0.027834	0.041281	0.028187	0.041102	0.019517	0.023301	0.034867	
655	0.039441	0.026570	0.033421	0.026141	0.043611	0.027963	0.037602	0.019963	0.020004	0.033615	
660	0.038373	0.028336	0.034103	0.024688	0.042355	0.027917	0.035984	0.021784	0.020655	0.032226	
665	0.037011	0.032640	0.034549	0.026400	0.041420	0.029405	0.034668	0.020030	0.021314	0.032846	
670	0.039349	0.033000	0.034455	0.026329	0.041490	0.029542	0.032960	0.019946	0.021375	0.033523	
675	0.038966	0.032995	0.034634	0.025486	0.042396	0.027284	0.033677	0.021564	0.022620	0.036175	
680	0.041293	0.029630	0.036037	0.026066	0.043288	0.026807	0.033181	0.022123	0.025901	0.035024	
685	0.040187	0.031178	0.035216	0.024227	0.043242	0.029732	0.031063	0.022294	0.026859	0.033774	
690	0.040475	0.032634	0.036572	0.028156	0.043058	0.028865	0.032528	0.023131	0.029221	0.035128	
695	0.039230	0.033978	0.036964	0.030357	0.041536	0.027864	0.030330	0.023994	0.032291	0.035397	
700	0.036368	0.032889	0.036743	0.030410	0.041792	0.029568	0.027241	0.023252	0.037972	0.037475	
705	0.035419	0.034167	0.035997	0.027977	0.040291	0.029081	0.025338	0.021290	0.040989	0.040814	
710	0.032860	0.037066	0.037613	0.028268	0.041133	0.031337	0.024863	0.022831	0.042642	0.044021	
715	0.034123	0.035662	0.034272	0.028689	0.041289	0.031165	0.024245	0.024835	0.037970	0.041326	
720	0.034524	0.035693	0.036029	0.029123	0.039860	0.034285	0.024644	0.026539	0.040126	0.037742	
725	0.031169	0.034754	0.033485	0.028025	0.037912	0.034334	0.025090	0.025603	0.039581	0.040427	
730	0.032831	0.032714	0.031348	0.027507	0.036065	0.036236	0.025679	0.026281	0.039489	0.041288	
735	0.033084	0.032202	0.031045	0.025383	0.034906	0.038667	0.026396	0.024914	0.038570	0.039618	
740	0.034799	0.033396	0.033600	0.026980	0.034952	0.040878	0.024021	0.025209	0.039697	0.040179	
745	0.034727	0.031871	0.034283	0.028374	0.034561	0.042344	0.023225	0.026473	0.039034	0.040548	
750	0.032755	0.033193	0.030825	0.025592	0.034807	0.042260	0.024799	0.024282	0.038705	0.038089	
755	0.032733	0.032660	0.032696	0.026613	0.035209	0.039152	0.025603	0.027393	0.041301	0.037090	
760	0.032274	0.030656	0.032696	0.026538	0.032904	0.038483	0.026138	0.025476	0.038192	0.036990	
765	0.031323	0.032796	0.031689	0.024883	0.030508	0.037987	0.025111	0.026197	0.037577	0.035026	
770	0.029237	0.033634	0.029607	0.027463	0.031798	0.036742	0.025432	0.031152	0.035223	0.034616	
775	0.030495	0.033236	0.028109	0.028603	0.030765	0.037527	0.023415	0.037058	0.033373	0.031640	
780	0.028941	0.033412	0.027027	0.029203	0.030454	0.036819	0.024151	0.041973	0.030657	0.030942	
785	0.028867	0.031105	0.026763	0.030932	0.030223	0.035279	0.027074	0.044456	0.031377	0.031578	
790	0.029932	0.028648	0.025919	0.029147	0.031472	0.031322	0.026929	0.046117	0.030700	0.031830	
795	0.028629	0.028222	0.025500	0.029755	0.030908	0.031322	0.028298	0.045395	0.030998	0.034422	
800	0.029284	0.027188	0.027795	0.028985	0.030119	0.031458	0.030232	0.045829	0.031432	0.032914	
805	0.033472	0.027975	0.030081	0.028833	0.031494	0.032243	0.031664	0.046849	0.032099	0.032577	
810	0.030452	0.026000	0.031414	0.028612	0.033339	0.035072	0.031918	0.043808	0.031554	0.034813	
815	0.031829	0.026610	0.034323	0.027418	0.032150	0.035928	0.031067	0.042549	0.032367	0.035171	
820	0.036305	0.025462	0.037285	0.026204	0.033766	0.032502	0.029940	0.041498	0.032482	0.038536	
825	0.037493	0.030029	0.034929	0.027214	0.035926	0.028966	0.031543	0.040966	0.030299	0.035699	
830	0.036984	0.030142	0.032812	0.028275	0.035508	0.028784	0.031572	0.040505	0.030565	0.032747	
835	0.037581	0.030826	0.036987	0.030154	0.032825	0.027184	0.033333	0.040018	0.031243	0.028984	
840	0.037183	0.030025	0.035773	0.030976	0.034210	0.025556	0.032562	0.037637	0.033150	0.028277	
845	0.038730	0.029280	0.037758	0.031360	0.036091	0.025824	0.033216	0.038884	0.032633	0.027029	
850	0.038648	0.027864	0.038034	0.034271	0.035642	0.027434	0.032986	0.035206	0.035047	0.027408	
855	0.039766	0.025731	0.037166	0.033926	0.034485	0.026663	0.030788	0.036534	0.035534	0.027179	
860	0.038066	0.027546	0.035810	0.034154	0.035507	0.024142	0.027377	0.033968	0.034308	0.026098	
865	0.036966	0.029251	0.037547	0.034044	0.034974	0.024453	0.028004	0.029485	0.033277	0.025093	
870	0.034250	0.028498	0.038267	0.033175	0.035403	0.023721	0.026580	0.028487	0.032968	0.025148	
875	0.034852	0.029062	0.037223	0.030811	0.034732	0.026796	0.027418	0.029008	0.032904	0.023623	
880	0.033199	0.029346	0.036355	0.032236	0.035102	0.027245	0.026367	0.030484	0.030631	0.023514	
885	0.033479	0.030299	0.037820	0.031195	0.032339	0.029766	0.025097	0.026828	0.028910	0.025802	
890	0.034262	0.030473	0.039508	0.032146	0.030707	0.029568	0.024023	0.023955	0.027991	0.023553	
895	0.035048	0.030691	0.039335	0.030328	0.031362	0.033677	0.023144	0.025999	0.026839	0.023980	
900	0.035020	0.031021	0.041352	0.026762	0.033201	0.035394	0.021566	0.025463	0.028761	0.026172	
905	0.033523	0.031646	0.040703	0.028789	0.032669	0.036349	0.022606	0.024476	0.029035	0.028621	
910	0.032803	0.030569	0.040236	0.030212	0.030693	0.037006	0.023815	0.026824	0.028620	0.031721	
915	0.029626	0.030291	0.039247	0.030364	0.031107	0.040722	0.022467	0.026838	0.027520	0.031593	
920	0.030305	0.029806	0.037093	0.030617	0.029865	0.039257	0.024026	0.025551	0.029457	0.028891	
925	0.030501	0.030373	0.033832	0.029418	0.030346	0.040242	0.023771	0.024774	0.030088	0.027736	
930	0.030276	0.031667	0.031140	0.027534	0.028979	0.038697	0.025273	0.026442	0.029906	0.029331	
935	0.028267	0.028876	0.029805	0.028728	0.027749	0.037306	0.023711	0.028030	0.028632	0.028523	
940	0.028056	0.027419	0.029402	0.025865	0.028869	0.041290	0.025618	0.027482	0.028098	0.028964	
945	0.029611	0.025909	0.029104	0.022686	0.029815	0.037308	0.024826	0.027119	0.027948	0.028829	
950	0.027485	0.023754	0.029398	0.022665	0.028810	0.036375	0.026089	0.031529	0.028187	0.031105	
955	0.026432	0.024421	0.028942	0.022953	0.026917	0.035901	0.024343	0.033571	0.029652	0.033488	
960	0.025350	0.024617	0.029789	0.025501	0.027714	0.033924	0.024427	0.033547	0.030045	0.034326	
965	0.025264	0.026583	0.030685	0.027107	0.032653	0.035823	0.022890	0.035089	0.031311	0.034242	
970	0.026748	0.025008	0.032893	0.027766	0.032629	0.033976	0.023937	0.036058	0.031002	0.032369	
975	0.029485	0.027600	0.034534	0.028789	0.029636	0.032746	0.023643	0.037353	0.033380	0.033987	
980	0.028559	0.026982	0.035193	0.028077	0.029096	0.032473	0.025694	0.035476	0.033190	0.034435	
985	0.028721	0.028404	0.034618	0.026593	0.031111	0.030504	0.025465	0.036009	0.032133	0.037435	
990	0.028924	0.030807	0.035775	0.028180	0.033033	0.029511	0.026670	0.035452	0.032014	0.036280	
995	0.029752	0.028748	0.035423	0.024681	0.034395	0.028013	0.028034	0.035304	0.033372	0.036468	
1000	0.030834	0.027765	0.035806	0.023372	0.035192	0.029320	0.023775	0.034910	0.034818	0.036075	
1005	0.030199	0.025226	0.036165	0.025823	0.037097	0.029371	0.023839	0.031539	0.037542	0.038614	
1010	0.030334	0.026129	0.034511	0.026995	0.039665	0.028375	0.023832	0.029904	0.038229	0.038366	
1015	0.033290	0.027761	0.033208	0.029597	0.040083	0.026845	0.025527	0.027903	0.037023	0.037157	
1020	0.036566	0.030571	0.033808	0.032820	0.039413	0.028650	0.026196	0.026485	0.037400	0.036946	
1025	0.032842	0.030830	0.030923	0.031544	0.039075	0.028196	0.026638	0.026109	0.038651	0.037705	
1030	0.036499	0.031430	0.030013	0.030626	0.037537	0.029001	0.026772	0.030353	0.037256	0.038993	
1035	0.038686	0.030964	0.031615	0.030495	0.036316	0.027604	0.028716	0.029587	0.034111	0.038516	
1040	0.036236	0.028589	0.034194	0.031289	0.034923	0.027792	0.027366	0.030602	0.034522	0.039321	
1045	0.039786	0.028495	0.031078	0.032387	0.034432	0.026767	0.028437	0.032871	0.033567	0.039099	
1050	0.037356	0.028239	0.029119	0.032419	0.035130	0.024346	0.029298	0.031493	0.035122	0.037156	
1055	0.035892	0.027794	0.027158	0.033005	0.036462	0.025538	0.028052	0.033218	0.031288	0.034572	
1060	0.033634	0.030812	0.026818	0.033752	0.037737	0.028375	0.028071	0.037057	0.033352	0.033264	
1065	0.033147	0.032556	0.027949	0.034940	0.034715	0.031466	0.028361	0.038573	0.032818	0.032497	
1070	0.032409	0.032348	0.027650	0.034944	0.034059	0.029846	0.029348	0.040596	0.031310	0.032164	
1075	0.030017	0.032200	0.026590	0.031794	0.031257	0.029815	0.028639	0.040529	0.031085	0.030520	
1080	0.028128	0.030547	0.026085	0.031800	0.030534	0.028714	0.028752	0.044739	0.031824	0.032201	
1085	0.026301	0.031870	0.025941	0.030538	0.029216	0.025432	0.031830	0.046056	0.028459	0.030143	
1090	0.025748	0.034284	0.025309	0.029713	0.028969	0.029006	0.031407	0.043956	0.026544	0.031287	
1095	0.025726	0.033681	0.026462	0.031002	0.030138	0.030264	0.032171	0.044231	0.027769	0.028954	
1100	0.029422	0.032494	0.026910	0.032354	0.029496	0.031993	0.032268	0.043585	0.028600	0.029371	
1105	0.033512	0.033499	0.027982	0.033252	0.030311	0.031861	0.030765	0.045084	0.030092	0.030150	
1110	0.033934	0.033005	0.030083	0.031152	0.030961	0.029944	0.033891	0.040263	0.029536	0.027683	
1115	0.033408	0.032226	0.033538	0.029720	0.034008	0.031020	0.031573	0.039795	0.029440	0.026622	
1120	0.035399	0.033082	0.032066	0.032316	0.035227	0.030639	0.030793	0.040156	0.029294	0.026483	
1125	0.039145	0.031496	0.031314	0.032165	0.036382	0.031419	0.033790	0.040808	0.029174	0.028332	
1130	0.039111	0.033371	0.030074	0.029287	0.036249	0.028859	0.033823	0.038111	0.030157	0.030382	
1135	0.034766	0.034688	0.029634	0.030166	0.037316	0.025592	0.033034	0.035633	0.030253	0.028197	
1140	0.032551	0.031247	0.031254	0.029768	0.036804	0.024357	0.034787	0.034787	0.031929	0.026765	
1145	0.030977	0.028084	0.027977	0.027101	0.035955	0.026539	0.033074	0.037559	0.033360	0.027630	
1150	0.033548	0.026795	0.027731	0.027982	0.035180	0.028105	0.033731	0.036275	0.034287	0.026732	
1155	0.032084	0.025173	0.028626	0.028094	0.035482	0.026834	0.035087	0.033663	0.034383	0.027366	
1160	0.031022	0.025296	0.027436	0.029534	0.034543	0.025773	0.033583	0.034261	0.033681	0.027700	
1165	0.030047	0.026619	0.028867	0.027036	0.035675	0.025230	0.033171	0.036566	0.034928	0.029130	
1170	0.028674	0.029901	0.025157	0.028960	0.033918	0.025644	0.033150	0.036670	0.035204	0.030162	
1175	0.029523	0.029496	0.026769	0.029556	0.035372	0.028814	0.029525	0.035624	0.035682	0.029768	
1180	0.029962	0.032840	0.029123	0.030234	0.033456	0.029214	0.029860	0.035293	0.032905	0.029341	
1185	0.030959	0.034512	0.029712	0.027493	0.035536	0.029051	0.028148	0.035019	0.032583	0.029158	
1190	0.028933	0.035551	0.031261	0.027592	0.035661	0.029316	0.028218	0.036239	0.033086	0.027962	
1195	0.027862	0.033768	0.030913	0.025695	0.038700	0.027301	0.028670	0.037535	0.031905	0.028501	
1200	0.030350	0.034467	0.027931	0.024586	0.039033	0.028490	0.026646	0.036387	0.031774	0.031367	
1205	0.031961	0.034527	0.027618	0.022535	0.037385	0.027270	0.027389	0.034220	0.030815	0.032244	
1210	0.032063	0.032279	0.027035	0.025095	0.035036	0.025139	0.026124	0.033918	0.031028	0.033089	
1215	0.031351	0.030903	0.026796	0.028528	0.034199	0.023846	0.027653	0.031993	0.033503	0.033523	
1220	0.033088	0.031180	0.026919	0.028446	0.038917	0.023973	0.026980	0.033568	0.034066	0.033950	
1225	0.037331	0.029540	0.027885	0.028843	0.039452	0.025325	0.027783	0.032859	0.033839	0.035483	
1230	0.038315	0.028277	0.029582	0.031442	0.038159	0.024361	0.025948	0.031810	0.035015	0.033835	
1235	0.041396	0.029510	0.029856	0.030889	0.038093	0.024883	0.025046	0.032337	0.032410	0.032436	
1240	0.042722	0.031675	0.030881	0.030939	0.039098	0.027345	0.023824	0.027245	0.030296	0.033785	
1245	0.044771	0.030566	0.032170	0.030620	0.035934	0.027295	0.024695	0.026314	0.029760	0.033264	
1250	0.044675	0.026694	0.030095	0.031653	0.037832	0.028718	0.027000	0.028419	0.029596	0.031810	
1255	0.045597	0.028426	0.029357	0.031621	0.039676	0.026795	0.026173	0.028020	0.030069	0.032533	
1260	0.040961	0.029066	0.030678	0.033378	0.037464	0.027921	0.028238	0.026731	0.029723	0.031500	
1265	0.038408	0.030802	0.028814	0.033948	0.038998	0.028266	0.028191	0.030193	0.032416	0.029924	
1270	0.039690	0.026201	0.029120	0.031549	0.038870	0.029077	0.026718	0.029745	0.032822	0.026899	
1275	0.036547	0.024832	0.029833	0.031452	0.041501	0.027784	0.023842	0.029922	0.029839	0.029006	
1280	0.035768	0.027047	0.028436	0.031478	0.045173	0.027088	0.023276	0.028302	0.030014	0.028376	
1285	0.035813	0.025060	0.026382	0.031542	0.047818	0.025208	0.025558	0.026494	0.029203	0.030519	
1290	0.035933	0.027245	0.024588	0.030709	0.043518	0.024205	0.025853	0.027379	0.034346	0.030931	
1295	0.033138	0.026773	0.024431	0.030902	0.041257	0.023302	0.027778	0.028724	0.030023	0.032038	
1300	0.032345	0.027242	0.024697	0.031791	0.039704	0.024203	0.027028	0.029478	0.027982	0.031164	
1305	0.032853	0.030031	0.023685	0.030499	0.039803	0.024735	0.029430	0.030918	0.028716	0.029627	
1310	0.031303	0.029371	0.022813	0.030102	0.038748	0.025680	0.025893	0.031784	0.027778	0.030282	
1315	0.029452	0.029806	0.022332	0.028099	0.038263	0.027896	0.025772	0.035042	0.026860	0.031920	
1320	0.030400	0.030625	0.023385	0.028026	0.038964	0.027873	0.030133	0.033367	0.027854	0.032400	
1325	0.027947	0.031992	0.022781	0.028573	0.042493	0.028509	0.033237	0.031473	0.029186	0.032845	
1330	0.026435	0.031185	0.021432	0.027900	0.040539	0.028839	0.036154	0.034257	0.028949	0.031604	
1335	0.024958	0.030760	0.021288	0.029135	0.039958	0.030595	0.037224	0.036147	0.029193	0.033467	
1340	0.025702	0.030591	0.022105	0.029726	0.038272	0.028893	0.039326	0.037463	0.031652	0.035297	
1345	0.025276	0.031330	0.023930	0.029735	0.036875	0.026747	0.039516	0.041046	0.033119	0.033515	
1350	0.028474	0.030798	0.026186	0.031480	0.038164	0.028189	0.040219	0.041342	0.032801	0.031261	
1355	0.028613	0.032766	0.025816	0.031215	0.037703	0.026947	0.039250	0.041246	0.034902	0.032813	
1360	0.030314	0.033306	0.028060	0.030623	0.033622	0.026086	0.038733	0.043722	0.035791	0.033901	
1365	0.029698	0.031519	0.028442	0.028286	0.031844	0.026445	0.038273	0.045052	0.035643	0.033997	
1370	0.026203	0.028229	0.030674	0.028746	0.031121	0.025213	0.040387	0.045963	0.037072	0.033563	
1375	0.027156	0.029111	0.032953	0.030424	0.032330	0.027164	0.038202	0.043664	0.037238	0.031134	
1380	0.027014	0.028991	0.031373	0.029879	0.031644	0.027500	0.039733	0.042872	0.034582	0.030493	
1385	0.026168	0.027656	0.031029	0.031111	0.031538	0.027217	0.038507	0.042549	0.033005	0.030093	
1390	0.027140	0.028141	0.030785	0.028891	0.032587	0.026084	0.036249	0.041234	0.033715	0.026668	
1395	0.027090	0.027611	0.031621	0.029816	0.029428	0.023573	0.035149	0.039724	0.035454	0.027131	
1400	0.025922	0.027997	0.031925	0.030815	0.029515	0.025748	0.034154	0.037073	0.034850	0.025609	
1405	0.026720	0.029978	0.030923	0.032454	0.026971	0.025803	0.033391	0.033715	0.034933	0.027086	
1410	0.028719	0.033492	0.031228	0.031414	0.029924	0.025301	0.030799	0.033824	0.037655	0.028127	
1415	0.026554	0.032247	0.033342	0.031560	0.032227	0.027404	0.027491	0.033687	0.036944	0.027590	
1420	0.026009	0.031034	0.034866	0.033427	0.030678	0.028578	0.026511	0.032667	0.036057	0.029709	
1425	0.023498	0.030715	0.034636	0.032722	0.031107	0.026260	0.027882	0.030521	0.033350	0.028074	
1430	0.021905	0.029537	0.033523	0.031104	0.033563	0.025367	0.030143	0.029110	0.031867	0.029278	
1435	0.023259	0.031091	0.030847	0.028144	0.032043	0.024872	0.028802	0.027558	0.029031	0.029445	
1440	0.023068	0.030901	0.031783	0.031396	0.033072	0.024708	0.032881	0.026840	0.027618	0.027850	
1445	0.022029	0.032435	0.031700	0.028980	0.030420	0.024605	0.031198	0.027306	0.029287	0.032294	
1450	0.022000	0.032814	0.029059	0.027775	0.029834	0.023869	0.030835	0.024714	0.028926	0.030883	
1455	0.023148	0.030182	0.029562	0.028276	0.030466	0.023770	0.028385	0.024243	0.030572	0.031846	
1460	0.023980	0.030347	0.029876	0.024573	0.027838	0.022248	0.028369	0.023880	0.028407	0.033138	
1465	0.023904	0.030053	0.031394	0.026672	0.028419	0.024156	0.026241	0.023854	0.027165	0.034803	
1470	0.023849	0.033119	0.032960	0.026837	0.028409	0.024886	0.026852	0.024124	0.025478	0.035559	
1475	0.023841	0.033580	0.032283	0.026946	0.028601	0.024991	0.027554	0.024809	0.023797	0.035474	
1480	0.023890	0.036107	0.032128	0.027267	0.027714	0.026664	0.028609	0.025328	0.025308	0.032988	
1485	0.026154	0.037310	0.030985	0.028172	0.030299	0.026311	0.028335	0.023457	0.027046	0.032567	
1490	0.026496	0.037276	0.031796	0.029886	0.030407	0.026362	0.030823	0.023191	0.028670	0.031394	
1495	0.026834	0.039129	0.031556	0.028350	0.033136	0.028722	0.030811	0.027075	0.027769	0.033353	
1500	0.027225	0.039502	0.032697	0.026867	0.032246	0.031291	0.031277	0.028564	0.029589	0.032737	
1505	0.029183	0.040299	0.029816	0.028074	0.032315	0.031947	0.030449	0.032669	0.030198	0.031407	
1510	0.031224	0.039883	0.025925	0.027661	0.032172	0.029891	0.032289	0.035449	0.028316	0.032349	
1515	0.031773	0.037486	0.026016	0.026897	0.031431	0.028613	0.032967	0.034914	0.025890	0.032131	
1520	0.030153	0.036087	0.026026	0.028446	0.031399	0.028572	0.033735	0.036157	0.026129	0.032484	
1525	0.031399	0.035675	0.026096	0.029436	0.031883	0.028191	0.035726	0.035308	0.028359	0.032250	
1530	0.029538	0.037773	0.027844	0.032276	0.032445	0.028689	0.034604	0.039965	0.027312	0.030472	
1535	0.030281	0.038868	0.027592	0.036933	0.029334	0.029536	0.034562	0.037028	0.026665	0.029417	
1540	0.030490	0.038025	0.028367	0.036594	0.027413	0.029940	0.034699	0.039976	0.024993	0.029705	
1545	0.035419	0.038634	0.027763	0.035135	0.026420	0.031899	0.035586	0.041287	0.024965	0.028757	
1550	0.034049	0.039948	0.027310	0.034556	0.026321	0.033644	0.035591	0.038584	0.024572	0.029925	
1555	0.031978	0.040362	0.026821	0.034214	0.023069	0.032565	0.034434	0.041731	0.022139	0.029835	
1560	0.026635	0.039527	0.025715	0.034448	0.022704	0.033547	0.034155	0.037441	0.021794	0.030583	
1565	0.028092	0.039211	0.025601	0.033089	0.022831	0.033012	0.036500	0.032201	0.021818	0.028901	
1570	0.027484	0.036995	0.027477	0.030957	0.026536	0.031743	0.037006	0.034414	0.020895	0.029866	
1575	0.027836	0.034656	0.029720	0.033422	0.024967	0.031071	0.037645	0.032916	0.023356	0.030232	
1580	0.029049	0.032292	0.026821	0.033887	0.026188	0.030101	0.037313	0.030588	0.020281	0.029429	
1585	0.028081	0.030878	0.028093	0.032593	0.026633	0.030194	0.036392	0.027204	0.020000	0.030088	
1590	0.027602	0.032730	0.028008	0.029391	0.028030	0.028694	0.037098	0.027369	0.019895	0.027854	
1595	0.026750	0.033216	0.028244	0.027439	0.030020	0.029411	0.037180	0.028434	0.023932	0.030105	
1600	0.024357	0.033047	0.026655	0.022431	0.029682	0.026620	0.035618	0.028850	0.024990	0.030605	
1605	0.025429	0.033460	0.029047	0.023678	0.029904	0.027831	0.034595	0.028577	0.029210	0.032016	
1610	0.030640	0.033473	0.030146	0.023291	0.029490	0.027297	0.034637	0.029463	0.034362	0.034017	
1615	0.032639	0.032281	0.028374	0.024984	0.029775	0.027697	0.033574	0.030196	0.033396	0.035942	
1620	0.034503	0.030095	0.030518	0.025109	0.029205	0.027743	0.034442	0.029498	0.038085	0.034445	
1625	0.037066	0.032672	0.033531	0.025981	0.029398	0.028982	0.033860	0.029909	0.043152	0.034325	
1630	0.038547	0.034747	0.033580	0.027096	0.030120	0.029943	0.029434	0.032693	0.040080	0.031578	
1635	0.038370	0.032504	0.036126	0.028416	0.027594	0.030670	0.027925	0.030150	0.040938	0.032481	
1640	0.036221	0.031419	0.032981	0.028500	0.026373	0.029077	0.026025	0.028215	0.039412	0.031753	
1645	0.036163	0.028790	0.032784	0.028468	0.022938	0.030576	0.025257	0.026015	0.035102	0.031333	
1650	0.036121	0.030589	0.034057	0.026300	0.021902	0.029183	0.024879	0.026399	0.033891	0.029672	
1655	0.035968	0.029724	0.034023	0.028763	0.021627	0.028773	0.025219	0.027046	0.033228	0.030124	
1660	0.035733	0.030846	0.032055	0.030012	0.021555	0.028110	0.024819	0.027736	0.031070	0.028894	
1665	0.032549	0.031216	0.031040	0.029553	0.021902	0.028334	0.024862	0.026550	0.033669	0.028656	
1670	0.030955	0.029053	0.028710	0.029213	0.021872	0.027229	0.026585	0.024842	0.032026	0.030400	
1675	0.032557	0.030183	0.026853	0.030675	0.022686	0.027458	0.028940	0.025412	0.033134	0.030729	
1680	0.031839	0.027012	0.029041	0.031300	0.022869	0.029250	0.031653	0.025545	0.034639	0.028852	
1685	0.029812	0.027835	0.029562	0.028423	0.022506	0.028436	0.031616	0.028490	0.035044	0.029670	
1690	0.032046	0.027572	0.029890	0.030560	0.024119	0.029006	0.028722	0.029810	0.032006	0.030561	
1695	0.030141	0.027580	0.031133	0.030544	0.023322	0.029253	0.028505	0.026367	0.034188	0.028153	
1700	0.029465	0.026721	0.031130	0.032596	0.028304	0.029183	0.025722	0.027924	0.033990	0.028048	
1705	0.028337	0.025489	0.032565	0.030892	0.027751	0.029449	0.027378	0.029579	0.031674	0.031088	
1710	0.029320	0.024761	0.032034	0.032020	0.030847	0.029948	0.027109	0.030659	0.031820	0.030400	
1715	0.028893	0.025399	0.029891	0.028903	0.030142	0.029530	0.030509	0.029155	0.031755	0.030654	
1720	0.032986	0.022198	0.030561	0.028475	0.029294	0.030339	0.031305	0.028544	0.026933	0.031941	
1725	0.033426	0.021562	0.029384	0.025448	0.029553	0.030909	0.033003	0.029387	0.029718	0.032140	
1730	0.033408	0.021581	0.029249	0.024450	0.030729	0.033175	0.031370	0.028630	0.030903	0.034298	
1735	0.032720	0.021670	0.029154	0.027688	0.029143	0.031692	0.031646	0.029951	0.032123	0.035618	
1740	0.029931	0.024203	0.030185	0.027139	0.028601	0.031796	0.031260	0.028920	0.030193	0.036463	
1745	0.030099	0.024097	0.028997	0.027187	0.029077	0.029002	0.034518	0.029704	0.030009	0.037017	
1750	0.029149	0.024120	0.030087	0.026162	0.029730	0.027688	0.037962	0.032333	0.030682	0.038933	
1755	0.031000	0.025209	0.030642	0.027605	0.026944	0.031041	0.038232	0.033097	0.034127	0.042740	
1760	0.032627	0.027048	0.031147	0.028096	0.025886	0.032103	0.036315	0.032607	0.037064	0.040469	
1765	0.031702	0.028515	0.029674	0.025783	0.025919	0.029842	0.038137	0.029977	0.038087	0.040649	
1770	0.030204	0.027787	0.030852	0.025063	0.026730	0.031391	0.038325	0.031035	0.035667	0.040691	
1775	0.030271	0.027735	0.028490	0.022712	0.029366	0.030027	0.040702	0.030951	0.039998	0.039558	
1780	0.028615	0.030565	0.028651	0.021763	0.029105	0.029464	0.043015	0.032507	0.040766	0.038220	
1785	0.028125	0.030577	0.026103	0.024240	0.028149	0.027248	0.040390	0.032588	0.043763	0.035664	
1790	0.025815	0.028894	0.025156	0.021772	0.028273	0.026565	0.041635	0.033089	0.042463	0.036599	
1795	0.026255	0.028299	0.030194	0.022845	0.028353	0.026265	0.039124	0.032959	0.043142	0.037270	
1800	0.025459	0.028728	0.032448	0.021899	0.031079	0.026487	0.039482	0.032221	0.044524	0.038429	
1805	0.023042	0.030139	0.034749	0.023779	0.031400	0.027753	0.038365	0.032076	0.043396	0.039195	
1810	0.025536	0.030453	0.034526	0.024205	0.033202	0.026201	0.037756	0.032189	0.047531	0.034112	
1815	0.025572	0.031449	0.032605	0.024392	0.032937	0.026058	0.037156	0.031398	0.045913	0.031195	
1820	0.024488	0.034234	0.030981	0.026318	0.030830	0.024319	0.036010	0.032756	0.047767	0.032788	
1825	0.027037	0.036620	0.028348	0.028198	0.030459	0.025120	0.037165	0.032355	0.048314	0.030042	
1830	0.026509	0.037363	0.028357	0.028218	0.033510	0.026089	0.037672	0.034979	0.044175	0.032853	
1835	0.027751	0.038051	0.030498	0.030450	0.033082	0.028190	0.035996	0.035478	0.045162	0.030350	
1840	0.028083	0.037246	0.030562	0.034547	0.033366	0.027177	0.034713	0.035022	0.043285	0.030168	
1845	0.029362	0.035842	0.031859	0.034514	0.032270	0.028049	0.034758	0.035898	0.042526	0.028392	
1850	0.029658	0.037063	0.031752	0.037236	0.031747	0.030755	0.034862	0.034586	0.040159	0.025075	
1855	0.028360	0.037956	0.028169	0.033357	0.029960	0.029281	0.035885	0.034797	0.041344	0.023484	
1860	0.027854	0.040636	0.027159	0.030818	0.026202	0.030244	0.035902	0.035624	0.039134	0.026520	
1865	0.029247	0.042687	0.027178	0.029917	0.026759	0.028974	0.033659	0.035204	0.040371	0.028476	
1870	0.029276	0.038778	0.027422	0.029946	0.023974	0.027779	0.032418	0.033620	0.038748	0.027683	
1875	0.030186	0.039772	0.029122	0.029045	0.024707	0.025378	0.033164	0.030189	0.038656	0.030018	
1880	0.028158	0.035413	0.028707	0.028813	0.026012	0.027578	0.029846	0.029561	0.038451	0.028431	
1885	0.027464	0.032328	0.030043	0.028237	0.025826	0.026377	0.028722	0.029769	0.034754	0.030564	
1890	0.027041	0.032914	0.028161	0.028906	0.023779	0.025164	0.030464	0.027178	0.029869	0.033124	
1895	0.028581	0.034489	0.028379	0.030113	0.025905	0.024026	0.030386	0.027640	0.028082	0.033150	
1900	0.030740	0.037052	0.027180	0.030763	0.024008	0.025235	0.030724	0.028147	0.028461	0.036009	
1905	0.030633	0.035395	0.029388	0.026574	0.022591	0.026818	0.032370	0.028027	0.027421	0.042398	
1910	0.032499	0.032539	0.031332	0.026417	0.022116	0.027127	0.034476	0.027752	0.026096	0.046921	
1915	0.031588	0.032620	0.029195	0.026725	0.023212	0.030419	0.037236	0.026295	0.027185	0.046222	
1920	0.031057	0.035208	0.029399	0.024808	0.025050	0.032253	0.036013	0.028669	0.028102	0.046524	
1925	0.031481	0.035312	0.030515	0.024744	0.025684	0.033924	0.036723	0.025816	0.027050	0.046035	
1930	0.029698	0.033786	0.031397	0.022469	0.024368	0.037763	0.036330	0.028154	0.028831	0.045940	
1935	0.031195	0.034259	0.033005	0.021775	0.023134	0.039955	0.035023	0.029165	0.026906	0.048200	
1940	0.031643	0.033036	0.033897	0.022326	0.024689	0.041346	0.033204	0.027726	0.025906	0.045314	
1945	0.030849	0.034069	0.035172	0.026561	0.026198	0.041483	0.029792	0.026125	0.026225	0.046207	
1950	0.030179	0.034946	0.034629	0.026282	0.027674	0.039776	0.028032	0.028619	0.027949	0.047045	
1955	0.032723	0.036096	0.033806	0.025891	0.026541	0.036533	0.027238	0.030848	0.023606	0.044702	
1960	0.034089	0.035307	0.033282	0.025841	0.028580	0.036582	0.025052	0.031736	0.025007	0.045604	
1965	0.035897	0.036343	0.031382	0.028689	0.030292	0.039601	0.024152	0.030891	0.026151	0.044117	
1970	0.035504	0.039549	0.031224	0.030802	0.029580	0.038466	0.023756	0.032663	0.026291	0.046148	
1975	0.034878	0.043469	0.031721	0.031761	0.032627	0.038923	0.021434	0.032914	0.026106	0.045761	
1980	0.036508	0.044162	0.031753	0.032070	0.033937	0.040057	0.020230	0.031611	0.023703	0.043688	
1985	0.037305	0.041925	0.032870	0.035357	0.033862	0.037217	0.023513	0.031664	0.024769	0.041582	
1990	0.034555	0.040198	0.033061	0.035532	0.033728	0.038568	0.023060	0.032485	0.025301	0.040589	
1995	0.033723	0.038696	0.033746	0.039597	0.033201	0.036870	0.022864	0.036215	0.024311	0.039552	
2000	0.032437	0.037778	0.033039	0.037737	0.032993	0.035258	0.021492	0.039912	0.024284	0.036996	
2005	0.030104	0.037921	0.031082	0.037903	0.033663	0.035821	0.024621	0.041015	0.025446	0.034588	
2010	0.028228	0.037981	0.031456	0.034696	0.030079	0.033983	0.027784	0.039215	0.023323	0.037514	
2015	0.026525	0.037156	0.031180	0.036344	0.030910	0.029718	0.031134	0.040290	0.025727	0.037485	
2020	0.028049	0.037807	0.033235	0.035485	0.031636	0.030262	0.035686	0.040359	0.029476	0.035178	
2025	0.028115	0.035455	0.034832	0.034338	0.029349	0.029139	0.036286	0.038329	0.030485	0.035430	
2030	0.025660	0.035584	0.035861	0.031618	0.028510	0.028813	0.034365	0.037349	0.031102	0.033218	
2035	0.026488	0.033301	0.033707	0.031000	0.027826	0.029445	0.035338	0.037106	0.033356	0.033094	
2040	0.028385	0.031644	0.033878	0.029356	0.027959	0.029034	0.035295	0.036845	0.032583	0.031285	
2045	0.026740	0.034084	0.033025	0.029565	0.025144	0.030701	0.034561	0.037035	0.033753	0.028174	
2050	0.025452	0.033036	0.033015	0.029598	0.024451	0.032544	0.033856	0.036131	0.033170	0.029722	
2055	0.024027	0.031185	0.032634	0.027555	0.024271	0.032561	0.030505	0.036016	0.031254	0.027777	
2060	0.023902	0.032106	0.032853	0.029321	0.021962	0.032168	0.028261	0.035133	0.031705	0.028441	
2065	0.024188	0.031836	0.031393	0.028717	0.023494	0.031412	0.027816	0.033756	0.031812	0.027902	
2070	0.023950	0.033302	0.030727	0.028699	0.023588	0.031434	0.029817	0.034964	0.033029	0.027301	
2075	0.025406	0.033971	0.030129	0.027859	0.020865	0.030916	0.027119	0.030809	0.034334	0.026493	
2080	0.026833	0.036194	0.028982	0.028395	0.023121	0.032051	0.026015	0.030662	0.037893	0.028163	
2085	0.024920	0.036453	0.028760	0.028067	0.025289	0.032327	0.025307	0.030736	0.037761	0.026460	
2090	0.027192	0.036052	0.030012	0.028543	0.026036	0.034104	0.024637	0.027372	0.037631	0.025147	
2095	0.028653	0.034313	0.029899	0.027876	0.025101	0.035461	0.024035	0.026992	0.036936	0.025176	
2100	0.026318	0.032008	0.032178	0.027393	0.028192	0.034350	0.025513	0.025959	0.037864	0.026265	
2105	0.023853	0.029158	0.031479	0.028214	0.031560	0.035781	0.028357	0.025944	0.036205	0.026821	
2110	0.024329	0.027697	0.030864	0.028871	0.035151	0.034002	0.031383	0.023178	0.040165	0.025446	
2115	0.026719	0.027349	0.033217	0.026470	0.037123	0.035069	0.031288	0.022463	0.043158	0.024154	
2120	0.029386	0.026552	0.031692	0.027260	0.035832	0.038048	0.032910	0.025053	0.041035	0.023179	
2125	0.028326	0.026692	0.029159	0.029681	0.039179	0.036552	0.034789	0.024860	0.041086	0.026365	
2130	0.029848	0.027042	0.029698	0.029361	0.039644	0.035195	0.036780	0.022581	0.041716	0.025801	
2135	0.030349	0.025570	0.028628	0.029329	0.042575	0.035099	0.036872	0.022407	0.039832	0.028662	
2140	0.031748	0.025969	0.030438	0.029211	0.043472	0.036390	0.036794	0.022526	0.036434	0.028813	
2145	0.033732	0.026206	0.032217	0.028433	0.042411	0.038986	0.038028	0.023764	0.037648	0.028856	
2150	0.034391	0.027897	0.029644	0.028213	0.038769	0.036673	0.038322	0.023745	0.036413	0.029220	
2155	0.033191	0.026794	0.030596	0.026508	0.035559	0.036089	0.037383	0.022835	0.034170	0.029557	
2160	0.033951	0.028939	0.029055	0.027025	0.036476	0.036811	0.039976	0.024504	0.033628	0.034013	
2165	0.035298	0.031478	0.029604	0.029611	0.038329	0.035154	0.039596	0.027961	0.032655	0.035873	
2170	0.036330	0.031126	0.026769	0.031473	0.035047	0.035233	0.037708	0.024710	0.031297	0.034292	
2175	0.034332	0.029519	0.027779	0.032121	0.031406	0.036172	0.036430	0.028056	0.030493	0.035394	
2180	0.034806	0.029336	0.029638	0.031023	0.031252	0.032122	0.032731	0.027714	0.030561	0.035515	
2185	0.033109	0.027970	0.028730	0.029675	0.031455	0.030704	0.033075	0.027854	0.032835	0.034554	
2190	0.033502	0.027344	0.027725	0.029502	0.030202	0.029263	0.031926	0.030494	0.031362	0.034981	
2195	0.032715	0.029160	0.026887	0.033579	0.028067	0.025551	0.030270	0.031149	0.029322	0.037687	
2200	0.029823	0.029492	0.027476	0.033617	0.028574	0.025668	0.031366	0.032349	0.026942	0.037719	
2205	0.029613	0.029095	0.026597	0.033586	0.028550	0.026877	0.030475	0.036762	0.026212	0.038133	
2210	0.032791	0.028588	0.029084	0.034301	0.025661	0.025788	0.025718	0.036544	0.024200	0.040214	
2215	0.031436	0.029122	0.030741	0.032613	0.026948	0.027208	0.027281	0.035584	0.023413	0.039955	
2220	0.031136	0.029606	0.029482	0.033801	0.025663	0.027176	0.028485	0.032889	0.023898	0.039516	
2225	0.028144	0.028927	0.029643	0.034263	0.025426	0.026829	0.028971	0.030469	0.023181	0.040955	
2230	0.026685	0.028710	0.030409	0.032570	0.023801	0.023645	0.027617	0.027365	0.026051	0.041031	
2235	0.028030	0.026629	0.030602	0.033256	0.024162	0.023357	0.026609	0.025244	0.025122	0.040404	
2240	0.027744	0.024921	0.031141	0.034407	0.022066	0.023338	0.026788	0.025037	0.024505	0.039351	
2245	0.027027	0.023891	0.029605	0.036037	0.023171	0.022886	0.027202	0.026405	0.025389	0.037896	
2250	0.026134	0.024475	0.029183	0.035014	0.023012	0.022943	0.029628	0.024003	0.027435	0.039321	
2255	0.025014	0.025831	0.030773	0.035615	0.023015	0.024336	0.029368	0.024900	0.028278	0.038030	
2260	0.025177	0.023216	0.028816	0.034005	0.024012	0.026031	0.031694	0.027253	0.029979	0.035335	
2265	0.026699	0.026164	0.029939	0.031435	0.023816	0.026887	0.038182	0.029377	0.029127	0.033271	
2270	0.024442	0.024380	0.030513	0.030960	0.025414	0.027112	0.039826	0.029381	0.028908	0.032881	
2275	0.021870	0.025935	0.030697	0.033792	0.027748	0.031425	0.038942	0.029116	0.032385	0.031476	
2280	0.020154	0.024821	0.029736	0.034576	0.027567	0.032613	0.041799	0.028455	0.033949	0.031833	
2285	0.020040	0.023574	0.027870	0.035894	0.026429	0.033617	0.041809	0.027154	0.034803	0.029766	
2290	0.020652	0.024081	0.027590	0.034756	0.028474	0.032479	0.042122	0.029390	0.037124	0.028106	
2295	0.020815	0.023527	0.027058	0.033250	0.032602	0.031490	0.041910	0.028974	0.040391	0.028316	
2300	0.021676	0.023555	0.028877	0.032534	0.034028	0.028623	0.042387	0.032249	0.041475	0.027410	
2305	0.022511	0.022404	0.029314	0.032620	0.034590	0.028560	0.040817	0.032216	0.040034	0.028046	
2310	0.024254	0.022854	0.026439	0.031312	0.033773	0.028459	0.042944	0.033155	0.039569	0.028908	
2315	0.026518	0.022874	0.026718	0.033247	0.033492	0.028184	0.044469	0.032103	0.040851	0.030242	
2320	0.029258	0.025435	0.026683	0.036440	0.031098	0.027486	0.044631	0.029847	0.040469	0.029780	
2325	0.031314	0.026281	0.026811	0.035767	0.031416	0.028077	0.044730	0.033320	0.040443	0.031330	
2330	0.033632	0.027640	0.025847	0.035152	0.031579	0.026751	0.040929	0.028719	0.038241	0.030775	
2335	0.033955	0.025113	0.025776	0.031955	0.032478	0.025734	0.039750	0.030505	0.035855	0.033707	
2340	0.035587	0.023907	0.024774	0.031485	0.031865	0.026838	0.037039	0.032184	0.034838	0.032707	
2345	0.037582	0.024398	0.025081	0.028555	0.031094	0.026726	0.036257	0.032128	0.031770	0.034152	
2350	0.038744	0.024727	0.024654	0.028891	0.029927	0.026575	0.034452	0.032920	0.032137	0.034338	
2355	0.038947	0.025984	0.022811	0.029562	0.029763	0.025999	0.034546	0.031279	0.029711	0.033334	
2360	0.040635	0.025300	0.026395	0.029796	0.032443	0.024671	0.032994	0.034185	0.029668	0.032776	
2365	0.039726	0.024913	0.029669	0.028898	0.031544	0.025189	0.031232	0.031619	0.028979	0.034549	
2370	0.039316	0.027953	0.028989	0.026965	0.032150	0.027304	0.031640	0.028176	0.028656	0.036324	
2375	0.035423	0.029883	0.032852	0.026628	0.032915	0.027318	0.032992	0.027624	0.027857	0.032586	
2380	0.035302	0.027775	0.029269	0.024757	0.032029	0.025318	0.033869	0.028128	0.027636	0.030715	
2385	0.033950	0.029066	0.028912	0.023294	0.030320	0.024479	0.035061	0.028303	0.028210	0.032429	
2390	0.032500	0.029513	0.028668	0.022365	0.029989	0.025608	0.035034	0.029562	0.029011	0.033299	
2395	0.032355	0.028428	0.027659	0.020958	0.028112	0.024274	0.035136	0.028265	0.028425	0.034685	
2400	0.030123	0.029266	0.027821	0.022102	0.028725	0.025340	0.032775	0.024471	0.030004	0.033526	
2405	0.029943	0.030042	0.029100	0.020922	0.029597	0.022708	0.030690	0.022211	0.030848	0.029359	
2410	0.029486	0.030612	0.030287	0.020048	0.027687	0.022683	0.029062	0.022304	0.029728	0.030462	
2415	0.028534	0.030838	0.031756	0.021965	0.030234	0.022908	0.027923	0.022303	0.029567	0.031288	
2420	0.027296	0.030241	0.031920	0.022436	0.030354	0.021358	0.028544	0.026086	0.030009	0.033415	
2425	0.027405	0.029708	0.029810	0.027340	0.027031	0.022052	0.028108	0.027471	0.030959	0.032210	
2430	0.026500	0.027526	0.031079	0.030522	0.026650	0.020515	0.027625	0.030373	0.031842	0.032910	
2435	0.027208	0.025030	0.030910	0.033704	0.029073	0.020201	0.025512	0.031269	0.029401	0.031735	
2440	0.024545	0.024658	0.032899	0.036835	0.028045	0.022144	0.025588	0.030635	0.031123	0.030760	
2445	0.020645	0.025887	0.036481	0.039265	0.028606	0.021545	0.025724	0.030830	0.034086	0.028824	
2450	0.019630	0.027428	0.035017	0.037530	0.030213	0.021062	0.025519	0.033849	0.031567	0.029447	
2455	0.020294	0.025008	0.036960	0.039679	0.033179	0.021270	0.025838	0.034878	0.031547	0.028204	
2460	0.020912	0.024107	0.036585	0.035119	0.034539	0.023031	0.027569	0.038907	0.029852	0.027828	
2465	0.020115	0.023815	0.034683	0.034577	0.036420	0.024688	0.026187	0.042123	0.029943	0.026289	
2470	0.018476	0.025211	0.035548	0.034741	0.035093	0.025180	0.024936	0.042948	0.030587	0.025369	
2475	0.018598	0.026798	0.036379	0.033862	0.033545	0.023267	0.026146	0.041818	0.029723	0.025504	
2480	0.017940	0.026749	0.037595	0.030484	0.036010	0.022935	0.024032	0.042917	0.030838	0.026047	
2485	0.016001	0.024748	0.036452	0.028938	0.037257	0.022709	0.026441	0.040616	0.028376	0.027605	
2490	0.015675	0.026583	0.035478	0.028610	0.037084	0.023259	0.025903	0.038724	0.027929	0.031315	
2495	0.016608	0.025479	0.032039	0.026977	0.035230	0.024238	0.024637	0.036832	0.026811	0.031451	
2500	0.018435	0.028069	0.031285	0.026675	0.036112	0.025732	0.025975	0.033410	0.028917	0.032980	
2505	0.018826	0.028764	0.031461	0.027092	0.036305	0.026465	0.026580	0.035180	0.028049	0.031411	
2510	0.019806	0.030334	0.030880	0.029355	0.038112	0.024599	0.028025	0.031020	0.026415	0.031012	
2515	0.022706	0.030374	0.029309	0.028770	0.037917	0.022488	0.027840	0.031891	0.026283	0.030615	
2520	0.023660	0.030766	0.029280	0.028446	0.036654	0.021699	0.027446	0.032665	0.026568	0.029907	
2525	0.029357	0.031625	0.032818	0.027636	0.036023	0.019847	0.026521	0.033191	0.027573	0.030962	
2530	0.032866	0.036088	0.036840	0.027333	0.040997	0.019530	0.025573	0.031265	0.028369	0.031017	
2535	0.034823	0.035293	0.036079	0.025855	0.037768	0.018169	0.027197	0.031485	0.026800	0.031362	
2540	0.036930	0.036314	0.037282	0.025241	0.038527	0.017281	0.028699	0.029703	0.027482	0.032242	
2545	0.036344	0.037784	0.035780	0.024258	0.042049	0.018792	0.026037	0.031375	0.024470	0.031087	
2550	0.038499	0.033831	0.035042	0.025388	0.041628	0.019323	0.024974	0.031605	0.024293	0.031987	
2555	0.040801	0.029652	0.034491	0.025934	0.040755	0.019669	0.024092	0.030722	0.022161	0.029850	
2560	0.040114	0.029052	0.033011	0.026072	0.037731	0.021599	0.024325	0.029269	0.022415	0.029452	
2565	0.042031	0.026771	0.032075	0.024441	0.037420	0.022167	0.023625	0.027137	0.023300	0.029957	
2570	0.043800	0.024596	0.031632	0.023330	0.035044	0.021431	0.025748	0.024207	0.020686	0.030769	
2575	0.042726	0.023611	0.032164	0.023574	0.033877	0.024507	0.025616	0.026523	0.023139	0.031480	
2580	0.042815	0.023723	0.031142	0.026422	0.034077	0.026721	0.025834	0.029125	0.019691	0.031470	
2585	0.039213	0.021894	0.029653	0.025991	0.033354	0.025888	0.026801	0.027964	0.021012	0.030890	
2590	0.037440	0.024811	0.028798	0.028315	0.029857	0.025980	0.028135	0.027167	0.019517	0.031437	
2595	0.034990	0.027410	0.029995	0.027131	0.029881	0.027530	0.029850	0.027399	0.019759	0.031260	
2600	0.033443	0.029632	0.028849	0.026929	0.030340	0.027817	0.028473	0.028723	0.020248	0.029523	
2605	0.032717	0.032165	0.028290	0.030934	0.028922	0.029168	0.029188	0.028738	0.021236	0.029627	
2610	0.030609	0.030620	0.028457	0.032573	0.029548	0.030036	0.030133	0.030003	0.024473	0.028590	
2615	0.027919	0.030547	0.028215	0.033416	0.029749	0.031173	0.029304	0.028120	0.026733	0.030809	
2620	0.026498	0.033609	0.030823	0.033467	0.028141	0.035723	0.030302	0.031425	0.027566	0.030002	
2625	0.025986	0.032991	0.029714	0.033016	0.029229	0.038576	0.030847	0.032159	0.024365	0.029758	
2630	0.025472	0.038272	0.028581	0.032933	0.027315	0.038709	0.030874	0.032703	0.026817	0.030720	
2635	0.024056	0.039591	0.028176	0.035368	0.026940	0.037522	0.031795	0.035592	0.028866	0.029857	
2640	0.022344	0.037077	0.026786	0.036200	0.027300	0.038098	0.029139	0.038500	0.030236	0.026881	
2645	0.021228	0.036106	0.029328	0.036269	0.026412	0.037072	0.030777	0.036723	0.032313	0.028067	
2650	0.019757	0.036981	0.029309	0.036798	0.026909	0.036680	0.030832	0.037544	0.034199	0.025483	
2655	0.018622	0.034142	0.030074	0.037854	0.025578	0.037879	0.031607	0.041868	0.032000	0.024711	
2660	0.020208	0.034912	0.032051	0.036394	0.025582	0.035487	0.035887	0.045448	0.031476	0.023921	
2665	0.020630	0.033749	0.033459	0.037430	0.026498	0.033813	0.037518	0.047446	0.034195	0.024269	
2670	0.019662	0.034048	0.033319	0.037899	0.025474	0.030728	0.039356	0.047773	0.034569	0.022575	
2675	0.018918	0.033401	0.033985	0.039627	0.029838	0.032771	0.040218	0.048107	0.032005	0.023188	
2680	0.019803	0.029112	0.034976	0.040368	0.028252	0.035424	0.037712	0.047459	0.031383	0.023402	
2685	0.021964	0.032980	0.036241	0.039009	0.027955	0.034914	0.037695	0.047809	0.030680	0.023184	
2690	0.021161	0.030719	0.036253	0.040044	0.031184	0.034982	0.038815	0.047279	0.026463	0.020793	
2695	0.018020	0.030717	0.036203	0.038170	0.031415	0.032620	0.037666	0.047319	0.028019	0.020231	
2700	0.016659	0.030980	0.036852	0.039889	0.030378	0.032148	0.036244	0.046050	0.026138	0.021285	
2705	0.015939	0.029427	0.037895	0.039286	0.030771	0.032722	0.036984	0.044148	0.024199	0.021248	
2710	0.015784	0.027648	0.040367	0.041079	0.031455	0.031712	0.033208	0.040606	0.023175	0.018271	
2715	0.017178	0.028619	0.042769	0.042545	0.033068	0.031804	0.033114	0.038937	0.023462	0.020057	
2720	0.016712	0.029550	0.040937	0.042436	0.033278	0.030096	0.031168	0.038358	0.022141	0.019534	
2725	0.018383	0.028358	0.038166	0.041939	0.033876	0.030403	0.030077	0.037990	0.022519	0.019924	
2730	0.021544	0.027879	0.036149	0.040273	0.034878	0.032861	0.030148	0.037577	0.024036	0.021357	
2735	0.023901	0.027141	0.037824	0.038373	0.035408	0.033108	0.027383	0.036079	0.024820	0.021540	
2740	0.026184	0.028029	0.038254	0.038715	0.035958	0.032420	0.026046	0.035077	0.025351	0.021086	
2745	0.029537	0.028477	0.035587	0.037922	0.035453	0.031925	0.025090	0.034118	0.027705	0.020599	
2750	0.030095	0.027971	0.034583	0.036064	0.033962	0.030248	0.025851	0.034362	0.030142	0.021929	
2755	0.031154	0.029161	0.035683	0.035551	0.030993	0.029960	0.028903	0.035419	0.030146	0.024148	
2760	0.033319	0.030077	0.033891	0.033755	0.033578	0.027273	0.031072	0.035186	0.029285	0.022399	
2765	0.036744	0.030868	0.032037	0.032368	0.032371	0.025467	0.029757	0.034826	0.030093	0.021468	
2770	0.037491	0.032121	0.030699	0.030947	0.031330	0.023569	0.030909	0.032093	0.030505	0.022249	
2775	0.036656	0.033393	0.031762	0.031136	0.030227	0.022143	0.030968	0.034373	0.030802	0.022391	
2780	0.035634	0.035363	0.030713	0.031708	0.030187	0.025356	0.032558	0.035382	0.031244	0.021785	
2785	0.035936	0.042553	0.029014	0.031918	0.030988	0.021874	0.034623	0.038155	0.032153	0.023729	
2790	0.034026	0.040987	0.027357	0.032952	0.033190	0.022681	0.034500	0.041531	0.032448	0.026114	
2795	0.034568	0.042140	0.025027	0.032468	0.032554	0.022266	0.036860	0.042890	0.032140	0.027138	
2800	0.031766	0.042007	0.023939	0.032570	0.031630	0.023860	0.035723	0.045194	0.031617	0.026936	
2805	0.029476	0.041011	0.023558	0.033080	0.030001	0.023243	0.035464	0.043958	0.031511	0.027227	
2810	0.028493	0.042060	0.023703	0.032692	0.028773	0.022563	0.035439	0.046833	0.031787	0.027588	
2815	0.026418	0.040755	0.023658	0.031175	0.029538	0.022342	0.031958	0.045969	0.032024	0.030083	
2820	0.028273	0.039439	0.024204	0.030941	0.025647	0.022676	0.032289	0.045906	0.030896	0.031349	
2825	0.028676	0.041621	0.023936	0.030367	0.024832	0.025679	0.029892	0.045568	0.028290	0.030348	
2830	0.026344	0.040714	0.026462	0.029927	0.025502	0.023728	0.028388	0.046765	0.026368	0.033002	
2835	0.023232	0.035083	0.029174	0.031102	0.023892	0.025944	0.029257	0.043523	0.025561	0.031711	
2840	0.024488	0.033919	0.035022	0.030569	0.023614	0.025418	0.029000	0.041648	0.027268	0.031980	
2845	0.025259	0.033362	0.036002	0.027413	0.023241	0.022998	0.031162	0.041097	0.030105	0.033981	
2850	0.023631	0.031566	0.038426	0.027477	0.023089	0.024587	0.031562	0.042852	0.027200	0.033352	
2855	0.025052	0.031225	0.037703	0.030835	0.023891	0.023929	0.031618	0.041864	0.024952	0.034141	
2860	0.024989	0.030311	0.038633	0.028492	0.025325	0.024784	0.031538	0.040563	0.023973	0.033269	
2865	0.024804	0.029749	0.040056	0.025217	0.025588	0.025009	0.031893	0.040479	0.024224	0.035117	
2870	0.024135	0.030188	0.038546	0.023991	0.026065	0.024808	0.032290	0.038236	0.026303	0.035526	
2875	0.022679	0.027209	0.038455	0.023554	0.027814	0.027920	0.032089	0.034687	0.026464	0.036941	
2880	0.023209	0.028070	0.038343	0.024128	0.027836	0.030077	0.032806	0.033571	0.024219	0.038803	
2885	0.026880	0.027048	0.038063	0.021882	0.028943	0.029422	0.033488	0.030830	0.026062	0.035824	
2890	0.026493	0.025063	0.036874	0.020666	0.028489	0.029516	0.035471	0.031897	0.024713	0.036809	
2895	0.026990	0.026355	0.036006	0.022292	0.030318	0.029827	0.040534	0.031304	0.023650	0.039408	
2900	0.029984	0.027912	0.035823	0.023960	0.032216	0.029733	0.039652	0.031415	0.026097	0.037873	
2905	0.033868	0.027345	0.035355	0.024991	0.031190	0.031199	0.039505	0.032760	0.024577	0.034917	
2910	0.035600	0.026501	0.032652	0.025352	0.029784	0.032315	0.037472	0.031771	0.023409	0.036476	
2915	0.037281	0.027299	0.032935	0.024936	0.030261	0.033350	0.034856	0.030244	0.024150	0.034177	
2920	0.037785	0.027367	0.031462	0.022973	0.027884	0.033420	0.034957	0.027832	0.024981	0.035542	
2925	0.039269	0.028144	0.029211	0.025640	0.029290	0.033759	0.037217	0.025017	0.025851	0.038446	
2930	0.040353	0.027803	0.027924	0.028564	0.030206	0.031538	0.037931	0.025087	0.026003	0.037975	
2935	0.039640	0.030092	0.028621	0.032417	0.032241	0.034760	0.040259	0.025817	0.024657	0.037801	
2940	0.039949	0.031145	0.028170	0.034320	0.032521	0.035157	0.040602	0.024649	0.025248	0.035617	
2945	0.038169	0.033756	0.029804	0.034129	0.033792	0.036590	0.040046	0.023976	0.020775	0.035800	
2950	0.035553	0.035188	0.025341	0.036492	0.034138	0.035506	0.039331	0.024233	0.022214	0.035126	
2955	0.034192	0.034996	0.025113	0.036003	0.033512	0.036612	0.036496	0.024952	0.019304	0.038418	
2960	0.032917	0.035670	0.024392	0.036615	0.033206	0.037545	0.036123	0.026439	0.017924	0.037500	
2965	0.031862	0.041377	0.024548	0.039276	0.034013	0.037910	0.037693	0.030738	0.018345	0.036905	
2970	0.032370	0.042001	0.026381	0.037030	0.034470	0.037853	0.035551	0.032197	0.021460	0.038027	
2975	0.033192	0.040474	0.023932	0.035725	0.036153	0.037648	0.032929	0.032396	0.022256	0.038754	
2980	0.032559	0.039809	0.023731	0.036061	0.035625	0.036026	0.031999	0.036185	0.021399	0.036747	
2985	0.032654	0.039969	0.024629	0.037190	0.036195	0.036070	0.029761	0.036091	0.021880	0.036204	
2990	0.030785	0.039996	0.026219	0.039564	0.035795	0.037295	0.031814	0.038405	0.022919	0.039206	
2995	0.031656	0.034282	0.026358	0.038046	0.033104	0.037377	0.033966	0.037099	0.024543	0.037921	
3000	0.033091	0.033264	0.024409	0.037516	0.032763	0.038283	0.029762	0.035475	0.026701	0.037929	
