T	rep_1	rep_2	rep_3	rep_4	rep_5	rep_6	rep_7	rep_8	rep_9	rep_10
5	0.000000	0.000000	0.000000	0.000000	0.000000	0.000000	0.000000	0.000000	0.000000	0.000000	
10	0.000000	0.000000	0.000000	0.000000	0.000000	0.000000	0.000000	0.000000	0.000000	0.000000	
15	0.000000	0.000000	0.000000	0.000000	0.000000	0.000000	0.000000	0.000000	0.000000	0.000000	
20	0.000000	0.000000	0.000000	0.000000	0.000000	0.000000	0.000000	0.000000	0.000000	0.000000	
25	0.000000	0.000000	0.000000	0.000000	0.000000	0.000000	0.000000	0.000000	0.000000	0.000000	
30	0.000000	0.000000	0.000000	0.000000	0.000000	0.000000	0.000000	0.000000	0.000000	0.000000	
35	0.000000	0.000000	0.000000	0.000000	0.000000	0.000000	0.000000	0.000000	0.000000	0.000000	
40	0.000000	0.000000	0.000000	0.000000	0.000000	0.000000	0.000000	0.000000	0.000000	0.000000	
45	0.000000	0.000000	0.000000	0.000000	0.000000	0.000000	0.000000	0.000000	0.000000	0.000000	
50	0.000000	0.000000	0.000000	0.000000	0.000000	0.000000	0.000000	0.000000	0.000000	0.000000	
55	0.000000	0.000000	0.000000	0.000000	0.000000	0.000000	0.000000	0.000000	0.000000	0.000000	
60	0.000000	0.000000	0.000000	0.000000	0.000000	0.000000	0.000000	0.000000	0.000000	0.000000	
65	0.000000	0.000000	0.000000	0.000000	0.000000	0.000000	0.000000	0.000000	0.000000	0.000000	
70	0.000000	0.000000	0.000000	0.000000	0.000000	0.000000	0.000000	0.000000	0.000000	0.000000	
75	0.000000	0.000000	0.000000	0.000000	0.000000	0.000000	0.000000	0.000000	0.000000	0.000000	
80	0.000000	0.000000	0.000000	0.000000	0.000000	0.000000	0.000000	0.000000	0.000000	0.000000	
85	0.000000	0.000000	0.000000	0.000000	0.000000	0.000000	0.000000	0.000000	0.000000	0.000000	
90	0.000000	0.000000	0.000000	0.000000	0.000000	0.000000	0.000000	0.000000	0.000000	0.000000	
95	0.000000	0.000000	0.000000	0.000000	0.000000	0.000000	0.000000	0.000000	0.000000	0.000000	
100	0.000000	0.000000	0.000000	0.000000	0.000000	0.000000	0.000000	0.000000	0.000000	0.000000	
105	0.002466	0.001398	0.001314	0.001241	0.001492	0.001951	0.001201	0.001493	0.002381	0.002018	
110	0.003927	0.004614	0.003460	0.003609	0.004156	0.004937	0.002869	0.004974	0.005387	0.004621	
115	0.007422	0.008150	0.006002	0.005673	0.008539	0.008874	0.005137	0.007540	0.008248	0.008931	
120	0.010767	0.013718	0.010089	0.011116	0.012833	0.011453	0.008274	0.012043	0.013053	0.017390	
125	0.013622	0.017901	0.016870	0.013355	0.016866	0.015761	0.010868	0.020200	0.017735	0.020718	
130	0.018759	0.023570	0.023025	0.017033	0.018808	0.021578	0.015628	0.026269	0.025221	0.026745	
135	0.024313	0.027854	0.027097	0.020252	0.027082	0.030357	0.021494	0.035589	0.033401	0.034682	
140	0.032645	0.029376	0.027163	0.023814	0.032297	0.041291	0.028050	0.047490	0.039529	0.041836	
145	0.040882	0.038019	0.029433	0.028683	0.038704	0.049258	0.037038	0.056922	0.041935	0.047060	
150	0.046981	0.043351	0.030177	0.036984	0.045633	0.055475	0.040913	0.065436	0.048467	0.051078	
155	0.058037	0.050162	0.033603	0.041565	0.053679	0.066799	0.043147	0.071450	0.053083	0.055540	
160	0.069101	0.056361	0.034679	0.045887	0.060811	0.080466	0.046232	0.081409	0.060714	0.070367	
165	0.078417	0.060460	0.036661	0.053607	0.063036	0.094790	0.054005	0.088746	0.067746	0.081841	
170	0.089251	0.068343	0.037134	0.060088	0.066880	0.104099	0.060022	0.097326	0.075035	0.091709	
175	0.093104	0.079429	0.042306	0.064855	0.072487	0.115461	0.065938	0.102828	0.080691	0.102231	
180	0.101560	0.081729	0.051848	0.066893	0.076147	0.126176	0.070036	0.115194	0.083615	0.109007	
185	0.103183	0.087678	0.055391	0.074716	0.076156	0.142185	0.077490	0.122524	0.086584	0.118985	
190	0.105731	0.090819	0.064160	0.082928	0.080412	0.150995	0.085285	0.130808	0.091120	0.122711	
195	0.107694	0.096240	0.069680	0.089722	0.085270	0.154664	0.087832	0.140844	0.095652	0.125928	
200	0.109916	0.102988	0.074355	0.098311	0.093038	0.162141	0.093040	0.151237	0.095492	0.135200	
205	0.111539	0.111504	0.081455	0.105586	0.099744	0.163997	0.095938	0.161717	0.095943	0.142770	
210	0.114212	0.116725	0.086371	0.116468	0.101911	0.167800	0.098814	0.163979	0.098246	0.144324	
215	0.115342	0.129771	0.095138	0.128030	0.105540	0.171878	0.104484	0.175779	0.100117	0.152366	
220	0.115794	0.140187	0.101783	0.133255	0.111574	0.172903	0.110422	0.188052	0.103614	0.154583	
225	0.114839	0.148524	0.106597	0.144200	0.113320	0.175353	0.111992	0.193681	0.106137	0.161832	
230	0.119820	0.161787	0.110784	0.148422	0.119500	0.172943	0.116875	0.195229	0.110667	0.165132	
235	0.124836	0.170724	0.114811	0.156844	0.124212	0.173823	0.121775	0.207975	0.113180	0.166537	
240	0.124276	0.177427	0.120875	0.163449	0.134303	0.172420	0.122125	0.219446	0.114390	0.170996	
245	0.129264	0.184018	0.120669	0.166201	0.141761	0.175966	0.127361	0.231736	0.117425	0.170154	
250	0.131116	0.198453	0.126409	0.173027	0.146592	0.181719	0.132817	0.239914	0.120929	0.172924	
255	0.132853	0.206292	0.128475	0.174972	0.152171	0.182212	0.135895	0.245664	0.125129	0.171287	
260	0.129656	0.212759	0.132950	0.177395	0.162554	0.184154	0.134485	0.249643	0.129253	0.171517	
265	0.128913	0.218793	0.144151	0.179547	0.172281	0.188288	0.140705	0.246267	0.132596	0.172618	
270	0.131526	0.224922	0.149093	0.183412	0.179734	0.187995	0.149186	0.249357	0.135312	0.177197	
275	0.136460	0.235830	0.155544	0.190105	0.187791	0.183841	0.158280	0.253899	0.139803	0.179559	
280	0.137958	0.242120	0.159141	0.197697	0.194747	0.183227	0.163019	0.259777	0.141675	0.180344	
285	0.141224	0.247144	0.166193	0.205750	0.201458	0.183643	0.165252	0.265394	0.144214	0.182377	
290	0.146441	0.250402	0.176534	0.216111	0.211032	0.187211	0.170717	0.270376	0.140165	0.186729	
295	0.149327	0.255141	0.178317	0.224106	0.211545	0.192470	0.173716	0.268366	0.148577	0.185099	
300	0.153917	0.257568	0.183788	0.228073	0.213178	0.197310	0.177752	0.272186	0.155527	0.189299	
305	0.160323	0.269793	0.184252	0.230666	0.217063	0.203244	0.174188	0.277134	0.158747	0.195628	
310	0.166216	0.286971	0.188191	0.232180	0.221907	0.198589	0.182387	0.279055	0.162355	0.199328	
315	0.168164	0.291181	0.191565	0.237642	0.224529	0.201432	0.183827	0.278697	0.163839	0.203507	
320	0.171127	0.300319	0.194987	0.240066	0.229012	0.203113	0.191572	0.279284	0.171121	0.209683	
325	0.177834	0.311228	0.197961	0.240693	0.230311	0.203596	0.194018	0.280423	0.171392	0.209359	
330	0.182110	0.318493	0.204595	0.248789	0.231511	0.205963	0.197385	0.279764	0.173371	0.210449	
335	0.180997	0.321369	0.207359	0.255778	0.235568	0.205646	0.199827	0.280892	0.171009	0.212171	
340	0.183752	0.321502	0.208764	0.260190	0.238637	0.208000	0.208879	0.280097	0.172597	0.214710	
345	0.188364	0.327301	0.212331	0.266000	0.237800	0.213248	0.208772	0.286608	0.175867	0.213895	
350	0.195061	0.332737	0.213306	0.264959	0.236587	0.221970	0.219286	0.288596	0.182168	0.214468	
355	0.205686	0.337740	0.216552	0.267728	0.235573	0.229310	0.221583	0.288105	0.186699	0.219204	
360	0.208785	0.343814	0.222508	0.269194	0.237024	0.238667	0.226035	0.291717	0.193468	0.222427	
365	0.211188	0.337157	0.226891	0.269718	0.238173	0.247672	0.225498	0.293814	0.195248	0.222354	
370	0.212826	0.327747	0.235287	0.271112	0.240033	0.257829	0.227460	0.290297	0.199784	0.223762	
375	0.216173	0.316730	0.238261	0.273559	0.242981	0.264519	0.225450	0.291764	0.208008	0.226179	
380	0.218984	0.311620	0.244657	0.274650	0.245176	0.266208	0.228194	0.297800	0.217189	0.230998	
385	0.222148	0.304871	0.248214	0.279531	0.247014	0.271612	0.232333	0.297543	0.221339	0.232568	
390	0.226003	0.289239	0.251390	0.279476	0.246288	0.279108	0.233684	0.296818	0.226864	0.234446	
395	0.226716	0.268336	0.254908	0.281095	0.248651	0.283870	0.236619	0.300265	0.234634	0.233492	
400	0.232101	0.254681	0.253622	0.282924	0.250725	0.282190	0.238983	0.303872	0.239740	0.230328	
405	0.237135	0.245461	0.258776	0.280871	0.249146	0.285067	0.240505	0.305428	0.247100	0.240180	
410	0.245231	0.236122	0.257011	0.281779	0.251638	0.292454	0.243860	0.305484	0.256950	0.240547	
415	0.249104	0.227305	0.256785	0.282253	0.253465	0.300789	0.240745	0.305745	0.264020	0.246105	
420	0.252348	0.224110	0.261996	0.281695	0.252957	0.306074	0.243819	0.310453	0.269022	0.245190	
425	0.256122	0.228975	0.261846	0.279875	0.257026	0.307182	0.247404	0.316616	0.272998	0.252789	
430	0.262096	0.224577	0.261069	0.282313	0.254816	0.300174	0.248434	0.315712	0.277358	0.257074	
435	0.261261	0.219715	0.259295	0.281217	0.256804	0.301061	0.252397	0.316512	0.282337	0.257803	
440	0.265803	0.221768	0.259873	0.281009	0.258623	0.308019	0.250309	0.318090	0.282091	0.267457	
445	0.268551	0.215139	0.262213	0.282725	0.262651	0.307699	0.253098	0.318605	0.282541	0.269047	
450	0.273177	0.206811	0.268630	0.294012	0.265809	0.309772	0.251845	0.320440	0.286878	0.270041	
455	0.275177	0.199981	0.269520	0.298752	0.271803	0.303099	0.254575	0.313260	0.289457	0.270746	
460	0.281125	0.196691	0.269948	0.301128	0.271056	0.298483	0.259856	0.309074	0.291937	0.273475	
465	0.284359	0.190221	0.268806	0.303273	0.272680	0.302905	0.260513	0.309607	0.290260	0.272999	
470	0.290175	0.188525	0.268312	0.305316	0.272903	0.299701	0.269857	0.304797	0.291479	0.273050	
475	0.290326	0.191261	0.270219	0.307014	0.275015	0.292964	0.272784	0.309107	0.300825	0.268129	
480	0.295648	0.196171	0.277372	0.312073	0.280453	0.289642	0.275162	0.303845	0.300868	0.263654	
485	0.294103	0.198638	0.272229	0.307600	0.284818	0.285757	0.278638	0.307681	0.301724	0.265892	
490	0.293193	0.200060	0.280922	0.308375	0.282991	0.275739	0.281835	0.310043	0.303662	0.256588	
495	0.295782	0.206050	0.275370	0.311851	0.282720	0.260817	0.284518	0.303510	0.309715	0.252762	
500	0.297207	0.206002	0.277920	0.316095	0.285102	0.244279	0.286841	0.295106	0.312244	0.246778	
505	0.297711	0.216521	0.281112	0.312349	0.285993	0.230224	0.291780	0.286712	0.316285	0.241500	
510	0.303688	0.228504	0.277491	0.312065	0.290623	0.220859	0.294496	0.278844	0.310354	0.232710	
515	0.307449	0.237459	0.279574	0.313352	0.289722	0.221958	0.296894	0.278701	0.304020	0.232759	
520	0.306666	0.238064	0.284027	0.317258	0.287700	0.205404	0.299743	0.279078	0.287622	0.229987	
525	0.308602	0.241003	0.287015	0.313201	0.285148	0.207071	0.299776	0.271977	0.271748	0.225502	
530	0.305783	0.250676	0.285639	0.319401	0.290030	0.212294	0.301985	0.269252	0.252753	0.217559	
535	0.299707	0.254961	0.286494	0.310492	0.292140	0.218887	0.299121	0.270647	0.236857	0.219060	
540	0.295595	0.265893	0.285430	0.309092	0.290407	0.217542	0.297164	0.266533	0.229134	0.217402	
545	0.288803	0.264738	0.282122	0.305763	0.290640	0.213576	0.293161	0.261346	0.216103	0.214035	
550	0.279988	0.256179	0.282111	0.301593	0.291005	0.215393	0.290949	0.257316	0.213939	0.212820	
555	0.273632	0.258041	0.281189	0.293378	0.287423	0.224339	0.282590	0.255591	0.213979	0.211756	
560	0.269685	0.263334	0.283476	0.287665	0.286446	0.225444	0.277003	0.254539	0.206220	0.209411	
565	0.260220	0.261180	0.284877	0.280412	0.286919	0.236696	0.270216	0.255652	0.202549	0.213523	
570	0.255007	0.264296	0.285680	0.283807	0.283340	0.238316	0.265715	0.254168	0.207553	0.216533	
575	0.248484	0.259334	0.277795	0.283102	0.285845	0.232074	0.272816	0.261096	0.206419	0.219305	
580	0.240177	0.263103	0.274355	0.283887	0.285452	0.232049	0.272360	0.260825	0.207603	0.223903	
585	0.236128	0.260580	0.273750	0.282354	0.278429	0.233424	0.277657	0.261586	0.206975	0.223051	
590	0.245249	0.261067	0.271948	0.278986	0.274425	0.234514	0.278047	0.262884	0.209596	0.224911	
595	0.239189	0.260265	0.271361	0.279785	0.279125	0.233100	0.282368	0.263411	0.214973	0.228058	
600	0.238752	0.266116	0.262801	0.284193	0.284192	0.239456	0.285133	0.265219	0.214406	0.233336	
605	0.233366	0.272538	0.259988	0.283596	0.285198	0.242899	0.296862	0.266114	0.225302	0.234741	
610	0.234917	0.267655	0.259709	0.287145	0.289470	0.247342	0.294688	0.266785	0.231652	0.237065	
615	0.240688	0.273385	0.255130	0.277188	0.285683	0.259533	0.296958	0.263692	0.235159	0.241750	
620	0.241652	0.274914	0.253572	0.274464	0.284209	0.266981	0.294687	0.256817	0.246299	0.241199	
625	0.243718	0.271392	0.252399	0.276204	0.287090	0.262383	0.295174	0.259692	0.253881	0.243385	
630	0.235209	0.274579	0.251020	0.279611	0.286563	0.274636	0.289336	0.259019	0.261904	0.246856	
635	0.229768	0.274190	0.247122	0.283138	0.286974	0.275943	0.284640	0.260766	0.268624	0.253258	
640	0.229360	0.273165	0.241935	0.280882	0.284301	0.278711	0.280860	0.259464	0.280276	0.257732	
645	0.230852	0.273615	0.238121	0.282131	0.276288	0.289173	0.270470	0.261900	0.289363	0.263667	
650	0.239495	0.264995	0.237424	0.279787	0.276565	0.290957	0.270427	0.263115	0.296860	0.265737	
655	0.243769	0.266636	0.240771	0.278052	0.270346	0.293839	0.267607	0.259008	0.305748	0.266086	
660	0.248920	0.269499	0.242590	0.281109	0.258930	0.296428	0.270682	0.257574	0.311016	0.274868	
665	0.247853	0.264901	0.237798	0.284127	0.256592	0.302142	0.274999	0.256897	0.316126	0.266491	
670	0.242039	0.266127	0.238466	0.286898	0.252415	0.301326	0.277670	0.253318	0.316893	0.261845	
675	0.243061	0.263114	0.237241	0.289443	0.250673	0.303174	0.280359	0.249506	0.317867	0.262699	
680	0.236027	0.262774	0.238322	0.291434	0.249375	0.308742	0.282870	0.252163	0.314312	0.263020	
685	0.234513	0.257457	0.238947	0.289441	0.248498	0.310633	0.277971	0.248592	0.307569	0.268015	
690	0.230172	0.247990	0.235490	0.289851	0.246508	0.303486	0.272825	0.250251	0.305788	0.270600	
695	0.232327	0.246386	0.238056	0.283425	0.248068	0.306320	0.274143	0.254835	0.297566	0.268685	
700	0.238814	0.246636	0.241911	0.283013	0.247260	0.300452	0.274862	0.254733	0.290107	0.263264	
705	0.244534	0.248979	0.238771	0.280604	0.246879	0.299020	0.281632	0.260373	0.277761	0.254031	
710	0.249542	0.239389	0.235703	0.269981	0.251057	0.292481	0.283925	0.259508	0.268838	0.247176	
715	0.257622	0.235481	0.237868	0.266458	0.256127	0.280791	0.291658	0.257585	0.274589	0.244646	
720	0.253481	0.237827	0.237041	0.260974	0.258388	0.274142	0.291323	0.254702	0.272324	0.248435	
725	0.257135	0.235502	0.240985	0.264473	0.260342	0.264797	0.290387	0.259151	0.268897	0.242770	
730	0.254293	0.237986	0.238304	0.254138	0.267149	0.253307	0.300686	0.267222	0.264120	0.248135	
735	0.259086	0.236695	0.238184	0.256914	0.269020	0.246375	0.306697	0.271469	0.256997	0.254157	
740	0.265394	0.235216	0.241079	0.254279	0.275673	0.234134	0.308628	0.275232	0.256640	0.244645	
745	0.267802	0.232972	0.239817	0.250276	0.275390	0.227401	0.314039	0.273956	0.248290	0.244777	
750	0.272750	0.232280	0.242337	0.260455	0.278063	0.231170	0.315757	0.282804	0.242969	0.244341	
755	0.273179	0.237624	0.244454	0.255893	0.277533	0.241455	0.309367	0.289514	0.233193	0.248530	
760	0.280409	0.244651	0.246932	0.256797	0.277949	0.244543	0.311369	0.296149	0.241852	0.244597	
765	0.276234	0.242009	0.242710	0.264183	0.283235	0.239622	0.309099	0.300745	0.247217	0.247196	
770	0.279449	0.237468	0.240342	0.260795	0.286265	0.236274	0.304900	0.293424	0.255335	0.237490	
775	0.285565	0.234815	0.246161	0.260586	0.288694	0.232825	0.309494	0.286555	0.254897	0.239932	
780	0.284619	0.234612	0.250483	0.252238	0.287969	0.230394	0.309920	0.278485	0.264261	0.241583	
785	0.277774	0.240902	0.259951	0.250011	0.291497	0.234063	0.312253	0.272580	0.270321	0.243000	
790	0.268300	0.252662	0.271217	0.255875	0.285924	0.234305	0.313577	0.262746	0.274274	0.238736	
795	0.274671	0.258222	0.273853	0.250968	0.290497	0.233595	0.308466	0.260878	0.269742	0.232620	
800	0.279052	0.257586	0.275978	0.252715	0.286240	0.232970	0.298824	0.253048	0.270165	0.225926	
805	0.278270	0.260757	0.276289	0.241527	0.284004	0.235858	0.294351	0.246128	0.274889	0.222480	
810	0.277040	0.269965	0.276589	0.242224	0.280021	0.238996	0.287583	0.246436	0.272984	0.217141	
815	0.275990	0.273946	0.266566	0.245538	0.282341	0.240245	0.283798	0.244232	0.272295	0.217869	
820	0.264660	0.275510	0.266757	0.250460	0.275787	0.243061	0.288162	0.238532	0.268387	0.210387	
825	0.259472	0.266848	0.268818	0.250314	0.266453	0.250187	0.282710	0.233672	0.270646	0.210716	
830	0.266611	0.266096	0.270582	0.245305	0.261918	0.250852	0.284992	0.228342	0.274432	0.213368	
835	0.257555	0.260097	0.270265	0.246379	0.259939	0.254040	0.285887	0.227583	0.269182	0.214031	
840	0.254627	0.259371	0.266792	0.246449	0.254690	0.256098	0.290874	0.230292	0.272530	0.218144	
845	0.252732	0.260268	0.266920	0.240360	0.250376	0.260227	0.290307	0.227748	0.273800	0.218494	
850	0.247254	0.257152	0.263219	0.236894	0.247862	0.260372	0.295853	0.232174	0.270239	0.221072	
855	0.244025	0.256163	0.265581	0.244021	0.248051	0.263607	0.294289	0.231697	0.267008	0.224461	
860	0.246963	0.258587	0.260821	0.245072	0.246758	0.276730	0.292046	0.236640	0.263056	0.230078	
865	0.240342	0.263944	0.257389	0.253403	0.247052	0.282331	0.290157	0.245032	0.264754	0.236795	
870	0.236458	0.265340	0.256541	0.252860	0.244265	0.290427	0.280282	0.237615	0.261643	0.239960	
875	0.237878	0.266975	0.249692	0.262027	0.249982	0.281582	0.276017	0.240344	0.263692	0.240077	
880	0.242283	0.261829	0.249955	0.253952	0.252665	0.285329	0.274408	0.241983	0.269035	0.240474	
885	0.240031	0.255821	0.247066	0.257367	0.250201	0.277494	0.275023	0.243110	0.269446	0.240476	
890	0.243606	0.258679	0.246922	0.255498	0.252265	0.283857	0.275440	0.245976	0.268509	0.248099	
895	0.243384	0.259265	0.248163	0.259217	0.248614	0.273696	0.285945	0.243769	0.275139	0.252163	
900	0.239853	0.254717	0.249321	0.271345	0.251948	0.262822	0.285034	0.250365	0.275122	0.257717	
905	0.254089	0.247610	0.255776	0.264413	0.253641	0.259791	0.288631	0.257082	0.270171	0.257891	
910	0.251344	0.244217	0.259188	0.260863	0.249873	0.259101	0.285830	0.258821	0.270358	0.255590	
915	0.257662	0.250097	0.250853	0.251845	0.253684	0.243559	0.286527	0.263972	0.279285	0.257271	
920	0.262684	0.258263	0.251594	0.237161	0.257147	0.238430	0.284752	0.265541	0.268270	0.254034	
925	0.267253	0.258650	0.261220	0.245134	0.259787	0.234626	0.284416	0.271019	0.272834	0.252159	
930	0.270639	0.263379	0.263243	0.252229	0.264553	0.235943	0.283076	0.267961	0.278728	0.249732	
935	0.269543	0.265416	0.276216	0.252949	0.266343	0.237005	0.281341	0.265225	0.272998	0.255430	
940	0.271061	0.274394	0.280751	0.261861	0.270292	0.231906	0.273797	0.269405	0.272709	0.254840	
945	0.271876	0.275584	0.275963	0.270311	0.267333	0.229491	0.274445	0.270664	0.271118	0.252506	
950	0.272794	0.279182	0.269848	0.267915	0.262276	0.233939	0.276942	0.265274	0.274730	0.246082	
955	0.278104	0.280913	0.269845	0.264521	0.262991	0.231124	0.277276	0.259835	0.265978	0.244712	
960	0.282542	0.281747	0.271298	0.266032	0.265895	0.230345	0.278207	0.262282	0.267213	0.246719	
965	0.284354	0.275938	0.275821	0.262624	0.266995	0.232278	0.278879	0.260751	0.258297	0.246101	
970	0.279949	0.280312	0.268981	0.263161	0.265351	0.229705	0.285628	0.261839	0.259958	0.253410	
975	0.278728	0.275295	0.266359	0.269844	0.272948	0.225111	0.288294	0.263978	0.251911	0.245089	
980	0.280297	0.276202	0.256546	0.279352	0.270987	0.230441	0.288925	0.263405	0.251983	0.248070	
985	0.277894	0.271213	0.251419	0.287391	0.263095	0.238328	0.287846	0.255803	0.254097	0.242496	
990	0.277708	0.259139	0.244095	0.274444	0.256802	0.240548	0.292791	0.246625	0.247280	0.241256	
995	0.273681	0.263855	0.243158	0.286512	0.255392	0.243474	0.294412	0.247512	0.244252	0.231675	
1000	0.269918	0.266317	0.243756	0.287868	0.248873	0.251121	0.302002	0.248046	0.237064	0.233662	
1005	0.272134	0.268553	0.240225	0.289194	0.246124	0.255475	0.295705	0.251568	0.239305	0.226695	
1010	0.272821	0.273448	0.241722	0.291764	0.248875	0.258140	0.287521	0.259426	0.237947	0.225898	
1015	0.271933	0.263552	0.241532	0.288802	0.240575	0.260725	0.292927	0.258162	0.239877	0.225719	
1020	0.262471	0.271910	0.231384	0.283369	0.234061	0.257581	0.284268	0.265305	0.233692	0.223281	
1025	0.261579	0.269686	0.239277	0.281204	0.235886	0.261078	0.286466	0.267284	0.235195	0.219126	
1030	0.253070	0.273940	0.244396	0.277416	0.236201	0.258582	0.282622	0.267610	0.238190	0.213494	
1035	0.254235	0.275659	0.242174	0.274553	0.240015	0.263663	0.279138	0.267979	0.243368	0.208883	
1040	0.260738	0.275858	0.232583	0.268906	0.243714	0.263077	0.279324	0.269824	0.240688	0.212842	
1045	0.251535	0.275639	0.241194	0.265747	0.238121	0.268950	0.272023	0.269188	0.245601	0.209082	
1050	0.252203	0.275559	0.253883	0.264005	0.233972	0.277520	0.273631	0.271539	0.249055	0.210147	
1055	0.254685	0.269929	0.252957	0.261859	0.230660	0.276113	0.271148	0.275007	0.249700	0.212053	
1060	0.255287	0.269801	0.256082	0.260909	0.227173	0.272919	0.273180	0.270813	0.253893	0.213828	
1065	0.252972	0.273532	0.261216	0.251733	0.228494	0.268526	0.266853	0.260485	0.252284	0.222557	
1070	0.252634	0.280191	0.259079	0.254305	0.225560	0.267197	0.272702	0.248519	0.261058	0.223199	
1075	0.253277	0.282595	0.266930	0.261664	0.231683	0.265351	0.271702	0.244941	0.265146	0.231281	
1080	0.260738	0.277715	0.273121	0.257916	0.234384	0.267807	0.280507	0.239071	0.264971	0.234016	
1085	0.264782	0.279159	0.283192	0.256328	0.245851	0.279723	0.287026	0.230093	0.273635	0.233493	
1090	0.267993	0.277611	0.292052	0.255995	0.250470	0.266011	0.286912	0.229743	0.279795	0.232457	
1095	0.275334	0.281132	0.293408	0.261203	0.253788	0.258486	0.285006	0.228155	0.283868	0.237820	
1100	0.269845	0.280373	0.293230	0.264148	0.251390	0.249088	0.290444	0.232415	0.282595	0.237995	
1105	0.257032	0.274554	0.282877	0.266643	0.249163	0.243504	0.290786	0.231352	0.277047	0.241626	
1110	0.250846	0.273133	0.275680	0.264654	0.253580	0.245287	0.281335	0.238263	0.274762	0.241927	
1115	0.247099	0.273774	0.275363	0.267942	0.247127	0.245737	0.281499	0.241321	0.276707	0.237192	
1120	0.238022	0.267327	0.273478	0.265103	0.241341	0.250769	0.289141	0.238208	0.275841	0.241798	
1125	0.238610	0.275199	0.272583	0.267665	0.251937	0.252149	0.286030	0.236132	0.279258	0.245034	
1130	0.240990	0.269627	0.270412	0.270216	0.253135	0.266474	0.278435	0.240649	0.285893	0.242550	
1135	0.236160	0.275878	0.274813	0.265134	0.246948	0.273301	0.272004	0.241053	0.276496	0.252620	
1140	0.236979	0.277789	0.271474	0.262970	0.241384	0.273601	0.264219	0.240378	0.267147	0.255701	
1145	0.237746	0.283707	0.274665	0.264559	0.242457	0.267946	0.254083	0.238513	0.262103	0.258322	
1150	0.240230	0.296617	0.275066	0.268706	0.237335	0.273181	0.245877	0.237939	0.253268	0.260214	
1155	0.247337	0.313071	0.268448	0.261021	0.242709	0.284937	0.233577	0.242687	0.252187	0.257595	
1160	0.247632	0.309741	0.262608	0.255238	0.241461	0.280402	0.235359	0.243377	0.261692	0.252597	
1165	0.253138	0.306419	0.252497	0.254453	0.247694	0.274420	0.234069	0.239489	0.256016	0.260310	
1170	0.253004	0.296575	0.261631	0.256121	0.257694	0.275071	0.232688	0.240127	0.253621	0.261336	
1175	0.255740	0.295896	0.256996	0.252246	0.257029	0.276525	0.245063	0.240943	0.245971	0.258885	
1180	0.257665	0.282558	0.251514	0.252457	0.264985	0.276599	0.246645	0.238236	0.252905	0.259348	
1185	0.258198	0.275212	0.249308	0.253932	0.262308	0.279444	0.241105	0.233712	0.250217	0.266859	
1190	0.255824	0.266010	0.243514	0.251520	0.258066	0.273362	0.252329	0.228154	0.254018	0.267083	
1195	0.260950	0.263194	0.240834	0.254678	0.259000	0.279265	0.254191	0.227859	0.261592	0.267227	
1200	0.257504	0.263432	0.237844	0.264021	0.260520	0.275342	0.268839	0.224499	0.255773	0.265642	
1205	0.254616	0.263112	0.240642	0.268456	0.258453	0.281463	0.267533	0.221720	0.253036	0.260992	
1210	0.257137	0.262616	0.243416	0.271585	0.260117	0.277979	0.263052	0.223752	0.251898	0.255468	
1215	0.261372	0.264934	0.246574	0.272224	0.267653	0.276404	0.262046	0.230807	0.258647	0.251383	
1220	0.254143	0.258729	0.239719	0.276500	0.265232	0.270571	0.265589	0.226085	0.252790	0.248248	
1225	0.248220	0.262715	0.237235	0.272052	0.266423	0.273295	0.269437	0.222714	0.253888	0.246163	
1230	0.237113	0.260012	0.226708	0.268919	0.267405	0.272140	0.270926	0.223183	0.247978	0.249463	
1235	0.228792	0.263335	0.222757	0.263007	0.263323	0.276023	0.273861	0.226265	0.250626	0.243129	
1240	0.224393	0.262741	0.223265	0.253039	0.267552	0.261810	0.265116	0.235670	0.257990	0.244032	
1245	0.219967	0.258590	0.221604	0.250938	0.271809	0.255597	0.265126	0.234653	0.263651	0.239008	
1250	0.217380	0.265075	0.225471	0.247578	0.260643	0.254562	0.262121	0.231765	0.261157	0.240352	
1255	0.212337	0.272382	0.230253	0.242770	0.266230	0.247999	0.263966	0.235332	0.263631	0.234595	
1260	0.215807	0.267495	0.227856	0.234381	0.275329	0.239621	0.263844	0.232979	0.257944	0.239626	
1265	0.214120	0.259234	0.230596	0.231643	0.273334	0.246657	0.260755	0.232362	0.255577	0.249522	
1270	0.211396	0.268028	0.234551	0.232540	0.266198	0.243274	0.261997	0.232358	0.256948	0.253370	
1275	0.210893	0.276301	0.237626	0.230913	0.271390	0.245953	0.267115	0.236214	0.253479	0.247310	
1280	0.210785	0.278453	0.236746	0.239420	0.258478	0.255926	0.277753	0.239279	0.255972	0.247706	
1285	0.209434	0.280908	0.232518	0.231612	0.255359	0.255970	0.283281	0.246277	0.268654	0.245052	
1290	0.206544	0.267955	0.236275	0.232588	0.246744	0.256408	0.298766	0.248550	0.260836	0.243035	
1295	0.207790	0.266962	0.236679	0.226812	0.235658	0.255250	0.289003	0.252245	0.266785	0.237451	
1300	0.211376	0.262104	0.228767	0.221570	0.232159	0.252400	0.285526	0.251194	0.274003	0.244105	
1305	0.222822	0.251046	0.230402	0.223029	0.215762	0.253036	0.273715	0.252724	0.271498	0.247324	
1310	0.233268	0.245724	0.236804	0.223267	0.223003	0.261236	0.287497	0.251376	0.271615	0.244977	
1315	0.239825	0.243734	0.239003	0.230643	0.224884	0.258288	0.295534	0.247135	0.276773	0.245152	
1320	0.244209	0.243730	0.245925	0.233042	0.220435	0.248615	0.280390	0.250496	0.284969	0.246156	
1325	0.247743	0.241042	0.245481	0.237217	0.216513	0.244454	0.270106	0.250341	0.286565	0.242140	
1330	0.253044	0.240621	0.247948	0.240869	0.221788	0.243025	0.262105	0.250292	0.284334	0.246865	
1335	0.262212	0.240734	0.256585	0.236344	0.224694	0.243643	0.256905	0.243157	0.280481	0.243059	
1340	0.262353	0.242755	0.257289	0.237864	0.227686	0.242450	0.238349	0.233944	0.280443	0.237634	
1345	0.259290	0.241742	0.259845	0.242769	0.230643	0.252797	0.229319	0.233716	0.276786	0.244225	
1350	0.253942	0.245600	0.256661	0.240518	0.229606	0.245618	0.224736	0.230279	0.276776	0.248697	
1355	0.246194	0.244690	0.255163	0.246297	0.237051	0.254536	0.218626	0.225563	0.277067	0.252328	
1360	0.247780	0.253538	0.247999	0.253551	0.238272	0.245535	0.218572	0.222403	0.279578	0.250453	
1365	0.240847	0.255145	0.250743	0.249762	0.239511	0.237669	0.222221	0.222265	0.284964	0.256782	
1370	0.239407	0.255778	0.250888	0.252626	0.237868	0.242014	0.216523	0.216299	0.283344	0.250848	
1375	0.240389	0.252134	0.245017	0.250315	0.242497	0.238927	0.221539	0.211209	0.277875	0.257603	
1380	0.239619	0.252776	0.242661	0.249725	0.249957	0.237613	0.209933	0.206567	0.277800	0.259025	
1385	0.237725	0.258364	0.248558	0.251680	0.251449	0.237361	0.213817	0.207170	0.274437	0.253312	
1390	0.240473	0.261907	0.250190	0.250300	0.252162	0.241772	0.218355	0.205030	0.265784	0.258535	
1395	0.239551	0.263698	0.248125	0.251533	0.253141	0.247446	0.216636	0.207375	0.264398	0.261712	
1400	0.238000	0.269495	0.246888	0.248599	0.253782	0.249509	0.215561	0.206499	0.251609	0.271645	
1405	0.235810	0.272813	0.246672	0.246912	0.262325	0.248423	0.214351	0.205178	0.251708	0.269396	
1410	0.236141	0.268607	0.241512	0.242701	0.255709	0.246043	0.214597	0.209376	0.244045	0.270299	
1415	0.237053	0.269553	0.234176	0.250073	0.258179	0.239411	0.221293	0.209689	0.249748	0.279444	
1420	0.243364	0.271690	0.229140	0.254205	0.266869	0.238984	0.227734	0.212165	0.247636	0.281030	
1425	0.249399	0.276971	0.222391	0.257031	0.263185	0.236642	0.233744	0.219947	0.246372	0.287605	
1430	0.252596	0.280234	0.216290	0.263916	0.254367	0.236387	0.239506	0.222340	0.251797	0.281569	
1435	0.254002	0.277987	0.215005	0.267538	0.254132	0.232664	0.250353	0.225479	0.255828	0.280937	
1440	0.255848	0.283088	0.212883	0.271633	0.252082	0.237312	0.240738	0.225804	0.259992	0.277293	
1445	0.257674	0.277888	0.208144	0.278092	0.254368	0.238013	0.247947	0.227401	0.266593	0.268400	
1450	0.257636	0.279732	0.206713	0.281484	0.260227	0.243846	0.252553	0.239597	0.267755	0.266723	
1455	0.256935	0.277446	0.200888	0.285678	0.252899	0.240243	0.256440	0.244397	0.271355	0.265739	
1460	0.259354	0.279551	0.200226	0.287646	0.258244	0.248961	0.260339	0.249224	0.270750	0.261201	
1465	0.260229	0.284988	0.194009	0.274047	0.249574	0.243403	0.279844	0.250697	0.278903	0.257036	
1470	0.260278	0.274764	0.187277	0.273542	0.246306	0.238872	0.287876	0.260196	0.277263	0.256310	
1475	0.257149	0.272908	0.188927	0.275402	0.242103	0.242410	0.294252	0.258213	0.279732	0.252346	
1480	0.261620	0.263908	0.190737	0.271886	0.239984	0.243655	0.287376	0.262951	0.276191	0.249418	
1485	0.258639	0.263316	0.190230	0.273771	0.240153	0.245879	0.294536	0.275721	0.282197	0.246192	
1490	0.252928	0.257246	0.199342	0.272187	0.233619	0.249677	0.289240	0.276390	0.279251	0.248199	
1495	0.246092	0.247497	0.199729	0.276616	0.228867	0.243053	0.283684	0.272064	0.276859	0.242232	
1500	0.240357	0.247641	0.207862	0.278770	0.232129	0.240838	0.280106	0.272124	0.274043	0.242623	
1505	0.237127	0.245298	0.211533	0.273541	0.231699	0.240290	0.270985	0.260920	0.276081	0.239441	
1510	0.230786	0.235340	0.221880	0.278826	0.228464	0.250319	0.258260	0.259072	0.278342	0.244252	
1515	0.230928	0.239249	0.230325	0.283668	0.229205	0.253176	0.247639	0.256916	0.281414	0.242225	
1520	0.230296	0.237876	0.230866	0.289175	0.224158	0.251286	0.240957	0.254537	0.280902	0.237177	
1525	0.226559	0.232102	0.237445	0.284497	0.222702	0.250983	0.238868	0.248571	0.275916	0.236753	
1530	0.227411	0.226799	0.241716	0.278746	0.224136	0.249254	0.231090	0.239796	0.269165	0.237216	
1535	0.231074	0.228154	0.242631	0.269428	0.231623	0.253124	0.223661	0.239839	0.266240	0.242203	
1540	0.231554	0.230280	0.244257	0.259954	0.234343	0.246163	0.225165	0.232149	0.267601	0.241033	
1545	0.228177	0.228406	0.250007	0.257441	0.238278	0.242261	0.219195	0.221604	0.275703	0.242529	
1550	0.230039	0.232146	0.253875	0.258326	0.246317	0.240471	0.216866	0.223378	0.278056	0.243946	
1555	0.229856	0.228750	0.254689	0.251429	0.257429	0.230094	0.212323	0.217199	0.283877	0.243271	
1560	0.232852	0.226805	0.259993	0.250994	0.264136	0.224173	0.216775	0.216510	0.287850	0.249085	
1565	0.233739	0.225570	0.262582	0.252136	0.263347	0.229515	0.219222	0.224351	0.295616	0.257211	
1570	0.242366	0.234927	0.265139	0.257020	0.254322	0.233720	0.213602	0.220351	0.295816	0.255023	
1575	0.248707	0.238167	0.272680	0.257513	0.253205	0.230405	0.213192	0.224521	0.296567	0.256958	
1580	0.247943	0.239717	0.276578	0.252629	0.251879	0.233240	0.207984	0.232877	0.298087	0.263450	
1585	0.257785	0.244040	0.274644	0.259096	0.257254	0.234708	0.208835	0.246702	0.303822	0.259469	
1590	0.261651	0.249234	0.277899	0.257782	0.260606	0.232370	0.209248	0.248476	0.301126	0.264259	
1595	0.266900	0.256143	0.292215	0.264270	0.256071	0.229181	0.214017	0.238298	0.295069	0.265219	
1600	0.280010	0.249689	0.294777	0.276913	0.247218	0.232391	0.223665	0.238233	0.287570	0.271507	
1605	0.283272	0.249904	0.296412	0.286940	0.243610	0.233883	0.224550	0.236472	0.269721	0.272947	
1610	0.273392	0.241739	0.287510	0.296584	0.234250	0.234831	0.226094	0.233664	0.256325	0.267299	
1615	0.266965	0.240499	0.291144	0.295164	0.233461	0.237588	0.228062	0.229186	0.248889	0.262946	
1620	0.259943	0.245759	0.290561	0.301254	0.222898	0.240857	0.230425	0.237430	0.229966	0.269335	
1625	0.255917	0.240767	0.290551	0.304124	0.217640	0.238358	0.240478	0.237857	0.226857	0.265531	
1630	0.244760	0.238926	0.288038	0.293370	0.205645	0.235485	0.255285	0.235852	0.222720	0.263906	
1635	0.240108	0.245779	0.269213	0.293919	0.214201	0.237167	0.256557	0.245282	0.211925	0.266488	
1640	0.238287	0.245842	0.267088	0.289365	0.219368	0.250184	0.267964	0.245397	0.211835	0.264149	
1645	0.229407	0.245828	0.261262	0.285642	0.219789	0.252516	0.270042	0.247121	0.215241	0.267153	
1650	0.227461	0.238439	0.248754	0.290362	0.223464	0.255098	0.271914	0.251953	0.217852	0.268627	
1655	0.225652	0.241033	0.246086	0.281993	0.227647	0.262600	0.272779	0.251587	0.219026	0.269911	
1660	0.218619	0.238902	0.242183	0.274018	0.221878	0.264875	0.274869	0.248669	0.226808	0.266391	
1665	0.218696	0.235059	0.239406	0.273635	0.217746	0.255813	0.277039	0.252306	0.223197	0.269879	
1670	0.226757	0.234210	0.234196	0.276201	0.225172	0.260759	0.272402	0.259196	0.230208	0.270847	
1675	0.230611	0.231047	0.236358	0.271436	0.220523	0.262252	0.267256	0.264796	0.228150	0.266903	
1680	0.230760	0.230504	0.235532	0.266934	0.224312	0.262423	0.260276	0.267147	0.223608	0.277099	
1685	0.238797	0.233269	0.226858	0.264371	0.225293	0.254052	0.255284	0.262063	0.228046	0.275081	
1690	0.244544	0.235279	0.231736	0.255610	0.226381	0.253602	0.261368	0.259061	0.235135	0.278000	
1695	0.239205	0.237901	0.237358	0.253368	0.240945	0.252737	0.261757	0.262859	0.240093	0.281761	
1700	0.242376	0.245200	0.236630	0.243257	0.234116	0.248547	0.271929	0.260334	0.248626	0.281597	
1705	0.243274	0.246833	0.235575	0.239855	0.244066	0.247993	0.271838	0.249045	0.254766	0.268294	
1710	0.240781	0.238928	0.233299	0.242083	0.238186	0.244838	0.270271	0.252214	0.250993	0.269361	
1715	0.244815	0.240370	0.236780	0.244054	0.233228	0.237432	0.263368	0.251960	0.252449	0.267672	
1720	0.232378	0.245921	0.233133	0.239545	0.230781	0.234113	0.253375	0.248398	0.272039	0.264898	
1725	0.222374	0.250296	0.236756	0.243116	0.227130	0.232435	0.250415	0.244202	0.269803	0.264249	
1730	0.223434	0.248482	0.235830	0.244672	0.226740	0.231413	0.243966	0.240764	0.279093	0.257287	
1735	0.227140	0.249139	0.248209	0.242526	0.228673	0.237211	0.241320	0.243252	0.286742	0.248493	
1740	0.230913	0.250880	0.250622	0.241754	0.234640	0.231908	0.247417	0.249317	0.290425	0.250428	
1745	0.235313	0.252611	0.248888	0.236504	0.231073	0.243615	0.245231	0.252444	0.293388	0.243925	
1750	0.228355	0.252130	0.250534	0.239438	0.233297	0.252240	0.230666	0.243087	0.300073	0.237448	
1755	0.224316	0.258539	0.251230	0.234899	0.244855	0.250949	0.229637	0.240180	0.290794	0.230610	
1760	0.221227	0.260478	0.255935	0.235112	0.247714	0.254896	0.232346	0.235112	0.287110	0.226078	
1765	0.227856	0.251199	0.261028	0.239475	0.260996	0.256605	0.235857	0.236157	0.283350	0.225161	
1770	0.226500	0.251451	0.257806	0.240917	0.265332	0.248514	0.235135	0.227187	0.285137	0.231515	
1775	0.230124	0.257466	0.256582	0.244797	0.265960	0.250317	0.234126	0.224604	0.282254	0.233139	
1780	0.238390	0.252492	0.250576	0.253622	0.265988	0.246582	0.230848	0.223050	0.270978	0.240139	
1785	0.240307	0.255735	0.259116	0.255552	0.266873	0.246913	0.233314	0.224998	0.264561	0.241417	
1790	0.242552	0.252161	0.260037	0.259571	0.268385	0.247571	0.227557	0.225475	0.259208	0.244297	
1795	0.247359	0.248126	0.250490	0.265109	0.275117	0.242447	0.229923	0.223763	0.255283	0.242846	
1800	0.250590	0.249550	0.250745	0.273776	0.268037	0.250294	0.223548	0.218254	0.250987	0.236240	
1805	0.255096	0.250758	0.241575	0.275082	0.262766	0.249547	0.230638	0.224463	0.253004	0.240673	
1810	0.248439	0.252444	0.243428	0.272836	0.255198	0.254384	0.234543	0.230109	0.236062	0.247286	
1815	0.250557	0.256488	0.243948	0.274340	0.259660	0.254809	0.240383	0.222675	0.230141	0.245761	
1820	0.247415	0.255558	0.254185	0.271352	0.262219	0.262105	0.240975	0.221338	0.229570	0.247031	
1825	0.243775	0.251624	0.250371	0.267480	0.259240	0.262101	0.230528	0.228593	0.228726	0.246112	
1830	0.244199	0.247479	0.246754	0.276816	0.245502	0.264741	0.236511	0.224061	0.230954	0.236783	
1835	0.248594	0.246474	0.242977	0.276109	0.242488	0.262408	0.232337	0.224012	0.223455	0.244277	
1840	0.250439	0.241587	0.248564	0.268984	0.239595	0.272151	0.230189	0.225269	0.216367	0.246562	
1845	0.241106	0.238497	0.244968	0.266367	0.237010	0.259272	0.227930	0.223059	0.210331	0.253224	
1850	0.239524	0.239326	0.248705	0.259442	0.230275	0.253214	0.227407	0.225149	0.204754	0.265020	
1855	0.235137	0.240021	0.256785	0.263281	0.233498	0.252437	0.226996	0.222101	0.201246	0.276437	
1860	0.239137	0.236958	0.264323	0.260053	0.235019	0.249716	0.232641	0.220987	0.203206	0.273872	
1865	0.236875	0.234009	0.257924	0.257338	0.232085	0.247144	0.236820	0.218346	0.205926	0.262130	
1870	0.235853	0.230467	0.253431	0.259316	0.232413	0.252249	0.242358	0.222996	0.205360	0.268152	
1875	0.230369	0.235927	0.242607	0.268252	0.231671	0.258043	0.240436	0.237215	0.201519	0.265754	
1880	0.236379	0.239608	0.246491	0.261478	0.236744	0.257584	0.244197	0.241623	0.198117	0.267800	
1885	0.241514	0.242764	0.243664	0.264407	0.243034	0.256383	0.241123	0.238587	0.195787	0.264233	
1890	0.239713	0.246632	0.239757	0.265980	0.249152	0.261653	0.238342	0.249481	0.200328	0.257362	
1895	0.240513	0.248181	0.237361	0.268343	0.251715	0.273296	0.239737	0.254921	0.201059	0.261000	
1900	0.236831	0.247669	0.241179	0.272472	0.260532	0.277841	0.236626	0.260202	0.207661	0.256499	
1905	0.242295	0.252432	0.237747	0.271817	0.266476	0.271963	0.242375	0.263639	0.204572	0.259057	
1910	0.247031	0.253275	0.234193	0.269777	0.271341	0.275871	0.243538	0.265262	0.204203	0.245197	
1915	0.248720	0.253230	0.231537	0.272035	0.273116	0.269431	0.232859	0.264125	0.203296	0.244821	
1920	0.247432	0.260998	0.228540	0.275123	0.269270	0.266287	0.224856	0.258807	0.209855	0.242892	
1925	0.254590	0.266435	0.232883	0.285509	0.271401	0.259982	0.217118	0.261116	0.215336	0.238123	
1930	0.254340	0.266478	0.234185	0.295628	0.281719	0.244097	0.208620	0.260459	0.220980	0.229830	
1935	0.255468	0.259116	0.244459	0.305988	0.286404	0.244151	0.210619	0.267337	0.222326	0.222782	
1940	0.256230	0.262292	0.249386	0.307828	0.283724	0.232655	0.222377	0.272552	0.232164	0.221916	
1945	0.254910	0.261430	0.245452	0.305046	0.278653	0.230451	0.233480	0.278564	0.239481	0.217774	
1950	0.259611	0.259246	0.240638	0.305648	0.268631	0.233743	0.237070	0.280203	0.240496	0.211455	
1955	0.261900	0.259382	0.236187	0.312431	0.267526	0.237078	0.238826	0.278499	0.242616	0.217453	
1960	0.259886	0.262807	0.231681	0.311928	0.259712	0.240162	0.253910	0.281321	0.255316	0.208576	
1965	0.262700	0.260510	0.245469	0.306383	0.255510	0.240657	0.260348	0.279972	0.252104	0.205042	
1970	0.258151	0.258363	0.253798	0.295117	0.253685	0.244994	0.271757	0.270057	0.254408	0.194546	
1975	0.256768	0.245572	0.259721	0.286860	0.243882	0.244039	0.279956	0.263577	0.264423	0.192098	
1980	0.256586	0.242873	0.264458	0.287715	0.247192	0.248640	0.282348	0.268778	0.269700	0.191402	
1985	0.253098	0.248870	0.257112	0.271080	0.239138	0.252749	0.280420	0.266329	0.278031	0.192503	
1990	0.248750	0.243903	0.256703	0.269332	0.232538	0.254035	0.289549	0.264420	0.277356	0.194024	
1995	0.241599	0.244345	0.250177	0.258006	0.230156	0.251380	0.293159	0.252336	0.291019	0.193078	
2000	0.241624	0.241829	0.257595	0.254225	0.228028	0.255487	0.297905	0.239737	0.300219	0.197362	
2005	0.241942	0.240846	0.254557	0.257539	0.227930	0.254497	0.287021	0.233798	0.303639	0.198209	
2010	0.235237	0.241265	0.249289	0.258738	0.237240	0.249024	0.280893	0.235768	0.314181	0.199339	
2015	0.233325	0.237876	0.245766	0.249937	0.233116	0.255248	0.275650	0.234049	0.313191	0.202139	
2020	0.230368	0.237912	0.242881	0.241440	0.236651	0.256104	0.261785	0.236189	0.308695	0.207529	
2025	0.224113	0.248528	0.232578	0.232743	0.237637	0.261469	0.252761	0.238723	0.306557	0.208482	
2030	0.227448	0.251923	0.236391	0.235510	0.237336	0.259594	0.247410	0.236880	0.302812	0.209798	
2035	0.226958	0.261922	0.244628	0.234395	0.238305	0.260043	0.243432	0.236591	0.289290	0.205854	
2040	0.226927	0.262358	0.245047	0.241799	0.234375	0.263167	0.241238	0.231292	0.282109	0.206749	
2045	0.231540	0.260212	0.242566	0.240476	0.238129	0.263747	0.237760	0.224308	0.274482	0.210787	
2050	0.238577	0.265910	0.237179	0.236058	0.238444	0.253224	0.236044	0.223337	0.268694	0.207279	
2055	0.243141	0.275543	0.241409	0.234020	0.247765	0.256251	0.230851	0.224574	0.276476	0.211428	
2060	0.246218	0.277739	0.244957	0.232125	0.255789	0.253243	0.232941	0.223074	0.270888	0.218618	
2065	0.249605	0.284508	0.242053	0.227926	0.262131	0.255016	0.240641	0.215951	0.280841	0.218884	
2070	0.251165	0.280434	0.244114	0.230486	0.269710	0.251899	0.231538	0.212335	0.268740	0.223191	
2075	0.255005	0.277816	0.246271	0.228214	0.278627	0.250913	0.236418	0.225369	0.261619	0.229226	
2080	0.250537	0.275130	0.252381	0.225498	0.280073	0.251548	0.243710	0.227043	0.258173	0.235715	
2085	0.252095	0.277337	0.264751	0.229659	0.276404	0.248690	0.246972	0.230947	0.249925	0.239755	
2090	0.250727	0.275639	0.267221	0.234759	0.273181	0.249658	0.255238	0.239297	0.246136	0.242706	
2095	0.252435	0.269913	0.267012	0.234037	0.276240	0.248687	0.260162	0.239781	0.245664	0.241337	
2100	0.255745	0.267415	0.269271	0.235371	0.272408	0.250919	0.260832	0.238028	0.232454	0.243220	
2105	0.257534	0.269772	0.265860	0.237530	0.268529	0.253169	0.261053	0.238470	0.224376	0.245955	
2110	0.262695	0.270357	0.272289	0.237933	0.257954	0.256428	0.260951	0.242656	0.214121	0.255762	
2115	0.258544	0.265509	0.258249	0.245620	0.253795	0.255517	0.258789	0.245572	0.206231	0.257570	
2120	0.251111	0.269173	0.261454	0.240166	0.253220	0.251952	0.243919	0.245950	0.202149	0.271084	
2125	0.252333	0.269669	0.259280	0.232224	0.249576	0.250789	0.236065	0.251023	0.201138	0.273273	
2130	0.251163	0.269419	0.265185	0.235180	0.250401	0.254225	0.240575	0.250757	0.201604	0.275463	
2135	0.246273	0.277301	0.266719	0.239267	0.240934	0.254551	0.234230	0.255877	0.197725	0.280275	
2140	0.242087	0.267630	0.268082	0.243841	0.240255	0.253048	0.234784	0.262839	0.204906	0.281205	
2145	0.237809	0.276280	0.270167	0.242954	0.221604	0.250626	0.232269	0.259235	0.205357	0.281380	
2150	0.237482	0.275655	0.273307	0.244178	0.220118	0.251483	0.231827	0.262825	0.206080	0.281504	
2155	0.240417	0.282239	0.268049	0.251514	0.217628	0.250634	0.232959	0.260188	0.208577	0.286355	
2160	0.241965	0.280189	0.267327	0.250942	0.217833	0.245729	0.223351	0.256866	0.212318	0.273750	
2165	0.242395	0.273957	0.264213	0.252122	0.206921	0.245591	0.220697	0.249747	0.214958	0.266332	
2170	0.239011	0.273211	0.266903	0.250757	0.207067	0.242860	0.221675	0.254809	0.221153	0.271085	
2175	0.240710	0.278703	0.268854	0.251195	0.209265	0.239255	0.217461	0.248022	0.224486	0.269819	
2180	0.238174	0.275827	0.266959	0.253995	0.212260	0.242893	0.223012	0.243871	0.226747	0.265255	
2185	0.238746	0.272693	0.266634	0.258089	0.211712	0.246847	0.226996	0.248720	0.233820	0.263175	
2190	0.236857	0.270352	0.266375	0.268466	0.212172	0.244346	0.230804	0.240338	0.241855	0.262079	
2195	0.241111	0.269253	0.266354	0.262990	0.217736	0.249392	0.232021	0.235769	0.250962	0.253182	
2200	0.243652	0.272418	0.265779	0.264758	0.212068	0.252725	0.231400	0.232516	0.252732	0.249649	
2205	0.248248	0.275014	0.268266	0.261805	0.218118	0.253102	0.233295	0.218633	0.262947	0.242858	
2210	0.247201	0.276965	0.264360	0.261037	0.233964	0.253364	0.239202	0.220834	0.273461	0.242304	
2215	0.246636	0.276794	0.254711	0.259237	0.234221	0.257663	0.234975	0.220371	0.273168	0.241921	
2220	0.250679	0.267709	0.250951	0.256148	0.241239	0.261247	0.238738	0.224129	0.274027	0.244965	
2225	0.250141	0.269238	0.241622	0.254314	0.245054	0.257496	0.244112	0.227927	0.278979	0.232627	
2230	0.249550	0.270747	0.246008	0.252780	0.248553	0.262365	0.246820	0.233393	0.279675	0.235054	
2235	0.249524	0.277224	0.245434	0.249693	0.254839	0.263605	0.254053	0.236807	0.291733	0.238093	
2240	0.248736	0.281893	0.239419	0.238896	0.262294	0.259385	0.261771	0.239990	0.298443	0.241748	
2245	0.248594	0.273759	0.242187	0.234287	0.272749	0.265090	0.263342	0.242221	0.303405	0.246080	
2250	0.254903	0.271029	0.240018	0.235055	0.279633	0.271932	0.263806	0.245581	0.299828	0.247899	
2255	0.256119	0.265933	0.237884	0.237077	0.290857	0.267428	0.267888	0.247002	0.289599	0.248197	
2260	0.255673	0.262852	0.243778	0.247293	0.287366	0.266876	0.273182	0.247402	0.290012	0.248196	
2265	0.256562	0.255824	0.240545	0.250930	0.286311	0.264602	0.268228	0.245337	0.292385	0.258103	
2270	0.254500	0.259168	0.231055	0.250017	0.285246	0.259318	0.263909	0.243481	0.294776	0.261750	
2275	0.264897	0.257810	0.224402	0.250006	0.283525	0.259524	0.264523	0.245133	0.285314	0.260949	
2280	0.276391	0.257988	0.223791	0.246026	0.283068	0.260529	0.253912	0.246869	0.283134	0.260291	
2285	0.287588	0.255679	0.228123	0.240882	0.280120	0.255635	0.247979	0.248725	0.275336	0.266398	
2290	0.291959	0.255377	0.226170	0.232233	0.276748	0.258467	0.237410	0.250626	0.267949	0.263771	
2295	0.295215	0.249333	0.227820	0.235613	0.263209	0.258464	0.231435	0.248599	0.250806	0.269655	
2300	0.311803	0.250310	0.225696	0.231800	0.248359	0.261472	0.228722	0.252496	0.243074	0.271099	
2305	0.317209	0.256699	0.220738	0.238511	0.240949	0.261822	0.227406	0.248450	0.240420	0.264604	
2310	0.311610	0.263282	0.227020	0.238914	0.236179	0.259678	0.228597	0.245184	0.241105	0.267613	
2315	0.304141	0.253954	0.219833	0.235404	0.237720	0.259896	0.223239	0.243609	0.233151	0.266440	
2320	0.300160	0.248928	0.214985	0.222237	0.241529	0.255672	0.225654	0.239533	0.240087	0.267359	
2325	0.291777	0.241917	0.217100	0.214786	0.238016	0.257691	0.220745	0.241212	0.238745	0.260683	
2330	0.278816	0.252990	0.224101	0.218311	0.237565	0.263086	0.226737	0.248649	0.249997	0.264244	
2335	0.273040	0.249192	0.221496	0.224411	0.241278	0.260246	0.226821	0.247794	0.254187	0.262954	
2340	0.272051	0.254727	0.223795	0.225693	0.241279	0.260809	0.230857	0.240206	0.256153	0.262067	
2345	0.267410	0.259715	0.229185	0.227527	0.237188	0.263165	0.227794	0.234397	0.262543	0.257537	
2350	0.259749	0.260627	0.229921	0.219872	0.239835	0.268339	0.230887	0.228466	0.264546	0.255338	
2355	0.252139	0.261901	0.238335	0.221547	0.240266	0.265805	0.230409	0.228186	0.265042	0.257329	
2360	0.248162	0.273595	0.239210	0.227353	0.232770	0.267427	0.232996	0.226174	0.264302	0.260303	
2365	0.240281	0.282609	0.242671	0.233895	0.222852	0.269645	0.243589	0.228040	0.261500	0.258884	
2370	0.241349	0.277569	0.247999	0.245683	0.223899	0.269563	0.247433	0.230326	0.260559	0.259154	
2375	0.243757	0.272476	0.236673	0.255742	0.224829	0.266608	0.248797	0.231501	0.263866	0.258649	
2380	0.237571	0.263374	0.237337	0.267496	0.221199	0.268312	0.246449	0.230093	0.269262	0.262569	
2385	0.241277	0.260335	0.234654	0.276778	0.219216	0.269685	0.247085	0.232752	0.271799	0.264758	
2390	0.244282	0.254025	0.239718	0.281992	0.220601	0.273714	0.241286	0.231967	0.270134	0.260820	
2395	0.242332	0.250418	0.241092	0.286982	0.222924	0.270003	0.240966	0.235424	0.276357	0.257880	
2400	0.244978	0.247600	0.245285	0.287257	0.229903	0.262851	0.243304	0.239665	0.273926	0.262261	
2405	0.249278	0.247257	0.240637	0.291463	0.223335	0.260375	0.248206	0.243708	0.266192	0.259142	
2410	0.254767	0.249434	0.241511	0.293509	0.225150	0.260126	0.255119	0.246561	0.272420	0.264419	
2415	0.258360	0.256702	0.237681	0.300033	0.224072	0.257199	0.256721	0.249172	0.268542	0.265385	
2420	0.261133	0.252433	0.237037	0.301294	0.226623	0.261534	0.259827	0.246235	0.259135	0.258826	
2425	0.260060	0.246871	0.237878	0.287751	0.231342	0.261565	0.262875	0.246644	0.257949	0.255551	
2430	0.261265	0.252375	0.240468	0.279312	0.236223	0.261083	0.268841	0.243986	0.251607	0.255970	
2435	0.260066	0.258461	0.243791	0.265491	0.235734	0.259403	0.267291	0.247544	0.254186	0.255094	
2440	0.265440	0.264240	0.252680	0.245569	0.232259	0.264452	0.269420	0.239584	0.253102	0.257223	
2445	0.279409	0.270472	0.255637	0.234159	0.237094	0.260823	0.268634	0.236479	0.246751	0.258601	
2450	0.283062	0.265206	0.253862	0.236455	0.236758	0.263181	0.266733	0.236948	0.242080	0.261811	
2455	0.284372	0.263473	0.254923	0.222727	0.240517	0.269850	0.265851	0.227288	0.243406	0.264175	
2460	0.291199	0.261862	0.256766	0.225861	0.237515	0.267027	0.262911	0.225069	0.240228	0.267505	
2465	0.298781	0.272644	0.263192	0.216403	0.240751	0.272145	0.264376	0.215051	0.236500	0.275861	
2470	0.309353	0.265879	0.257941	0.216770	0.237578	0.271544	0.269236	0.209084	0.232199	0.280060	
2475	0.316706	0.261591	0.254161	0.213279	0.243431	0.273196	0.264460	0.206858	0.237085	0.291647	
2480	0.320174	0.247662	0.253322	0.218450	0.241454	0.274351	0.261544	0.206249	0.233772	0.280492	
2485	0.338179	0.251565	0.245221	0.216239	0.238789	0.276655	0.257494	0.208403	0.234791	0.270793	
2490	0.334240	0.246255	0.246326	0.219953	0.240383	0.270020	0.254284	0.206942	0.233010	0.265988	
2495	0.337730	0.241718	0.254945	0.218152	0.235537	0.264581	0.254015	0.207482	0.233092	0.264804	
2500	0.337877	0.242935	0.258984	0.223519	0.234097	0.259970	0.251694	0.208002	0.228034	0.265494	
2505	0.334702	0.240162	0.258804	0.222289	0.231778	0.254590	0.255182	0.205163	0.227351	0.259156	
2510	0.331898	0.228186	0.259672	0.217011	0.229906	0.263036	0.260316	0.209099	0.228035	0.254793	
2515	0.324316	0.222064	0.255864	0.216944	0.233400	0.266573	0.259945	0.209611	0.229199	0.256470	
2520	0.326259	0.217250	0.256486	0.223381	0.241119	0.265282	0.260385	0.206688	0.230466	0.251843	
2525	0.310929	0.218337	0.253940	0.230614	0.240341	0.271288	0.264640	0.208586	0.235738	0.251275	
2530	0.297060	0.216859	0.238227	0.227996	0.233965	0.270753	0.262518	0.211864	0.238880	0.253158	
2535	0.275502	0.225670	0.234001	0.229598	0.238099	0.281634	0.259049	0.217957	0.239414	0.250639	
2540	0.258942	0.216115	0.232690	0.233693	0.239372	0.288336	0.251670	0.218973	0.240837	0.255060	
2545	0.248746	0.215530	0.235921	0.240039	0.222800	0.295663	0.258586	0.216842	0.250796	0.262285	
2550	0.241538	0.225157	0.238112	0.244720	0.224307	0.300733	0.260405	0.217446	0.252434	0.253225	
2555	0.228223	0.234458	0.233628	0.252004	0.226985	0.308249	0.265450	0.222198	0.259037	0.258555	
2560	0.211408	0.222513	0.236048	0.250851	0.227485	0.303447	0.262272	0.220728	0.258827	0.255324	
2565	0.207087	0.230335	0.235962	0.258621	0.232207	0.303886	0.263707	0.227322	0.266249	0.258000	
2570	0.203038	0.235806	0.230790	0.257685	0.231831	0.303349	0.265147	0.237533	0.273591	0.252069	
2575	0.204211	0.239724	0.227587	0.260844	0.235626	0.295340	0.267941	0.235668	0.268600	0.249233	
2580	0.196406	0.247096	0.227803	0.259869	0.225370	0.294151	0.264887	0.237653	0.278490	0.245432	
2585	0.191351	0.253842	0.230666	0.266351	0.226274	0.301665	0.258708	0.238881	0.279110	0.243160	
2590	0.192158	0.253647	0.229179	0.261420	0.234908	0.294979	0.253943	0.250446	0.282477	0.234139	
2595	0.199455	0.251802	0.230343	0.268021	0.240053	0.285607	0.247320	0.248677	0.280583	0.230205	
2600	0.202631	0.252955	0.240826	0.267656	0.238172	0.280957	0.246396	0.243965	0.281161	0.236424	
2605	0.203512	0.252881	0.243857	0.266359	0.239092	0.275858	0.244542	0.252871	0.280947	0.233817	
2610	0.203953	0.254751	0.253193	0.262163	0.237077	0.264361	0.246967	0.259601	0.279033	0.236989	
2615	0.203646	0.252598	0.253295	0.259052	0.245505	0.259286	0.244886	0.269314	0.275094	0.230747	
2620	0.213027	0.248059	0.253579	0.256316	0.252323	0.253500	0.253107	0.265241	0.266420	0.233189	
2625	0.223893	0.251588	0.248813	0.260200	0.251763	0.249606	0.253501	0.261584	0.280338	0.239783	
2630	0.220677	0.244218	0.250835	0.257477	0.255808	0.239104	0.251835	0.256464	0.270331	0.236899	
2635	0.217617	0.238561	0.250993	0.254204	0.264226	0.241492	0.249285	0.242407	0.259965	0.230583	
2640	0.221599	0.234328	0.249111	0.251397	0.258013	0.240212	0.255290	0.237240	0.254925	0.238511	
2645	0.226967	0.232978	0.249026	0.254273	0.267079	0.239315	0.254079	0.237278	0.238959	0.234060	
2650	0.230621	0.224954	0.251977	0.254453	0.259536	0.244641	0.247960	0.235182	0.233802	0.240892	
2655	0.231122	0.222567	0.250073	0.255998	0.258763	0.243258	0.246470	0.220979	0.232747	0.246906	
2660	0.227868	0.228087	0.253996	0.255186	0.263048	0.244934	0.233718	0.210821	0.231745	0.247875	
2665	0.240486	0.229116	0.252476	0.250729	0.265884	0.251968	0.226084	0.209347	0.220031	0.253675	
2670	0.244304	0.227791	0.252374	0.249094	0.274713	0.262714	0.211753	0.200911	0.216528	0.256251	
2675	0.255129	0.229995	0.251391	0.250305	0.269679	0.257486	0.210708	0.196612	0.218036	0.257726	
2680	0.264832	0.234432	0.243776	0.251142	0.270061	0.258046	0.211268	0.188936	0.209786	0.259782	
2685	0.268958	0.230647	0.244383	0.244005	0.263413	0.257037	0.208477	0.188936	0.207171	0.268682	
2690	0.276134	0.237203	0.245734	0.232260	0.254567	0.271636	0.212321	0.188095	0.212084	0.278788	
2695	0.287781	0.234157	0.241240	0.225704	0.250616	0.267697	0.215944	0.187000	0.211560	0.282100	
2700	0.305567	0.235848	0.241822	0.223699	0.242932	0.264823	0.221541	0.193212	0.219548	0.279445	
2705	0.313086	0.238530	0.235449	0.228046	0.240268	0.260464	0.218989	0.198198	0.228797	0.283857	
2710	0.326382	0.243961	0.232945	0.221367	0.245348	0.263452	0.227938	0.204140	0.235709	0.289404	
2715	0.324412	0.241902	0.224731	0.221838	0.244432	0.257264	0.230947	0.208138	0.244830	0.295871	
2720	0.328714	0.238067	0.220672	0.216680	0.241176	0.257695	0.232003	0.217572	0.262492	0.305072	
2725	0.325428	0.238372	0.223338	0.209744	0.232192	0.254871	0.238402	0.216787	0.275697	0.306954	
2730	0.321279	0.239606	0.226113	0.210926	0.230493	0.246404	0.243481	0.214280	0.274331	0.309653	
2735	0.306292	0.242355	0.226702	0.210875	0.226911	0.238399	0.250077	0.215948	0.277052	0.301724	
2740	0.302748	0.244383	0.226234	0.212109	0.216271	0.232580	0.252577	0.217880	0.270840	0.312963	
2745	0.288998	0.246221	0.227974	0.209538	0.218553	0.228330	0.250374	0.223535	0.268128	0.315789	
2750	0.282909	0.247056	0.226797	0.208700	0.221421	0.227263	0.257700	0.228194	0.267607	0.316076	
2755	0.277342	0.246069	0.222629	0.210106	0.222358	0.220043	0.254579	0.234282	0.256580	0.314311	
2760	0.270616	0.250704	0.227147	0.210363	0.215709	0.216233	0.257558	0.232707	0.255144	0.310353	
2765	0.258411	0.249996	0.225431	0.212224	0.215454	0.215587	0.259607	0.238358	0.253692	0.307990	
2770	0.251866	0.249138	0.230054	0.215196	0.217239	0.221739	0.256867	0.250209	0.254432	0.303580	
2775	0.241044	0.249351	0.227286	0.212452	0.215051	0.221110	0.252408	0.250551	0.255399	0.296694	
2780	0.231203	0.243937	0.225531	0.213577	0.212017	0.222221	0.246817	0.251127	0.255552	0.306767	
2785	0.233218	0.239440	0.230083	0.211664	0.211201	0.224645	0.239555	0.249938	0.256995	0.297461	
2790	0.234163	0.235775	0.235011	0.215437	0.208573	0.224231	0.237177	0.242361	0.253203	0.285758	
2795	0.222298	0.234417	0.248470	0.220147	0.212316	0.232657	0.228548	0.241310	0.248068	0.280110	
2800	0.230330	0.234873	0.255324	0.214530	0.213108	0.231504	0.228281	0.240726	0.251605	0.284457	
2805	0.235051	0.229947	0.262298	0.216734	0.217692	0.233867	0.230447	0.236817	0.252984	0.280921	
2810	0.243340	0.220606	0.267904	0.219810	0.227585	0.237238	0.233349	0.229981	0.247583	0.279302	
2815	0.248062	0.223228	0.275175	0.221558	0.224497	0.238342	0.247226	0.229337	0.249208	0.261296	
2820	0.241826	0.225601	0.279454	0.218915	0.233785	0.243409	0.249051	0.231073	0.245485	0.259106	
2825	0.245770	0.224072	0.294258	0.223191	0.234477	0.239064	0.255750	0.223363	0.244684	0.261288	
2830	0.251840	0.219443	0.282246	0.228516	0.233392	0.251523	0.259368	0.212765	0.252005	0.254662	
2835	0.255234	0.221420	0.280343	0.240416	0.240736	0.251702	0.266036	0.221631	0.252112	0.249017	
2840	0.262280	0.226923	0.264935	0.241908	0.243700	0.253281	0.258819	0.221436	0.252180	0.250301	
2845	0.266347	0.229208	0.264206	0.247219	0.242201	0.260102	0.259288	0.217615	0.254427	0.248757	
2850	0.276560	0.233454	0.257721	0.253660	0.237550	0.263321	0.258497	0.217467	0.255130	0.248806	
2855	0.279438	0.236711	0.248196	0.252445	0.237834	0.269406	0.266032	0.221421	0.250284	0.248898	
2860	0.270101	0.233841	0.238103	0.259402	0.233472	0.268033	0.266803	0.228536	0.263502	0.243133	
2865	0.274762	0.237068	0.225534	0.263190	0.235518	0.270302	0.275946	0.228254	0.254470	0.240489	
2870	0.272543	0.241525	0.227677	0.264854	0.233545	0.272886	0.274034	0.231022	0.244986	0.243610	
2875	0.288752	0.252099	0.222285	0.277909	0.238933	0.267453	0.271041	0.236923	0.233184	0.238735	
2880	0.294749	0.253681	0.216051	0.275003	0.233570	0.264544	0.274283	0.233348	0.233164	0.229381	
2885	0.280741	0.256999	0.210351	0.279743	0.237027	0.265794	0.278156	0.235128	0.224722	0.238188	
2890	0.278137	0.263144	0.202631	0.283734	0.236794	0.256153	0.268352	0.232136	0.225501	0.230759	
2895	0.274565	0.267164	0.210625	0.287266	0.234581	0.256680	0.259738	0.235095	0.223663	0.223623	
2900	0.262192	0.261368	0.213078	0.287854	0.235405	0.256355	0.254502	0.239591	0.221152	0.226685	
2905	0.256531	0.263708	0.211408	0.282612	0.233328	0.260209	0.250540	0.244778	0.221665	0.236270	
2910	0.252312	0.266324	0.216690	0.279898	0.233904	0.262140	0.245522	0.248032	0.223042	0.230091	
2915	0.243894	0.266204	0.211999	0.279532	0.237859	0.259391	0.248092	0.251922	0.221364	0.243021	
2920	0.237979	0.264525	0.213574	0.281165	0.237173	0.255085	0.249190	0.256948	0.221400	0.247341	
2925	0.227470	0.267430	0.220572	0.274023	0.236811	0.259470	0.243676	0.265735	0.221896	0.251687	
2930	0.225080	0.271845	0.222729	0.261154	0.237645	0.261531	0.239206	0.270833	0.225830	0.249197	
2935	0.216918	0.266689	0.217119	0.242106	0.230333	0.258611	0.243927	0.281657	0.228890	0.249678	
2940	0.217986	0.262300	0.223837	0.239257	0.231389	0.261637	0.240304	0.285637	0.228704	0.264400	
2945	0.219272	0.262839	0.228382	0.236658	0.230060	0.262011	0.229779	0.286695	0.237633	0.263757	
2950	0.224521	0.259637	0.234721	0.232014	0.219035	0.261644	0.235673	0.288560	0.243702	0.261641	
2955	0.224742	0.263444	0.241976	0.231811	0.215626	0.258192	0.234547	0.288206	0.248214	0.257930	
2960	0.225733	0.263071	0.242720	0.224954	0.222114	0.257747	0.233172	0.288315	0.256971	0.258304	
2965	0.227681	0.256888	0.248835	0.223158	0.228994	0.256071	0.233218	0.282885	0.266915	0.262000	
2970	0.227661	0.249696	0.253767	0.230045	0.225760	0.258793	0.227081	0.276069	0.269962	0.259155	
2975	0.222575	0.243238	0.255983	0.229460	0.217450	0.255925	0.225512	0.271144	0.272519	0.257076	
2980	0.230577	0.240830	0.258787	0.229319	0.219587	0.253120	0.229997	0.260816	0.274088	0.256899	
2985	0.231806	0.236729	0.257595	0.218330	0.211228	0.246186	0.237935	0.261024	0.280970	0.258074	
2990	0.229571	0.227349	0.258894	0.222303	0.208062	0.245660	0.233463	0.253208	0.282105	0.249173	
2995	0.227562	0.231381	0.257245	0.225696	0.207649	0.240178	0.229834	0.246601	0.277359	0.240464	
3000	0.235452	0.230424	0.257314	0.224951	0.208135	0.237175	0.238804	0.250664	0.279202	0.235074	
