T	rep_1	rep_2	rep_3	rep_4	rep_5	rep_6	rep_7	rep_8	rep_9	rep_10
5	0.000000	0.000000	0.000000	0.000000	0.000000	0.000000	0.000000	0.000000	0.000000	0.000000	
10	0.000000	0.000000	0.000000	0.000000	0.000000	0.000000	0.000000	0.000000	0.000000	0.000000	
15	0.000000	0.000000	0.000000	0.000000	0.000000	0.000000	0.000000	0.000000	0.000000	0.000000	
20	0.000000	0.000000	0.000000	0.000000	0.000000	0.000000	0.000000	0.000000	0.000000	0.000000	
25	0.000000	0.000000	0.000000	0.000000	0.000000	0.000000	0.000000	0.000000	0.000000	0.000000	
30	0.000000	0.000000	0.000000	0.000000	0.000000	0.000000	0.000000	0.000000	0.000000	0.000000	
35	0.000000	0.000000	0.000000	0.000000	0.000000	0.000000	0.000000	0.000000	0.000000	0.000000	
40	0.000000	0.000000	0.000000	0.000000	0.000000	0.000000	0.000000	0.000000	0.000000	0.000000	
45	0.000000	0.000000	0.000000	0.000000	0.000000	0.000000	0.000000	0.000000	0.000000	0.000000	
50	0.000000	0.000000	0.000000	0.000000	0.000000	0.000000	0.000000	0.000000	0.000000	0.000000	
55	0.000000	0.000000	0.000000	0.000000	0.000000	0.000000	0.000000	0.000000	0.000000	0.000000	
60	0.000000	0.000000	0.000000	0.000000	0.000000	0.000000	0.000000	0.000000	0.000000	0.000000	
65	0.000000	0.000000	0.000000	0.000000	0.000000	0.000000	0.000000	0.000000	0.000000	0.000000	
70	0.000000	0.000000	0.000000	0.000000	0.000000	0.000000	0.000000	0.000000	0.000000	0.000000	
75	0.000000	0.000000	0.000000	0.000000	0.000000	0.000000	0.000000	0.000000	0.000000	0.000000	
80	0.000000	0.000000	0.000000	0.000000	0.000000	0.000000	0.000000	0.000000	0.000000	0.000000	
85	0.000000	0.000000	0.000000	0.000000	0.000000	0.000000	0.000000	0.000000	0.000000	0.000000	
90	0.000000	0.000000	0.000000	0.000000	0.000000	0.000000	0.000000	0.000000	0.000000	0.000000	
95	0.000000	0.000000	0.000000	0.000000	0.000000	0.000000	0.000000	0.000000	0.000000	0.000000	
100	0.000000	0.000000	0.000000	0.000000	0.000000	0.000000	0.000000	0.000000	0.000000	0.000000	
105	0.002495	0.002305	0.002054	0.001349	0.001593	0.001651	0.002342	0.002669	0.002275	0.001083	
110	0.009499	0.005326	0.007167	0.006659	0.007469	0.004297	0.003684	0.005133	0.006124	0.003745	
115	0.016309	0.010420	0.012232	0.013751	0.013435	0.008963	0.011439	0.009508	0.010594	0.007809	
120	0.025410	0.018624	0.018218	0.023290	0.020067	0.015232	0.016437	0.016809	0.017417	0.016778	
125	0.041131	0.029452	0.031763	0.033936	0.030163	0.025928	0.027865	0.024621	0.024992	0.023065	
130	0.056870	0.045580	0.045947	0.050309	0.039898	0.039073	0.038495	0.036136	0.040194	0.031693	
135	0.069464	0.063033	0.059637	0.071333	0.050139	0.059511	0.048659	0.054103	0.059021	0.053236	
140	0.083524	0.075678	0.068304	0.082893	0.058490	0.082354	0.058261	0.062322	0.073827	0.059301	
145	0.092481	0.080877	0.076015	0.097674	0.069478	0.091678	0.065889	0.075848	0.087213	0.065663	
150	0.101016	0.089224	0.082662	0.098425	0.077019	0.098942	0.076109	0.084239	0.088446	0.075158	
155	0.109271	0.095109	0.085647	0.102224	0.082690	0.108074	0.083166	0.090381	0.091296	0.081714	
160	0.112824	0.098500	0.090743	0.105519	0.086536	0.110533	0.079286	0.092927	0.093216	0.085690	
165	0.113111	0.102232	0.092798	0.107782	0.084247	0.111049	0.080386	0.094111	0.097223	0.091451	
170	0.112839	0.107395	0.094627	0.110377	0.086737	0.113089	0.082970	0.096914	0.101914	0.092107	
175	0.111012	0.105250	0.097274	0.111366	0.090155	0.120878	0.082457	0.097560	0.104988	0.096779	
180	0.118893	0.108236	0.100939	0.109997	0.090873	0.120450	0.085687	0.100654	0.108193	0.097791	
185	0.119066	0.106658	0.102734	0.108393	0.098939	0.120919	0.090485	0.100976	0.109015	0.099076	
190	0.119724	0.109374	0.105245	0.115536	0.103769	0.121568	0.094167	0.100131	0.107305	0.099601	
195	0.117369	0.111610	0.109172	0.119524	0.104358	0.127204	0.096173	0.097491	0.111739	0.105378	
200	0.117092	0.117832	0.114495	0.118045	0.105585	0.125103	0.097068	0.097684	0.113782	0.107303	
205	0.117669	0.121696	0.115333	0.119891	0.109969	0.126081	0.098662	0.100612	0.118643	0.110525	
210	0.119978	0.117045	0.115884	0.122617	0.112044	0.125229	0.098266	0.102054	0.122586	0.112238	
215	0.124109	0.115024	0.115084	0.122511	0.114697	0.127330	0.098212	0.104342	0.127010	0.113682	
220	0.126477	0.115012	0.112294	0.123737	0.113549	0.123840	0.100125	0.108141	0.124677	0.118698	
225	0.131561	0.117262	0.110187	0.126081	0.115401	0.121964	0.101305	0.109205	0.129084	0.119236	
230	0.131124	0.117361	0.109037	0.123122	0.115877	0.125538	0.103661	0.111096	0.131774	0.114621	
235	0.131801	0.118089	0.113378	0.122829	0.119729	0.131689	0.100824	0.114687	0.135161	0.120436	
240	0.134754	0.119029	0.109771	0.122261	0.126174	0.128391	0.101914	0.116033	0.140015	0.121195	
245	0.134191	0.116587	0.108594	0.120522	0.124121	0.130313	0.105367	0.118143	0.138674	0.122993	
250	0.136947	0.118802	0.111660	0.121724	0.123188	0.134357	0.102946	0.119976	0.143051	0.123776	
255	0.136387	0.120985	0.110071	0.118425	0.122515	0.131016	0.105986	0.117916	0.141747	0.124621	
260	0.136920	0.121292	0.112455	0.121916	0.122116	0.133349	0.107265	0.116730	0.139901	0.122316	
265	0.140569	0.121004	0.115482	0.118996	0.128135	0.133193	0.111869	0.120241	0.138753	0.123607	
270	0.141432	0.123482	0.116432	0.120496	0.126272	0.135575	0.111128	0.120980	0.139345	0.121802	
275	0.143092	0.123313	0.118559	0.126753	0.127883	0.137507	0.112087	0.120505	0.139842	0.125290	
280	0.144219	0.125034	0.118512	0.129139	0.132129	0.137500	0.115271	0.121081	0.138656	0.126738	
285	0.149928	0.127020	0.122839	0.129682	0.129085	0.137075	0.117317	0.119294	0.138859	0.128343	
290	0.148539	0.123295	0.123972	0.134986	0.131264	0.137771	0.115728	0.117514	0.137765	0.129451	
295	0.150214	0.121071	0.122645	0.134651	0.134004	0.138792	0.113454	0.118566	0.142162	0.129686	
300	0.149802	0.125174	0.124304	0.131247	0.135073	0.142057	0.118038	0.117990	0.140004	0.129419	
305	0.147698	0.126811	0.123498	0.132968	0.134697	0.139258	0.119644	0.119645	0.140628	0.133876	
310	0.147318	0.124862	0.124630	0.136032	0.134323	0.139922	0.118584	0.119378	0.141983	0.130933	
315	0.152562	0.123520	0.123921	0.132320	0.139088	0.140033	0.117382	0.118374	0.136852	0.132125	
320	0.150495	0.123532	0.125334	0.129369	0.141780	0.142754	0.116479	0.118992	0.137556	0.134048	
325	0.144160	0.123880	0.125911	0.127215	0.142305	0.141378	0.118805	0.119205	0.139541	0.135790	
330	0.143994	0.123837	0.127304	0.126232	0.136744	0.139435	0.116950	0.123680	0.141393	0.136021	
335	0.145806	0.125442	0.123201	0.126915	0.133607	0.146944	0.116921	0.123231	0.144004	0.135349	
340	0.148127	0.128207	0.125072	0.127638	0.127353	0.144795	0.122027	0.127714	0.140955	0.134769	
345	0.144803	0.126606	0.128491	0.130070	0.128643	0.144040	0.123227	0.130946	0.140693	0.137360	
350	0.144779	0.122417	0.128694	0.131471	0.128984	0.140984	0.123533	0.133416	0.140312	0.136907	
355	0.144015	0.124602	0.132160	0.131361	0.130415	0.141704	0.124086	0.132175	0.142311	0.139114	
360	0.142101	0.124675	0.132699	0.131773	0.128727	0.138961	0.126522	0.135644	0.140073	0.138371	
365	0.142514	0.125191	0.129767	0.130203	0.128747	0.143323	0.121164	0.138795	0.141747	0.138928	
370	0.143540	0.126014	0.129967	0.138379	0.122471	0.142874	0.120637	0.138268	0.144200	0.143831	
375	0.142506	0.124629	0.127715	0.140125	0.123443	0.149187	0.121737	0.135340	0.141448	0.141899	
380	0.140067	0.123942	0.124769	0.134875	0.121985	0.150321	0.130263	0.138871	0.145082	0.145083	
385	0.138544	0.126089	0.124688	0.132946	0.121704	0.151688	0.128815	0.134211	0.146042	0.143641	
390	0.133992	0.126946	0.121078	0.134781	0.122844	0.154356	0.128258	0.135042	0.146947	0.145422	
395	0.133916	0.126257	0.126169	0.133852	0.121780	0.151976	0.126864	0.129742	0.143894	0.148951	
400	0.130337	0.130021	0.129547	0.133124	0.117847	0.152421	0.126953	0.131466	0.140672	0.148821	
405	0.130310	0.138749	0.130032	0.135161	0.120213	0.148594	0.130613	0.130269	0.137330	0.145879	
410	0.131754	0.142394	0.130219	0.137170	0.121783	0.148328	0.131429	0.130796	0.130824	0.147124	
415	0.132071	0.147301	0.132417	0.136827	0.119955	0.150282	0.129313	0.135682	0.126546	0.148161	
420	0.133814	0.147717	0.132178	0.134392	0.121590	0.150819	0.129321	0.134717	0.130536	0.146863	
425	0.131747	0.145221	0.134545	0.135170	0.122174	0.148810	0.132705	0.132522	0.137112	0.147237	
430	0.131924	0.145360	0.134758	0.133493	0.120923	0.146804	0.131860	0.133408	0.135832	0.149940	
435	0.128218	0.138382	0.134136	0.132395	0.123605	0.150049	0.131041	0.135096	0.137821	0.149535	
440	0.126058	0.137829	0.134085	0.132337	0.123488	0.150452	0.133928	0.130607	0.143682	0.149393	
445	0.125687	0.143402	0.133044	0.130325	0.124281	0.151786	0.134316	0.135407	0.144504	0.145994	
450	0.126728	0.143814	0.137504	0.129523	0.118060	0.148359	0.132241	0.135368	0.144388	0.144742	
455	0.127405	0.142724	0.136362	0.134318	0.118853	0.143954	0.128766	0.136548	0.140782	0.147982	
460	0.128366	0.144318	0.134213	0.132952	0.117940	0.145765	0.124314	0.134353	0.140832	0.150951	
465	0.130352	0.139097	0.134824	0.133058	0.118800	0.145227	0.125294	0.132001	0.141611	0.154625	
470	0.129300	0.139741	0.133138	0.138394	0.115548	0.147806	0.123898	0.131303	0.141620	0.150162	
475	0.129703	0.139324	0.135504	0.140731	0.117347	0.146634	0.121721	0.129968	0.140216	0.151664	
480	0.128087	0.141405	0.137374	0.135982	0.120132	0.146866	0.121938	0.129306	0.143068	0.151934	
485	0.127743	0.142421	0.137821	0.133313	0.121742	0.145148	0.126521	0.129010	0.145327	0.151001	
490	0.131027	0.140863	0.133009	0.134779	0.122417	0.145916	0.131236	0.127376	0.147760	0.149353	
495	0.129687	0.135851	0.131508	0.131841	0.114983	0.143496	0.128829	0.124760	0.148735	0.151706	
500	0.132699	0.132857	0.134472	0.131731	0.118746	0.138252	0.126887	0.128532	0.151007	0.150833	
505	0.135351	0.135439	0.133312	0.132924	0.117064	0.138730	0.121516	0.127255	0.150121	0.148237	
510	0.136162	0.136848	0.133205	0.133442	0.119314	0.138607	0.118818	0.120992	0.147269	0.145120	
515	0.133722	0.135485	0.129822	0.134806	0.124030	0.135176	0.119061	0.123251	0.148393	0.144324	
520	0.133034	0.132203	0.134684	0.136150	0.120936	0.134634	0.118691	0.124299	0.144652	0.148570	
525	0.133388	0.128428	0.137888	0.135019	0.117547	0.134054	0.118413	0.127010	0.143226	0.148403	
530	0.134998	0.135726	0.136492	0.132038	0.118189	0.135097	0.120497	0.124629	0.145281	0.150975	
535	0.135686	0.132764	0.138452	0.132691	0.118574	0.131211	0.116840	0.121850	0.141946	0.151791	
540	0.136365	0.130883	0.138449	0.132971	0.119433	0.129541	0.116388	0.119124	0.141159	0.145011	
545	0.134653	0.133924	0.138796	0.134548	0.118493	0.131408	0.115855	0.117972	0.142281	0.143086	
550	0.133675	0.133649	0.138020	0.133737	0.118457	0.133431	0.118119	0.116534	0.144592	0.144507	
555	0.136385	0.133514	0.140639	0.133143	0.117824	0.130559	0.118485	0.117915	0.143330	0.145718	
560	0.137372	0.134169	0.145752	0.138106	0.120149	0.124026	0.119331	0.119433	0.145364	0.147847	
565	0.139249	0.134675	0.138264	0.138739	0.119040	0.121601	0.119088	0.117304	0.140869	0.149657	
570	0.142387	0.135824	0.137861	0.133914	0.119915	0.123015	0.121250	0.118490	0.142139	0.146739	
575	0.143729	0.135657	0.137082	0.135694	0.120947	0.120551	0.123690	0.118874	0.140999	0.151077	
580	0.140304	0.138982	0.135738	0.133421	0.125036	0.121264	0.121381	0.120459	0.140979	0.149413	
585	0.146783	0.135622	0.132612	0.131807	0.126099	0.125672	0.121547	0.122037	0.142407	0.149147	
590	0.142676	0.140034	0.128079	0.133011	0.122941	0.124920	0.122736	0.122171	0.139221	0.153133	
595	0.140842	0.139859	0.132228	0.131102	0.122932	0.123150	0.122106	0.124320	0.142934	0.156060	
600	0.140851	0.142650	0.134697	0.129196	0.125515	0.122110	0.124112	0.125057	0.143605	0.157389	
605	0.140744	0.143912	0.134144	0.127667	0.125091	0.122494	0.121423	0.122836	0.143676	0.157326	
610	0.142019	0.146977	0.132493	0.128334	0.125602	0.122559	0.125583	0.122054	0.147025	0.156107	
615	0.136857	0.148147	0.133356	0.124184	0.124178	0.119313	0.127371	0.122653	0.147471	0.157416	
620	0.140642	0.145214	0.131331	0.128146	0.124574	0.118835	0.125015	0.123844	0.144047	0.153013	
625	0.142693	0.146002	0.134068	0.125495	0.120657	0.115635	0.129263	0.123722	0.139604	0.154123	
630	0.143844	0.142949	0.135798	0.126356	0.121879	0.117468	0.128034	0.128759	0.140395	0.156395	
635	0.146069	0.143452	0.127201	0.130555	0.123536	0.116263	0.128989	0.130460	0.139012	0.155945	
640	0.141064	0.140756	0.127088	0.127877	0.122878	0.116275	0.130813	0.129505	0.134767	0.155862	
645	0.136151	0.135774	0.130373	0.128333	0.127286	0.112257	0.132546	0.132105	0.137852	0.160375	
650	0.139435	0.132714	0.132042	0.128531	0.123641	0.114014	0.133380	0.130065	0.136808	0.157040	
655	0.139326	0.132289	0.135371	0.128619	0.123980	0.112753	0.129334	0.131874	0.139383	0.157457	
660	0.139992	0.132329	0.133384	0.128692	0.122674	0.109506	0.132330	0.130322	0.141592	0.152417	
665	0.135274	0.134430	0.138833	0.127804	0.126105	0.110393	0.128912	0.131491	0.139945	0.153100	
670	0.131948	0.131164	0.138731	0.128889	0.124896	0.110043	0.125396	0.134869	0.143274	0.157475	
675	0.134826	0.131011	0.135738	0.126880	0.123778	0.110092	0.126860	0.132960	0.142990	0.158820	
680	0.131178	0.132285	0.139475	0.125712	0.124891	0.115271	0.126726	0.135070	0.142466	0.157203	
685	0.131249	0.133477	0.137289	0.123953	0.127906	0.115400	0.125286	0.132969	0.143722	0.159149	
690	0.131512	0.135662	0.138719	0.121777	0.127691	0.112509	0.128935	0.131955	0.142337	0.158097	
695	0.132975	0.136135	0.138625	0.120227	0.126426	0.113744	0.126602	0.133198	0.144285	0.155046	
700	0.137831	0.137439	0.135876	0.121526	0.128197	0.110781	0.129569	0.129754	0.138742	0.150259	
705	0.138864	0.138842	0.138550	0.120205	0.127503	0.111137	0.126794	0.133381	0.140823	0.149058	
710	0.134501	0.138086	0.136051	0.119105	0.126455	0.108624	0.126674	0.134505	0.139178	0.149891	
715	0.135104	0.139120	0.137230	0.120964	0.124784	0.110256	0.125446	0.138681	0.145760	0.149149	
720	0.136014	0.143085	0.135680	0.119097	0.123305	0.108738	0.128509	0.136484	0.148858	0.153187	
725	0.136099	0.138323	0.135004	0.120972	0.125202	0.107565	0.128359	0.134964	0.148461	0.148086	
730	0.135148	0.140910	0.134584	0.125054	0.126219	0.111944	0.127545	0.133254	0.150986	0.145358	
735	0.137506	0.140013	0.140406	0.128482	0.126842	0.115446	0.129478	0.134221	0.147020	0.145322	
740	0.132967	0.139561	0.137881	0.127228	0.127179	0.114492	0.132143	0.135105	0.147101	0.146908	
745	0.130622	0.136274	0.137325	0.130718	0.128977	0.115884	0.135798	0.135564	0.150215	0.150527	
750	0.130104	0.134914	0.138449	0.129776	0.129605	0.116707	0.128221	0.137332	0.151108	0.152410	
755	0.130686	0.132917	0.135102	0.127475	0.129489	0.119144	0.127832	0.136186	0.146255	0.154780	
760	0.129118	0.131889	0.138447	0.126256	0.130817	0.118781	0.133399	0.135774	0.144024	0.154407	
765	0.128310	0.135890	0.134967	0.128757	0.130390	0.120092	0.125141	0.136378	0.141943	0.157507	
770	0.130000	0.137953	0.132471	0.126821	0.128308	0.120569	0.128383	0.136489	0.141238	0.156811	
775	0.129324	0.140151	0.131819	0.124951	0.128670	0.118234	0.128926	0.135008	0.141502	0.155506	
780	0.130650	0.138668	0.129236	0.127185	0.128355	0.121350	0.127220	0.139453	0.144971	0.155855	
785	0.131771	0.138048	0.134088	0.124165	0.128180	0.123113	0.125227	0.141430	0.145193	0.153447	
790	0.132428	0.139260	0.134159	0.122926	0.128220	0.123409	0.121372	0.140603	0.144394	0.153001	
795	0.134245	0.136823	0.132653	0.123395	0.128925	0.124138	0.122627	0.138798	0.142581	0.154334	
800	0.134068	0.133290	0.130588	0.123949	0.131902	0.120979	0.119057	0.134258	0.141853	0.153890	
805	0.132965	0.132788	0.130640	0.126059	0.130290	0.118518	0.121941	0.135544	0.141098	0.148929	
810	0.130628	0.130308	0.127871	0.128284	0.133363	0.121642	0.123700	0.130973	0.141580	0.151114	
815	0.131739	0.130176	0.130260	0.127247	0.133407	0.122996	0.126294	0.131082	0.143745	0.151875	
820	0.129439	0.130596	0.131047	0.129357	0.129059	0.122903	0.124594	0.130360	0.140731	0.147629	
825	0.129795	0.128514	0.135191	0.131301	0.132896	0.123826	0.124049	0.129877	0.145073	0.147467	
830	0.130974	0.128795	0.133279	0.126572	0.128595	0.119396	0.123596	0.130949	0.146122	0.149045	
835	0.136989	0.131823	0.133824	0.128143	0.130192	0.123313	0.122470	0.127230	0.147165	0.148886	
840	0.138265	0.130557	0.134413	0.129297	0.132073	0.123658	0.123095	0.125586	0.146764	0.143468	
845	0.141942	0.125644	0.131882	0.128186	0.129701	0.128429	0.123612	0.125423	0.142783	0.141201	
850	0.138309	0.121733	0.132905	0.128134	0.129528	0.124429	0.121022	0.128533	0.140912	0.141724	
855	0.138721	0.119997	0.134009	0.127291	0.124568	0.123437	0.122653	0.126943	0.141274	0.137587	
860	0.135437	0.117117	0.131605	0.132112	0.124893	0.121966	0.123836	0.127945	0.138712	0.138227	
865	0.136491	0.112541	0.128125	0.131291	0.121682	0.122360	0.130284	0.128676	0.141859	0.136327	
870	0.139770	0.113362	0.129475	0.129885	0.117200	0.122756	0.126474	0.129205	0.143744	0.134469	
875	0.141647	0.116653	0.131862	0.132243	0.116117	0.119250	0.123266	0.123392	0.139912	0.134279	
880	0.145368	0.114889	0.135911	0.130160	0.116175	0.120422	0.125747	0.121946	0.136879	0.133942	
885	0.145099	0.116003	0.140788	0.126563	0.121619	0.124438	0.125003	0.125244	0.138613	0.134610	
890	0.145342	0.114947	0.141164	0.126332	0.119183	0.126763	0.123922	0.123470	0.135957	0.130170	
895	0.144678	0.113170	0.140038	0.129516	0.117457	0.130394	0.125890	0.123208	0.132953	0.133869	
900	0.142408	0.116206	0.138451	0.135798	0.122236	0.128502	0.126937	0.121055	0.135191	0.129037	
905	0.146834	0.117782	0.139476	0.134698	0.120578	0.131318	0.127780	0.126260	0.134191	0.131458	
910	0.150461	0.120191	0.140298	0.135202	0.122713	0.132409	0.127364	0.122734	0.132722	0.134120	
915	0.151838	0.118770	0.143239	0.135209	0.120525	0.131727	0.126878	0.125178	0.134452	0.135615	
920	0.152427	0.118368	0.142797	0.131416	0.121836	0.133114	0.125015	0.121766	0.139311	0.135445	
925	0.152602	0.117840	0.141053	0.135512	0.122026	0.129548	0.125410	0.121601	0.135986	0.137205	
930	0.157308	0.120081	0.143709	0.130272	0.125848	0.127608	0.128970	0.124109	0.133004	0.135739	
935	0.155773	0.117744	0.137271	0.130228	0.120530	0.126248	0.128151	0.131367	0.133467	0.135184	
940	0.154711	0.118666	0.137915	0.131635	0.119277	0.124197	0.129125	0.133266	0.135725	0.136303	
945	0.154062	0.119217	0.139331	0.132634	0.118898	0.125718	0.128273	0.134894	0.136643	0.134491	
950	0.153222	0.119114	0.137945	0.134094	0.118061	0.123866	0.130555	0.135141	0.134352	0.134601	
955	0.159732	0.120880	0.137007	0.130602	0.117209	0.125825	0.130256	0.134344	0.136755	0.133982	
960	0.158097	0.118254	0.140465	0.129469	0.115695	0.126749	0.128602	0.133484	0.137674	0.135271	
965	0.159706	0.118559	0.142491	0.131149	0.114770	0.130112	0.126615	0.135627	0.133914	0.134975	
970	0.159534	0.122242	0.146102	0.132911	0.112784	0.132262	0.127548	0.136898	0.137231	0.134639	
975	0.159321	0.123269	0.144753	0.133405	0.115345	0.135763	0.129206	0.137153	0.137101	0.135030	
980	0.156259	0.123528	0.139870	0.137828	0.116649	0.136411	0.130398	0.132604	0.137702	0.136759	
985	0.154405	0.123051	0.138644	0.138254	0.116503	0.136072	0.129665	0.131693	0.140805	0.136498	
990	0.154987	0.124365	0.136540	0.138272	0.115485	0.132756	0.129479	0.132094	0.138515	0.135058	
995	0.150959	0.124411	0.133977	0.141009	0.117868	0.135152	0.133740	0.136226	0.136787	0.137243	
1000	0.150043	0.123114	0.138039	0.140377	0.121553	0.133338	0.134094	0.135209	0.135573	0.135313	
1005	0.153066	0.124416	0.137644	0.138359	0.124987	0.135615	0.128479	0.130847	0.130814	0.137093	
1010	0.151693	0.123919	0.135792	0.136967	0.124220	0.138925	0.125927	0.129620	0.129860	0.134480	
1015	0.154772	0.122513	0.139052	0.134334	0.125094	0.139248	0.128227	0.129440	0.128091	0.133836	
1020	0.159750	0.122118	0.140462	0.134057	0.125739	0.138541	0.128528	0.127794	0.129439	0.133400	
1025	0.160158	0.124245	0.138437	0.128574	0.126505	0.134561	0.131786	0.128146	0.128601	0.136788	
1030	0.158328	0.125366	0.133302	0.129925	0.124582	0.133479	0.132101	0.130020	0.128600	0.137234	
1035	0.153212	0.124504	0.135101	0.125990	0.123287	0.131668	0.131407	0.131176	0.129023	0.140385	
1040	0.151953	0.127512	0.135669	0.127204	0.124134	0.129401	0.129349	0.131596	0.131834	0.140306	
1045	0.152416	0.128303	0.133080	0.122624	0.127578	0.128511	0.129151	0.131564	0.131544	0.141675	
1050	0.154562	0.128639	0.134078	0.124758	0.128410	0.131705	0.123544	0.132390	0.132871	0.139125	
1055	0.151922	0.130491	0.137382	0.127816	0.126412	0.133576	0.123494	0.130666	0.131304	0.141423	
1060	0.151618	0.132736	0.137883	0.127839	0.122432	0.134265	0.122322	0.134152	0.130016	0.145451	
1065	0.150635	0.133935	0.139565	0.125466	0.124680	0.134315	0.123625	0.131588	0.128651	0.145998	
1070	0.149499	0.131141	0.145454	0.129884	0.124678	0.132026	0.125301	0.130982	0.129730	0.144193	
1075	0.148435	0.133844	0.147301	0.132234	0.128474	0.132079	0.127022	0.132342	0.131563	0.139317	
1080	0.149328	0.134892	0.147062	0.137598	0.128065	0.133793	0.128296	0.131075	0.133059	0.139009	
1085	0.151986	0.138281	0.143862	0.140677	0.126683	0.134418	0.129246	0.132630	0.134185	0.139196	
1090	0.156943	0.138755	0.142624	0.141637	0.125320	0.135115	0.129036	0.134426	0.136096	0.141047	
1095	0.157918	0.137494	0.143508	0.141348	0.124107	0.136968	0.125877	0.137879	0.134554	0.139659	
1100	0.158103	0.136215	0.143464	0.139042	0.124125	0.134678	0.124498	0.133940	0.130683	0.140519	
1105	0.156803	0.141082	0.139801	0.143812	0.122918	0.134144	0.122476	0.137045	0.133710	0.141598	
1110	0.154622	0.143941	0.141131	0.142414	0.122022	0.133661	0.125758	0.135646	0.136047	0.141691	
1115	0.149348	0.143904	0.140014	0.144379	0.126565	0.137158	0.124193	0.136326	0.135241	0.141131	
1120	0.153114	0.144022	0.138546	0.142120	0.130700	0.139116	0.126728	0.136801	0.136779	0.147588	
1125	0.150194	0.144270	0.140699	0.142588	0.130016	0.136457	0.129736	0.135736	0.138683	0.147094	
1130	0.156113	0.145393	0.139436	0.141943	0.131478	0.138495	0.128314	0.135101	0.138255	0.144833	
1135	0.153950	0.146222	0.135036	0.142425	0.126527	0.138636	0.129500	0.135279	0.138432	0.150559	
1140	0.153001	0.145641	0.135174	0.143143	0.127126	0.136323	0.129870	0.138917	0.138457	0.151206	
1145	0.153993	0.149296	0.136522	0.138156	0.127709	0.136019	0.130973	0.135413	0.141212	0.146124	
1150	0.153922	0.149557	0.139825	0.137172	0.124462	0.134413	0.131875	0.134993	0.141413	0.145732	
1155	0.153628	0.147980	0.139563	0.137375	0.128816	0.131556	0.135145	0.131670	0.146506	0.143618	
1160	0.152241	0.149364	0.139489	0.132956	0.131737	0.131251	0.133178	0.126720	0.142166	0.143577	
1165	0.153265	0.145732	0.134225	0.133340	0.133942	0.133384	0.134407	0.125931	0.142868	0.142984	
1170	0.150709	0.147280	0.133609	0.132340	0.130447	0.132885	0.132934	0.126464	0.141280	0.141269	
1175	0.145760	0.147833	0.135889	0.138608	0.130250	0.134455	0.136024	0.125919	0.138942	0.140709	
1180	0.146953	0.149271	0.133587	0.138572	0.126581	0.132872	0.134331	0.126337	0.144119	0.144616	
1185	0.147218	0.146792	0.130370	0.144198	0.127792	0.130710	0.138910	0.131220	0.142276	0.144447	
1190	0.146586	0.149426	0.129321	0.145263	0.124610	0.134047	0.138084	0.130009	0.142705	0.145258	
1195	0.148268	0.151053	0.126797	0.146305	0.126637	0.133220	0.140423	0.130902	0.141611	0.142846	
1200	0.149357	0.151863	0.132760	0.145613	0.125348	0.133817	0.136385	0.131196	0.139732	0.146061	
1205	0.148079	0.150582	0.132253	0.148263	0.125913	0.130687	0.133609	0.132003	0.141147	0.147224	
1210	0.145964	0.149149	0.135247	0.144363	0.124093	0.133608	0.128602	0.131037	0.140719	0.148640	
1215	0.138863	0.144863	0.131532	0.141861	0.125322	0.135159	0.128770	0.132928	0.141388	0.146915	
1220	0.134548	0.145927	0.133643	0.139863	0.128175	0.135354	0.125646	0.135464	0.141530	0.144478	
1225	0.137606	0.146402	0.136082	0.139516	0.132887	0.136917	0.125951	0.135561	0.143360	0.145489	
1230	0.135863	0.145117	0.136187	0.142029	0.133069	0.142154	0.123558	0.134143	0.144157	0.144567	
1235	0.136091	0.142992	0.137593	0.141098	0.136166	0.141932	0.118972	0.133586	0.138668	0.147805	
1240	0.135640	0.146264	0.140001	0.142191	0.136865	0.140858	0.120645	0.140387	0.139328	0.144444	
1245	0.133699	0.147789	0.137560	0.143927	0.137448	0.143553	0.123755	0.135647	0.143027	0.141449	
1250	0.133968	0.146027	0.134572	0.147234	0.134381	0.143077	0.122831	0.135894	0.141300	0.138590	
1255	0.134577	0.151310	0.135809	0.149025	0.132007	0.143414	0.120018	0.136134	0.139225	0.137721	
1260	0.138701	0.150016	0.132742	0.149629	0.130230	0.141070	0.119832	0.136697	0.140792	0.136941	
1265	0.136148	0.153685	0.131808	0.147995	0.130941	0.140142	0.119672	0.138144	0.138406	0.135815	
1270	0.135750	0.151501	0.131700	0.148339	0.132753	0.140867	0.120750	0.139768	0.140926	0.138258	
1275	0.134953	0.150112	0.135277	0.143833	0.131052	0.143916	0.119546	0.142908	0.142029	0.140182	
1280	0.132780	0.147899	0.134121	0.140958	0.133258	0.141948	0.119858	0.141142	0.143099	0.140547	
1285	0.131668	0.145072	0.133423	0.139276	0.132516	0.140160	0.115657	0.144195	0.141464	0.141156	
1290	0.131471	0.145929	0.134128	0.140455	0.128007	0.137423	0.116550	0.142764	0.138542	0.140426	
1295	0.131069	0.144281	0.136492	0.142235	0.126625	0.134994	0.115591	0.142694	0.142988	0.140305	
1300	0.127613	0.145812	0.136963	0.142542	0.131495	0.134397	0.116510	0.144063	0.141446	0.138509	
1305	0.126615	0.149361	0.142168	0.143658	0.130475	0.137002	0.117672	0.144473	0.141032	0.138188	
1310	0.125454	0.152035	0.146357	0.150753	0.127170	0.138117	0.118558	0.142394	0.138955	0.138542	
1315	0.125794	0.155091	0.144619	0.147332	0.127218	0.137905	0.118443	0.140775	0.139537	0.137645	
1320	0.125589	0.153289	0.141525	0.145396	0.129484	0.139417	0.120315	0.140810	0.143998	0.140577	
1325	0.126468	0.154076	0.139081	0.147540	0.125240	0.139943	0.124555	0.141731	0.143166	0.140272	
1330	0.126698	0.156353	0.138567	0.147512	0.124082	0.139846	0.123266	0.139522	0.142652	0.141021	
1335	0.126190	0.158539	0.134281	0.152833	0.125242	0.138403	0.125558	0.139852	0.140066	0.142245	
1340	0.124845	0.152046	0.132632	0.149943	0.130082	0.138852	0.123151	0.141555	0.135877	0.141354	
1345	0.126243	0.148289	0.132830	0.148526	0.129761	0.135363	0.120339	0.145223	0.133322	0.141731	
1350	0.127039	0.144219	0.132144	0.149181	0.129347	0.132977	0.121498	0.142377	0.132805	0.139856	
1355	0.131480	0.143196	0.129951	0.151887	0.129855	0.128433	0.124336	0.143676	0.134115	0.138557	
1360	0.136126	0.142444	0.134238	0.150847	0.126440	0.129888	0.120599	0.138932	0.135298	0.146735	
1365	0.140783	0.146412	0.136813	0.151373	0.123776	0.129501	0.119823	0.140540	0.132017	0.148274	
1370	0.142838	0.145622	0.137132	0.151333	0.127792	0.129513	0.117100	0.142099	0.131676	0.151790	
1375	0.140448	0.144909	0.134891	0.150518	0.128500	0.127503	0.116233	0.146970	0.130356	0.152125	
1380	0.141928	0.144077	0.136293	0.147324	0.131264	0.126241	0.118836	0.139366	0.128481	0.152473	
1385	0.138313	0.146855	0.135329	0.143092	0.131180	0.125608	0.115734	0.138382	0.130734	0.156301	
1390	0.135310	0.147967	0.135740	0.146292	0.125265	0.122282	0.121054	0.136068	0.126496	0.153711	
1395	0.134307	0.150238	0.134027	0.144874	0.123187	0.124659	0.123906	0.132437	0.127004	0.155488	
1400	0.133261	0.149525	0.134339	0.146687	0.122927	0.122934	0.119831	0.132792	0.128020	0.159089	
1405	0.129572	0.150188	0.136441	0.149103	0.123487	0.123913	0.122579	0.126996	0.127441	0.156515	
1410	0.128311	0.154147	0.139029	0.146544	0.124495	0.124722	0.124324	0.124524	0.126997	0.156749	
1415	0.128705	0.152224	0.139253	0.144890	0.119683	0.124495	0.125642	0.124039	0.127165	0.157067	
1420	0.133301	0.153874	0.134287	0.143725	0.123510	0.122325	0.125379	0.121523	0.130891	0.155241	
1425	0.136746	0.150243	0.135808	0.142409	0.123101	0.120919	0.125297	0.121354	0.131581	0.148524	
1430	0.135781	0.149309	0.131288	0.142638	0.124007	0.119108	0.124225	0.118846	0.133154	0.147611	
1435	0.133952	0.151842	0.130455	0.141436	0.121865	0.120409	0.123747	0.118205	0.132689	0.149271	
1440	0.135412	0.146814	0.131039	0.141744	0.122060	0.122505	0.120388	0.118956	0.137247	0.146188	
1445	0.134980	0.142249	0.129948	0.142812	0.122637	0.122583	0.122149	0.116874	0.138062	0.148007	
1450	0.135636	0.146419	0.130415	0.142671	0.121606	0.122626	0.119878	0.118858	0.136950	0.148528	
1455	0.133059	0.140963	0.128284	0.136277	0.119271	0.120248	0.118125	0.114811	0.137945	0.146875	
1460	0.133290	0.142387	0.130357	0.140149	0.122073	0.118390	0.119809	0.114825	0.136032	0.142077	
1465	0.130417	0.139472	0.130908	0.138127	0.119162	0.119501	0.120604	0.117715	0.136837	0.138587	
1470	0.131737	0.143679	0.130323	0.139912	0.119665	0.120911	0.118030	0.119807	0.140486	0.139443	
1475	0.131483	0.141316	0.135151	0.140300	0.119173	0.126225	0.120582	0.123152	0.136210	0.137734	
1480	0.128994	0.140522	0.138409	0.140505	0.118866	0.127222	0.121912	0.122458	0.134537	0.137140	
1485	0.124892	0.142063	0.140423	0.140631	0.119507	0.125578	0.122092	0.126842	0.138525	0.132033	
1490	0.126353	0.137451	0.145929	0.140762	0.119220	0.120835	0.124580	0.129119	0.136179	0.132296	
1495	0.122658	0.140115	0.141686	0.145756	0.121066	0.121694	0.126533	0.126050	0.137494	0.132672	
1500	0.124947	0.140028	0.142358	0.148259	0.126345	0.123637	0.126130	0.128006	0.138879	0.133062	
1505	0.126136	0.137119	0.142646	0.146602	0.123451	0.123109	0.127833	0.129309	0.134689	0.129356	
1510	0.121771	0.137004	0.141511	0.145065	0.124674	0.122291	0.126496	0.129813	0.135396	0.125941	
1515	0.119263	0.136603	0.139983	0.146795	0.120928	0.123005	0.127978	0.127404	0.142402	0.130348	
1520	0.121412	0.133316	0.140627	0.150076	0.119316	0.122824	0.129375	0.124276	0.141674	0.129673	
1525	0.127460	0.132158	0.138526	0.150296	0.118474	0.122304	0.125976	0.122469	0.140956	0.127937	
1530	0.127485	0.133354	0.139516	0.153228	0.119666	0.125326	0.121572	0.124270	0.138140	0.127990	
1535	0.127993	0.130954	0.138603	0.152205	0.118332	0.126249	0.121914	0.124510	0.138474	0.128504	
1540	0.134353	0.130934	0.136440	0.153453	0.123997	0.129027	0.123619	0.124013	0.137306	0.125632	
1545	0.131051	0.134129	0.140572	0.151573	0.124573	0.130857	0.124576	0.127037	0.137640	0.127176	
1550	0.129153	0.131997	0.141206	0.152111	0.124172	0.132106	0.124769	0.129582	0.130019	0.123825	
1555	0.126548	0.131827	0.143812	0.147149	0.121753	0.134942	0.127263	0.131906	0.128860	0.123519	
1560	0.125668	0.132348	0.142281	0.150230	0.123160	0.136117	0.128164	0.134769	0.129369	0.122572	
1565	0.122051	0.132329	0.140106	0.148119	0.120623	0.140692	0.126473	0.134675	0.130959	0.122646	
1570	0.124548	0.136747	0.142235	0.147523	0.117304	0.140934	0.124767	0.133639	0.129042	0.124015	
1575	0.124251	0.135055	0.141331	0.148383	0.121185	0.143004	0.124576	0.134533	0.131894	0.120832	
1580	0.123782	0.132231	0.145876	0.148969	0.121063	0.140060	0.124782	0.133699	0.129744	0.121450	
1585	0.122670	0.129860	0.144501	0.149780	0.121485	0.140071	0.126871	0.133365	0.128488	0.121666	
1590	0.120604	0.131328	0.144845	0.148973	0.122385	0.142755	0.126336	0.131288	0.127522	0.120886	
1595	0.121635	0.128488	0.145388	0.150439	0.122863	0.141037	0.128142	0.133658	0.127579	0.120210	
1600	0.121686	0.125909	0.150811	0.150469	0.125538	0.146461	0.129833	0.131030	0.129958	0.117888	
1605	0.118970	0.128085	0.147438	0.151377	0.128458	0.149238	0.130744	0.135657	0.130048	0.117884	
1610	0.122944	0.131415	0.150907	0.148173	0.125221	0.146251	0.130023	0.137532	0.132865	0.122351	
1615	0.122816	0.133631	0.150713	0.148935	0.123047	0.148661	0.128832	0.135153	0.132100	0.124249	
1620	0.123053	0.134545	0.149618	0.148614	0.126867	0.146980	0.128644	0.133852	0.131383	0.127767	
1625	0.123123	0.132187	0.148510	0.148442	0.127577	0.145282	0.125946	0.134942	0.134047	0.125125	
1630	0.123715	0.135685	0.146168	0.146535	0.127430	0.146799	0.125840	0.139466	0.133528	0.125020	
1635	0.124695	0.136284	0.146000	0.144065	0.125898	0.143242	0.128606	0.145485	0.131200	0.130686	
1640	0.128452	0.135069	0.145426	0.144814	0.126946	0.143764	0.130972	0.143186	0.134309	0.131330	
1645	0.122827	0.135510	0.144758	0.144720	0.128565	0.142851	0.130587	0.139457	0.136876	0.128534	
1650	0.126021	0.137544	0.148007	0.144356	0.126233	0.140763	0.134924	0.138684	0.136326	0.129690	
1655	0.126511	0.135421	0.148581	0.147109	0.127869	0.137527	0.133542	0.136649	0.129794	0.128318	
1660	0.123650	0.133803	0.145645	0.147331	0.129606	0.140285	0.133483	0.132297	0.135599	0.128766	
1665	0.126530	0.132932	0.144822	0.147486	0.124033	0.139246	0.132034	0.131833	0.132453	0.130560	
1670	0.125679	0.133059	0.144354	0.146303	0.125542	0.144619	0.132760	0.130255	0.129712	0.128549	
1675	0.126451	0.129802	0.144787	0.145741	0.125951	0.142023	0.129306	0.131247	0.130339	0.126994	
1680	0.125599	0.128625	0.144309	0.144759	0.127982	0.143543	0.128484	0.134212	0.124143	0.126437	
1685	0.128678	0.129363	0.140084	0.144303	0.129693	0.140827	0.127924	0.133718	0.127103	0.126582	
1690	0.132241	0.126632	0.140635	0.144797	0.132800	0.137768	0.125742	0.131273	0.129477	0.120286	
1695	0.134946	0.124523	0.135485	0.143823	0.132582	0.136123	0.126133	0.133838	0.129210	0.122098	
1700	0.135358	0.126062	0.133906	0.144115	0.129833	0.138172	0.123536	0.133346	0.130660	0.120103	
1705	0.132769	0.127576	0.130770	0.144768	0.127627	0.139250	0.123563	0.135119	0.126695	0.123007	
1710	0.134532	0.129969	0.128743	0.141218	0.127383	0.140737	0.123074	0.134875	0.126930	0.128743	
1715	0.131004	0.129418	0.127557	0.142158	0.128681	0.137718	0.123411	0.132325	0.125459	0.128787	
1720	0.133351	0.124066	0.127325	0.141927	0.126128	0.138029	0.123660	0.132655	0.126790	0.133260	
1725	0.131290	0.123766	0.127971	0.141153	0.124435	0.141703	0.125666	0.135778	0.127805	0.132486	
1730	0.129476	0.127931	0.130882	0.141819	0.127661	0.138183	0.125662	0.131807	0.127977	0.129778	
1735	0.125607	0.124121	0.127776	0.140477	0.128685	0.139483	0.123089	0.129668	0.129135	0.129768	
1740	0.126778	0.124648	0.132460	0.139438	0.128623	0.135826	0.123830	0.130028	0.127712	0.128328	
1745	0.127236	0.123355	0.133598	0.136160	0.129064	0.133037	0.120444	0.131478	0.129413	0.132649	
1750	0.127233	0.124206	0.133658	0.140376	0.129961	0.131951	0.119491	0.127677	0.129965	0.131006	
1755	0.120083	0.123389	0.133610	0.141951	0.130064	0.134973	0.120442	0.126291	0.131519	0.136357	
1760	0.125537	0.125281	0.135418	0.144311	0.130596	0.135765	0.119011	0.130466	0.134583	0.139784	
1765	0.124554	0.124640	0.136145	0.144649	0.132097	0.136686	0.123061	0.127700	0.133395	0.138918	
1770	0.125852	0.125251	0.137441	0.147644	0.130725	0.136370	0.127395	0.124139	0.132551	0.136841	
1775	0.131035	0.123654	0.137068	0.146901	0.128298	0.136726	0.125134	0.129181	0.131229	0.139043	
1780	0.130638	0.122648	0.138105	0.149720	0.129017	0.135944	0.127024	0.128895	0.129064	0.136475	
1785	0.129210	0.120952	0.137464	0.149597	0.125251	0.136435	0.126754	0.128231	0.133558	0.133791	
1790	0.125652	0.122577	0.134088	0.150858	0.124734	0.137180	0.125014	0.127385	0.130926	0.132403	
1795	0.126245	0.124891	0.137143	0.151608	0.127069	0.136850	0.126619	0.126205	0.131701	0.129840	
1800	0.124855	0.128192	0.136782	0.148668	0.128629	0.137557	0.129132	0.129960	0.133957	0.128405	
1805	0.123128	0.128050	0.139073	0.145477	0.130095	0.135104	0.129948	0.132480	0.134307	0.125895	
1810	0.127686	0.128386	0.141255	0.141114	0.127048	0.135589	0.129214	0.135878	0.137220	0.127659	
1815	0.132291	0.125945	0.143856	0.143445	0.129261	0.136699	0.132059	0.134566	0.138430	0.126601	
1820	0.132405	0.126552	0.140429	0.142378	0.128989	0.140477	0.133563	0.132660	0.137767	0.125214	
1825	0.131559	0.127228	0.139892	0.146212	0.126678	0.137847	0.133246	0.135038	0.140159	0.126736	
1830	0.132951	0.131591	0.139273	0.142972	0.125252	0.137608	0.131726	0.136158	0.141055	0.123405	
1835	0.137912	0.135046	0.136234	0.142023	0.124587	0.136033	0.136402	0.136231	0.137578	0.125349	
1840	0.132754	0.135736	0.136984	0.140114	0.126178	0.137504	0.132773	0.135656	0.137343	0.124699	
1845	0.134029	0.140281	0.136816	0.139989	0.133058	0.135482	0.132402	0.135162	0.137931	0.127536	
1850	0.131338	0.140418	0.136426	0.140009	0.132985	0.131756	0.133255	0.137060	0.138289	0.125740	
1855	0.129601	0.139390	0.138128	0.141650	0.133883	0.133753	0.128408	0.139135	0.139531	0.124091	
1860	0.129480	0.137732	0.137766	0.137278	0.134552	0.135894	0.128720	0.139528	0.141970	0.124950	
1865	0.129201	0.131072	0.142954	0.135732	0.136222	0.137130	0.130278	0.138997	0.138962	0.123142	
1870	0.126039	0.134096	0.144387	0.135974	0.134959	0.135089	0.133516	0.138452	0.140821	0.123276	
1875	0.126104	0.132736	0.143536	0.137757	0.136998	0.136029	0.137045	0.137324	0.141888	0.125175	
1880	0.127316	0.134991	0.139186	0.137126	0.140928	0.139252	0.134531	0.134191	0.143909	0.127831	
1885	0.125303	0.132412	0.139811	0.139004	0.141400	0.139682	0.130587	0.134943	0.145571	0.126157	
1890	0.122302	0.130701	0.140033	0.140504	0.136756	0.136641	0.130434	0.132601	0.140416	0.122735	
1895	0.124130	0.129192	0.141180	0.138341	0.138304	0.139663	0.132648	0.132362	0.139326	0.124721	
1900	0.129032	0.130545	0.139155	0.139457	0.135631	0.138881	0.134764	0.130380	0.139977	0.123626	
1905	0.130935	0.131684	0.139683	0.135997	0.134424	0.138131	0.136796	0.125955	0.143013	0.129763	
1910	0.126364	0.128129	0.143079	0.136605	0.129559	0.136979	0.143243	0.125677	0.140650	0.132507	
1915	0.122734	0.130230	0.144880	0.139491	0.129747	0.136905	0.142890	0.128428	0.139678	0.128346	
1920	0.123077	0.134586	0.145777	0.140486	0.127521	0.135503	0.143719	0.129384	0.133011	0.127194	
1925	0.125067	0.132411	0.147400	0.142529	0.129093	0.133903	0.144094	0.131181	0.131577	0.126910	
1930	0.124723	0.133239	0.147982	0.142896	0.129272	0.132350	0.143564	0.128937	0.130253	0.129286	
1935	0.124278	0.132227	0.149037	0.142261	0.125680	0.131269	0.138995	0.129127	0.130277	0.133478	
1940	0.123243	0.132153	0.151194	0.139832	0.124331	0.133460	0.139134	0.130086	0.130255	0.132228	
1945	0.124395	0.133390	0.151057	0.136347	0.126189	0.131685	0.134489	0.130338	0.131561	0.130499	
1950	0.124605	0.133368	0.149888	0.135421	0.127076	0.135558	0.136363	0.129194	0.130833	0.130574	
1955	0.123816	0.137152	0.147640	0.134400	0.128468	0.137444	0.135497	0.127577	0.133161	0.130292	
1960	0.125022	0.132819	0.145641	0.139815	0.129613	0.133146	0.135869	0.127491	0.130882	0.127519	
1965	0.125393	0.133919	0.146901	0.139109	0.130618	0.131987	0.140460	0.125980	0.132162	0.130191	
1970	0.129499	0.132084	0.143962	0.140586	0.129623	0.132095	0.142477	0.127082	0.130423	0.134169	
1975	0.127457	0.133966	0.144083	0.136880	0.131367	0.131338	0.138563	0.126315	0.133221	0.134387	
1980	0.125231	0.139265	0.146116	0.138608	0.131242	0.133550	0.141548	0.128494	0.132817	0.135903	
1985	0.129540	0.140547	0.148850	0.139618	0.131428	0.132775	0.139431	0.128012	0.133541	0.137679	
1990	0.134254	0.136118	0.148362	0.138581	0.133581	0.132899	0.141281	0.133828	0.132258	0.135812	
1995	0.135066	0.136519	0.146657	0.137638	0.133074	0.131082	0.138365	0.135810	0.127920	0.133177	
2000	0.133616	0.137926	0.144980	0.137759	0.136501	0.131496	0.136850	0.138250	0.128663	0.137298	
2005	0.130594	0.137952	0.145405	0.138693	0.139396	0.129296	0.138145	0.137940	0.129232	0.136119	
2010	0.130395	0.133690	0.145895	0.139792	0.141999	0.128045	0.136934	0.136007	0.128689	0.137011	
2015	0.129898	0.136909	0.147998	0.141492	0.140857	0.130802	0.136119	0.133530	0.129943	0.138592	
2020	0.126687	0.132045	0.146707	0.141097	0.143442	0.131534	0.137849	0.137619	0.130022	0.140237	
2025	0.130092	0.133658	0.144108	0.141064	0.142397	0.137246	0.139340	0.134003	0.127210	0.145238	
2030	0.130718	0.136537	0.144699	0.142747	0.144537	0.139694	0.137991	0.133181	0.126794	0.144116	
2035	0.132831	0.137181	0.147744	0.143922	0.139477	0.139972	0.135777	0.132665	0.131157	0.142929	
2040	0.133221	0.139340	0.144668	0.146098	0.136862	0.136887	0.136101	0.134387	0.130109	0.139911	
2045	0.135116	0.138857	0.144007	0.148745	0.134251	0.135117	0.134998	0.132020	0.125385	0.138149	
2050	0.132071	0.140041	0.149313	0.150480	0.134376	0.133400	0.134171	0.127626	0.127853	0.134422	
2055	0.133187	0.141489	0.148432	0.149033	0.133636	0.130446	0.135020	0.123713	0.130822	0.135624	
2060	0.138305	0.142878	0.148706	0.145730	0.133576	0.134475	0.134960	0.123644	0.130769	0.137598	
2065	0.137134	0.142456	0.149478	0.144400	0.134467	0.128656	0.135995	0.126378	0.132156	0.139646	
2070	0.135392	0.141735	0.145340	0.143903	0.131360	0.127696	0.138904	0.128596	0.130306	0.140740	
2075	0.135947	0.145373	0.146891	0.144227	0.130272	0.127136	0.137305	0.129518	0.131857	0.143078	
2080	0.136343	0.143322	0.148843	0.143318	0.132115	0.130124	0.141833	0.129819	0.132104	0.143799	
2085	0.141468	0.143373	0.148100	0.142971	0.130989	0.127197	0.142481	0.127310	0.133944	0.146548	
2090	0.144110	0.140935	0.145917	0.145040	0.130781	0.126408	0.142926	0.131553	0.131367	0.149751	
2095	0.137709	0.139738	0.146018	0.147343	0.128601	0.124452	0.143182	0.127632	0.129876	0.145436	
2100	0.135722	0.138755	0.146353	0.148367	0.132483	0.127406	0.144047	0.124674	0.127868	0.144508	
2105	0.137136	0.139376	0.149023	0.144648	0.132006	0.127579	0.144869	0.126756	0.130451	0.141954	
2110	0.135229	0.142195	0.148874	0.141614	0.133846	0.130663	0.144435	0.124864	0.130693	0.137999	
2115	0.131278	0.141409	0.148343	0.138513	0.136208	0.128713	0.139359	0.122019	0.134012	0.140935	
2120	0.132672	0.138351	0.148133	0.140368	0.135683	0.129375	0.139981	0.122432	0.133392	0.139616	
2125	0.132134	0.142685	0.146969	0.133171	0.135745	0.124327	0.138170	0.122384	0.129795	0.136362	
2130	0.129171	0.135132	0.147163	0.132682	0.134075	0.122758	0.134704	0.122124	0.134196	0.135979	
2135	0.128328	0.130718	0.151772	0.134725	0.131617	0.121197	0.133279	0.121171	0.136143	0.132855	
2140	0.127941	0.133640	0.151579	0.131967	0.133170	0.124077	0.131336	0.123693	0.142748	0.132286	
2145	0.129197	0.130851	0.152644	0.132328	0.132157	0.127162	0.136313	0.122155	0.142322	0.131365	
2150	0.133443	0.133444	0.155068	0.130646	0.136463	0.126807	0.143321	0.121821	0.139897	0.130832	
2155	0.133997	0.133842	0.151476	0.131752	0.134141	0.128395	0.142665	0.121807	0.142680	0.130648	
2160	0.133314	0.131767	0.150392	0.130393	0.135676	0.127222	0.138586	0.124354	0.137894	0.128561	
2165	0.132927	0.129650	0.149491	0.131217	0.137505	0.129494	0.139348	0.122608	0.140271	0.133750	
2170	0.133864	0.128972	0.147750	0.125139	0.135453	0.131290	0.136494	0.124919	0.142228	0.138415	
2175	0.131973	0.132440	0.146561	0.129072	0.131842	0.128925	0.135500	0.124465	0.141395	0.134522	
2180	0.130415	0.136074	0.145353	0.129091	0.136786	0.134073	0.136808	0.121779	0.141292	0.129675	
2185	0.132111	0.133819	0.144729	0.132399	0.134413	0.135954	0.136880	0.122983	0.142566	0.132445	
2190	0.128798	0.135945	0.145315	0.133131	0.137306	0.134365	0.134623	0.121246	0.143891	0.128842	
2195	0.131224	0.137259	0.140511	0.131828	0.139425	0.132777	0.135179	0.125427	0.139139	0.128389	
2200	0.131023	0.142022	0.142720	0.131130	0.140704	0.131167	0.134933	0.127357	0.141696	0.130590	
2205	0.130933	0.146299	0.140706	0.133413	0.138843	0.128803	0.134355	0.126372	0.142609	0.130123	
2210	0.135023	0.143422	0.145925	0.133669	0.137149	0.127427	0.138756	0.128557	0.140918	0.127899	
2215	0.133636	0.141597	0.146032	0.133013	0.138379	0.127463	0.136752	0.130148	0.142965	0.128564	
2220	0.133117	0.144013	0.144101	0.130188	0.138835	0.126397	0.136568	0.130910	0.144236	0.127006	
2225	0.135232	0.138426	0.137942	0.130826	0.140002	0.128145	0.137128	0.132000	0.145694	0.125538	
2230	0.135269	0.134529	0.140392	0.130189	0.139444	0.128655	0.134993	0.133187	0.140816	0.124771	
2235	0.133142	0.135315	0.137433	0.129597	0.139549	0.127277	0.137498	0.133176	0.137607	0.126419	
2240	0.137031	0.134695	0.140346	0.128398	0.139148	0.127603	0.136883	0.134871	0.138557	0.126158	
2245	0.135136	0.137920	0.140620	0.129501	0.140432	0.127415	0.132637	0.134031	0.137724	0.121670	
2250	0.134150	0.140771	0.146166	0.128339	0.141012	0.129235	0.131922	0.134815	0.137157	0.118758	
2255	0.133429	0.138119	0.152039	0.129747	0.139165	0.128412	0.134569	0.136386	0.136969	0.118443	
2260	0.130532	0.139002	0.153875	0.127952	0.137635	0.127091	0.135549	0.135728	0.135865	0.121136	
2265	0.132658	0.139179	0.151620	0.129256	0.138637	0.124842	0.138730	0.135402	0.134238	0.119074	
2270	0.132811	0.136289	0.151207	0.130554	0.141256	0.120033	0.139855	0.137886	0.133800	0.121760	
2275	0.129593	0.139550	0.150380	0.128603	0.141944	0.121453	0.139394	0.141244	0.131577	0.125608	
2280	0.125467	0.141571	0.149637	0.121287	0.143000	0.121887	0.137017	0.140626	0.133011	0.125689	
2285	0.122242	0.138560	0.146273	0.119036	0.141224	0.124338	0.138580	0.140659	0.135808	0.126514	
2290	0.123978	0.137225	0.143362	0.119060	0.138894	0.125749	0.139008	0.142196	0.138316	0.123535	
2295	0.124783	0.138023	0.144269	0.119314	0.137418	0.129670	0.138045	0.141948	0.134587	0.121594	
2300	0.123752	0.138328	0.150814	0.123653	0.137738	0.132721	0.138085	0.142277	0.137096	0.123462	
2305	0.127341	0.134142	0.152041	0.125417	0.138898	0.128729	0.139831	0.140436	0.139212	0.125172	
2310	0.130739	0.131335	0.146109	0.122657	0.138494	0.127106	0.139118	0.137166	0.141750	0.123561	
2315	0.129416	0.129386	0.145990	0.120556	0.135414	0.126018	0.140165	0.135458	0.144172	0.125113	
2320	0.127918	0.128779	0.146536	0.122393	0.137467	0.129170	0.139401	0.133294	0.147223	0.128478	
2325	0.129598	0.129396	0.148203	0.121378	0.139694	0.132398	0.134075	0.136007	0.147800	0.129897	
2330	0.133077	0.129856	0.148724	0.123312	0.137362	0.130254	0.133760	0.135690	0.149322	0.131599	
2335	0.133339	0.127022	0.148681	0.126403	0.134290	0.129011	0.134635	0.134673	0.149297	0.129105	
2340	0.132182	0.130783	0.145116	0.129726	0.134757	0.127569	0.135989	0.135839	0.150342	0.130557	
2345	0.132491	0.131904	0.144280	0.130806	0.130701	0.124971	0.137622	0.135111	0.149048	0.128138	
2350	0.130415	0.132196	0.143112	0.133045	0.131548	0.125344	0.134556	0.136823	0.147056	0.127284	
2355	0.127568	0.128487	0.143983	0.127267	0.134983	0.125060	0.136701	0.136008	0.153130	0.126593	
2360	0.130330	0.130624	0.145040	0.125790	0.135336	0.122917	0.136605	0.134151	0.150092	0.131071	
2365	0.132239	0.132935	0.145149	0.126061	0.135698	0.121925	0.137937	0.134846	0.147914	0.135478	
2370	0.129929	0.137195	0.141219	0.125350	0.136728	0.120309	0.134276	0.137942	0.148232	0.134656	
2375	0.125471	0.137768	0.137958	0.127150	0.138154	0.121940	0.132168	0.138094	0.148818	0.135617	
2380	0.124186	0.130445	0.138806	0.125614	0.136296	0.119974	0.130290	0.135556	0.146010	0.135127	
2385	0.121461	0.132260	0.140692	0.124127	0.135523	0.118726	0.132508	0.135029	0.144846	0.133054	
2390	0.122793	0.129169	0.142715	0.122959	0.133741	0.118739	0.130814	0.136557	0.141003	0.131279	
2395	0.126557	0.128970	0.142358	0.124147	0.131928	0.121779	0.129488	0.135933	0.141409	0.133356	
2400	0.127049	0.128548	0.146646	0.128059	0.134131	0.128701	0.129143	0.138901	0.142007	0.131840	
2405	0.127522	0.129697	0.144696	0.128478	0.134689	0.128821	0.133076	0.135552	0.141364	0.126772	
2410	0.124696	0.129060	0.148215	0.126791	0.133335	0.130959	0.131622	0.135027	0.137588	0.125525	
2415	0.127477	0.126245	0.148563	0.125432	0.133318	0.126519	0.134423	0.131623	0.137049	0.128910	
2420	0.127207	0.122470	0.149974	0.127675	0.129521	0.127265	0.138294	0.131202	0.138247	0.133537	
2425	0.128294	0.121949	0.148694	0.126456	0.130253	0.127382	0.141992	0.132939	0.141664	0.133394	
2430	0.128940	0.120779	0.145481	0.125807	0.133111	0.125143	0.142188	0.133659	0.142423	0.133422	
2435	0.132333	0.120845	0.143111	0.124235	0.134332	0.123788	0.145747	0.134230	0.138749	0.132587	
2440	0.130179	0.123882	0.146125	0.125474	0.130912	0.124617	0.144444	0.133802	0.140596	0.130432	
2445	0.131688	0.126001	0.145424	0.125258	0.130554	0.124498	0.146660	0.134920	0.141294	0.131902	
2450	0.134302	0.123443	0.144133	0.124381	0.131006	0.127695	0.148956	0.133516	0.141169	0.133358	
2455	0.136292	0.128218	0.144978	0.124738	0.132972	0.127316	0.148607	0.133598	0.143362	0.135623	
2460	0.136783	0.124704	0.143950	0.124693	0.128426	0.129929	0.146366	0.130871	0.143240	0.134089	
2465	0.130233	0.127417	0.143797	0.125660	0.128380	0.128711	0.146950	0.128244	0.142211	0.136280	
2470	0.130509	0.126844	0.144031	0.126287	0.128253	0.126317	0.145159	0.132158	0.139032	0.141720	
2475	0.138313	0.126679	0.147346	0.126308	0.132131	0.125709	0.142581	0.133019	0.136719	0.138527	
2480	0.132916	0.123139	0.145092	0.125741	0.131206	0.129164	0.139165	0.131728	0.136692	0.139051	
2485	0.134344	0.125034	0.144690	0.120096	0.132831	0.132628	0.132782	0.136995	0.135992	0.133946	
2490	0.139643	0.124655	0.141594	0.121661	0.134907	0.134768	0.133194	0.136168	0.135677	0.133014	
2495	0.141166	0.126705	0.143368	0.121372	0.135908	0.134582	0.131346	0.137649	0.132486	0.130323	
2500	0.139099	0.127820	0.140819	0.123702	0.136528	0.133959	0.134877	0.136401	0.134385	0.133327	
2505	0.139878	0.126021	0.140337	0.121860	0.142315	0.131691	0.132617	0.135562	0.137995	0.131610	
2510	0.135961	0.127932	0.142696	0.123846	0.137864	0.133163	0.135971	0.133193	0.139552	0.131868	
2515	0.136866	0.125970	0.147490	0.122677	0.138459	0.134239	0.136244	0.133428	0.141662	0.131548	
2520	0.136171	0.128507	0.149041	0.124017	0.137856	0.132164	0.136105	0.136195	0.138168	0.132741	
2525	0.138127	0.128204	0.153108	0.124441	0.137191	0.130937	0.138199	0.135149	0.137446	0.131491	
2530	0.139204	0.126551	0.149777	0.126534	0.132939	0.131922	0.135002	0.134646	0.142771	0.136367	
2535	0.136593	0.125671	0.148309	0.125854	0.134640	0.131170	0.133813	0.134791	0.140304	0.134442	
2540	0.132283	0.127231	0.148248	0.128008	0.133987	0.129416	0.135294	0.135288	0.133221	0.130311	
2545	0.132877	0.127742	0.149484	0.127375	0.137679	0.129698	0.134577	0.133623	0.131250	0.132568	
2550	0.133318	0.125438	0.143967	0.124052	0.135695	0.128048	0.134478	0.131859	0.136119	0.130889	
2555	0.133293	0.130057	0.146380	0.128392	0.135685	0.127728	0.133196	0.131252	0.136377	0.127227	
2560	0.129677	0.134767	0.142949	0.126383	0.133065	0.129750	0.131769	0.131876	0.135160	0.126080	
2565	0.128965	0.139528	0.147987	0.128655	0.126101	0.127967	0.132925	0.130455	0.138737	0.126554	
2570	0.135064	0.141197	0.149521	0.128991	0.125834	0.125449	0.135688	0.129084	0.137183	0.125881	
2575	0.135535	0.137447	0.149643	0.133426	0.125310	0.122859	0.132971	0.130522	0.132776	0.131389	
2580	0.136667	0.134634	0.150940	0.137435	0.127503	0.123461	0.132593	0.129690	0.134320	0.128600	
2585	0.143972	0.134872	0.153067	0.135610	0.128584	0.125862	0.135775	0.134197	0.130991	0.129456	
2590	0.144040	0.134866	0.150959	0.131458	0.125507	0.131064	0.135801	0.132652	0.130453	0.130925	
2595	0.140570	0.136247	0.150545	0.131947	0.123556	0.135340	0.134163	0.133915	0.130863	0.128989	
2600	0.141831	0.134017	0.145041	0.135212	0.126021	0.134916	0.134728	0.133353	0.132378	0.126263	
2605	0.141385	0.130503	0.146097	0.138016	0.130388	0.138906	0.135754	0.128058	0.131295	0.128757	
2610	0.140758	0.129369	0.150563	0.135955	0.126592	0.137245	0.135870	0.125237	0.129939	0.130210	
2615	0.140739	0.132667	0.148490	0.132991	0.127473	0.137948	0.132336	0.126648	0.129177	0.131972	
2620	0.138287	0.133194	0.150012	0.131869	0.128512	0.139553	0.132383	0.124530	0.127678	0.136240	
2625	0.138170	0.131258	0.150049	0.132916	0.129619	0.140578	0.134795	0.125952	0.129304	0.135289	
2630	0.141380	0.128713	0.153015	0.135566	0.131086	0.142810	0.134418	0.122726	0.123982	0.135703	
2635	0.143846	0.127682	0.151939	0.133469	0.133410	0.141553	0.135513	0.124692	0.124322	0.136777	
2640	0.144730	0.123811	0.152855	0.130793	0.134536	0.141652	0.138715	0.123725	0.126031	0.135537	
2645	0.150729	0.125787	0.154890	0.131799	0.136756	0.148318	0.137712	0.124103	0.134467	0.133538	
2650	0.145591	0.121887	0.151452	0.129054	0.135849	0.144789	0.139130	0.127774	0.131251	0.131416	
2655	0.145328	0.124229	0.151114	0.134552	0.134729	0.144607	0.144010	0.127136	0.130670	0.130254	
2660	0.145324	0.126296	0.153836	0.136172	0.136762	0.139994	0.141005	0.129590	0.129891	0.131435	
2665	0.140867	0.127324	0.152207	0.135548	0.136552	0.138892	0.139969	0.129081	0.131238	0.127999	
2670	0.138362	0.125613	0.150431	0.133578	0.132573	0.141406	0.138824	0.126848	0.136616	0.126758	
2675	0.133917	0.127338	0.151621	0.134695	0.129679	0.138658	0.138488	0.125536	0.132839	0.128592	
2680	0.131160	0.128072	0.153033	0.131835	0.128140	0.142806	0.140212	0.127066	0.131919	0.123225	
2685	0.132139	0.125769	0.147253	0.133196	0.128583	0.141393	0.139505	0.127719	0.133978	0.122612	
2690	0.132464	0.129624	0.144858	0.131258	0.124955	0.140857	0.139910	0.128431	0.138149	0.124116	
2695	0.135570	0.124428	0.145641	0.133293	0.124137	0.141826	0.140281	0.128912	0.141609	0.126887	
2700	0.138966	0.123691	0.145998	0.134987	0.119538	0.137556	0.139655	0.130800	0.139698	0.127515	
2705	0.136823	0.124981	0.146225	0.136179	0.116702	0.137807	0.141719	0.128229	0.136043	0.127492	
2710	0.137455	0.123284	0.143944	0.134073	0.119120	0.135253	0.142839	0.131181	0.135134	0.132514	
2715	0.135281	0.122833	0.141405	0.131490	0.121751	0.134070	0.138389	0.126571	0.141599	0.132408	
2720	0.139584	0.125862	0.142312	0.130976	0.122898	0.133594	0.137333	0.126533	0.138532	0.130473	
2725	0.140560	0.124305	0.143248	0.130479	0.128270	0.129980	0.138761	0.133430	0.137242	0.129426	
2730	0.138271	0.124312	0.148201	0.128904	0.126684	0.131964	0.138250	0.132535	0.137993	0.128855	
2735	0.141332	0.125562	0.149215	0.127694	0.129599	0.133276	0.137689	0.134422	0.138871	0.128553	
2740	0.142555	0.126576	0.147338	0.129026	0.123551	0.136405	0.133627	0.133520	0.137340	0.123255	
2745	0.140791	0.127575	0.144103	0.128783	0.124834	0.136171	0.139536	0.135391	0.143243	0.125636	
2750	0.143803	0.132552	0.142573	0.129809	0.124873	0.139264	0.135778	0.132686	0.138823	0.127120	
2755	0.145796	0.132082	0.142945	0.130569	0.123215	0.136698	0.137671	0.132722	0.135134	0.126653	
2760	0.149439	0.131324	0.143859	0.129011	0.125153	0.139081	0.139732	0.134866	0.133168	0.129318	
2765	0.150485	0.132220	0.142126	0.129535	0.124547	0.138271	0.141001	0.134982	0.131662	0.127745	
2770	0.148772	0.133146	0.147249	0.129868	0.122174	0.140683	0.142406	0.138189	0.135981	0.125844	
2775	0.152493	0.131137	0.144880	0.133329	0.122592	0.141669	0.146760	0.140924	0.135309	0.124005	
2780	0.147685	0.130578	0.141934	0.135260	0.128485	0.143827	0.142996	0.144152	0.137820	0.124539	
2785	0.148705	0.130748	0.140628	0.133663	0.121293	0.140344	0.139919	0.147029	0.137296	0.122989	
2790	0.144741	0.130457	0.136621	0.135633	0.122234	0.140527	0.136509	0.148354	0.138291	0.127841	
2795	0.142730	0.125574	0.136133	0.133623	0.120609	0.140566	0.135679	0.148469	0.137045	0.127099	
2800	0.142462	0.128566	0.137521	0.136228	0.119155	0.140211	0.136931	0.146253	0.138298	0.124702	
2805	0.142385	0.124908	0.135774	0.134375	0.120094	0.135969	0.137215	0.141898	0.141545	0.122092	
2810	0.143665	0.123405	0.136582	0.134926	0.118807	0.134527	0.136671	0.139944	0.142291	0.121797	
2815	0.140779	0.122245	0.136440	0.135520	0.121493	0.133769	0.137470	0.137618	0.142018	0.124106	
2820	0.143460	0.127566	0.137953	0.132794	0.123935	0.131981	0.138485	0.133188	0.145154	0.119137	
2825	0.144889	0.126896	0.140128	0.137882	0.126381	0.134967	0.136631	0.129633	0.143852	0.121622	
2830	0.142778	0.126319	0.142677	0.137994	0.125681	0.131517	0.138054	0.132054	0.149425	0.127469	
2835	0.142276	0.128271	0.137931	0.134502	0.126928	0.129969	0.140456	0.133512	0.149237	0.131221	
2840	0.140256	0.127731	0.139160	0.133707	0.132523	0.129495	0.140773	0.133550	0.151218	0.132017	
2845	0.139305	0.125111	0.141144	0.132117	0.132587	0.127243	0.138910	0.132204	0.151218	0.129883	
2850	0.135169	0.126706	0.142690	0.131687	0.129193	0.126275	0.139923	0.128835	0.149191	0.122861	
2855	0.139492	0.126396	0.144420	0.132381	0.126097	0.122078	0.139766	0.127286	0.149983	0.125083	
2860	0.136239	0.128892	0.143008	0.135468	0.125796	0.122493	0.140105	0.128479	0.147072	0.121713	
2865	0.138017	0.127367	0.140135	0.135058	0.124011	0.119771	0.139887	0.127876	0.144607	0.122486	
2870	0.133540	0.125379	0.140514	0.137999	0.127039	0.119869	0.139546	0.125234	0.139354	0.121139	
2875	0.140478	0.125810	0.136043	0.138693	0.129075	0.119464	0.141879	0.129009	0.138751	0.123345	
2880	0.140107	0.127871	0.141386	0.137208	0.126192	0.122002	0.143490	0.128633	0.140632	0.123222	
2885	0.137942	0.125539	0.147802	0.138380	0.131129	0.122543	0.147613	0.127677	0.141186	0.123799	
2890	0.137569	0.122028	0.150634	0.136104	0.132336	0.127160	0.144578	0.128929	0.142439	0.125952	
2895	0.135012	0.121287	0.151251	0.133117	0.133496	0.124336	0.143483	0.128438	0.144962	0.122372	
2900	0.137832	0.122918	0.149162	0.138487	0.137804	0.122973	0.142859	0.133676	0.143894	0.120424	
2905	0.140660	0.121876	0.150994	0.139343	0.131535	0.124833	0.140028	0.138163	0.139775	0.118634	
2910	0.139234	0.120468	0.148764	0.136457	0.132672	0.128667	0.143612	0.136892	0.135820	0.120783	
2915	0.141131	0.119025	0.144808	0.132014	0.131978	0.124973	0.141687	0.134316	0.136466	0.118375	
2920	0.138619	0.118504	0.146281	0.133365	0.132150	0.124281	0.142391	0.139447	0.133719	0.119529	
2925	0.141293	0.117681	0.141454	0.129830	0.131127	0.126911	0.145690	0.144789	0.135847	0.122137	
2930	0.145359	0.118151	0.140130	0.127004	0.126970	0.125407	0.146680	0.143611	0.134665	0.118907	
2935	0.144774	0.112848	0.141950	0.127888	0.123867	0.125947	0.144316	0.143913	0.133205	0.118742	
2940	0.144669	0.114812	0.142910	0.130991	0.120677	0.121221	0.147789	0.139222	0.132543	0.118860	
2945	0.142005	0.112547	0.139702	0.129351	0.122743	0.122682	0.150748	0.139547	0.137793	0.118955	
2950	0.138758	0.113218	0.141854	0.132543	0.124329	0.125769	0.152242	0.137461	0.134784	0.120599	
2955	0.139632	0.113763	0.136929	0.134401	0.125082	0.127425	0.146523	0.138197	0.140381	0.125473	
2960	0.133621	0.111036	0.138623	0.134136	0.125474	0.127256	0.143127	0.141534	0.138175	0.123958	
2965	0.137342	0.111813	0.138444	0.138790	0.123914	0.125279	0.143221	0.140468	0.132493	0.120312	
2970	0.133848	0.112614	0.138667	0.141660	0.123522	0.125511	0.142907	0.142650	0.129763	0.121456	
2975	0.133844	0.115558	0.141881	0.138206	0.124518	0.123138	0.146928	0.142005	0.133291	0.124662	
2980	0.138930	0.113892	0.139509	0.141275	0.126958	0.119413	0.148157	0.142817	0.129318	0.123482	
2985	0.141296	0.114253	0.138162	0.143582	0.125687	0.122709	0.144290	0.141019	0.134826	0.127985	
2990	0.139668	0.116443	0.141083	0.139398	0.126315	0.124139	0.145920	0.141009	0.129699	0.132219	
2995	0.144103	0.123371	0.142392	0.142261	0.123906	0.122343	0.142657	0.143897	0.128573	0.135682	
3000	0.143339	0.120252	0.143090	0.141742	0.122719	0.120478	0.140120	0.146309	0.132570	0.137565	
