T	rep_1	rep_2	rep_3	rep_4	rep_5	rep_6	rep_7	rep_8	rep_9	rep_10
5	0.081787	0.089180	0.066231	0.105787	0.095391	0.092262	0.110619	0.078455	0.104104	0.082629	
10	0.217085	0.190661	0.214234	0.199030	0.206592	0.221443	0.219316	0.184534	0.178935	0.185361	
15	0.379854	0.277081	0.337815	0.276913	0.260292	0.288286	0.280990	0.252954	0.314746	0.264968	
20	0.418562	0.337757	0.431565	0.386516	0.361016	0.420874	0.400531	0.383813	0.519316	0.350351	
25	0.462499	0.395506	0.555939	0.445947	0.492148	0.523354	0.521543	0.511787	0.621250	0.406500	
30	0.532081	0.470415	0.645261	0.504663	0.558306	0.559474	0.566165	0.577643	0.655053	0.454327	
35	0.608439	0.577570	0.693532	0.576306	0.613787	0.594198	0.600539	0.616017	0.676853	0.501083	
40	0.656088	0.669244	0.733724	0.647056	0.681772	0.641991	0.627859	0.648773	0.698067	0.552884	
45	0.695529	0.729632	0.767894	0.700906	0.738327	0.689256	0.665004	0.692827	0.727142	0.602202	
50	0.731762	0.767272	0.801941	0.747170	0.773949	0.731758	0.700561	0.729816	0.756147	0.645401	
55	0.767544	0.793405	0.822856	0.787686	0.799122	0.768181	0.736885	0.761618	0.787746	0.677513	
60	0.801506	0.806613	0.838713	0.820204	0.815788	0.802859	0.769090	0.789935	0.808946	0.706685	
65	0.822510	0.815922	0.853390	0.836177	0.826841	0.827268	0.794256	0.812825	0.827497	0.737412	
70	0.843208	0.822357	0.857167	0.847353	0.831981	0.841923	0.814396	0.829166	0.840958	0.765193	
75	0.852615	0.833341	0.862827	0.857102	0.835850	0.845928	0.834839	0.837248	0.846453	0.782283	
80	0.855163	0.837014	0.867801	0.860496	0.840825	0.853183	0.847855	0.847125	0.853677	0.803143	
85	0.856916	0.841920	0.863389	0.862056	0.845540	0.857329	0.855514	0.856168	0.854346	0.818097	
90	0.857563	0.845759	0.862433	0.865707	0.850018	0.862964	0.858344	0.864885	0.854364	0.833287	
95	0.862297	0.850209	0.863000	0.867169	0.853708	0.868167	0.863414	0.863812	0.858854	0.841584	
100	0.865454	0.855679	0.863315	0.867862	0.855357	0.871956	0.866566	0.863101	0.862227	0.852677	
105	0.870855	0.860884	0.865571	0.866515	0.857659	0.869917	0.869486	0.864954	0.861118	0.854895	
110	0.871019	0.859507	0.870208	0.865114	0.856649	0.868986	0.866307	0.865567	0.861143	0.859244	
115	0.866554	0.854297	0.865748	0.861242	0.855856	0.864837	0.855660	0.858918	0.860169	0.857078	
120	0.858555	0.854097	0.863434	0.849654	0.853554	0.854964	0.843917	0.849916	0.855204	0.850535	
125	0.840584	0.844091	0.847958	0.832839	0.848279	0.833609	0.825232	0.839076	0.840969	0.840443	
130	0.817929	0.830740	0.828546	0.812032	0.836904	0.809438	0.797247	0.819777	0.825289	0.832086	
135	0.796763	0.812095	0.805789	0.794836	0.817220	0.784994	0.763882	0.795356	0.803420	0.816262	
140	0.780282	0.795936	0.785802	0.779263	0.800753	0.759612	0.736145	0.775953	0.778742	0.800646	
145	0.766860	0.778912	0.772839	0.765458	0.781724	0.748254	0.716584	0.761713	0.762567	0.783945	
150	0.756048	0.765470	0.761652	0.757826	0.765529	0.741375	0.707708	0.747008	0.746713	0.767057	
155	0.750032	0.757275	0.754188	0.749148	0.745903	0.730867	0.694903	0.738487	0.735830	0.753690	
160	0.743646	0.744203	0.747780	0.738571	0.733422	0.721387	0.685628	0.730868	0.727406	0.744847	
165	0.733378	0.734999	0.739339	0.728127	0.717560	0.713802	0.680867	0.718993	0.717029	0.733366	
170	0.726401	0.726632	0.731299	0.720463	0.709075	0.708249	0.672637	0.709893	0.708231	0.721404	
175	0.722312	0.718530	0.723039	0.716383	0.698119	0.702580	0.663181	0.700090	0.698147	0.712950	
180	0.716813	0.712482	0.715189	0.706106	0.691109	0.695930	0.658735	0.693286	0.693117	0.700865	
185	0.713721	0.703829	0.710272	0.696274	0.681241	0.695501	0.653889	0.688602	0.694149	0.693105	
190	0.706404	0.699724	0.702896	0.688576	0.673018	0.694896	0.645513	0.683065	0.685500	0.680054	
195	0.699453	0.691794	0.698874	0.682461	0.663753	0.688646	0.643507	0.680068	0.679594	0.666217	
200	0.694627	0.682011	0.695187	0.672928	0.659325	0.684390	0.640150	0.675608	0.677222	0.656497	
205	0.690957	0.675417	0.688605	0.666902	0.651806	0.678277	0.639676	0.675460	0.673998	0.644028	
210	0.688112	0.669922	0.682482	0.663371	0.648224	0.675410	0.632198	0.670500	0.669573	0.637306	
215	0.681588	0.668678	0.672904	0.659337	0.641451	0.672554	0.625170	0.667270	0.662324	0.627373	
220	0.678745	0.661455	0.667745	0.656257	0.637415	0.669700	0.623402	0.663512	0.657804	0.613844	
225	0.672149	0.656388	0.658322	0.648988	0.633884	0.666671	0.624007	0.655052	0.651055	0.609171	
230	0.672777	0.653740	0.657448	0.643769	0.632097	0.662183	0.622412	0.649923	0.648278	0.601358	
235	0.665666	0.649882	0.652094	0.638729	0.628668	0.657277	0.617740	0.646290	0.643754	0.593607	
240	0.662977	0.649603	0.645295	0.633494	0.625794	0.654227	0.614427	0.640833	0.638921	0.586482	
245	0.661925	0.646761	0.642919	0.627569	0.620498	0.648824	0.611226	0.635965	0.632950	0.578454	
250	0.657225	0.641548	0.640826	0.627054	0.619830	0.642674	0.609885	0.630175	0.629839	0.573774	
255	0.658071	0.635306	0.635316	0.621901	0.616827	0.639783	0.604039	0.625490	0.626774	0.567613	
260	0.656195	0.631406	0.625816	0.617870	0.615295	0.632152	0.605088	0.620107	0.625668	0.564737	
265	0.650911	0.628062	0.620682	0.615688	0.609851	0.626924	0.601579	0.617097	0.620455	0.561327	
270	0.646601	0.621527	0.617439	0.610127	0.611131	0.622663	0.595984	0.618591	0.617420	0.559509	
275	0.645887	0.617635	0.617114	0.611564	0.606977	0.619758	0.592125	0.614739	0.612721	0.556833	
280	0.641830	0.613989	0.616021	0.609228	0.606657	0.619264	0.594662	0.613074	0.608054	0.553357	
285	0.638138	0.609545	0.612845	0.608077	0.600198	0.613276	0.591940	0.609566	0.599366	0.548493	
290	0.638875	0.604988	0.610214	0.604781	0.593528	0.611495	0.588883	0.599947	0.600468	0.545090	
295	0.639204	0.603522	0.607588	0.598821	0.589582	0.608524	0.581418	0.591620	0.596284	0.544823	
300	0.631811	0.595169	0.604850	0.597453	0.590463	0.605112	0.578848	0.587389	0.589966	0.541369	
305	0.626831	0.593188	0.600010	0.596834	0.587289	0.597843	0.578967	0.584370	0.586522	0.539928	
310	0.618337	0.589180	0.594590	0.592426	0.583689	0.594867	0.580194	0.583284	0.582400	0.538057	
315	0.614274	0.582827	0.590569	0.589362	0.581192	0.590843	0.574510	0.575744	0.583732	0.537178	
320	0.610183	0.582538	0.583527	0.584453	0.579940	0.584922	0.574526	0.576917	0.581991	0.531385	
325	0.611945	0.578271	0.581003	0.580473	0.576131	0.581159	0.572630	0.576597	0.582063	0.533810	
330	0.608277	0.579175	0.579128	0.581225	0.574571	0.578251	0.570658	0.569055	0.577112	0.530764	
335	0.605363	0.578384	0.572348	0.580046	0.575501	0.576812	0.569591	0.563993	0.573376	0.527981	
340	0.602983	0.575315	0.569791	0.579042	0.575417	0.574853	0.567550	0.564867	0.568616	0.527995	
345	0.592920	0.575523	0.564677	0.574013	0.565961	0.566149	0.566453	0.560845	0.563964	0.525945	
350	0.590299	0.577446	0.563050	0.570541	0.565013	0.566291	0.564213	0.556904	0.561875	0.525635	
355	0.587897	0.573708	0.558116	0.566512	0.562550	0.567499	0.561286	0.556663	0.564426	0.523318	
360	0.587461	0.571041	0.553497	0.567232	0.557041	0.569936	0.558232	0.553348	0.559933	0.523125	
365	0.584730	0.572099	0.553680	0.563785	0.558971	0.567080	0.555430	0.548905	0.557347	0.520622	
370	0.579785	0.569206	0.550593	0.561670	0.561678	0.568688	0.552294	0.549584	0.555693	0.523848	
375	0.583196	0.565235	0.547708	0.560809	0.552309	0.567520	0.551416	0.552349	0.554434	0.520675	
380	0.582632	0.557314	0.545357	0.553368	0.552578	0.565603	0.549108	0.550878	0.554771	0.522979	
385	0.578500	0.555832	0.540955	0.548274	0.556722	0.561435	0.547401	0.551559	0.549428	0.522667	
390	0.575374	0.557338	0.536713	0.550556	0.549630	0.558256	0.543046	0.549862	0.548396	0.523266	
395	0.569798	0.560762	0.538266	0.549279	0.543938	0.558957	0.545544	0.544653	0.546981	0.523951	
400	0.567973	0.558653	0.539145	0.546966	0.535974	0.559923	0.543720	0.543947	0.545880	0.517782	
405	0.563422	0.554713	0.538071	0.548618	0.535959	0.557336	0.539911	0.543540	0.546766	0.515419	
410	0.561111	0.553738	0.542145	0.546730	0.535152	0.554355	0.539531	0.539515	0.541107	0.514760	
415	0.560609	0.553367	0.543462	0.543842	0.533512	0.553428	0.539035	0.539214	0.544730	0.510209	
420	0.558625	0.551713	0.541767	0.544361	0.526542	0.551517	0.537682	0.539272	0.544454	0.512219	
425	0.562580	0.551432	0.538234	0.542448	0.528410	0.554665	0.540941	0.543754	0.543544	0.508838	
430	0.563697	0.549583	0.538000	0.542259	0.528600	0.552032	0.537862	0.541010	0.545193	0.507990	
435	0.565160	0.544002	0.539012	0.539636	0.523810	0.547739	0.538635	0.536803	0.538314	0.510283	
440	0.565174	0.545588	0.538430	0.541218	0.518473	0.544715	0.534311	0.538294	0.536466	0.509064	
445	0.562455	0.543934	0.541679	0.541297	0.517865	0.537823	0.531430	0.538995	0.539866	0.509284	
450	0.559516	0.544991	0.538652	0.545082	0.513363	0.533686	0.530607	0.538734	0.538715	0.509296	
455	0.554860	0.540544	0.541776	0.542066	0.512418	0.534845	0.532023	0.537326	0.540927	0.512052	
460	0.553656	0.539882	0.541906	0.537813	0.513001	0.534699	0.529456	0.533023	0.539562	0.512867	
465	0.549517	0.536680	0.540547	0.534633	0.512799	0.528573	0.528343	0.531427	0.538036	0.514333	
470	0.549407	0.532277	0.541617	0.531783	0.509615	0.526967	0.527290	0.532436	0.536678	0.512875	
475	0.543996	0.530981	0.541664	0.528719	0.510561	0.529799	0.527284	0.532085	0.533722	0.514152	
480	0.543585	0.527977	0.539641	0.527461	0.505038	0.527802	0.523571	0.530171	0.530542	0.511254	
485	0.543033	0.526240	0.538654	0.528642	0.502335	0.528963	0.526803	0.532845	0.530855	0.511111	
490	0.540269	0.527353	0.533718	0.525799	0.505050	0.529104	0.526300	0.529541	0.530906	0.510941	
495	0.539267	0.525235	0.532186	0.520423	0.505731	0.530761	0.526656	0.530893	0.528692	0.510742	
500	0.528993	0.524939	0.527127	0.520583	0.502400	0.530047	0.524589	0.529445	0.525328	0.505956	
505	0.525844	0.520715	0.524299	0.519503	0.500556	0.527692	0.521506	0.525256	0.521982	0.506460	
510	0.525365	0.523284	0.519810	0.514824	0.501671	0.524710	0.520544	0.526155	0.520579	0.503768	
515	0.529535	0.521843	0.523148	0.514086	0.496462	0.527560	0.519146	0.521891	0.519632	0.504415	
520	0.532084	0.524844	0.521142	0.516541	0.493625	0.524727	0.517367	0.526917	0.518453	0.503792	
525	0.524866	0.525171	0.516449	0.515860	0.494705	0.524199	0.521168	0.523406	0.516964	0.505531	
530	0.523565	0.525547	0.518301	0.513044	0.496464	0.524680	0.519691	0.521536	0.515204	0.501815	
535	0.523361	0.521338	0.514715	0.508401	0.501134	0.523709	0.520566	0.522095	0.518827	0.500794	
540	0.522125	0.521678	0.512895	0.511473	0.500308	0.519859	0.514777	0.523734	0.519377	0.500440	
545	0.521766	0.518117	0.507002	0.507648	0.501405	0.516364	0.512409	0.519417	0.516251	0.496996	
550	0.520398	0.517166	0.503432	0.505547	0.498716	0.517949	0.513280	0.521738	0.514752	0.496359	
555	0.521276	0.513713	0.506836	0.501390	0.493178	0.519069	0.516310	0.519946	0.511188	0.495853	
560	0.517344	0.513603	0.503813	0.503787	0.491930	0.515711	0.510198	0.515521	0.508871	0.493698	
565	0.515745	0.513388	0.504528	0.501400	0.492314	0.512420	0.513072	0.511893	0.511067	0.496111	
570	0.519248	0.514801	0.507040	0.498172	0.490996	0.509483	0.514201	0.509018	0.509960	0.495059	
575	0.520700	0.518045	0.508269	0.492238	0.490273	0.513037	0.515382	0.510101	0.509933	0.495777	
580	0.519190	0.516550	0.504182	0.494600	0.488530	0.511112	0.514611	0.509180	0.509746	0.496542	
585	0.521664	0.516836	0.499883	0.493200	0.493764	0.512873	0.516182	0.509462	0.508570	0.496485	
590	0.519708	0.518775	0.499047	0.493233	0.500016	0.512434	0.515487	0.507888	0.504751	0.501555	
595	0.515171	0.521350	0.496233	0.493903	0.500514	0.514489	0.512165	0.504634	0.506827	0.502099	
600	0.514703	0.521458	0.495132	0.495545	0.499619	0.509120	0.510766	0.503419	0.503487	0.503436	
605	0.514160	0.519972	0.490438	0.499314	0.497944	0.513792	0.508552	0.498532	0.502358	0.503683	
610	0.511612	0.520149	0.493334	0.497455	0.498102	0.513642	0.510009	0.498361	0.500499	0.504360	
615	0.512436	0.514675	0.494887	0.498363	0.498006	0.512924	0.512072	0.497530	0.497397	0.504482	
620	0.508952	0.517646	0.498817	0.500793	0.494509	0.513637	0.511398	0.500718	0.497191	0.505749	
625	0.509046	0.517053	0.499930	0.500879	0.492531	0.512157	0.509690	0.501585	0.495561	0.504593	
630	0.507634	0.517823	0.499946	0.501480	0.493386	0.512975	0.507307	0.498984	0.498006	0.504930	
635	0.507994	0.514122	0.501836	0.500458	0.495271	0.517370	0.503496	0.495592	0.496149	0.503071	
640	0.505648	0.510521	0.502103	0.501758	0.494349	0.514888	0.504099	0.496043	0.494277	0.502970	
645	0.502926	0.509169	0.504056	0.506378	0.489581	0.512410	0.503577	0.497753	0.489687	0.505917	
650	0.505946	0.507894	0.504517	0.504381	0.489314	0.514759	0.501770	0.497749	0.485746	0.508479	
655	0.503726	0.504178	0.504639	0.504122	0.485446	0.511381	0.504023	0.493799	0.485984	0.507493	
660	0.498867	0.506337	0.506435	0.503118	0.487993	0.510133	0.499975	0.497516	0.490201	0.507609	
665	0.499059	0.499753	0.507945	0.502655	0.486509	0.506055	0.497909	0.495580	0.487775	0.507296	
670	0.500826	0.496223	0.504331	0.502236	0.487036	0.506816	0.496826	0.495959	0.485887	0.504545	
675	0.499024	0.496529	0.503411	0.504697	0.482458	0.503736	0.496197	0.494520	0.486541	0.501100	
680	0.494786	0.499154	0.501845	0.501631	0.480123	0.502256	0.494669	0.494174	0.484343	0.498989	
685	0.494111	0.500069	0.498346	0.497777	0.475503	0.497660	0.491495	0.496480	0.486943	0.499646	
690	0.491617	0.496071	0.499812	0.496175	0.476571	0.494958	0.491983	0.492041	0.490703	0.499941	
695	0.487390	0.497660	0.500463	0.498164	0.472234	0.495114	0.492315	0.492152	0.491309	0.500379	
700	0.485312	0.496081	0.495931	0.496274	0.474772	0.496339	0.491367	0.498293	0.489878	0.504163	
705	0.486759	0.494640	0.495640	0.497117	0.474236	0.494719	0.490238	0.493495	0.488781	0.506144	
710	0.482687	0.495367	0.496404	0.495863	0.476238	0.492440	0.490817	0.492865	0.490408	0.502508	
715	0.482213	0.497135	0.493784	0.491686	0.475335	0.490151	0.496120	0.495990	0.490377	0.501370	
720	0.478022	0.497336	0.493445	0.493383	0.475392	0.488809	0.497770	0.498476	0.490269	0.500592	
725	0.481141	0.494682	0.495700	0.494735	0.479485	0.488370	0.495376	0.498173	0.491282	0.499953	
730	0.476641	0.492905	0.495530	0.489353	0.482149	0.490317	0.491878	0.497835	0.489863	0.499698	
735	0.474568	0.491251	0.499922	0.490287	0.480901	0.490027	0.491786	0.497995	0.489068	0.500886	
740	0.473039	0.489665	0.500414	0.488167	0.477610	0.489777	0.491128	0.491793	0.486648	0.502191	
745	0.473951	0.488836	0.500479	0.488648	0.475891	0.487648	0.489037	0.489052	0.482945	0.503276	
750	0.476670	0.487935	0.497587	0.490489	0.470616	0.482072	0.488452	0.488354	0.479635	0.500675	
755	0.478423	0.486000	0.498155	0.488806	0.471885	0.480360	0.487213	0.487269	0.477991	0.499342	
760	0.476277	0.484813	0.496570	0.487191	0.471019	0.481655	0.488980	0.484442	0.475428	0.503914	
765	0.476145	0.485202	0.495404	0.484839	0.468629	0.477937	0.488537	0.486242	0.475418	0.502922	
770	0.476208	0.485607	0.496240	0.487131	0.469539	0.478061	0.490213	0.488111	0.479082	0.501427	
775	0.477088	0.487138	0.493966	0.485921	0.471640	0.476210	0.486566	0.488095	0.473038	0.501575	
780	0.483014	0.488239	0.494122	0.486230	0.467792	0.476913	0.484263	0.485439	0.477301	0.498037	
785	0.482568	0.487373	0.495949	0.485512	0.471103	0.478013	0.482418	0.483513	0.479235	0.498774	
790	0.481060	0.490254	0.493455	0.488377	0.473592	0.478955	0.482081	0.480966	0.480864	0.501167	
795	0.479028	0.486710	0.489657	0.487106	0.473304	0.481805	0.483621	0.479936	0.479486	0.505493	
800	0.477180	0.489181	0.486175	0.484441	0.472634	0.482628	0.483419	0.480530	0.481345	0.506294	
805	0.478116	0.488502	0.486447	0.483563	0.470698	0.487031	0.485963	0.481492	0.481054	0.504901	
810	0.477198	0.488622	0.490472	0.483068	0.469800	0.485037	0.484572	0.480796	0.482892	0.503060	
815	0.478465	0.489439	0.489984	0.485470	0.470619	0.480286	0.484969	0.481203	0.478096	0.501020	
820	0.475282	0.493420	0.490464	0.487643	0.471593	0.481800	0.486057	0.485022	0.480250	0.498653	
825	0.470114	0.492746	0.490670	0.488371	0.472165	0.479839	0.485809	0.486987	0.478703	0.500615	
830	0.467040	0.490995	0.489429	0.487512	0.476617	0.478553	0.483284	0.485198	0.482399	0.501554	
835	0.469128	0.488619	0.490178	0.491612	0.481967	0.478384	0.483179	0.484989	0.478455	0.498192	
840	0.471268	0.489270	0.490579	0.489560	0.481384	0.481248	0.482348	0.483561	0.474354	0.496552	
845	0.468854	0.490474	0.490554	0.485860	0.484912	0.478021	0.483055	0.487268	0.473062	0.497508	
850	0.471581	0.489706	0.491263	0.488518	0.484759	0.478860	0.483321	0.489001	0.473912	0.500826	
855	0.473707	0.488214	0.490072	0.488543	0.485626	0.480512	0.482994	0.484091	0.474013	0.496770	
860	0.473059	0.490375	0.490425	0.484786	0.485538	0.480021	0.480219	0.483505	0.472564	0.496724	
865	0.476039	0.487589	0.490474	0.485004	0.484139	0.478464	0.481134	0.483080	0.476949	0.493287	
870	0.472702	0.487619	0.489802	0.485410	0.483978	0.475542	0.480529	0.478030	0.476479	0.494752	
875	0.468321	0.484750	0.491145	0.484313	0.483193	0.472903	0.479961	0.476383	0.477911	0.497103	
880	0.462365	0.486064	0.489819	0.483469	0.479334	0.475004	0.478609	0.473500	0.480283	0.502267	
885	0.460233	0.480571	0.487335	0.480117	0.478338	0.472284	0.479177	0.475307	0.481131	0.501603	
890	0.465060	0.481169	0.487591	0.476571	0.478362	0.473492	0.480479	0.473110	0.479427	0.506586	
895	0.461655	0.481477	0.487071	0.479402	0.475348	0.476183	0.479611	0.475037	0.483850	0.507515	
900	0.465955	0.479911	0.487264	0.480794	0.471263	0.475650	0.479367	0.477099	0.481076	0.508666	
905	0.466234	0.480824	0.486057	0.480883	0.476006	0.474843	0.473689	0.473108	0.480621	0.508711	
910	0.466832	0.483497	0.484309	0.481701	0.472474	0.478537	0.474871	0.472840	0.478302	0.508746	
915	0.465973	0.477795	0.485033	0.480885	0.476689	0.476587	0.475439	0.474217	0.478859	0.508542	
920	0.462921	0.477925	0.488328	0.478146	0.477492	0.481615	0.478913	0.474847	0.478305	0.507069	
925	0.460144	0.476726	0.486001	0.479095	0.479240	0.475741	0.480476	0.474720	0.481114	0.505170	
930	0.465624	0.475463	0.482913	0.478503	0.476456	0.474306	0.482722	0.475863	0.481092	0.505885	
935	0.465608	0.473751	0.481855	0.480599	0.476852	0.471012	0.482334	0.475566	0.482938	0.505766	
940	0.469880	0.476978	0.477604	0.477805	0.476768	0.471224	0.480874	0.477297	0.477758	0.504874	
945	0.472780	0.476604	0.477800	0.474282	0.473208	0.468696	0.481024	0.475249	0.479215	0.500707	
950	0.472752	0.478272	0.476079	0.472905	0.473772	0.467764	0.483487	0.471347	0.481297	0.500869	
955	0.473187	0.479853	0.477303	0.474800	0.476090	0.468327	0.485647	0.471150	0.480162	0.494902	
960	0.474428	0.482314	0.474068	0.475180	0.474842	0.470267	0.484044	0.472307	0.478597	0.499863	
965	0.472542	0.481849	0.475088	0.477820	0.476381	0.472257	0.484685	0.473916	0.483259	0.500816	
970	0.469376	0.474805	0.473596	0.477684	0.478588	0.473345	0.483294	0.472667	0.482838	0.499537	
975	0.468433	0.475318	0.475618	0.480466	0.476814	0.472033	0.481170	0.470404	0.481477	0.501991	
980	0.466925	0.476565	0.470896	0.481970	0.478930	0.476821	0.482539	0.473357	0.476279	0.499496	
985	0.471416	0.477955	0.471679	0.482748	0.476668	0.483083	0.479920	0.473262	0.478377	0.500970	
990	0.471131	0.480248	0.470848	0.483434	0.477171	0.484742	0.477882	0.469709	0.478351	0.502023	
995	0.474776	0.473733	0.472075	0.483329	0.474476	0.482946	0.480285	0.471285	0.475195	0.500240	
1000	0.476872	0.473483	0.470845	0.482547	0.476356	0.482078	0.480664	0.471401	0.476073	0.495020	
1005	0.476222	0.475805	0.468509	0.484050	0.476762	0.480456	0.484811	0.471050	0.480910	0.497424	
1010	0.475363	0.468464	0.469008	0.483091	0.478114	0.479402	0.485085	0.473123	0.478011	0.496060	
1015	0.473781	0.471611	0.472332	0.482953	0.475268	0.479076	0.485172	0.472215	0.479594	0.496176	
1020	0.474895	0.470284	0.471477	0.481059	0.476682	0.482236	0.486177	0.470280	0.477203	0.498763	
1025	0.471931	0.466271	0.472648	0.479297	0.474676	0.482312	0.487925	0.468678	0.477150	0.496021	
1030	0.475285	0.465333	0.476117	0.481149	0.473984	0.480418	0.489648	0.467745	0.477337	0.498118	
1035	0.476745	0.470918	0.480386	0.477097	0.472947	0.477344	0.491600	0.464631	0.479708	0.501745	
1040	0.478425	0.475765	0.480745	0.475144	0.470354	0.475432	0.491539	0.467305	0.479763	0.498566	
1045	0.479313	0.478675	0.482775	0.480061	0.469611	0.478072	0.493001	0.467371	0.481264	0.497752	
1050	0.477293	0.479681	0.485314	0.477229	0.467664	0.477025	0.491652	0.469202	0.479795	0.498239	
1055	0.477418	0.481639	0.484256	0.478254	0.467281	0.476107	0.487709	0.467685	0.478177	0.497515	
1060	0.476797	0.483239	0.484253	0.473049	0.469303	0.475307	0.487616	0.467920	0.477094	0.498446	
1065	0.476848	0.483745	0.481067	0.470202	0.468961	0.472473	0.488536	0.473175	0.479949	0.499637	
1070	0.473528	0.481785	0.480481	0.471738	0.469642	0.476815	0.484734	0.474660	0.477000	0.496877	
1075	0.472710	0.479344	0.483566	0.470598	0.470577	0.477017	0.482974	0.473382	0.474799	0.495799	
1080	0.471886	0.479368	0.484753	0.473930	0.474882	0.478363	0.482543	0.471074	0.473083	0.493008	
1085	0.467608	0.480212	0.483420	0.473481	0.477147	0.481369	0.483452	0.469616	0.469122	0.494666	
1090	0.470833	0.485935	0.484151	0.473246	0.475458	0.482036	0.484075	0.471076	0.468788	0.491239	
1095	0.473710	0.483665	0.483844	0.472557	0.475063	0.478663	0.482556	0.474230	0.467771	0.489453	
1100	0.469851	0.482471	0.482219	0.474239	0.473012	0.477332	0.481826	0.473955	0.465921	0.488057	
1105	0.470768	0.480517	0.480574	0.471490	0.473192	0.482003	0.480472	0.471155	0.463477	0.482389	
1110	0.471798	0.479629	0.482880	0.472403	0.472463	0.483868	0.486664	0.469928	0.469029	0.484454	
1115	0.473429	0.476932	0.483581	0.475524	0.475336	0.481009	0.484280	0.467154	0.469981	0.485125	
1120	0.473825	0.473365	0.479015	0.477881	0.474595	0.479282	0.483568	0.467701	0.471470	0.483647	
1125	0.470859	0.480140	0.481759	0.479252	0.475887	0.477162	0.481198	0.472746	0.473309	0.481568	
1130	0.470566	0.480814	0.484475	0.478182	0.478067	0.477164	0.477369	0.468741	0.472364	0.479062	
1135	0.467913	0.476690	0.482291	0.483006	0.476058	0.476480	0.477523	0.468510	0.472923	0.479144	
1140	0.466609	0.476698	0.482212	0.482750	0.471670	0.471796	0.481816	0.462384	0.474104	0.479292	
1145	0.466309	0.476775	0.480626	0.482139	0.472109	0.472991	0.482598	0.462011	0.479519	0.481466	
1150	0.469485	0.477219	0.482412	0.480738	0.470640	0.468808	0.481763	0.459571	0.482641	0.481501	
1155	0.467173	0.478381	0.481720	0.482108	0.468239	0.471620	0.481379	0.460707	0.482038	0.480567	
1160	0.467162	0.476626	0.482985	0.481940	0.465797	0.467852	0.477386	0.462007	0.484354	0.481975	
1165	0.466832	0.478703	0.482417	0.482219	0.466017	0.469163	0.481466	0.465959	0.482580	0.480641	
1170	0.467426	0.481029	0.482111	0.481420	0.468131	0.470605	0.477069	0.471018	0.480433	0.481233	
1175	0.471286	0.482994	0.482334	0.482313	0.470385	0.471601	0.474492	0.474331	0.478308	0.481980	
1180	0.467047	0.481095	0.484109	0.478690	0.470608	0.472870	0.477069	0.473172	0.483853	0.483958	
1185	0.461750	0.480084	0.484320	0.480390	0.471780	0.471074	0.478442	0.468264	0.480141	0.484241	
1190	0.459533	0.477959	0.480622	0.476440	0.476411	0.473246	0.482537	0.465900	0.481350	0.480731	
1195	0.460418	0.474078	0.480536	0.476348	0.475776	0.469173	0.480432	0.466534	0.477799	0.479922	
1200	0.466571	0.476096	0.482387	0.470957	0.473873	0.470628	0.477646	0.465771	0.475741	0.479482	
1205	0.469246	0.478476	0.478092	0.472706	0.472715	0.470988	0.473898	0.470553	0.477483	0.479650	
1210	0.465474	0.477441	0.476713	0.470828	0.473353	0.471303	0.472959	0.471328	0.473311	0.475841	
1215	0.467928	0.476116	0.477211	0.467423	0.472720	0.475233	0.471782	0.474261	0.475125	0.476043	
1220	0.469017	0.478457	0.473467	0.470750	0.472590	0.471350	0.479674	0.475540	0.474658	0.472366	
1225	0.472712	0.478455	0.470790	0.472501	0.472274	0.468318	0.483074	0.477689	0.474448	0.472379	
1230	0.471044	0.482716	0.472821	0.469403	0.471638	0.469839	0.485036	0.477560	0.477821	0.469448	
1235	0.474927	0.483504	0.471096	0.469787	0.471429	0.472037	0.483718	0.475320	0.481590	0.472549	
1240	0.477144	0.475469	0.469161	0.473984	0.469204	0.469558	0.476625	0.477089	0.479887	0.474749	
1245	0.475884	0.474089	0.470920	0.475696	0.472153	0.467727	0.474414	0.481257	0.483892	0.477091	
1250	0.475698	0.479282	0.472960	0.479639	0.471800	0.463939	0.479112	0.478300	0.484071	0.477303	
1255	0.475468	0.483204	0.472752	0.481682	0.470276	0.466464	0.481237	0.478488	0.480622	0.480071	
1260	0.475656	0.479090	0.475585	0.481820	0.470267	0.463244	0.482648	0.480270	0.482522	0.475721	
1265	0.471994	0.481105	0.479447	0.482155	0.469813	0.463424	0.481252	0.477868	0.479803	0.476819	
1270	0.473778	0.479588	0.478125	0.481741	0.468164	0.464363	0.479865	0.478348	0.480097	0.478122	
1275	0.472339	0.478821	0.478103	0.479465	0.468756	0.461332	0.483753	0.478359	0.479912	0.479464	
1280	0.471983	0.485365	0.477300	0.480450	0.467665	0.458438	0.484682	0.479611	0.482774	0.481484	
1285	0.473507	0.487574	0.476368	0.484395	0.467087	0.460432	0.484244	0.477699	0.480897	0.481234	
1290	0.474216	0.489481	0.477386	0.485412	0.463559	0.461598	0.485704	0.480198	0.479227	0.478581	
1295	0.476580	0.488553	0.479681	0.482971	0.468267	0.462854	0.484295	0.479635	0.481339	0.482476	
1300	0.473140	0.489513	0.481007	0.485433	0.469228	0.464489	0.482237	0.474946	0.485697	0.486048	
1305	0.474720	0.491117	0.479851	0.486988	0.469106	0.458325	0.482770	0.473110	0.483294	0.486358	
1310	0.475208	0.489168	0.477243	0.484777	0.468644	0.464143	0.482868	0.476599	0.480357	0.487375	
1315	0.481050	0.488677	0.477338	0.485953	0.464767	0.460955	0.485313	0.473153	0.483871	0.485033	
1320	0.480634	0.486777	0.481025	0.485652	0.464467	0.463457	0.487990	0.473963	0.483087	0.488204	
1325	0.483729	0.484574	0.478285	0.487763	0.463282	0.462204	0.484689	0.475764	0.482448	0.486906	
1330	0.476314	0.488952	0.480868	0.488084	0.462769	0.462537	0.481888	0.469555	0.487814	0.487781	
1335	0.481611	0.488200	0.481457	0.492405	0.461631	0.462048	0.484149	0.471814	0.484124	0.486395	
1340	0.482493	0.488524	0.479794	0.493750	0.463712	0.463410	0.484395	0.472721	0.489286	0.483563	
1345	0.483808	0.488819	0.484266	0.492224	0.467669	0.463198	0.479221	0.473664	0.487138	0.484946	
1350	0.482393	0.490411	0.478860	0.491542	0.467401	0.465031	0.479878	0.472963	0.485624	0.482632	
1355	0.480576	0.487535	0.477815	0.492903	0.466836	0.465161	0.480517	0.475476	0.485362	0.480227	
1360	0.478506	0.486330	0.481398	0.493074	0.467403	0.463770	0.479400	0.473726	0.487209	0.484800	
1365	0.478526	0.486151	0.481305	0.493298	0.466237	0.463275	0.479669	0.473568	0.487683	0.481398	
1370	0.476666	0.485778	0.483650	0.495490	0.468459	0.463263	0.473861	0.471113	0.486548	0.484021	
1375	0.473194	0.491292	0.484121	0.494528	0.468916	0.461045	0.471695	0.471910	0.484584	0.481502	
1380	0.476038	0.490199	0.483057	0.491166	0.469627	0.460033	0.471552	0.475653	0.482985	0.477312	
1385	0.474954	0.491341	0.484410	0.490227	0.471520	0.458373	0.475673	0.472931	0.479748	0.479432	
1390	0.475422	0.490162	0.482476	0.485842	0.470877	0.454505	0.474166	0.473015	0.478963	0.479562	
1395	0.475398	0.494005	0.487941	0.486237	0.469050	0.452749	0.478163	0.472654	0.480103	0.478450	
1400	0.474916	0.496256	0.483161	0.485019	0.466963	0.451275	0.477087	0.472489	0.482234	0.477677	
1405	0.476043	0.492173	0.482522	0.487214	0.465795	0.452873	0.473750	0.473457	0.485831	0.474262	
1410	0.473317	0.490874	0.480557	0.488675	0.465649	0.450806	0.474411	0.473895	0.485101	0.472719	
1415	0.473413	0.483996	0.477902	0.490937	0.467070	0.453363	0.477779	0.476555	0.485346	0.473233	
1420	0.471571	0.484635	0.477528	0.489619	0.467320	0.451174	0.478211	0.478091	0.486281	0.474946	
1425	0.472267	0.482885	0.474688	0.489733	0.465908	0.453445	0.482128	0.479311	0.487243	0.477658	
1430	0.471550	0.485023	0.475904	0.490885	0.469002	0.452966	0.481446	0.476439	0.486668	0.476023	
1435	0.470998	0.485108	0.474421	0.490154	0.468721	0.451727	0.478987	0.477951	0.482201	0.479042	
1440	0.474433	0.487105	0.474208	0.491085	0.467184	0.450640	0.480073	0.476584	0.485550	0.480393	
1445	0.473164	0.490912	0.470870	0.496043	0.465429	0.451363	0.480568	0.481806	0.484618	0.480694	
1450	0.474066	0.487166	0.469003	0.498019	0.461925	0.450702	0.481618	0.480673	0.483861	0.477478	
1455	0.470467	0.488316	0.469982	0.499662	0.460196	0.453882	0.482697	0.482366	0.484538	0.477420	
1460	0.471567	0.486812	0.464156	0.499254	0.461845	0.453749	0.482066	0.481219	0.481979	0.476828	
1465	0.470005	0.485105	0.463297	0.494051	0.460973	0.454658	0.481346	0.481399	0.485034	0.477489	
1470	0.468762	0.484487	0.463631	0.494622	0.461923	0.454676	0.482512	0.481328	0.485564	0.473191	
1475	0.466821	0.483706	0.465765	0.495853	0.463810	0.454160	0.482221	0.479038	0.487530	0.473315	
1480	0.466581	0.481196	0.466389	0.497770	0.466210	0.450234	0.481110	0.476084	0.489612	0.474616	
1485	0.468838	0.484472	0.470306	0.495927	0.467074	0.451767	0.485295	0.477343	0.490594	0.475371	
1490	0.470634	0.481469	0.470684	0.494608	0.469593	0.453317	0.484353	0.476511	0.494134	0.473494	
1495	0.470139	0.481489	0.469195	0.495499	0.471279	0.449754	0.485559	0.473746	0.492689	0.476267	
1500	0.469997	0.479591	0.468173	0.490949	0.467893	0.450414	0.483925	0.473656	0.490603	0.472749	
1505	0.476988	0.476360	0.470365	0.492265	0.470045	0.456044	0.483732	0.475072	0.488488	0.472365	
1510	0.472793	0.474877	0.468130	0.495247	0.473043	0.454893	0.483404	0.477352	0.487524	0.473323	
1515	0.467687	0.481521	0.466914	0.494608	0.470743	0.454267	0.485593	0.475892	0.488669	0.476955	
1520	0.466770	0.479821	0.466675	0.495225	0.468916	0.457299	0.486304	0.477477	0.490809	0.479209	
1525	0.467206	0.481050	0.466660	0.492338	0.464530	0.451495	0.483173	0.478520	0.490820	0.479153	
1530	0.467333	0.478766	0.464330	0.491118	0.466152	0.452856	0.483180	0.479896	0.489800	0.479260	
1535	0.465297	0.482712	0.460822	0.490172	0.466978	0.453775	0.480676	0.478715	0.491127	0.481081	
1540	0.465680	0.482543	0.457704	0.489270	0.467559	0.457541	0.477015	0.481104	0.492432	0.480642	
1545	0.463619	0.483455	0.456111	0.486125	0.466181	0.455744	0.481169	0.481826	0.493113	0.478010	
1550	0.463761	0.479068	0.460070	0.483427	0.469838	0.454341	0.482453	0.484594	0.487064	0.481217	
1555	0.463199	0.483969	0.461212	0.482277	0.470858	0.454678	0.486199	0.480200	0.486048	0.477698	
1560	0.461373	0.488757	0.461641	0.480149	0.469954	0.456595	0.480147	0.481445	0.485239	0.479320	
1565	0.462269	0.488012	0.462894	0.481822	0.468997	0.458759	0.481289	0.481913	0.486474	0.479191	
1570	0.464601	0.483636	0.463923	0.482919	0.473220	0.458077	0.483735	0.483908	0.483844	0.482272	
1575	0.463766	0.483033	0.463717	0.486974	0.474863	0.457559	0.485057	0.482768	0.485620	0.484036	
1580	0.463564	0.483393	0.462289	0.487074	0.477782	0.456084	0.488847	0.482712	0.485481	0.486137	
1585	0.462229	0.483948	0.464155	0.486789	0.479793	0.453071	0.488531	0.481145	0.483956	0.485933	
1590	0.464654	0.479699	0.463639	0.487467	0.477412	0.451654	0.487234	0.480682	0.489273	0.484487	
1595	0.462744	0.481371	0.467037	0.488936	0.477789	0.455864	0.489596	0.479195	0.492550	0.482737	
1600	0.466408	0.483940	0.470569	0.489980	0.475566	0.456639	0.484073	0.478940	0.493503	0.485696	
1605	0.471173	0.486639	0.470002	0.487908	0.476676	0.457498	0.484245	0.481462	0.493537	0.484423	
1610	0.470063	0.486381	0.469456	0.491054	0.483444	0.460159	0.484180	0.481539	0.493241	0.485372	
1615	0.472633	0.487771	0.466993	0.488544	0.481248	0.463313	0.486392	0.478334	0.491821	0.484723	
1620	0.474602	0.486978	0.468140	0.485939	0.481474	0.461584	0.486432	0.476002	0.494756	0.484394	
1625	0.472351	0.486702	0.468263	0.485314	0.479636	0.466269	0.488254	0.473009	0.491726	0.486485	
1630	0.470687	0.486486	0.465988	0.483822	0.476488	0.462348	0.487725	0.474897	0.492261	0.490551	
1635	0.470035	0.487606	0.466719	0.486531	0.476834	0.463802	0.488966	0.474572	0.496207	0.490996	
1640	0.471563	0.487337	0.467004	0.485968	0.476600	0.465624	0.491563	0.475236	0.494740	0.487643	
1645	0.469013	0.487311	0.466169	0.487910	0.476577	0.468095	0.492714	0.477160	0.491827	0.485220	
1650	0.464613	0.487958	0.464148	0.487236	0.480077	0.465242	0.496491	0.478680	0.492594	0.486301	
1655	0.463983	0.485733	0.463654	0.483453	0.483162	0.460164	0.498028	0.476357	0.495157	0.489289	
1660	0.464455	0.483878	0.464589	0.481415	0.479763	0.462559	0.495326	0.477968	0.491762	0.488741	
1665	0.466343	0.485034	0.463054	0.481476	0.481013	0.463524	0.492798	0.479269	0.493220	0.483818	
1670	0.467070	0.483671	0.461902	0.483183	0.482340	0.463415	0.494122	0.477980	0.494075	0.483810	
1675	0.468116	0.483843	0.463287	0.482409	0.482840	0.460099	0.491033	0.479343	0.493699	0.484277	
1680	0.468945	0.482024	0.464288	0.484644	0.484650	0.461115	0.488282	0.476663	0.493760	0.484849	
1685	0.466640	0.480990	0.467314	0.481965	0.487694	0.462310	0.486351	0.475158	0.490181	0.484361	
1690	0.465983	0.479374	0.467323	0.483233	0.486976	0.466456	0.486084	0.475708	0.490925	0.483254	
1695	0.473029	0.477545	0.463157	0.483994	0.485687	0.466060	0.485230	0.475303	0.492556	0.481484	
1700	0.475222	0.479662	0.465867	0.481474	0.483113	0.468946	0.482867	0.477750	0.494914	0.481204	
1705	0.475739	0.478129	0.464746	0.482282	0.479714	0.468796	0.480112	0.481275	0.494221	0.479132	
1710	0.473845	0.477895	0.468638	0.480362	0.481609	0.470655	0.483311	0.478614	0.492985	0.477126	
1715	0.470223	0.479553	0.469366	0.479478	0.481929	0.472296	0.483575	0.474503	0.498469	0.473195	
1720	0.468432	0.481202	0.469218	0.476879	0.478792	0.470504	0.487785	0.474475	0.497292	0.477992	
1725	0.472653	0.483013	0.469712	0.480350	0.476702	0.475514	0.490508	0.477018	0.496242	0.476060	
1730	0.475121	0.481990	0.471085	0.479954	0.475805	0.479318	0.493400	0.477068	0.498225	0.477727	
1735	0.473972	0.485299	0.472662	0.479277	0.478613	0.479489	0.494475	0.478474	0.498229	0.475146	
1740	0.475354	0.481645	0.470385	0.480300	0.477254	0.478832	0.493377	0.478061	0.495433	0.476892	
1745	0.476944	0.483617	0.472044	0.479471	0.477523	0.475560	0.490225	0.479069	0.498072	0.481556	
1750	0.478499	0.483240	0.473547	0.480415	0.479560	0.480262	0.489714	0.475789	0.493723	0.483054	
1755	0.479248	0.482901	0.471088	0.477857	0.476782	0.476756	0.495117	0.473344	0.494954	0.485391	
1760	0.476119	0.483120	0.475050	0.477768	0.481121	0.478477	0.492041	0.472776	0.496714	0.486591	
1765	0.472656	0.482790	0.473010	0.479454	0.482829	0.477983	0.490895	0.472973	0.493421	0.483553	
1770	0.471896	0.479947	0.471102	0.480594	0.483086	0.477353	0.491876	0.472953	0.493715	0.486798	
1775	0.476337	0.479513	0.471141	0.481028	0.485219	0.478434	0.490547	0.470983	0.495188	0.483929	
1780	0.475381	0.478097	0.473966	0.482547	0.485671	0.476368	0.488466	0.470916	0.492782	0.488512	
1785	0.473498	0.475494	0.474438	0.484846	0.483919	0.477252	0.486149	0.466909	0.492794	0.488630	
1790	0.470938	0.471276	0.477076	0.488246	0.484447	0.476955	0.483798	0.468408	0.492087	0.485735	
1795	0.472725	0.478649	0.479921	0.488571	0.480459	0.477710	0.483905	0.468964	0.491771	0.487638	
1800	0.476588	0.478465	0.478309	0.487967	0.481255	0.477509	0.483492	0.471927	0.496857	0.488952	
1805	0.474195	0.482157	0.478764	0.491853	0.478127	0.482569	0.483561	0.474750	0.497068	0.491146	
1810	0.473809	0.483698	0.478888	0.492911	0.478005	0.479587	0.481306	0.475856	0.497244	0.490881	
1815	0.473523	0.486820	0.478580	0.490932	0.477811	0.481323	0.481297	0.477952	0.496362	0.488449	
1820	0.474025	0.486411	0.475788	0.489072	0.482640	0.480012	0.480868	0.477682	0.495858	0.487441	
1825	0.474901	0.489909	0.476376	0.487633	0.484418	0.480531	0.480204	0.475658	0.497584	0.487618	
1830	0.475815	0.495241	0.475255	0.487539	0.482825	0.484706	0.482107	0.477168	0.497076	0.487809	
1835	0.474088	0.499043	0.478570	0.485989	0.483941	0.483429	0.481787	0.478643	0.499023	0.485569	
1840	0.471789	0.497772	0.476383	0.487815	0.483560	0.483472	0.481318	0.478990	0.498301	0.490123	
1845	0.469727	0.496879	0.477264	0.486926	0.481495	0.485881	0.479207	0.482002	0.501174	0.489102	
1850	0.470927	0.494273	0.475565	0.488475	0.482198	0.482139	0.479633	0.478973	0.499201	0.492456	
1855	0.469921	0.492680	0.475336	0.489112	0.480710	0.480397	0.481216	0.479279	0.493873	0.490467	
1860	0.465182	0.494323	0.475518	0.489247	0.481809	0.477059	0.482478	0.476460	0.491832	0.488356	
1865	0.466156	0.489435	0.471352	0.491244	0.479484	0.478206	0.479070	0.480221	0.494481	0.489856	
1870	0.460765	0.488258	0.477395	0.489926	0.478109	0.478981	0.480824	0.480830	0.493304	0.490351	
1875	0.462761	0.489644	0.475578	0.490598	0.477304	0.479582	0.479279	0.480646	0.492068	0.490809	
1880	0.465563	0.486186	0.477046	0.490782	0.477083	0.482802	0.480786	0.481341	0.495396	0.490955	
1885	0.461786	0.490483	0.475485	0.489067	0.478227	0.478620	0.480432	0.483289	0.495152	0.487529	
1890	0.463680	0.493460	0.472695	0.489073	0.476321	0.479944	0.483425	0.486483	0.490890	0.488007	
1895	0.463742	0.493243	0.475302	0.493712	0.475229	0.484486	0.478849	0.486479	0.491162	0.489561	
1900	0.464725	0.495912	0.474754	0.492763	0.476678	0.482921	0.476576	0.488478	0.493175	0.489738	
1905	0.463899	0.493570	0.475206	0.483550	0.476274	0.483218	0.473361	0.484935	0.489279	0.485145	
1910	0.461417	0.497194	0.475166	0.483979	0.479687	0.481687	0.472958	0.481551	0.493922	0.482339	
1915	0.461760	0.494870	0.473846	0.489367	0.477811	0.484642	0.476707	0.476694	0.496953	0.482083	
1920	0.464015	0.497387	0.473692	0.490400	0.473778	0.481278	0.475983	0.477916	0.493494	0.481830	
1925	0.464729	0.494438	0.472251	0.487278	0.475503	0.482454	0.474770	0.475726	0.495312	0.484092	
1930	0.466782	0.493621	0.470166	0.485969	0.476091	0.483295	0.476182	0.479191	0.490985	0.483073	
1935	0.469685	0.491128	0.465224	0.486207	0.480569	0.482511	0.479426	0.474508	0.492871	0.484219	
1940	0.469977	0.495387	0.466004	0.492450	0.477888	0.485365	0.481235	0.474633	0.494515	0.481483	
1945	0.468595	0.495534	0.466246	0.490252	0.478984	0.484732	0.485023	0.470299	0.491825	0.483031	
1950	0.466962	0.497326	0.465447	0.488834	0.480845	0.485487	0.487928	0.469383	0.490409	0.479117	
1955	0.466769	0.497599	0.468322	0.494750	0.479750	0.485367	0.487688	0.471390	0.488496	0.478320	
1960	0.466829	0.497013	0.469164	0.496276	0.478938	0.486222	0.488267	0.471594	0.490136	0.476724	
1965	0.467981	0.496417	0.469605	0.495663	0.478313	0.485153	0.486966	0.469023	0.490637	0.479293	
1970	0.469834	0.490432	0.466907	0.496143	0.481401	0.483977	0.485524	0.466209	0.486843	0.482834	
1975	0.469270	0.491148	0.465492	0.498073	0.480283	0.483299	0.484353	0.466267	0.487995	0.480482	
1980	0.469575	0.490936	0.466229	0.497668	0.477232	0.484086	0.484348	0.465610	0.488428	0.478555	
1985	0.467930	0.488474	0.463283	0.497102	0.473126	0.483517	0.481721	0.464452	0.488707	0.474822	
1990	0.468700	0.491632	0.467359	0.500892	0.475681	0.483620	0.478364	0.466522	0.488902	0.476074	
1995	0.467858	0.491167	0.468428	0.501719	0.476172	0.489848	0.478755	0.467302	0.488779	0.474088	
2000	0.466042	0.490277	0.467656	0.497333	0.477084	0.490406	0.481368	0.469871	0.490868	0.473881	
2005	0.465245	0.497052	0.468968	0.498744	0.475479	0.486525	0.481146	0.467821	0.492856	0.473071	
2010	0.467894	0.498960	0.472026	0.498674	0.478182	0.484642	0.480362	0.467775	0.492113	0.473896	
2015	0.468051	0.501699	0.471083	0.499680	0.479772	0.477450	0.480522	0.471142	0.489281	0.473446	
2020	0.464032	0.503408	0.473174	0.497445	0.483674	0.479495	0.482406	0.471472	0.487914	0.475918	
2025	0.466963	0.501039	0.471330	0.494828	0.483495	0.478614	0.479724	0.473713	0.487584	0.474791	
2030	0.468689	0.501903	0.473295	0.497863	0.482756	0.477024	0.479465	0.474789	0.489916	0.471024	
2035	0.468263	0.503138	0.471974	0.498863	0.484968	0.477784	0.479743	0.473775	0.490173	0.472527	
2040	0.469466	0.500925	0.473061	0.496748	0.483424	0.479865	0.477066	0.473137	0.489724	0.476530	
2045	0.467929	0.500762	0.473186	0.495116	0.482034	0.480010	0.478166	0.473712	0.488103	0.475193	
2050	0.468640	0.499718	0.472808	0.491947	0.482320	0.483011	0.480346	0.474588	0.486736	0.477692	
2055	0.469485	0.505041	0.476249	0.495512	0.483132	0.479424	0.478242	0.476930	0.487331	0.475589	
2060	0.470698	0.498662	0.478414	0.498493	0.481425	0.478830	0.476798	0.480684	0.486654	0.477827	
2065	0.471200	0.500985	0.474159	0.496498	0.475749	0.474942	0.477014	0.477445	0.487444	0.473374	
2070	0.472429	0.502134	0.472775	0.497543	0.475789	0.473120	0.475197	0.477413	0.488329	0.474097	
2075	0.472187	0.497369	0.475374	0.493274	0.478721	0.470805	0.473965	0.478844	0.488011	0.473036	
2080	0.475799	0.499263	0.471746	0.496024	0.482145	0.469558	0.473449	0.479215	0.488410	0.478517	
2085	0.478498	0.502433	0.466280	0.501761	0.487932	0.469656	0.475487	0.480172	0.487583	0.477533	
2090	0.476593	0.504395	0.466852	0.498737	0.489994	0.471211	0.477972	0.482983	0.484670	0.474474	
2095	0.478746	0.502503	0.466335	0.502822	0.489261	0.473588	0.480057	0.478946	0.487541	0.472986	
2100	0.479930	0.506687	0.470601	0.502840	0.486722	0.475372	0.484232	0.473385	0.489729	0.474337	
2105	0.480489	0.504729	0.474574	0.501224	0.490646	0.478400	0.487302	0.472172	0.485083	0.474897	
2110	0.480790	0.502466	0.476065	0.501103	0.490737	0.482062	0.483777	0.475956	0.485024	0.477146	
2115	0.482485	0.505593	0.474498	0.500764	0.491512	0.478143	0.478352	0.473704	0.486705	0.475857	
2120	0.484722	0.503351	0.476306	0.498548	0.489826	0.474362	0.478933	0.470890	0.489143	0.475286	
2125	0.483169	0.502265	0.474991	0.500158	0.486703	0.478443	0.477423	0.471500	0.492081	0.476913	
2130	0.485032	0.502838	0.474750	0.499006	0.486135	0.482579	0.478660	0.474431	0.492160	0.476417	
2135	0.480144	0.506285	0.475763	0.496791	0.488137	0.480178	0.481708	0.475568	0.486789	0.475092	
2140	0.479679	0.507549	0.478718	0.496920	0.483776	0.482795	0.482469	0.476498	0.487343	0.474053	
2145	0.482043	0.505204	0.481405	0.495115	0.483508	0.484999	0.476490	0.476933	0.486822	0.472799	
2150	0.481680	0.505098	0.482709	0.497067	0.485674	0.484804	0.475398	0.479011	0.489503	0.472333	
2155	0.481251	0.505253	0.482694	0.494899	0.487892	0.487728	0.476762	0.479565	0.488740	0.474251	
2160	0.483839	0.504640	0.481184	0.497504	0.488122	0.487758	0.476000	0.474983	0.484951	0.469578	
2165	0.485261	0.508816	0.484057	0.499410	0.490405	0.486871	0.479389	0.477147	0.482117	0.467769	
2170	0.485769	0.505345	0.484470	0.498180	0.489228	0.483662	0.478547	0.475682	0.483809	0.470022	
2175	0.483717	0.503440	0.482533	0.495951	0.486502	0.482135	0.477257	0.472135	0.479845	0.471891	
2180	0.484746	0.504201	0.484083	0.496651	0.486519	0.483779	0.478476	0.473541	0.476369	0.470341	
2185	0.489468	0.506250	0.483254	0.499833	0.479005	0.481030	0.480001	0.475737	0.479102	0.473792	
2190	0.483331	0.506512	0.480025	0.497192	0.478874	0.478426	0.479453	0.477135	0.476512	0.473978	
2195	0.486424	0.503939	0.480878	0.496833	0.475012	0.477955	0.479315	0.479648	0.473895	0.474626	
2200	0.481561	0.501881	0.484122	0.498916	0.477963	0.479195	0.477753	0.481489	0.472726	0.472581	
2205	0.481698	0.500863	0.486201	0.498503	0.478390	0.482292	0.480285	0.476202	0.475023	0.474207	
2210	0.477064	0.499108	0.481332	0.498000	0.477715	0.479583	0.484262	0.472182	0.476254	0.471090	
2215	0.478284	0.499047	0.479379	0.500751	0.484480	0.480743	0.482403	0.469920	0.479156	0.471637	
2220	0.477234	0.498403	0.480175	0.501874	0.488346	0.482572	0.482733	0.468987	0.479737	0.467839	
2225	0.477080	0.497389	0.480221	0.500342	0.487942	0.483739	0.484788	0.470967	0.480890	0.474800	
2230	0.471707	0.492837	0.485403	0.495471	0.490085	0.485570	0.485993	0.468990	0.480213	0.475359	
2235	0.473888	0.495867	0.483382	0.496530	0.489942	0.484476	0.487311	0.468195	0.482858	0.478043	
2240	0.471370	0.492733	0.481268	0.498797	0.487832	0.483133	0.490722	0.467842	0.485031	0.478176	
2245	0.470209	0.492354	0.479553	0.499259	0.486250	0.482745	0.490817	0.467120	0.480865	0.475531	
2250	0.470627	0.494470	0.477373	0.494337	0.483951	0.481691	0.489134	0.468324	0.477927	0.473585	
2255	0.470437	0.498380	0.480101	0.496390	0.478515	0.477833	0.486556	0.473597	0.480270	0.472570	
2260	0.470104	0.496923	0.481114	0.493565	0.480101	0.476374	0.489888	0.472206	0.479895	0.471417	
2265	0.469922	0.493711	0.482072	0.493467	0.483176	0.476472	0.488628	0.471331	0.480454	0.473284	
2270	0.468211	0.495945	0.478989	0.497557	0.481503	0.474628	0.484657	0.475213	0.480401	0.472995	
2275	0.469665	0.493827	0.479515	0.496349	0.481329	0.474697	0.481187	0.475269	0.480945	0.470391	
2280	0.470343	0.490736	0.487509	0.495961	0.484583	0.471417	0.484735	0.475340	0.479701	0.471039	
2285	0.468864	0.489762	0.493133	0.495015	0.483058	0.475084	0.483276	0.472202	0.484871	0.472552	
2290	0.470461	0.491040	0.493563	0.491121	0.482364	0.474642	0.487133	0.472209	0.484073	0.472690	
2295	0.472620	0.490711	0.492707	0.490820	0.484702	0.474519	0.487975	0.470433	0.482723	0.471832	
2300	0.471692	0.491718	0.492218	0.493062	0.481949	0.476323	0.486718	0.474713	0.481068	0.471284	
2305	0.472041	0.493642	0.486668	0.496877	0.480092	0.478930	0.489030	0.476067	0.481455	0.470372	
2310	0.470330	0.492897	0.483564	0.499571	0.477598	0.481017	0.488800	0.475502	0.478112	0.472725	
2315	0.471717	0.494980	0.483102	0.500299	0.473590	0.483799	0.486367	0.477658	0.479466	0.474504	
2320	0.474572	0.492606	0.483197	0.496458	0.472682	0.487261	0.488123	0.478633	0.485201	0.472683	
2325	0.476503	0.486826	0.480529	0.493482	0.473914	0.489557	0.488517	0.480709	0.485796	0.471151	
2330	0.475036	0.487418	0.478524	0.491206	0.472999	0.489031	0.487527	0.487113	0.487575	0.474330	
2335	0.476169	0.487753	0.475815	0.491956	0.476396	0.483543	0.484989	0.488117	0.487541	0.474537	
2340	0.476461	0.486234	0.472993	0.490841	0.476447	0.482398	0.485990	0.489404	0.487101	0.471875	
2345	0.478679	0.487526	0.476164	0.494016	0.476316	0.481518	0.486964	0.489370	0.485194	0.469471	
2350	0.480260	0.488469	0.478228	0.492937	0.474293	0.484058	0.491048	0.491414	0.484417	0.471949	
2355	0.483753	0.487976	0.476803	0.496620	0.476913	0.485775	0.491753	0.489261	0.484117	0.470359	
2360	0.483714	0.489986	0.478036	0.495408	0.475182	0.485375	0.491198	0.491220	0.487758	0.470160	
2365	0.486963	0.490817	0.477558	0.493279	0.476209	0.485701	0.492321	0.490736	0.486997	0.471197	
2370	0.487531	0.490631	0.480406	0.489583	0.474692	0.484963	0.496005	0.496003	0.481990	0.473894	
2375	0.484588	0.487874	0.483961	0.493511	0.474388	0.485130	0.493371	0.499790	0.486767	0.473265	
2380	0.485114	0.489610	0.483271	0.494190	0.474953	0.487370	0.494911	0.499734	0.486452	0.473759	
2385	0.485392	0.487185	0.482160	0.492180	0.476023	0.488341	0.498016	0.498897	0.488998	0.473976	
2390	0.488175	0.483658	0.483310	0.490646	0.476357	0.487061	0.492141	0.498839	0.487853	0.473756	
2395	0.489430	0.482573	0.484306	0.491638	0.477056	0.489478	0.492535	0.498591	0.489818	0.471215	
2400	0.486434	0.483024	0.484165	0.489399	0.474469	0.488215	0.490151	0.494460	0.489283	0.473184	
2405	0.485342	0.484479	0.483426	0.491965	0.476893	0.492180	0.485590	0.495277	0.488377	0.472185	
2410	0.483137	0.485484	0.483686	0.493849	0.479114	0.494039	0.484353	0.494579	0.489030	0.474807	
2415	0.482805	0.480611	0.484267	0.493518	0.482340	0.494126	0.480484	0.493827	0.490417	0.470867	
2420	0.487254	0.483330	0.484432	0.491670	0.477496	0.492760	0.480172	0.493177	0.489283	0.471591	
2425	0.482429	0.484903	0.484273	0.494034	0.477354	0.491297	0.477100	0.493979	0.490397	0.472300	
2430	0.483671	0.485115	0.483183	0.492337	0.478752	0.489417	0.478821	0.495540	0.490800	0.473994	
2435	0.488616	0.486366	0.484167	0.493952	0.476172	0.489297	0.476033	0.496317	0.488089	0.470642	
2440	0.488396	0.488953	0.486382	0.491476	0.478032	0.493046	0.472019	0.493894	0.486746	0.471146	
2445	0.479532	0.484392	0.484352	0.489927	0.477724	0.493381	0.472286	0.491352	0.487378	0.471287	
2450	0.482640	0.481626	0.484909	0.492298	0.477440	0.495777	0.471961	0.490453	0.486432	0.468755	
2455	0.482724	0.481774	0.482068	0.491176	0.475231	0.500350	0.468758	0.487293	0.484201	0.469145	
2460	0.486966	0.481580	0.478743	0.490379	0.475008	0.500580	0.469331	0.487773	0.486989	0.472425	
2465	0.483387	0.484299	0.481454	0.487530	0.473026	0.500443	0.471291	0.487152	0.488195	0.471803	
2470	0.479401	0.486710	0.483002	0.486022	0.470891	0.502420	0.470749	0.490997	0.486971	0.469560	
2475	0.480091	0.485176	0.483720	0.492098	0.470527	0.497196	0.469030	0.489576	0.488286	0.470144	
2480	0.480142	0.485375	0.483710	0.487994	0.474608	0.499930	0.469461	0.491864	0.492315	0.471067	
2485	0.482232	0.480600	0.484363	0.488123	0.473114	0.500272	0.472843	0.496330	0.494319	0.471360	
2490	0.479620	0.479370	0.484996	0.488376	0.472867	0.500920	0.471749	0.496275	0.492154	0.471901	
2495	0.480134	0.477924	0.484782	0.491192	0.473663	0.500031	0.473554	0.495661	0.490186	0.469971	
2500	0.476876	0.479455	0.487526	0.491551	0.469037	0.499168	0.472032	0.496602	0.488284	0.472795	
2505	0.478530	0.477743	0.483129	0.492108	0.467340	0.495991	0.472755	0.493713	0.491494	0.471089	
2510	0.481009	0.474442	0.481500	0.488095	0.469531	0.493481	0.474343	0.492929	0.491585	0.470498	
2515	0.480517	0.476478	0.480936	0.486067	0.471654	0.491395	0.474633	0.497314	0.491241	0.469136	
2520	0.482141	0.475677	0.479270	0.483423	0.470827	0.489668	0.476942	0.495498	0.487444	0.470263	
2525	0.482540	0.478305	0.479403	0.486401	0.468396	0.491628	0.473865	0.493327	0.488431	0.470562	
2530	0.481555	0.480950	0.483146	0.488061	0.466948	0.493883	0.474880	0.493800	0.488330	0.471386	
2535	0.479561	0.478846	0.479622	0.489921	0.468817	0.496411	0.469523	0.494176	0.489183	0.468660	
2540	0.484695	0.481360	0.480060	0.487552	0.468254	0.494473	0.472175	0.491009	0.487423	0.469571	
2545	0.484934	0.480361	0.483768	0.485167	0.465232	0.493544	0.469184	0.489264	0.483914	0.469471	
2550	0.483384	0.482031	0.483994	0.482755	0.468069	0.489531	0.468664	0.486153	0.487304	0.468436	
2555	0.484028	0.484310	0.487615	0.484755	0.468834	0.490761	0.469940	0.485974	0.488800	0.468689	
2560	0.482802	0.480781	0.488705	0.489334	0.472687	0.489660	0.472260	0.484292	0.487672	0.467727	
2565	0.476736	0.480776	0.488524	0.489670	0.476047	0.485431	0.467158	0.483637	0.485728	0.468914	
2570	0.477676	0.480586	0.485731	0.487429	0.480379	0.486123	0.468993	0.485253	0.486365	0.468026	
2575	0.479095	0.476953	0.487275	0.490767	0.483876	0.485101	0.463390	0.485059	0.485517	0.468877	
2580	0.479598	0.476756	0.486280	0.488462	0.483585	0.485138	0.459028	0.485058	0.483856	0.469212	
2585	0.479633	0.479018	0.486786	0.490279	0.483481	0.485747	0.458660	0.481987	0.478162	0.473554	
2590	0.476722	0.481254	0.480100	0.490252	0.483242	0.487989	0.458671	0.482484	0.476087	0.473274	
2595	0.480193	0.480918	0.480604	0.490911	0.481916	0.487959	0.461595	0.483301	0.472349	0.472962	
2600	0.476410	0.483207	0.477067	0.489781	0.483899	0.489401	0.465054	0.481627	0.478572	0.469042	
2605	0.477362	0.484654	0.478055	0.486070	0.485646	0.487705	0.467958	0.481845	0.480115	0.469113	
2610	0.475031	0.484470	0.477094	0.485070	0.485414	0.485559	0.466284	0.483150	0.483717	0.465537	
2615	0.473733	0.484350	0.475906	0.487137	0.484084	0.485498	0.464517	0.481294	0.483206	0.468650	
2620	0.474597	0.485377	0.475446	0.483982	0.482400	0.491005	0.467366	0.483503	0.483734	0.467722	
2625	0.475206	0.486403	0.476492	0.482993	0.480631	0.491038	0.467417	0.486332	0.481339	0.469664	
2630	0.474101	0.488938	0.475604	0.480851	0.480522	0.490883	0.465592	0.490049	0.482774	0.471114	
2635	0.475068	0.490819	0.478747	0.481060	0.487228	0.493532	0.467708	0.493732	0.483091	0.468254	
2640	0.476542	0.488866	0.480128	0.478938	0.485098	0.491416	0.470503	0.491060	0.486460	0.468208	
2645	0.478014	0.489782	0.484161	0.480195	0.482475	0.490871	0.478406	0.489945	0.484527	0.466969	
2650	0.481685	0.493385	0.485327	0.480547	0.482826	0.492842	0.477189	0.487856	0.490753	0.470590	
2655	0.480027	0.496667	0.489081	0.484108	0.481717	0.493765	0.474471	0.488383	0.493650	0.468562	
2660	0.481216	0.493469	0.488701	0.485436	0.481393	0.492526	0.471516	0.488729	0.495278	0.468063	
2665	0.482824	0.494015	0.490068	0.487438	0.480190	0.492272	0.476648	0.490801	0.493000	0.468874	
2670	0.482672	0.494565	0.489155	0.486395	0.480617	0.493085	0.478294	0.490965	0.490886	0.468743	
2675	0.485892	0.495051	0.490612	0.485066	0.478857	0.493606	0.475501	0.487073	0.491023	0.468560	
2680	0.486804	0.491941	0.490878	0.483991	0.479556	0.492613	0.479535	0.486265	0.486541	0.471333	
2685	0.488097	0.493439	0.489105	0.482624	0.479533	0.490032	0.477950	0.484382	0.486056	0.471454	
2690	0.487928	0.496277	0.490782	0.482576	0.480432	0.493603	0.483523	0.483736	0.489283	0.471007	
2695	0.483121	0.495851	0.490530	0.485273	0.484124	0.494056	0.487662	0.484368	0.487025	0.468674	
2700	0.482204	0.499296	0.490346	0.486464	0.482725	0.491532	0.486609	0.485920	0.489086	0.469635	
2705	0.481552	0.500914	0.489950	0.486439	0.483058	0.491310	0.484539	0.487636	0.486386	0.474142	
2710	0.484649	0.498559	0.489317	0.485478	0.484284	0.494341	0.482955	0.487634	0.481300	0.471171	
2715	0.485981	0.497347	0.494304	0.487882	0.485880	0.492510	0.478842	0.487100	0.483795	0.468990	
2720	0.489674	0.503291	0.496128	0.486097	0.480542	0.493994	0.479372	0.486023	0.485446	0.471274	
2725	0.492039	0.500919	0.495642	0.485454	0.480895	0.494570	0.482241	0.483946	0.481687	0.471401	
2730	0.491695	0.501047	0.495562	0.484429	0.480631	0.494843	0.477690	0.485789	0.479786	0.471131	
2735	0.492277	0.499526	0.494691	0.480693	0.482098	0.496332	0.480807	0.485452	0.480465	0.472065	
2740	0.491555	0.496916	0.491794	0.478269	0.479510	0.493486	0.481984	0.484876	0.483340	0.472335	
2745	0.489517	0.495674	0.492624	0.477278	0.481507	0.493257	0.479305	0.483420	0.483147	0.472173	
2750	0.490178	0.498697	0.489721	0.477689	0.482460	0.491995	0.482133	0.484130	0.481795	0.471175	
2755	0.489509	0.497332	0.486780	0.479200	0.479588	0.493214	0.483112	0.483381	0.480577	0.473805	
2760	0.489149	0.495404	0.482328	0.479974	0.475604	0.490931	0.484145	0.485824	0.482872	0.473801	
2765	0.489348	0.496334	0.484954	0.485382	0.477375	0.491786	0.487038	0.485896	0.483178	0.472734	
2770	0.489547	0.492427	0.485307	0.487254	0.476241	0.494383	0.489337	0.483745	0.481870	0.472339	
2775	0.488846	0.492759	0.488050	0.488789	0.475699	0.493853	0.484893	0.480448	0.477960	0.469763	
2780	0.488497	0.490335	0.486956	0.489490	0.477294	0.493229	0.488066	0.481556	0.478066	0.469163	
2785	0.486577	0.491037	0.487394	0.488485	0.477639	0.496836	0.488201	0.482200	0.478853	0.466580	
2790	0.482886	0.490327	0.485584	0.487549	0.477337	0.491687	0.488211	0.479488	0.481808	0.467275	
2795	0.483804	0.493739	0.487068	0.486184	0.477945	0.487440	0.491397	0.477438	0.484810	0.471613	
2800	0.482585	0.492472	0.488472	0.483650	0.481781	0.486216	0.490117	0.477094	0.481431	0.475277	
2805	0.480650	0.490584	0.484552	0.484642	0.479969	0.484766	0.492377	0.480311	0.483421	0.476311	
2810	0.479897	0.491213	0.483789	0.484546	0.483785	0.482537	0.491870	0.480922	0.482792	0.478250	
2815	0.478056	0.493340	0.483298	0.486543	0.481979	0.483283	0.490899	0.481136	0.482866	0.477871	
2820	0.477098	0.495722	0.484182	0.485205	0.482281	0.480105	0.489179	0.484574	0.478682	0.477428	
2825	0.477451	0.498758	0.482192	0.488055	0.486082	0.481124	0.489191	0.481067	0.478937	0.476067	
2830	0.478108	0.498186	0.479526	0.489291	0.482506	0.483923	0.485728	0.480849	0.482376	0.478858	
2835	0.478928	0.496383	0.482689	0.491906	0.485061	0.483051	0.485891	0.480698	0.481395	0.475809	
2840	0.477945	0.495586	0.484493	0.493600	0.482834	0.481608	0.483959	0.485935	0.481370	0.473392	
2845	0.479429	0.491695	0.485775	0.492084	0.482430	0.483632	0.482911	0.488134	0.481927	0.469430	
2850	0.476595	0.493175	0.481522	0.491430	0.480428	0.481028	0.482669	0.487116	0.484078	0.465670	
2855	0.478665	0.497422	0.481730	0.491791	0.482837	0.479176	0.482483	0.486084	0.482722	0.470561	
2860	0.476409	0.496524	0.478786	0.492415	0.488058	0.481491	0.484210	0.484438	0.483543	0.469568	
2865	0.479030	0.496995	0.475361	0.492638	0.486870	0.481575	0.484476	0.487017	0.479553	0.467762	
2870	0.479247	0.495161	0.477231	0.491217	0.486890	0.478535	0.489652	0.483496	0.477266	0.465221	
2875	0.479847	0.494707	0.476298	0.487220	0.489356	0.478394	0.489590	0.485808	0.475003	0.469088	
2880	0.480312	0.492362	0.477307	0.484319	0.488357	0.478976	0.491349	0.486667	0.473147	0.475869	
2885	0.478798	0.491813	0.476239	0.486214	0.485600	0.479890	0.492682	0.485249	0.472590	0.476025	
2890	0.478110	0.490401	0.474461	0.483818	0.488202	0.480201	0.493951	0.485403	0.475966	0.474344	
2895	0.479308	0.493202	0.476521	0.481984	0.486997	0.480092	0.493316	0.484490	0.475552	0.473346	
2900	0.479531	0.494095	0.475073	0.482873	0.484887	0.479498	0.492869	0.490136	0.476234	0.469886	
2905	0.475911	0.495542	0.479898	0.484004	0.485640	0.481581	0.493536	0.489066	0.472958	0.468186	
2910	0.474925	0.495056	0.481069	0.487946	0.484393	0.481557	0.492099	0.488872	0.474293	0.470286	
2915	0.473279	0.493944	0.476303	0.487900	0.486601	0.482710	0.491608	0.493336	0.476446	0.469159	
2920	0.473497	0.493871	0.477352	0.488387	0.482749	0.484960	0.488769	0.491792	0.478653	0.475669	
2925	0.473775	0.490803	0.477041	0.486391	0.484183	0.484312	0.487605	0.492900	0.478525	0.475947	
2930	0.478004	0.489167	0.477721	0.484511	0.483236	0.481765	0.486615	0.489586	0.477040	0.482011	
2935	0.477887	0.487267	0.476556	0.482352	0.483035	0.479806	0.488176	0.490003	0.479020	0.484557	
2940	0.477112	0.488154	0.476219	0.483442	0.484125	0.480824	0.488494	0.491702	0.480653	0.484106	
2945	0.477274	0.488057	0.477059	0.484112	0.486238	0.479352	0.483701	0.489780	0.478970	0.484569	
2950	0.480083	0.487071	0.479655	0.486365	0.488660	0.477604	0.484536	0.488136	0.478542	0.489520	
2955	0.481754	0.486100	0.479829	0.484694	0.488127	0.477188	0.480057	0.487320	0.478810	0.489583	
2960	0.479714	0.484242	0.478586	0.485323	0.488148	0.474787	0.477298	0.487025	0.477406	0.489553	
2965	0.479538	0.485365	0.476364	0.488306	0.486811	0.475138	0.480596	0.485899	0.480490	0.488242	
2970	0.478593	0.486266	0.478520	0.491612	0.487097	0.475116	0.481892	0.487589	0.477531	0.487884	
2975	0.478471	0.488385	0.479175	0.492246	0.491057	0.474516	0.482078	0.485785	0.476793	0.485992	
2980	0.477660	0.488620	0.479362	0.490717	0.490282	0.472537	0.482151	0.487926	0.481325	0.486969	
2985	0.473851	0.491183	0.480533	0.490489	0.490007	0.474539	0.485293	0.488516	0.478180	0.486126	
2990	0.475498	0.493119	0.481180	0.488996	0.493508	0.471966	0.488314	0.484204	0.476970	0.483698	
2995	0.473885	0.492522	0.481350	0.489370	0.494513	0.473045	0.488961	0.481593	0.478200	0.484659	
3000	0.477895	0.489722	0.478016	0.489996	0.494699	0.471894	0.486196	0.485653	0.478918	0.487754	
