T	rep_1	rep_2	rep_3	rep_4	rep_5	rep_6	rep_7	rep_8	rep_9	rep_10
5	0.000000	0.000000	0.000000	0.000000	0.000000	0.000000	0.000000	0.000000	0.000000	0.000000	
10	0.000000	0.000000	0.000000	0.000000	0.000000	0.000000	0.000000	0.000000	0.000000	0.000000	
15	0.000000	0.000000	0.000000	0.000000	0.000000	0.000000	0.000000	0.000000	0.000000	0.000000	
20	0.000000	0.000000	0.000000	0.000000	0.000000	0.000000	0.000000	0.000000	0.000000	0.000000	
25	0.000000	0.000000	0.000000	0.000000	0.000000	0.000000	0.000000	0.000000	0.000000	0.000000	
30	0.000000	0.000000	0.000000	0.000000	0.000000	0.000000	0.000000	0.000000	0.000000	0.000000	
35	0.000000	0.000000	0.000000	0.000000	0.000000	0.000000	0.000000	0.000000	0.000000	0.000000	
40	0.000000	0.000000	0.000000	0.000000	0.000000	0.000000	0.000000	0.000000	0.000000	0.000000	
45	0.000000	0.000000	0.000000	0.000000	0.000000	0.000000	0.000000	0.000000	0.000000	0.000000	
50	0.000000	0.000000	0.000000	0.000000	0.000000	0.000000	0.000000	0.000000	0.000000	0.000000	
55	0.000000	0.000000	0.000000	0.000000	0.000000	0.000000	0.000000	0.000000	0.000000	0.000000	
60	0.000000	0.000000	0.000000	0.000000	0.000000	0.000000	0.000000	0.000000	0.000000	0.000000	
65	0.000000	0.000000	0.000000	0.000000	0.000000	0.000000	0.000000	0.000000	0.000000	0.000000	
70	0.000000	0.000000	0.000000	0.000000	0.000000	0.000000	0.000000	0.000000	0.000000	0.000000	
75	0.000000	0.000000	0.000000	0.000000	0.000000	0.000000	0.000000	0.000000	0.000000	0.000000	
80	0.000000	0.000000	0.000000	0.000000	0.000000	0.000000	0.000000	0.000000	0.000000	0.000000	
85	0.000000	0.000000	0.000000	0.000000	0.000000	0.000000	0.000000	0.000000	0.000000	0.000000	
90	0.000000	0.000000	0.000000	0.000000	0.000000	0.000000	0.000000	0.000000	0.000000	0.000000	
95	0.000000	0.000000	0.000000	0.000000	0.000000	0.000000	0.000000	0.000000	0.000000	0.000000	
100	0.000000	0.000000	0.000000	0.000000	0.000000	0.000000	0.000000	0.000000	0.000000	0.000000	
105	0.001398	0.001560	0.001318	0.001866	0.001191	0.001249	0.001358	0.001302	0.001436	0.001705	
110	0.003899	0.003084	0.002701	0.003041	0.003409	0.002507	0.002439	0.003120	0.003125	0.002756	
115	0.004179	0.003874	0.003572	0.004289	0.004978	0.003809	0.003784	0.004393	0.004322	0.003694	
120	0.004424	0.004688	0.005486	0.005704	0.006158	0.005273	0.005630	0.005010	0.005262	0.004938	
125	0.004497	0.006009	0.006293	0.006534	0.006920	0.005358	0.007185	0.005994	0.006061	0.006490	
130	0.005301	0.007860	0.006449	0.006998	0.007602	0.006592	0.008473	0.006328	0.006580	0.008017	
135	0.005746	0.008130	0.007209	0.007788	0.007434	0.006791	0.011001	0.008201	0.007454	0.008049	
140	0.007025	0.009489	0.008115	0.007990	0.007022	0.008924	0.011742	0.008353	0.008730	0.008431	
145	0.008046	0.009682	0.008551	0.007773	0.007063	0.008698	0.013639	0.008820	0.008721	0.008122	
150	0.008632	0.009166	0.008726	0.007734	0.006810	0.008969	0.013900	0.010073	0.008319	0.008590	
155	0.009464	0.009583	0.009144	0.009682	0.008328	0.010100	0.016564	0.011122	0.009478	0.009211	
160	0.009974	0.010568	0.009952	0.009133	0.009004	0.011025	0.017529	0.010830	0.010251	0.009345	
165	0.012022	0.008733	0.010698	0.009782	0.008451	0.010854	0.016209	0.010836	0.011090	0.010238	
170	0.011695	0.009296	0.011450	0.011540	0.009861	0.011368	0.015348	0.012042	0.011689	0.012151	
175	0.010989	0.009713	0.010487	0.010339	0.010059	0.010864	0.015446	0.011689	0.011976	0.011758	
180	0.011402	0.010563	0.010220	0.011013	0.010775	0.010307	0.015666	0.010968	0.012093	0.011648	
185	0.012359	0.010146	0.011452	0.011628	0.011757	0.013429	0.015283	0.010959	0.012332	0.012618	
190	0.011955	0.010044	0.011927	0.011104	0.011457	0.012493	0.014826	0.011435	0.013159	0.013235	
195	0.012127	0.011034	0.010765	0.012165	0.011610	0.014994	0.015520	0.011572	0.012047	0.013254	
200	0.011772	0.011967	0.011307	0.015192	0.012393	0.014767	0.014797	0.013395	0.012237	0.013462	
205	0.012130	0.012852	0.011744	0.013954	0.012983	0.013866	0.015316	0.013848	0.012868	0.014216	
210	0.012142	0.011854	0.012447	0.013646	0.013922	0.014173	0.016470	0.014606	0.013106	0.015579	
215	0.012040	0.013024	0.012874	0.014519	0.012800	0.012527	0.015128	0.015343	0.013540	0.015153	
220	0.012593	0.012101	0.013694	0.011935	0.013085	0.013250	0.014865	0.015685	0.015312	0.015334	
225	0.011089	0.013060	0.013099	0.012793	0.014098	0.012652	0.015758	0.016234	0.013196	0.015205	
230	0.010839	0.013292	0.014182	0.013202	0.013634	0.012784	0.016527	0.015801	0.012645	0.014282	
235	0.011351	0.012397	0.014887	0.013257	0.014516	0.013622	0.016247	0.017768	0.012828	0.012855	
240	0.012477	0.012755	0.013846	0.012916	0.015988	0.014919	0.015562	0.018078	0.013316	0.012955	
245	0.011202	0.012482	0.014242	0.014003	0.015997	0.016224	0.015064	0.017083	0.013318	0.011403	
250	0.012950	0.012975	0.013063	0.014795	0.015354	0.015376	0.014295	0.016393	0.013579	0.012747	
255	0.013818	0.013018	0.014241	0.014292	0.014538	0.015342	0.014682	0.016338	0.013328	0.012393	
260	0.014078	0.012841	0.014662	0.013716	0.015725	0.016469	0.014399	0.017318	0.013481	0.011974	
265	0.013892	0.013464	0.015163	0.013786	0.014611	0.015929	0.014825	0.018796	0.014947	0.012300	
270	0.012322	0.013006	0.016048	0.013974	0.015351	0.016407	0.016296	0.019205	0.014916	0.012954	
275	0.013542	0.012465	0.015285	0.014347	0.015813	0.017189	0.017206	0.019113	0.015942	0.014708	
280	0.011439	0.012949	0.013685	0.014303	0.016091	0.015744	0.016215	0.017936	0.014390	0.015325	
285	0.012503	0.013543	0.014823	0.014822	0.015227	0.013537	0.015542	0.019219	0.015146	0.014682	
290	0.012458	0.013786	0.015998	0.014862	0.014739	0.013751	0.016417	0.018889	0.014291	0.016906	
295	0.013245	0.014406	0.015594	0.015828	0.013778	0.016272	0.017789	0.018560	0.013831	0.017226	
300	0.013964	0.015496	0.015711	0.014739	0.013197	0.017751	0.016020	0.017424	0.014333	0.017585	
305	0.013608	0.015376	0.016186	0.014865	0.013056	0.017113	0.015116	0.018954	0.014547	0.017059	
310	0.013892	0.015336	0.016175	0.014700	0.012522	0.015218	0.014953	0.019054	0.014823	0.015833	
315	0.014457	0.014679	0.016020	0.014251	0.012874	0.015883	0.014584	0.021018	0.015019	0.016112	
320	0.013666	0.014396	0.017278	0.013784	0.014254	0.014685	0.014287	0.020682	0.014323	0.015517	
325	0.013849	0.015096	0.016800	0.013500	0.013972	0.014318	0.012615	0.019279	0.015781	0.014847	
330	0.014261	0.016207	0.016940	0.014897	0.014871	0.013720	0.012433	0.018087	0.014908	0.013961	
335	0.014055	0.016036	0.016847	0.015135	0.013949	0.015274	0.013253	0.020469	0.014286	0.014191	
340	0.015130	0.015874	0.017364	0.015386	0.014261	0.015910	0.013971	0.020261	0.015480	0.014301	
345	0.015523	0.014931	0.017802	0.014564	0.014994	0.015027	0.015197	0.021367	0.016592	0.013225	
350	0.015499	0.013626	0.018878	0.014350	0.013525	0.014121	0.016160	0.022003	0.014667	0.013596	
355	0.016549	0.013423	0.017765	0.014282	0.012933	0.015910	0.016051	0.021255	0.015308	0.013594	
360	0.015576	0.013249	0.017355	0.015058	0.014219	0.015609	0.017028	0.021435	0.015628	0.013453	
365	0.014852	0.013542	0.018063	0.015791	0.013575	0.016322	0.016147	0.022398	0.014328	0.013300	
370	0.015374	0.012404	0.017848	0.014927	0.012920	0.015173	0.015315	0.024753	0.013027	0.012205	
375	0.016092	0.013581	0.017784	0.015328	0.014972	0.015180	0.014465	0.025401	0.013620	0.012611	
380	0.015675	0.014273	0.018424	0.015710	0.017315	0.015359	0.013030	0.025078	0.013505	0.011888	
385	0.015597	0.015029	0.016801	0.015262	0.017103	0.015458	0.012079	0.025252	0.013932	0.013272	
390	0.015473	0.014630	0.017620	0.016489	0.015908	0.014803	0.013492	0.025432	0.014017	0.014456	
395	0.015509	0.015264	0.018288	0.016886	0.016724	0.015338	0.013720	0.025441	0.016790	0.014523	
400	0.016497	0.014019	0.018151	0.017693	0.017349	0.015356	0.012216	0.027349	0.016014	0.015914	
405	0.016110	0.014675	0.018640	0.018100	0.018713	0.016008	0.012351	0.025507	0.014698	0.014267	
410	0.016080	0.014985	0.018968	0.017665	0.018005	0.015384	0.013022	0.024005	0.013516	0.016634	
415	0.014940	0.013579	0.020086	0.016370	0.017069	0.015790	0.013553	0.023612	0.013716	0.017198	
420	0.014785	0.013448	0.021674	0.016086	0.016267	0.016940	0.014381	0.023504	0.014610	0.017090	
425	0.015321	0.014567	0.022878	0.016926	0.016209	0.018699	0.012815	0.024301	0.014341	0.016852	
430	0.016589	0.015206	0.024779	0.017485	0.017207	0.016953	0.012815	0.024124	0.014696	0.017220	
435	0.017844	0.015700	0.024859	0.017745	0.016777	0.015866	0.013269	0.024029	0.014517	0.018399	
440	0.016528	0.016387	0.024419	0.016266	0.016518	0.015747	0.014273	0.023145	0.014862	0.018668	
445	0.016319	0.016508	0.022846	0.015812	0.018332	0.016268	0.015007	0.024413	0.014426	0.020051	
450	0.014246	0.015983	0.022903	0.015804	0.016927	0.016644	0.014773	0.023208	0.015469	0.019103	
455	0.015090	0.014702	0.023224	0.017160	0.015689	0.016728	0.014652	0.022843	0.015615	0.017711	
460	0.016034	0.016038	0.022135	0.015731	0.014337	0.016129	0.014762	0.022437	0.015932	0.018368	
465	0.015784	0.016741	0.022128	0.017019	0.014730	0.015778	0.014797	0.020661	0.015669	0.016856	
470	0.016212	0.018219	0.022301	0.015980	0.012554	0.016843	0.015218	0.021784	0.017760	0.015728	
475	0.018289	0.018806	0.021673	0.015538	0.014248	0.018323	0.016031	0.019561	0.017703	0.014745	
480	0.018088	0.018682	0.021838	0.015226	0.014094	0.018104	0.017442	0.019906	0.016783	0.015482	
485	0.018427	0.017509	0.022307	0.015545	0.014913	0.018096	0.016735	0.020935	0.016139	0.015846	
490	0.018945	0.018339	0.023093	0.014381	0.017178	0.016182	0.017667	0.021545	0.016594	0.014828	
495	0.018153	0.017493	0.022545	0.014912	0.015420	0.016655	0.017090	0.022954	0.015437	0.015910	
500	0.016530	0.017774	0.020288	0.014030	0.014626	0.017298	0.017393	0.020570	0.015798	0.017323	
505	0.016802	0.018106	0.019664	0.013962	0.014987	0.017728	0.018751	0.020358	0.016501	0.018578	
510	0.016514	0.019873	0.020527	0.013885	0.013858	0.017448	0.019102	0.018075	0.014796	0.017580	
515	0.018586	0.019951	0.020198	0.015712	0.014512	0.017704	0.019654	0.017069	0.013956	0.017696	
520	0.018774	0.020604	0.020148	0.016721	0.014493	0.016612	0.018885	0.017007	0.014926	0.017924	
525	0.019471	0.019720	0.019422	0.016579	0.016549	0.016401	0.018528	0.018069	0.015106	0.017913	
530	0.018911	0.021049	0.021451	0.015185	0.016849	0.015866	0.018621	0.018483	0.014784	0.018708	
535	0.022432	0.020141	0.023255	0.013375	0.016521	0.018091	0.019107	0.017017	0.014527	0.019900	
540	0.022736	0.019449	0.022004	0.015141	0.016332	0.018807	0.020876	0.016068	0.014934	0.018658	
545	0.020695	0.018875	0.021366	0.014222	0.016769	0.018741	0.019945	0.017490	0.014981	0.019282	
550	0.019121	0.018752	0.018173	0.015279	0.016822	0.019251	0.019836	0.016115	0.014681	0.019511	
555	0.018809	0.017777	0.019348	0.015587	0.017140	0.018831	0.019211	0.015315	0.014844	0.019489	
560	0.018288	0.016678	0.019845	0.016653	0.015462	0.018820	0.021010	0.016467	0.016428	0.021037	
565	0.017557	0.016565	0.019842	0.015936	0.015994	0.018589	0.020258	0.015129	0.015092	0.020626	
570	0.016633	0.016980	0.019391	0.015663	0.016113	0.018932	0.019667	0.015023	0.016080	0.018381	
575	0.016390	0.017207	0.017547	0.016217	0.017309	0.018133	0.019476	0.014458	0.015327	0.017939	
580	0.015469	0.015664	0.017176	0.016314	0.020211	0.018235	0.017754	0.014469	0.015277	0.017655	
585	0.015301	0.015604	0.018117	0.015088	0.019098	0.017188	0.017373	0.014938	0.015156	0.017963	
590	0.016038	0.017740	0.018801	0.014615	0.018326	0.018562	0.018123	0.015173	0.016259	0.016529	
595	0.013945	0.016933	0.017197	0.014383	0.018878	0.018112	0.017061	0.014249	0.016514	0.014816	
600	0.015418	0.017739	0.018407	0.015721	0.017094	0.017525	0.015312	0.014504	0.016900	0.013696	
605	0.016505	0.018704	0.018844	0.016880	0.017226	0.017239	0.014151	0.014386	0.016239	0.014543	
610	0.016896	0.020043	0.018222	0.017103	0.016406	0.017641	0.015513	0.014183	0.016831	0.014662	
615	0.015895	0.017803	0.018153	0.017412	0.016492	0.017063	0.015131	0.014431	0.015997	0.015011	
620	0.015327	0.017494	0.017124	0.018208	0.015822	0.018286	0.017463	0.015541	0.016587	0.015648	
625	0.015575	0.017727	0.017462	0.018868	0.016001	0.017506	0.017331	0.015463	0.017320	0.015769	
630	0.015310	0.017064	0.016998	0.020443	0.016646	0.017040	0.017189	0.016961	0.015466	0.015883	
635	0.014716	0.019109	0.017313	0.018381	0.016021	0.016804	0.017376	0.016427	0.015877	0.015151	
640	0.015172	0.020350	0.015683	0.017373	0.015901	0.017909	0.018496	0.016583	0.016072	0.014086	
645	0.014828	0.020655	0.016127	0.018523	0.016266	0.017547	0.018733	0.017560	0.015513	0.014222	
650	0.014985	0.020860	0.016470	0.019053	0.015707	0.016373	0.017747	0.016190	0.017018	0.014756	
655	0.015848	0.022919	0.015845	0.020330	0.015552	0.017547	0.017279	0.015466	0.017014	0.014143	
660	0.015887	0.021389	0.015039	0.020302	0.015302	0.016954	0.017844	0.015480	0.017231	0.013099	
665	0.015181	0.020745	0.016260	0.018857	0.015544	0.017145	0.017770	0.016104	0.017647	0.013812	
670	0.014780	0.021143	0.018002	0.016143	0.016118	0.016371	0.017989	0.014827	0.016282	0.015434	
675	0.014824	0.020371	0.017472	0.016504	0.016706	0.017092	0.016040	0.013269	0.016673	0.013448	
680	0.014892	0.018175	0.016848	0.015602	0.016845	0.017487	0.015795	0.013390	0.015930	0.012089	
685	0.015815	0.018000	0.015369	0.015088	0.018108	0.016777	0.016676	0.012137	0.013928	0.012983	
690	0.015806	0.019331	0.016758	0.013905	0.017809	0.017573	0.017976	0.011558	0.012674	0.013560	
695	0.017139	0.020348	0.019026	0.013591	0.017119	0.018048	0.017181	0.012399	0.011988	0.014649	
700	0.018665	0.020633	0.019942	0.014227	0.016952	0.019576	0.017519	0.012589	0.012048	0.014818	
705	0.018866	0.018896	0.019924	0.013546	0.018604	0.019731	0.017142	0.011986	0.012449	0.014231	
710	0.016954	0.017890	0.019143	0.013485	0.018433	0.020089	0.016531	0.011253	0.012550	0.014219	
715	0.016605	0.018124	0.018571	0.012476	0.018212	0.018488	0.015012	0.010422	0.011946	0.012847	
720	0.015668	0.016733	0.019536	0.013640	0.018190	0.018085	0.016415	0.010839	0.011531	0.012067	
725	0.014690	0.016526	0.018811	0.013014	0.016314	0.018336	0.015314	0.012024	0.012646	0.012337	
730	0.016235	0.016575	0.019167	0.012838	0.017529	0.017286	0.015961	0.013209	0.012504	0.012822	
735	0.017450	0.017201	0.019321	0.012789	0.017022	0.015908	0.014225	0.015036	0.013255	0.012754	
740	0.018321	0.016632	0.018099	0.012951	0.017437	0.014361	0.015142	0.015345	0.014426	0.013059	
745	0.018303	0.016861	0.019187	0.014675	0.016426	0.014459	0.015069	0.015135	0.014588	0.013319	
750	0.019045	0.016207	0.020401	0.013133	0.015982	0.014188	0.015378	0.015974	0.015179	0.012801	
755	0.020105	0.018130	0.021040	0.013633	0.015618	0.015524	0.015310	0.015159	0.015942	0.012247	
760	0.022203	0.018454	0.020943	0.014088	0.014553	0.015744	0.016519	0.015267	0.016759	0.012760	
765	0.020892	0.019233	0.020971	0.012686	0.013660	0.015113	0.015368	0.017013	0.017385	0.012949	
770	0.021007	0.018493	0.020667	0.015549	0.015145	0.015735	0.014459	0.016636	0.016796	0.014448	
775	0.020881	0.018763	0.019810	0.015123	0.014858	0.015493	0.014767	0.016734	0.017967	0.014485	
780	0.021370	0.019043	0.020213	0.014992	0.014087	0.016933	0.015513	0.016421	0.017315	0.013009	
785	0.021013	0.017565	0.021226	0.014941	0.014342	0.016445	0.014249	0.015719	0.018728	0.012915	
790	0.020331	0.017939	0.021467	0.014544	0.014516	0.016782	0.014196	0.016362	0.017942	0.012495	
795	0.021876	0.017091	0.020173	0.016307	0.016046	0.016035	0.014301	0.017231	0.018595	0.014230	
800	0.021282	0.016078	0.019914	0.015897	0.015071	0.016983	0.013510	0.017849	0.017639	0.015131	
805	0.022577	0.015845	0.020492	0.016460	0.015701	0.016435	0.013899	0.016128	0.019035	0.015081	
810	0.024035	0.017130	0.021328	0.016077	0.017579	0.014712	0.013422	0.016364	0.017936	0.015177	
815	0.022284	0.017428	0.021849	0.017081	0.017289	0.015165	0.012820	0.015636	0.019890	0.014418	
820	0.022010	0.016430	0.020387	0.017446	0.017800	0.014572	0.013725	0.014528	0.018021	0.015294	
825	0.019139	0.015782	0.021589	0.017176	0.016841	0.015917	0.014119	0.015816	0.017490	0.015564	
830	0.018685	0.016978	0.020289	0.017773	0.016598	0.014825	0.015951	0.016111	0.018183	0.017251	
835	0.019393	0.015614	0.018868	0.017212	0.017564	0.014926	0.015822	0.015117	0.017730	0.019718	
840	0.018215	0.015152	0.017746	0.016576	0.019674	0.013229	0.016471	0.015527	0.018674	0.017201	
845	0.017215	0.015846	0.017584	0.016532	0.020197	0.014067	0.015795	0.015372	0.019485	0.018656	
850	0.019729	0.015646	0.016839	0.017731	0.019942	0.012994	0.016060	0.015744	0.017378	0.018330	
855	0.020404	0.017003	0.016929	0.019655	0.019186	0.013514	0.015259	0.015710	0.018361	0.016721	
860	0.020188	0.016159	0.017071	0.017539	0.017986	0.012907	0.015177	0.015148	0.019733	0.016087	
865	0.019250	0.014136	0.016129	0.019075	0.019313	0.012765	0.015061	0.014690	0.019527	0.018172	
870	0.017690	0.015338	0.016316	0.021302	0.021858	0.014170	0.016155	0.014977	0.018145	0.017876	
875	0.017777	0.015529	0.016616	0.020896	0.021362	0.015949	0.015833	0.013400	0.017567	0.017718	
880	0.016407	0.017758	0.015697	0.019718	0.020615	0.015002	0.014850	0.013200	0.016393	0.017408	
885	0.017118	0.016207	0.016531	0.017266	0.020319	0.015750	0.014198	0.015028	0.016584	0.016418	
890	0.017490	0.017724	0.016109	0.014685	0.019633	0.015325	0.013445	0.015312	0.016119	0.014225	
895	0.017812	0.017340	0.016185	0.016292	0.019558	0.015102	0.013103	0.014057	0.016644	0.014508	
900	0.016102	0.017378	0.016937	0.016372	0.019915	0.014839	0.014536	0.014754	0.015943	0.015493	
905	0.015115	0.017793	0.016269	0.014562	0.019328	0.014072	0.014230	0.015743	0.016474	0.014800	
910	0.016952	0.017796	0.016332	0.014246	0.020650	0.015977	0.014439	0.015563	0.017634	0.015788	
915	0.017469	0.017979	0.015591	0.014064	0.022387	0.015970	0.014987	0.016407	0.017506	0.016755	
920	0.018107	0.018911	0.014198	0.012655	0.020630	0.015273	0.014246	0.016333	0.016566	0.016832	
925	0.018859	0.019348	0.015095	0.013418	0.022028	0.014611	0.014310	0.015943	0.015819	0.017335	
930	0.019143	0.021315	0.014440	0.015056	0.019242	0.015320	0.015284	0.015369	0.014966	0.017208	
935	0.018782	0.022670	0.014983	0.017590	0.020295	0.016023	0.014110	0.015872	0.015086	0.018457	
940	0.019003	0.023312	0.014093	0.016510	0.019479	0.015004	0.015330	0.016955	0.015105	0.018293	
945	0.018520	0.021064	0.015097	0.015460	0.018069	0.016412	0.015468	0.017126	0.015020	0.018661	
950	0.017162	0.020945	0.015448	0.017027	0.015834	0.014711	0.016116	0.018135	0.014951	0.019891	
955	0.015119	0.021462	0.015905	0.016601	0.015443	0.014355	0.017243	0.017263	0.015459	0.020332	
960	0.014979	0.022562	0.014921	0.016656	0.015930	0.015023	0.017725	0.016274	0.017018	0.021149	
965	0.016311	0.021597	0.015242	0.016662	0.016279	0.015368	0.019797	0.013668	0.016331	0.020549	
970	0.016396	0.020987	0.014722	0.016403	0.015892	0.014985	0.019194	0.015597	0.015416	0.020707	
975	0.016021	0.020120	0.016524	0.017640	0.017247	0.015869	0.021095	0.015990	0.013811	0.021073	
980	0.017665	0.021210	0.015994	0.015927	0.017279	0.017722	0.022161	0.016542	0.012806	0.018213	
985	0.018293	0.020647	0.015907	0.013724	0.018149	0.017728	0.022307	0.016759	0.014172	0.018060	
990	0.016951	0.019988	0.015003	0.013641	0.018087	0.016919	0.022734	0.016227	0.013550	0.018563	
995	0.016631	0.019512	0.015140	0.013339	0.018045	0.016523	0.022035	0.017381	0.011902	0.019521	
1000	0.015236	0.019128	0.017627	0.013777	0.016454	0.017299	0.019838	0.015447	0.011243	0.017952	
1005	0.016041	0.018611	0.016987	0.012360	0.016863	0.018773	0.019455	0.014595	0.012870	0.018832	
1010	0.017057	0.019648	0.017572	0.014881	0.016438	0.017763	0.019315	0.015564	0.013057	0.018791	
1015	0.018271	0.019113	0.018250	0.015991	0.016935	0.018639	0.019161	0.014768	0.012293	0.018225	
1020	0.017899	0.020261	0.018402	0.015150	0.016504	0.018411	0.020281	0.013537	0.011473	0.018756	
1025	0.020241	0.019007	0.018252	0.015727	0.015673	0.016638	0.018150	0.013240	0.011533	0.017643	
1030	0.018469	0.021038	0.018111	0.015104	0.016078	0.015805	0.019584	0.013301	0.012901	0.018833	
1035	0.017966	0.020725	0.016959	0.013243	0.016248	0.017986	0.018814	0.013783	0.012525	0.019897	
1040	0.017555	0.020615	0.017997	0.013596	0.016967	0.015618	0.021135	0.013525	0.013767	0.019412	
1045	0.016540	0.020614	0.016400	0.012693	0.016066	0.016516	0.019545	0.014077	0.012914	0.019634	
1050	0.017128	0.019765	0.018195	0.013126	0.016735	0.015511	0.021008	0.014365	0.012671	0.019497	
1055	0.018615	0.020790	0.016580	0.013747	0.015653	0.014973	0.022370	0.015680	0.014414	0.019886	
1060	0.018730	0.022480	0.017173	0.015107	0.017462	0.015070	0.022453	0.015936	0.014173	0.019542	
1065	0.017448	0.022195	0.017888	0.016334	0.018697	0.014718	0.022956	0.016654	0.014218	0.021000	
1070	0.017243	0.022590	0.018375	0.015994	0.020377	0.013950	0.020857	0.015818	0.015012	0.022622	
1075	0.019011	0.019099	0.017264	0.014317	0.019745	0.013636	0.018707	0.016769	0.015729	0.022678	
1080	0.018183	0.018606	0.018156	0.014811	0.020615	0.014326	0.021023	0.017923	0.015785	0.019966	
1085	0.018605	0.021193	0.017625	0.014822	0.020310	0.015346	0.019021	0.016974	0.014477	0.020730	
1090	0.019317	0.020491	0.016587	0.015692	0.020236	0.014299	0.018710	0.017811	0.014036	0.018958	
1095	0.018422	0.020580	0.016594	0.014913	0.018116	0.013987	0.019676	0.017449	0.014835	0.015730	
1100	0.017396	0.020734	0.017801	0.014490	0.015765	0.015071	0.019262	0.017103	0.014032	0.017257	
1105	0.017310	0.021459	0.018609	0.014205	0.016551	0.016875	0.019670	0.016973	0.013348	0.016353	
1110	0.017105	0.019766	0.018719	0.015390	0.015980	0.018676	0.019676	0.015520	0.013599	0.017731	
1115	0.017240	0.019070	0.020037	0.014629	0.016576	0.017758	0.021624	0.015066	0.015396	0.017963	
1120	0.016978	0.019240	0.018980	0.016076	0.015665	0.016118	0.020894	0.015238	0.016570	0.018707	
1125	0.015694	0.019354	0.018718	0.016310	0.014785	0.014648	0.019380	0.017101	0.016609	0.018332	
1130	0.015242	0.020544	0.019492	0.016340	0.014730	0.016036	0.019165	0.015990	0.016274	0.017454	
1135	0.014698	0.020379	0.019871	0.016922	0.014678	0.017270	0.018886	0.016029	0.016559	0.017210	
1140	0.014475	0.020591	0.018196	0.017097	0.015029	0.016460	0.018625	0.016920	0.017409	0.016898	
1145	0.014354	0.020961	0.016906	0.017295	0.014266	0.015172	0.017803	0.017204	0.019069	0.017134	
1150	0.015100	0.020665	0.017330	0.016144	0.013268	0.015397	0.018646	0.017421	0.018928	0.016974	
1155	0.016386	0.019032	0.016676	0.016883	0.012943	0.015193	0.017870	0.017177	0.018198	0.016504	
1160	0.016682	0.019042	0.016776	0.014724	0.013684	0.014618	0.016880	0.017322	0.018428	0.017355	
1165	0.016833	0.019054	0.017227	0.016099	0.016083	0.014060	0.017738	0.016100	0.019444	0.017706	
1170	0.017669	0.019228	0.016397	0.016134	0.015236	0.012083	0.016417	0.015556	0.018147	0.016341	
1175	0.019731	0.018864	0.015130	0.016924	0.014750	0.012292	0.015554	0.016265	0.019114	0.015547	
1180	0.016983	0.016953	0.016768	0.017462	0.015165	0.012720	0.016680	0.015858	0.019672	0.015174	
1185	0.015888	0.018764	0.016090	0.018781	0.016663	0.013780	0.016684	0.014736	0.018952	0.014914	
1190	0.015899	0.018635	0.015438	0.019031	0.014496	0.013455	0.016508	0.013820	0.018600	0.014344	
1195	0.017251	0.018768	0.016809	0.019301	0.014509	0.014844	0.016268	0.014068	0.020053	0.014815	
1200	0.016667	0.020370	0.015323	0.018748	0.015725	0.014096	0.016152	0.014807	0.021128	0.014549	
1205	0.016829	0.020778	0.017105	0.018734	0.015824	0.013315	0.015471	0.014754	0.020602	0.014326	
1210	0.018485	0.021349	0.018390	0.019377	0.015805	0.012526	0.015715	0.013479	0.019766	0.014177	
1215	0.018144	0.020196	0.019186	0.019985	0.016673	0.014670	0.016439	0.013538	0.019429	0.013054	
1220	0.017880	0.019184	0.020009	0.019407	0.016532	0.016095	0.017856	0.013790	0.019043	0.013756	
1225	0.018711	0.018858	0.022042	0.018636	0.017193	0.017287	0.017589	0.013408	0.019305	0.013813	
1230	0.018317	0.018320	0.021127	0.018213	0.016843	0.016538	0.017716	0.012479	0.018143	0.015889	
1235	0.017180	0.017508	0.019320	0.018057	0.018045	0.016433	0.018620	0.013165	0.017746	0.015371	
1240	0.016928	0.018398	0.018510	0.018306	0.017850	0.016104	0.018313	0.017354	0.016360	0.012840	
1245	0.016933	0.018766	0.019563	0.019703	0.018247	0.016526	0.016312	0.017121	0.016336	0.012078	
1250	0.018513	0.019397	0.020855	0.019958	0.017765	0.016073	0.016247	0.014715	0.015422	0.011596	
1255	0.019465	0.019908	0.021352	0.020696	0.017741	0.015886	0.015536	0.016355	0.015502	0.011706	
1260	0.018995	0.019388	0.020810	0.020314	0.018388	0.015443	0.015178	0.017444	0.014629	0.014413	
1265	0.017823	0.017434	0.022091	0.017571	0.018399	0.015400	0.016946	0.015858	0.014583	0.014626	
1270	0.017132	0.018840	0.021118	0.017862	0.017245	0.015292	0.017134	0.017240	0.015599	0.013717	
1275	0.018233	0.017322	0.020297	0.018743	0.020273	0.016635	0.016893	0.015963	0.014840	0.014144	
1280	0.016425	0.016398	0.020042	0.020425	0.021585	0.016850	0.019523	0.016491	0.015788	0.014396	
1285	0.015224	0.014430	0.020193	0.018546	0.022312	0.016481	0.017647	0.016644	0.014108	0.014865	
1290	0.015996	0.014435	0.018554	0.018833	0.023334	0.016024	0.018625	0.016708	0.014510	0.015293	
1295	0.015699	0.012474	0.018302	0.019294	0.023220	0.016598	0.018741	0.014683	0.014140	0.016300	
1300	0.015435	0.014081	0.016812	0.018761	0.022403	0.015606	0.018749	0.015296	0.015445	0.015599	
1305	0.016078	0.014669	0.017473	0.020301	0.022537	0.015522	0.019378	0.015569	0.015569	0.015298	
1310	0.017221	0.013882	0.015875	0.019680	0.022802	0.015391	0.019420	0.016504	0.015067	0.015276	
1315	0.016669	0.014228	0.016042	0.018639	0.022474	0.014439	0.019986	0.015398	0.016054	0.015101	
1320	0.016282	0.017526	0.015723	0.017215	0.022365	0.016358	0.021290	0.013612	0.015361	0.016542	
1325	0.016131	0.016761	0.016237	0.019123	0.021112	0.017316	0.022201	0.015603	0.016953	0.017664	
1330	0.016214	0.017739	0.016914	0.019493	0.020265	0.017528	0.021234	0.016964	0.015441	0.017419	
1335	0.016888	0.017520	0.017087	0.019325	0.019639	0.015757	0.022394	0.017271	0.016621	0.016056	
1340	0.017247	0.016991	0.016894	0.018765	0.018658	0.017415	0.021830	0.016995	0.017117	0.015060	
1345	0.018318	0.016806	0.017594	0.018131	0.020036	0.016524	0.022920	0.016346	0.016071	0.015480	
1350	0.020025	0.017801	0.017855	0.017111	0.019898	0.018643	0.023654	0.016507	0.015687	0.016612	
1355	0.019756	0.017096	0.017161	0.015643	0.019186	0.019053	0.023953	0.015462	0.016741	0.016119	
1360	0.019797	0.019951	0.017177	0.015959	0.019973	0.019232	0.024429	0.014820	0.015996	0.017840	
1365	0.019796	0.019518	0.016275	0.016275	0.018946	0.020012	0.024247	0.015123	0.016199	0.018276	
1370	0.020874	0.019364	0.017832	0.015537	0.018994	0.019880	0.023264	0.016067	0.016280	0.019936	
1375	0.020009	0.017628	0.019608	0.016106	0.019875	0.020268	0.024158	0.017304	0.014888	0.020078	
1380	0.018009	0.019081	0.019975	0.014889	0.018939	0.021321	0.024179	0.017550	0.015544	0.019062	
1385	0.018935	0.019040	0.020547	0.014775	0.020213	0.019629	0.023325	0.017665	0.014609	0.019418	
1390	0.018498	0.018432	0.021159	0.014276	0.018970	0.020647	0.023178	0.018970	0.015302	0.019016	
1395	0.017895	0.018434	0.022218	0.015372	0.019028	0.019739	0.020931	0.017368	0.014558	0.020577	
1400	0.016456	0.016837	0.022607	0.014529	0.018310	0.022633	0.019972	0.018389	0.014339	0.019764	
1405	0.017146	0.016720	0.021258	0.015006	0.020693	0.021549	0.018895	0.017520	0.015167	0.018707	
1410	0.017581	0.015247	0.021356	0.014414	0.018555	0.019446	0.019644	0.016594	0.015590	0.017811	
1415	0.018387	0.015444	0.020830	0.015851	0.018875	0.018592	0.018208	0.017838	0.017282	0.019316	
1420	0.019210	0.015392	0.022597	0.015405	0.017226	0.018851	0.017735	0.016913	0.017352	0.017832	
1425	0.019094	0.015337	0.022104	0.016005	0.019252	0.018396	0.019220	0.017310	0.014151	0.019243	
1430	0.017543	0.016065	0.023923	0.016533	0.018701	0.017434	0.019567	0.017496	0.014084	0.019753	
1435	0.016867	0.016592	0.024492	0.015656	0.019661	0.017942	0.019651	0.016721	0.013521	0.019442	
1440	0.016737	0.017099	0.022184	0.014644	0.019894	0.016888	0.019424	0.016993	0.012664	0.018117	
1445	0.016514	0.017085	0.022275	0.014969	0.019323	0.016603	0.019573	0.017929	0.012716	0.018485	
1450	0.017107	0.017595	0.020766	0.014163	0.020118	0.015719	0.019526	0.019259	0.012039	0.018419	
1455	0.017779	0.017051	0.023021	0.013513	0.019113	0.015739	0.016922	0.019146	0.012360	0.019356	
1460	0.017826	0.017065	0.023863	0.013905	0.017692	0.015211	0.014619	0.019358	0.012248	0.020366	
1465	0.018039	0.017559	0.023792	0.013137	0.017408	0.014310	0.015065	0.019285	0.012876	0.020076	
1470	0.017451	0.017096	0.025368	0.014034	0.015507	0.017791	0.017275	0.019935	0.012913	0.018967	
1475	0.017019	0.016850	0.026280	0.013407	0.016093	0.019047	0.017718	0.020447	0.011890	0.017215	
1480	0.015820	0.017534	0.026426	0.012886	0.016015	0.018365	0.017494	0.019248	0.012179	0.017545	
1485	0.016543	0.017101	0.024415	0.014529	0.016579	0.017545	0.017889	0.018913	0.013890	0.017526	
1490	0.016351	0.016924	0.025874	0.014961	0.016859	0.017069	0.017998	0.019260	0.015279	0.016750	
1495	0.016340	0.017165	0.025031	0.015794	0.018362	0.016482	0.017990	0.019798	0.015629	0.016333	
1500	0.015474	0.016886	0.023571	0.014133	0.018895	0.016078	0.018615	0.020355	0.015968	0.017461	
1505	0.016004	0.016499	0.022921	0.013422	0.019363	0.016833	0.018330	0.021752	0.016927	0.019486	
1510	0.015364	0.015008	0.020828	0.014498	0.018749	0.016503	0.017501	0.020172	0.017634	0.018215	
1515	0.015127	0.016307	0.020905	0.013342	0.017827	0.016342	0.015969	0.020347	0.017726	0.019199	
1520	0.014810	0.016575	0.018728	0.013559	0.018008	0.017626	0.016523	0.018213	0.019211	0.021576	
1525	0.015366	0.017528	0.019300	0.013742	0.017889	0.019269	0.017344	0.018927	0.018517	0.021072	
1530	0.015610	0.016791	0.019610	0.013314	0.017509	0.019177	0.015735	0.019150	0.018370	0.021305	
1535	0.014154	0.017035	0.020764	0.014906	0.017410	0.018311	0.017503	0.020708	0.019715	0.021804	
1540	0.015308	0.017385	0.021701	0.015364	0.015892	0.016808	0.018708	0.020436	0.018067	0.021878	
1545	0.015429	0.017246	0.022102	0.015715	0.014756	0.017240	0.017289	0.020428	0.018853	0.021011	
1550	0.016908	0.015938	0.022677	0.016089	0.014873	0.019620	0.016675	0.020733	0.020019	0.020455	
1555	0.018168	0.016053	0.020956	0.016310	0.014695	0.018355	0.017191	0.021399	0.021066	0.019098	
1560	0.018426	0.014948	0.020898	0.017112	0.014744	0.017831	0.015113	0.022379	0.019683	0.017991	
1565	0.020325	0.015535	0.020834	0.017621	0.015637	0.017580	0.015466	0.021714	0.021573	0.015940	
1570	0.022708	0.014997	0.022868	0.018508	0.015508	0.017373	0.016532	0.022603	0.022916	0.016982	
1575	0.020964	0.015779	0.021951	0.017380	0.015482	0.016147	0.017284	0.023187	0.021928	0.018196	
1580	0.020828	0.016050	0.021802	0.016979	0.015434	0.016834	0.017706	0.022811	0.023391	0.018448	
1585	0.021307	0.016971	0.021895	0.017845	0.015920	0.016499	0.019072	0.024076	0.022706	0.017159	
1590	0.021882	0.018639	0.022550	0.016471	0.015958	0.017556	0.019985	0.024766	0.024449	0.017322	
1595	0.021696	0.017937	0.023306	0.017743	0.016288	0.016252	0.019407	0.023858	0.025099	0.015309	
1600	0.019821	0.017059	0.022972	0.019081	0.015924	0.017031	0.020136	0.023398	0.024012	0.016154	
1605	0.019128	0.018406	0.021863	0.019566	0.016489	0.018211	0.019719	0.023823	0.023126	0.015265	
1610	0.017029	0.018419	0.021328	0.019455	0.016160	0.017551	0.021225	0.023202	0.022665	0.016904	
1615	0.016679	0.018054	0.021317	0.017790	0.016566	0.017213	0.021733	0.022420	0.022708	0.016845	
1620	0.017180	0.020900	0.020843	0.018646	0.014718	0.016520	0.020487	0.021768	0.021701	0.015693	
1625	0.016861	0.017193	0.022103	0.017935	0.013929	0.016517	0.021875	0.020165	0.020345	0.015620	
1630	0.016117	0.017666	0.021260	0.016848	0.015160	0.017223	0.020829	0.018765	0.019473	0.014373	
1635	0.015179	0.017899	0.021585	0.017452	0.015470	0.016783	0.020472	0.019562	0.020207	0.014737	
1640	0.015719	0.017648	0.022525	0.019512	0.015890	0.018130	0.021084	0.019427	0.018912	0.014973	
1645	0.017080	0.017827	0.022018	0.019578	0.016444	0.019044	0.022204	0.020823	0.019565	0.014541	
1650	0.017700	0.018187	0.021616	0.018302	0.015474	0.018919	0.021110	0.019286	0.018605	0.013245	
1655	0.018930	0.016967	0.020786	0.018271	0.016543	0.017852	0.020358	0.020098	0.019448	0.013609	
1660	0.019360	0.018030	0.022445	0.019109	0.016470	0.018930	0.022061	0.020527	0.020278	0.013517	
1665	0.021294	0.018704	0.020912	0.019119	0.016093	0.020003	0.021858	0.020079	0.018906	0.015115	
1670	0.021814	0.019030	0.021226	0.018500	0.015352	0.019614	0.019989	0.020164	0.018301	0.015482	
1675	0.018874	0.019680	0.021840	0.018290	0.015052	0.019352	0.017889	0.019238	0.018624	0.016996	
1680	0.018772	0.020063	0.022006	0.017045	0.015467	0.018003	0.017126	0.018112	0.019308	0.017204	
1685	0.019497	0.019368	0.021639	0.017803	0.016151	0.017385	0.016318	0.017899	0.019590	0.017864	
1690	0.019530	0.020002	0.023092	0.017053	0.016327	0.017513	0.015937	0.018083	0.018477	0.017503	
1695	0.020041	0.020087	0.023595	0.017211	0.014798	0.017062	0.015984	0.018518	0.018994	0.020211	
1700	0.020705	0.019134	0.022500	0.017924	0.014625	0.014646	0.015593	0.018195	0.018597	0.020503	
1705	0.020806	0.018657	0.021699	0.020063	0.014546	0.015237	0.015032	0.018289	0.018205	0.020750	
1710	0.018730	0.018538	0.022397	0.020784	0.014643	0.014487	0.014845	0.019152	0.017349	0.019518	
1715	0.019039	0.018650	0.021652	0.021431	0.015640	0.014734	0.016106	0.019816	0.017725	0.018493	
1720	0.018803	0.018664	0.021644	0.023108	0.016694	0.014667	0.015909	0.019531	0.017986	0.017879	
1725	0.019460	0.018136	0.020272	0.022089	0.015592	0.014635	0.016427	0.018716	0.018753	0.017581	
1730	0.018564	0.018515	0.019328	0.021761	0.014915	0.015057	0.017242	0.017393	0.018655	0.016835	
1735	0.016813	0.020147	0.020222	0.021402	0.013867	0.015642	0.016843	0.018094	0.018271	0.016033	
1740	0.017327	0.022732	0.019458	0.021226	0.014787	0.016522	0.019152	0.017622	0.016261	0.015942	
1745	0.018243	0.022140	0.018325	0.020420	0.014071	0.017895	0.020204	0.017133	0.016942	0.016154	
1750	0.017968	0.021264	0.017366	0.019828	0.012659	0.017153	0.021643	0.018091	0.017758	0.015470	
1755	0.018547	0.019915	0.017152	0.020477	0.012153	0.017032	0.022149	0.018052	0.019084	0.015151	
1760	0.016306	0.020721	0.018074	0.020637	0.013131	0.017257	0.023496	0.017538	0.019469	0.015240	
1765	0.017860	0.021637	0.017949	0.020140	0.014018	0.016718	0.023397	0.017917	0.020295	0.016196	
1770	0.017258	0.022571	0.019877	0.020629	0.014388	0.016880	0.023026	0.018073	0.020484	0.016125	
1775	0.015844	0.022754	0.019533	0.019545	0.015695	0.017214	0.021297	0.017798	0.019780	0.017362	
1780	0.015167	0.022375	0.017562	0.020471	0.013686	0.017988	0.021010	0.018235	0.018662	0.017069	
1785	0.016554	0.020884	0.018444	0.018535	0.014957	0.017703	0.020980	0.016613	0.018257	0.017218	
1790	0.016860	0.020275	0.018826	0.017725	0.015320	0.017763	0.022254	0.016001	0.018628	0.017121	
1795	0.016397	0.021452	0.019816	0.017887	0.015637	0.015988	0.022537	0.015170	0.018721	0.016519	
1800	0.016146	0.023312	0.018001	0.017206	0.015940	0.015928	0.021616	0.015640	0.020079	0.016441	
1805	0.015603	0.024308	0.019610	0.017161	0.015948	0.016367	0.020799	0.016101	0.019625	0.016680	
1810	0.014715	0.023666	0.019323	0.017807	0.015163	0.015991	0.021440	0.015362	0.020311	0.015047	
1815	0.015876	0.023991	0.019755	0.017481	0.015856	0.015253	0.022609	0.016548	0.018266	0.016707	
1820	0.016234	0.025405	0.018536	0.018977	0.015151	0.015289	0.020585	0.015501	0.019261	0.017546	
1825	0.016546	0.025095	0.018674	0.018041	0.015739	0.016325	0.019859	0.014136	0.019082	0.017428	
1830	0.015978	0.024636	0.019620	0.018159	0.016383	0.016031	0.021425	0.014145	0.019323	0.018139	
1835	0.015792	0.025690	0.018841	0.019649	0.016820	0.014925	0.020865	0.014862	0.019311	0.017347	
1840	0.015979	0.024402	0.018805	0.018816	0.015176	0.015136	0.021715	0.016140	0.017224	0.017781	
1845	0.016591	0.025770	0.018446	0.018673	0.017210	0.014408	0.023080	0.015595	0.017440	0.018050	
1850	0.015869	0.027320	0.020450	0.017500	0.016418	0.012939	0.023945	0.015712	0.017361	0.017433	
1855	0.015209	0.029912	0.020912	0.016776	0.015311	0.013966	0.022966	0.015878	0.016198	0.016546	
1860	0.013663	0.027609	0.020197	0.016553	0.015429	0.013205	0.021986	0.015220	0.015956	0.016650	
1865	0.013413	0.026440	0.020749	0.016149	0.014425	0.014099	0.020542	0.015043	0.017047	0.016810	
1870	0.016022	0.024600	0.019950	0.016416	0.015282	0.012601	0.018909	0.014798	0.016539	0.016158	
1875	0.013983	0.022869	0.018720	0.016827	0.016045	0.013242	0.019284	0.015529	0.016520	0.016402	
1880	0.014150	0.023134	0.019811	0.015785	0.016390	0.013306	0.019422	0.015458	0.017687	0.015834	
1885	0.013456	0.023458	0.019105	0.015824	0.015982	0.013026	0.021251	0.016949	0.017519	0.015709	
1890	0.014645	0.022484	0.018403	0.015473	0.017804	0.013019	0.020640	0.017453	0.017519	0.016882	
1895	0.014236	0.021300	0.018104	0.016610	0.018829	0.013915	0.020371	0.018744	0.015912	0.017456	
1900	0.012501	0.020637	0.015497	0.016108	0.018184	0.013145	0.018829	0.019240	0.015776	0.016898	
1905	0.012922	0.022585	0.016079	0.016465	0.015874	0.013613	0.017968	0.019249	0.015693	0.016406	
1910	0.013356	0.023271	0.015217	0.018065	0.015652	0.013705	0.016814	0.020825	0.015879	0.018369	
1915	0.014324	0.022651	0.015705	0.018247	0.015539	0.014158	0.016870	0.021457	0.015953	0.018294	
1920	0.013870	0.021820	0.015179	0.018671	0.015870	0.015104	0.017139	0.021141	0.016434	0.019202	
1925	0.014955	0.020590	0.015112	0.019001	0.016385	0.015108	0.017249	0.021736	0.016000	0.017737	
1930	0.016111	0.019395	0.015344	0.019147	0.017283	0.014925	0.016904	0.023994	0.015698	0.016156	
1935	0.015666	0.019832	0.015684	0.018935	0.017107	0.014500	0.018377	0.024790	0.015804	0.015032	
1940	0.015569	0.020407	0.016002	0.019583	0.017155	0.013419	0.018012	0.022417	0.017007	0.015798	
1945	0.014636	0.021666	0.017397	0.018970	0.015914	0.013370	0.016812	0.021308	0.016187	0.015560	
1950	0.015570	0.023433	0.015938	0.017987	0.016098	0.014288	0.017963	0.021546	0.014716	0.014611	
1955	0.016930	0.024150	0.016223	0.017600	0.016094	0.013895	0.017311	0.019737	0.015653	0.015394	
1960	0.018965	0.024153	0.016336	0.016791	0.015881	0.012243	0.016149	0.021023	0.014776	0.015871	
1965	0.017792	0.024358	0.016442	0.016139	0.015787	0.012027	0.016200	0.020969	0.012435	0.016952	
1970	0.016112	0.022249	0.016702	0.016526	0.015471	0.013324	0.016030	0.019849	0.013520	0.018106	
1975	0.018202	0.021185	0.017620	0.018060	0.015830	0.015965	0.016056	0.020135	0.014208	0.017035	
1980	0.020047	0.021899	0.018306	0.017261	0.017263	0.017203	0.015040	0.018890	0.014970	0.017080	
1985	0.021297	0.020062	0.019312	0.016699	0.017295	0.017233	0.015658	0.018999	0.014466	0.017492	
1990	0.019603	0.021119	0.019755	0.016682	0.016584	0.016348	0.016956	0.020613	0.014953	0.016643	
1995	0.020188	0.018910	0.019481	0.015221	0.016872	0.014998	0.016909	0.020175	0.014721	0.016147	
2000	0.019683	0.016831	0.018981	0.015350	0.016664	0.013771	0.017244	0.019213	0.014459	0.015070	
2005	0.020682	0.016623	0.020612	0.014987	0.014748	0.014821	0.018749	0.018349	0.014716	0.016056	
2010	0.021415	0.015919	0.020220	0.014573	0.016852	0.014273	0.018472	0.018534	0.014225	0.015296	
2015	0.021938	0.015460	0.019326	0.015345	0.017869	0.013509	0.021003	0.017658	0.015061	0.014883	
2020	0.021885	0.014622	0.018760	0.015520	0.017089	0.015964	0.020720	0.016278	0.017108	0.015357	
2025	0.023031	0.014011	0.017998	0.016355	0.016222	0.016146	0.017917	0.015586	0.018074	0.014832	
2030	0.023194	0.013724	0.017613	0.016710	0.014965	0.015743	0.018238	0.018079	0.017532	0.014743	
2035	0.022783	0.014987	0.018564	0.016823	0.016651	0.016459	0.017812	0.015769	0.016213	0.012758	
2040	0.023106	0.014838	0.018239	0.016211	0.015193	0.017991	0.017534	0.016164	0.016306	0.013533	
2045	0.022247	0.013601	0.018656	0.016585	0.016013	0.019431	0.017821	0.017250	0.016346	0.012974	
2050	0.022301	0.017496	0.017298	0.015397	0.015511	0.020472	0.019021	0.016082	0.016319	0.013282	
2055	0.022769	0.016620	0.017191	0.014739	0.015561	0.019664	0.018379	0.017764	0.017317	0.012873	
2060	0.021254	0.018101	0.017698	0.016384	0.014835	0.018024	0.019588	0.018066	0.018396	0.013012	
2065	0.021758	0.017494	0.018128	0.015416	0.015385	0.016613	0.020805	0.016769	0.019369	0.012864	
2070	0.018467	0.017373	0.017825	0.015998	0.016616	0.017432	0.020470	0.017927	0.021133	0.011804	
2075	0.017003	0.017963	0.017665	0.015706	0.016708	0.015931	0.020702	0.018203	0.022038	0.012205	
2080	0.018796	0.018062	0.017852	0.015102	0.016071	0.014385	0.019563	0.017374	0.021711	0.012113	
2085	0.017816	0.018682	0.017373	0.015681	0.017719	0.015785	0.020698	0.017203	0.020124	0.011989	
2090	0.018422	0.018584	0.018887	0.016371	0.017434	0.015746	0.019288	0.016992	0.019686	0.011610	
2095	0.018142	0.018939	0.017498	0.015620	0.017257	0.016799	0.018977	0.015338	0.018559	0.012543	
2100	0.018052	0.017327	0.018050	0.015394	0.016642	0.016067	0.019891	0.015039	0.019229	0.012736	
2105	0.018024	0.017448	0.016573	0.016313	0.017049	0.016289	0.020686	0.015652	0.019956	0.014023	
2110	0.016387	0.018634	0.018933	0.016839	0.017140	0.017012	0.021373	0.013178	0.019146	0.014197	
2115	0.015408	0.017768	0.017898	0.016589	0.018698	0.016512	0.019366	0.013001	0.019133	0.015044	
2120	0.016194	0.017067	0.016704	0.015711	0.017953	0.017447	0.021776	0.014399	0.020146	0.014003	
2125	0.016840	0.015617	0.017285	0.014584	0.018790	0.018220	0.021924	0.014299	0.021553	0.014544	
2130	0.017669	0.014788	0.017236	0.013572	0.017962	0.018745	0.021192	0.013736	0.022229	0.012534	
2135	0.019462	0.014728	0.016635	0.013211	0.017836	0.018373	0.019792	0.014478	0.021329	0.012603	
2140	0.018379	0.014101	0.016503	0.012194	0.018312	0.017552	0.019293	0.014759	0.020727	0.011946	
2145	0.018643	0.014251	0.016271	0.013432	0.017522	0.018520	0.018713	0.013622	0.021492	0.012170	
2150	0.019235	0.014182	0.017880	0.013464	0.017905	0.017940	0.019660	0.014754	0.021132	0.010563	
2155	0.018404	0.015554	0.017618	0.012817	0.017216	0.018078	0.019792	0.013989	0.023567	0.011603	
2160	0.019377	0.015923	0.018227	0.012834	0.017010	0.019495	0.020806	0.015196	0.022173	0.013186	
2165	0.019720	0.016437	0.017421	0.013560	0.017577	0.020102	0.019670	0.016599	0.020535	0.012929	
2170	0.017190	0.017528	0.017392	0.014588	0.017584	0.018354	0.021113	0.017320	0.019768	0.012681	
2175	0.016381	0.018190	0.016977	0.013940	0.018284	0.019518	0.020839	0.016302	0.018111	0.012754	
2180	0.016873	0.016956	0.018605	0.014247	0.017345	0.019384	0.020072	0.014928	0.018574	0.012559	
2185	0.016337	0.017163	0.018668	0.013938	0.018299	0.020073	0.020401	0.016203	0.017228	0.012851	
2190	0.017217	0.017537	0.020509	0.013317	0.018965	0.018305	0.020939	0.015936	0.018208	0.014120	
2195	0.015851	0.017221	0.019994	0.014221	0.017101	0.018470	0.020912	0.015059	0.018096	0.012189	
2200	0.014680	0.016542	0.018579	0.013860	0.016251	0.017745	0.021139	0.015367	0.016882	0.014622	
2205	0.014462	0.015792	0.017900	0.016209	0.016428	0.018804	0.018839	0.016677	0.016380	0.015015	
2210	0.012518	0.014608	0.017835	0.016537	0.019787	0.018665	0.019990	0.017201	0.017429	0.014679	
2215	0.012143	0.014304	0.018675	0.017625	0.018404	0.018257	0.018959	0.017254	0.017018	0.014018	
2220	0.012961	0.015440	0.019848	0.016877	0.020382	0.017146	0.019123	0.018499	0.017353	0.016026	
2225	0.012634	0.014368	0.019382	0.016643	0.019134	0.017279	0.018159	0.019093	0.017139	0.014973	
2230	0.012100	0.014385	0.019388	0.017692	0.017236	0.018020	0.017029	0.018386	0.018098	0.016363	
2235	0.012645	0.012525	0.018609	0.019797	0.016647	0.019148	0.017739	0.016985	0.018148	0.016359	
2240	0.012927	0.013332	0.018003	0.020742	0.016519	0.018200	0.016637	0.016793	0.018946	0.016332	
2245	0.012885	0.014342	0.019072	0.020090	0.017362	0.017036	0.016737	0.017809	0.018457	0.018208	
2250	0.013308	0.014138	0.019952	0.018727	0.017813	0.017492	0.016666	0.016881	0.019523	0.017163	
2255	0.013169	0.015000	0.019582	0.018033	0.019098	0.018018	0.018162	0.015142	0.020314	0.017394	
2260	0.013331	0.014243	0.020609	0.017875	0.018941	0.017380	0.018546	0.015963	0.017895	0.018095	
2265	0.014247	0.014662	0.021312	0.017651	0.019590	0.018644	0.019738	0.017437	0.018699	0.017761	
2270	0.015509	0.015193	0.022993	0.017399	0.017903	0.019222	0.018988	0.017992	0.019013	0.017831	
2275	0.015172	0.014766	0.022528	0.015864	0.018996	0.019797	0.019056	0.018064	0.019023	0.018832	
2280	0.015636	0.015624	0.022361	0.016028	0.019547	0.018687	0.019109	0.018012	0.019917	0.018405	
2285	0.015391	0.015304	0.021329	0.016029	0.021272	0.018818	0.018581	0.017556	0.019345	0.018437	
2290	0.015415	0.015117	0.021711	0.014744	0.020131	0.018822	0.017967	0.016280	0.018636	0.019877	
2295	0.014129	0.014201	0.021676	0.014068	0.021401	0.018870	0.017980	0.015270	0.017828	0.019090	
2300	0.012700	0.014193	0.021151	0.015221	0.021146	0.019473	0.019120	0.016199	0.018464	0.018720	
2305	0.013415	0.014388	0.020752	0.017783	0.020571	0.020804	0.019081	0.017641	0.018302	0.018772	
2310	0.013262	0.015304	0.021091	0.017882	0.019001	0.020651	0.016195	0.017104	0.017628	0.019373	
2315	0.012791	0.015827	0.019518	0.018532	0.019195	0.020451	0.016789	0.016727	0.017817	0.019586	
2320	0.013623	0.015343	0.021177	0.018193	0.019808	0.020763	0.017104	0.018340	0.017785	0.019416	
2325	0.011799	0.015980	0.021925	0.016950	0.019122	0.021000	0.015640	0.017363	0.019214	0.019660	
2330	0.011198	0.016273	0.022591	0.017234	0.019867	0.020643	0.015530	0.017719	0.019288	0.019282	
2335	0.012186	0.017050	0.022247	0.018158	0.019596	0.019637	0.014933	0.017678	0.021339	0.020158	
2340	0.013578	0.016851	0.021389	0.017328	0.019416	0.018899	0.013803	0.017657	0.019615	0.019952	
2345	0.013436	0.016361	0.021193	0.018732	0.019166	0.019048	0.013512	0.018322	0.019700	0.021242	
2350	0.012256	0.016050	0.020045	0.019343	0.018884	0.018192	0.014407	0.017167	0.019970	0.021968	
2355	0.013232	0.016855	0.021074	0.020202	0.019579	0.017901	0.014437	0.017220	0.022010	0.020862	
2360	0.012506	0.016516	0.020989	0.021067	0.017626	0.018952	0.014339	0.016719	0.020767	0.018739	
2365	0.012377	0.016912	0.022422	0.021645	0.016719	0.020428	0.012971	0.016848	0.018912	0.018532	
2370	0.012983	0.017020	0.021292	0.023094	0.016696	0.019622	0.013659	0.015881	0.018071	0.018413	
2375	0.013216	0.017062	0.020288	0.021589	0.017398	0.018961	0.014747	0.013843	0.017844	0.018272	
2380	0.014005	0.016577	0.021535	0.019896	0.016519	0.017752	0.013747	0.013579	0.016933	0.018614	
2385	0.014609	0.016466	0.021379	0.021050	0.016648	0.016997	0.013785	0.013149	0.015553	0.017706	
2390	0.015456	0.017260	0.019045	0.021082	0.018012	0.016911	0.013943	0.012769	0.016784	0.018307	
2395	0.014977	0.015538	0.019204	0.019904	0.017885	0.016423	0.013819	0.012280	0.017710	0.017092	
2400	0.015394	0.016321	0.017721	0.019481	0.017017	0.017752	0.014240	0.011593	0.017005	0.016480	
2405	0.016859	0.016981	0.017362	0.018797	0.016687	0.015566	0.013237	0.012410	0.016788	0.017258	
2410	0.017860	0.017523	0.016331	0.017860	0.016598	0.015933	0.013615	0.012779	0.015039	0.016671	
2415	0.017305	0.016811	0.017106	0.016390	0.017402	0.016386	0.013943	0.012164	0.015055	0.017597	
2420	0.017892	0.016177	0.016330	0.018430	0.017126	0.017067	0.015457	0.012860	0.015068	0.018115	
2425	0.016812	0.016026	0.016792	0.016566	0.017710	0.017114	0.015171	0.013813	0.015252	0.018160	
2430	0.016820	0.015287	0.015450	0.016653	0.017284	0.015991	0.015622	0.013433	0.016341	0.018636	
2435	0.015729	0.014321	0.015590	0.016464	0.016382	0.015143	0.015426	0.013927	0.017394	0.019107	
2440	0.016313	0.015007	0.016458	0.016298	0.015842	0.015657	0.016176	0.014031	0.018107	0.020555	
2445	0.015905	0.014724	0.015125	0.015873	0.017203	0.015594	0.016183	0.013967	0.018612	0.020373	
2450	0.015984	0.014884	0.014893	0.015412	0.017655	0.015391	0.017605	0.015186	0.018707	0.020974	
2455	0.016042	0.014730	0.014723	0.016177	0.017943	0.015367	0.018007	0.016084	0.018463	0.021700	
2460	0.014296	0.016117	0.015570	0.016832	0.018921	0.016373	0.019699	0.017982	0.018397	0.021818	
2465	0.012886	0.016458	0.015686	0.017210	0.017423	0.015871	0.017825	0.016524	0.018225	0.022911	
2470	0.013372	0.017084	0.016557	0.017200	0.016969	0.015712	0.016261	0.016001	0.016991	0.022782	
2475	0.013071	0.015708	0.017483	0.018430	0.015964	0.015112	0.017203	0.015348	0.017200	0.023120	
2480	0.012066	0.016001	0.017329	0.018040	0.015954	0.013932	0.017734	0.012988	0.016254	0.021000	
2485	0.011748	0.016275	0.016327	0.018419	0.016792	0.014345	0.017523	0.013675	0.014614	0.021156	
2490	0.011832	0.014547	0.015421	0.017708	0.017209	0.013372	0.017936	0.012972	0.015138	0.021402	
2495	0.012563	0.015272	0.016103	0.016548	0.018939	0.014526	0.017274	0.013829	0.014685	0.022553	
2500	0.013876	0.014438	0.015463	0.016994	0.019109	0.014316	0.018988	0.012623	0.015462	0.021425	
2505	0.014579	0.015795	0.014899	0.017488	0.019105	0.013403	0.017773	0.012847	0.016043	0.021603	
2510	0.015523	0.015724	0.013609	0.017239	0.018811	0.014843	0.019433	0.014548	0.014408	0.020641	
2515	0.016969	0.016389	0.013956	0.018045	0.019971	0.015505	0.020089	0.014709	0.015481	0.019816	
2520	0.016575	0.016284	0.014589	0.019273	0.020636	0.015146	0.020759	0.015790	0.015281	0.018872	
2525	0.015784	0.017762	0.014904	0.018405	0.018905	0.015732	0.020549	0.016011	0.015381	0.017403	
2530	0.015937	0.018383	0.014326	0.016962	0.019937	0.015527	0.021342	0.014697	0.013772	0.017826	
2535	0.017223	0.018178	0.015108	0.018646	0.019834	0.013765	0.020262	0.014889	0.012202	0.017473	
2540	0.017627	0.017838	0.015908	0.016850	0.019604	0.013187	0.020522	0.014744	0.011793	0.016766	
2545	0.017744	0.017655	0.015337	0.018323	0.019643	0.013770	0.020311	0.014300	0.013661	0.017618	
2550	0.018317	0.017154	0.017613	0.017927	0.018135	0.014780	0.020389	0.014380	0.013826	0.019552	
2555	0.018163	0.017389	0.017855	0.016628	0.019203	0.015549	0.019848	0.013964	0.014310	0.017795	
2560	0.018420	0.016005	0.016012	0.016979	0.018614	0.015529	0.018562	0.015679	0.014792	0.017852	
2565	0.019139	0.015368	0.016564	0.018159	0.018000	0.016643	0.019335	0.016454	0.014936	0.019185	
2570	0.018732	0.017133	0.017313	0.017156	0.019836	0.015337	0.017040	0.018141	0.013947	0.018052	
2575	0.019409	0.017810	0.017363	0.019157	0.018065	0.016348	0.017005	0.017602	0.014965	0.019127	
2580	0.020078	0.019553	0.018304	0.017876	0.019041	0.018813	0.016896	0.015579	0.016655	0.017018	
2585	0.019508	0.019850	0.018672	0.016874	0.018266	0.019516	0.017658	0.015007	0.015514	0.015835	
2590	0.018679	0.019967	0.018182	0.015735	0.018903	0.019456	0.017730	0.014467	0.015433	0.016107	
2595	0.020476	0.020376	0.017314	0.017397	0.016993	0.018227	0.017154	0.014141	0.014521	0.016160	
2600	0.020055	0.020587	0.016796	0.017382	0.016440	0.017302	0.017583	0.014571	0.014633	0.014987	
2605	0.020912	0.021612	0.017250	0.017349	0.016115	0.018547	0.018356	0.016793	0.014437	0.013503	
2610	0.019494	0.022619	0.016362	0.018125	0.016211	0.018084	0.017816	0.018865	0.013366	0.013733	
2615	0.019603	0.023800	0.014815	0.018409	0.015163	0.018320	0.017442	0.020090	0.012590	0.012975	
2620	0.019439	0.024042	0.015729	0.016735	0.016184	0.017946	0.019080	0.020617	0.013603	0.013249	
2625	0.018416	0.025290	0.017337	0.015119	0.015998	0.018578	0.019085	0.019246	0.014624	0.013615	
2630	0.017051	0.024626	0.018034	0.014924	0.016313	0.018344	0.018273	0.019011	0.014916	0.014158	
2635	0.016658	0.022004	0.018739	0.013849	0.016703	0.018609	0.017092	0.019268	0.015471	0.013303	
2640	0.018344	0.020909	0.019700	0.013799	0.016617	0.018281	0.015866	0.019090	0.015653	0.012440	
2645	0.017442	0.021475	0.019897	0.013657	0.015007	0.018216	0.015396	0.019675	0.014716	0.014059	
2650	0.016550	0.022092	0.018927	0.015747	0.016018	0.019145	0.016028	0.019648	0.014072	0.014866	
2655	0.015157	0.021782	0.020138	0.015032	0.015366	0.018894	0.014884	0.019677	0.013913	0.015397	
2660	0.014484	0.022993	0.020080	0.017914	0.014458	0.018398	0.014645	0.018951	0.014840	0.016220	
2665	0.014037	0.024487	0.018682	0.017328	0.016258	0.017234	0.015007	0.019067	0.013732	0.016943	
2670	0.013923	0.025776	0.018801	0.016922	0.017889	0.018196	0.015069	0.017974	0.013349	0.016727	
2675	0.015244	0.024280	0.017192	0.016355	0.020108	0.018337	0.016069	0.019354	0.013639	0.017708	
2680	0.014045	0.024220	0.017954	0.016628	0.017472	0.019524	0.016906	0.019659	0.014827	0.018846	
2685	0.012735	0.021558	0.018164	0.015629	0.017795	0.018999	0.015994	0.019178	0.015149	0.019940	
2690	0.013301	0.020965	0.018185	0.015007	0.017617	0.019763	0.017570	0.019572	0.014828	0.019089	
2695	0.014269	0.020083	0.015879	0.014620	0.017130	0.019188	0.015912	0.018794	0.014383	0.019301	
2700	0.013809	0.019317	0.015075	0.014134	0.019052	0.019329	0.016173	0.018476	0.014060	0.019755	
2705	0.014402	0.017863	0.015247	0.014022	0.018398	0.018389	0.016481	0.018498	0.016645	0.018427	
2710	0.013709	0.018955	0.017603	0.015175	0.020066	0.017556	0.017453	0.018985	0.015776	0.018793	
2715	0.013324	0.018296	0.015705	0.014219	0.020580	0.017113	0.018139	0.019737	0.013894	0.017602	
2720	0.014206	0.018333	0.014988	0.014540	0.019723	0.017159	0.016824	0.019779	0.013805	0.018824	
2725	0.012829	0.017130	0.015692	0.015960	0.019949	0.016397	0.017217	0.019249	0.014320	0.017500	
2730	0.013126	0.017529	0.017066	0.015976	0.019902	0.016461	0.017502	0.018095	0.013974	0.019112	
2735	0.014540	0.016656	0.018984	0.015888	0.019848	0.016645	0.016823	0.017561	0.013509	0.018158	
2740	0.013699	0.016215	0.018099	0.015304	0.019146	0.016248	0.016152	0.019787	0.012511	0.018065	
2745	0.012348	0.015807	0.017357	0.014131	0.019048	0.015343	0.017898	0.019363	0.013744	0.017838	
2750	0.011652	0.015423	0.017554	0.015638	0.017515	0.016140	0.018037	0.015199	0.013505	0.018652	
2755	0.012421	0.015127	0.016266	0.017335	0.017750	0.016297	0.018822	0.015462	0.012514	0.018688	
2760	0.013238	0.015859	0.016718	0.017170	0.017844	0.017848	0.019354	0.015652	0.012804	0.017753	
2765	0.013591	0.016112	0.016954	0.017945	0.017409	0.018117	0.018068	0.015919	0.013033	0.018297	
2770	0.014686	0.016914	0.017205	0.019738	0.016744	0.018106	0.016953	0.016279	0.015413	0.019304	
2775	0.014279	0.017713	0.017477	0.019702	0.018379	0.018474	0.018015	0.016849	0.015724	0.018196	
2780	0.014248	0.017469	0.015888	0.017636	0.018635	0.018168	0.016114	0.016579	0.014041	0.019936	
2785	0.013984	0.017350	0.014940	0.017781	0.019899	0.019984	0.015287	0.014543	0.016647	0.021313	
2790	0.014983	0.019497	0.015005	0.016802	0.021110	0.019337	0.015625	0.013751	0.014054	0.022934	
2795	0.013285	0.018642	0.015298	0.017917	0.020075	0.018864	0.016334	0.014673	0.013979	0.021488	
2800	0.013205	0.018233	0.015181	0.018727	0.019964	0.019725	0.016305	0.015310	0.014183	0.021539	
2805	0.012481	0.018540	0.015072	0.016466	0.021024	0.019918	0.018934	0.016165	0.014092	0.021078	
2810	0.011710	0.018906	0.013694	0.017727	0.021524	0.020363	0.021426	0.016026	0.013966	0.020957	
2815	0.012212	0.018460	0.016263	0.018115	0.021656	0.021853	0.021675	0.016918	0.015966	0.021249	
2820	0.013681	0.019054	0.016555	0.018226	0.019947	0.020706	0.020285	0.019246	0.014657	0.020764	
2825	0.014586	0.018781	0.017165	0.016849	0.019623	0.019436	0.020007	0.017634	0.015130	0.021385	
2830	0.016755	0.019526	0.017043	0.018059	0.018808	0.020192	0.022370	0.019479	0.016331	0.021661	
2835	0.015276	0.018668	0.018599	0.017641	0.019802	0.020470	0.025711	0.019715	0.017143	0.021245	
2840	0.015894	0.016963	0.017895	0.018362	0.018597	0.022189	0.024170	0.019079	0.017663	0.019251	
2845	0.016303	0.015580	0.016526	0.017831	0.019995	0.020858	0.023350	0.017748	0.016867	0.018022	
2850	0.016474	0.016980	0.016609	0.018025	0.019603	0.018887	0.021549	0.017169	0.016005	0.017380	
2855	0.015264	0.018231	0.016221	0.018296	0.019496	0.018708	0.022613	0.016183	0.016214	0.017838	
2860	0.015437	0.017050	0.015891	0.017052	0.019524	0.018907	0.021859	0.015614	0.015395	0.017004	
2865	0.015265	0.017958	0.017347	0.017337	0.018586	0.018645	0.020695	0.015923	0.016947	0.018317	
2870	0.015148	0.019703	0.016570	0.016812	0.018729	0.019294	0.021715	0.016060	0.018296	0.019166	
2875	0.013954	0.019152	0.015447	0.016199	0.017974	0.018274	0.020562	0.015933	0.018488	0.020698	
2880	0.014871	0.020356	0.015510	0.016110	0.019660	0.016921	0.021554	0.016683	0.019100	0.020070	
2885	0.015462	0.020120	0.017814	0.015769	0.020261	0.018115	0.020642	0.017853	0.018763	0.021404	
2890	0.015960	0.019846	0.018310	0.015723	0.019829	0.019505	0.018497	0.016652	0.019499	0.021888	
2895	0.016321	0.020227	0.018543	0.015185	0.018475	0.018330	0.018690	0.017902	0.019594	0.020814	
2900	0.017067	0.019244	0.018854	0.015100	0.018971	0.020703	0.017821	0.016690	0.020482	0.020716	
2905	0.016595	0.017733	0.017926	0.013434	0.016521	0.020893	0.017625	0.015417	0.020271	0.022149	
2910	0.015831	0.018363	0.019180	0.014134	0.015828	0.019740	0.016990	0.015647	0.019694	0.022792	
2915	0.015146	0.020440	0.019036	0.014839	0.015000	0.021056	0.015525	0.015624	0.018076	0.021236	
2920	0.013740	0.020812	0.019114	0.017270	0.016525	0.021405	0.016960	0.014970	0.016833	0.019888	
2925	0.014353	0.019331	0.017457	0.017092	0.016620	0.022340	0.017236	0.015459	0.016332	0.021765	
2930	0.014286	0.020628	0.016750	0.017201	0.015779	0.023580	0.016981	0.016691	0.016957	0.020405	
2935	0.013724	0.020640	0.017575	0.018800	0.015677	0.022971	0.016588	0.016447	0.016025	0.019502	
2940	0.013820	0.018818	0.018721	0.018610	0.016286	0.023777	0.016890	0.015896	0.016514	0.020752	
2945	0.013409	0.019593	0.018761	0.017633	0.016365	0.023925	0.017527	0.014931	0.016487	0.021306	
2950	0.012998	0.021149	0.018296	0.017460	0.017103	0.022568	0.017918	0.013967	0.017597	0.021405	
2955	0.014411	0.022104	0.017200	0.016124	0.017750	0.022781	0.017766	0.014693	0.018564	0.021063	
2960	0.014477	0.022604	0.017214	0.014711	0.016794	0.021719	0.014838	0.015619	0.018206	0.021360	
2965	0.014652	0.022091	0.016495	0.014787	0.017007	0.022393	0.014972	0.013920	0.018329	0.021800	
2970	0.015153	0.019237	0.016532	0.015215	0.016692	0.021495	0.015461	0.015640	0.019533	0.021775	
2975	0.015110	0.019722	0.016484	0.013663	0.016601	0.022302	0.016452	0.016147	0.020295	0.020343	
2980	0.015332	0.017711	0.016088	0.013738	0.016765	0.023162	0.015761	0.017465	0.019976	0.019179	
2985	0.013398	0.016826	0.016529	0.014676	0.016336	0.021685	0.016924	0.018585	0.018026	0.018272	
2990	0.013636	0.018556	0.016520	0.015663	0.015900	0.023095	0.017064	0.018485	0.018161	0.019629	
2995	0.015340	0.019021	0.015968	0.017240	0.013581	0.022225	0.017970	0.019889	0.016589	0.020521	
3000	0.015223	0.018950	0.015408	0.015922	0.013728	0.022086	0.018884	0.018490	0.017801	0.020895	
